1
  1002  2.96924426640336700E+01  2.96924426640336700E+01  1.00000000000000000E+00
        0.00000000000000000E+00  0.00000000000000000E+00  0.00000000000000000E+00
  6.14584822297879540E-01  1.84489566054415270E+01  2.87488645021950160E+01
  4.69641390777102340E-01  1.18612830322368690E+01  2.47478580669582690E+01
  4.49154676673646060E-01  1.82740013030630130E+01  2.58403100418410360E+01
  4.82268891960512480E-01  7.22090700270847210E+00  2.17629450379130520E+01
  6.26908127420837150E-01  1.48408666232726980E+01  2.49569094352460080E+01
  2.50971712925384870E-01  2.29064953244092420E+01  1.31429005353611910E+01
  2.62213147743524950E-01  1.92545571312502620E+01  1.23781864306921570E+01
  6.45167794061425240E-01  1.29640804899777610E+01  1.16862062305625120E+01
  5.94931591270377070E-01  1.02232705826995790E+01  2.87180266878551610E+01
  7.68548325332126940E-01  1.70478914627629780E+00  1.50553963682571510E+01
  4.36195486319121350E-01  2.14530026562628570E+01  7.59367317631676290E+00
  5.33066537704075310E-01  7.74193454151753890E+00  2.26339747089249740E+01
  5.62178328188990490E-01  7.36868966821257490E+00  3.30472683793250480E+00
  2.97561439636419770E-01  6.14282472608177170E+00  8.76749307029773380E+00
  4.82771447840326400E-01  2.09774180065948630E+01  6.15826071735437090E+00
  6.61562106526255890E-01  2.81899765682126070E+01  1.25178916236866370E+01
  5.04339573614743570E-01  2.95062678655946660E+01  2.46106830030424990E+01
  3.45648959319623030E-01  2.50415148322107190E+01  2.83417723034929030E+01
  6.95947079841625180E-01  1.70212632784622250E+01  5.95809809730226550E+00
  4.75626642073745920E-01  8.86307805202250340E+00  2.14271414955938790E+01
  2.57534358191145160E-01  2.67479055745754730E+01  4.46038562532851300E+00
  6.30423428531534040E-01  2.04589236460364530E+01  1.49515807910012660E+01
  3.25516939164680520E-01  2.16097502124556370E+01  9.80255255781495020E-02
  3.14110289759674140E-01  2.76653464693630500E+00  6.50238817822024550E+00
  3.99477862283745790E-01  5.96278563926697200E+00  5.88541162381478780E+00
  6.47236078597052340E-01  9.82467794496236730E+00  1.69989218570462700E+01
  5.28731261397185740E-01  1.90411718107303950E+00  2.32773945248239220E+01
  4.43807889241729470E-01  2.66174397475437700E+01  8.01063152661259890E+00
  4.82268891960512480E-01  2.77744597196057510E+01  1.35835816101398680E+01
  4.30858982518450690E-01  1.99191534282363310E+01  1.78700933122232970E+01
  4.18947112612636110E-01  1.80196643363575180E+01  2.55969443430717060E+00
  3.50662231740508900E-01  8.04445554457196900E+00  2.16216685280084770E+01
  2.85767805251094040E-01  3.51051120416520890E+00  1.49088374574621840E+01
  3.45648959319623030E-01  9.08110992553297080E-02  1.74064144366835690E+01
  3.45648959319623030E-01  1.01347863630144700E+01  1.34568063010417480E+01
  6.42005949159872720E-01  2.63368950806738060E+01  1.54773135525703940E+01
  2.74003615458356760E-01  3.60489526291536280E+00  1.54605943937568430E+01
  3.87653287431749970E-01  2.31431100003305450E+00  1.60360321708292020E+01
  4.18948713530687210E-01  1.90318909773887410E+01  2.72336623455746790E+01
  4.53451232343747090E-01  2.40424662531707970E+01  1.42238026803543730E+01
  4.21603844523193420E-01  1.20633699008228220E+00  9.36793518945962060E+00
  2.62213147743524950E-01  2.78242162248626490E+01  4.28806035549713020E-01
  6.94903868090152520E-01  2.36589057212313530E+01  2.25308219665458540E+01
  6.31563936872940970E-01  1.19222524186957360E+01  8.14220946282529030E+00
  7.01778375544082420E-01  1.60895275938097630E+01  2.54085023737662400E+01
  3.46434506905438330E-01  1.92214460885737320E+01  1.08554711026727160E+01
  3.50662231740508900E-01  2.41324911765653770E+01  1.68331624105210440E+01
  3.01799748246536660E-01  2.43203761188209060E+01  1.74578974927120920E+01
  4.41298336829792340E-01  2.40400354429198160E+01  1.02741262053865200E+00
  3.39481361119070080E-01  4.16950910828840190E+00  5.39599487957431730E-03
  3.83181557852844270E-01  2.33515806983769920E+01  1.09678207735514000E+01
  6.75156127532392600E-01  2.57816758337604670E+01  7.26772598292771300E+00
  2.73281005279713530E-01  1.02575182681003320E+00  3.70835448726104610E+00
  6.65634982039605120E-01  2.71152592264772990E+01  1.02648300596322440E+00
  2.54824432159977790E-01  1.22567026410224550E+01  1.63659098310367130E+01
  2.84029264846615530E-01  1.21455962201909170E+01  1.58393337134287170E+01
  4.62836237406567810E-01  1.61527949338121850E+01  1.47207933678857220E+01
  3.33973424357718240E-01  2.22113319972823150E+01  1.23325902029014270E+01
  4.91872428060923640E-01  9.94020414993664050E-01  2.28168436136246800E+01
  5.52490392167627680E-01  1.63778527368268630E+01  2.10805309879086310E+01
  5.39466591144820300E-01  1.04842891352789480E+01  6.59875603213626060E+00
  5.65219172841477580E-01  6.14426416498194520E+00  2.87385829776548820E+01
  3.53776024442120150E-01  3.92369356574937540E+00  7.34021006369538660E+00
  5.54611473665029210E-01  1.75010245335642090E+01  2.11208687852941490E+01
  4.81368497469048420E-01  3.96368324981175810E+00  8.86308955208459540E+00
  2.84672167568555990E-01  1.31151450232013480E+01  6.65489759346014600E+00
  3.06898385793053400E-01  2.22422186758959880E+00  1.67867202555602990E+00
  4.49954956992444630E-01  1.26488487867735560E+01  7.22469677525754420E+00
  5.88686278844574580E-01  2.11879186801564770E+00  1.37647248411616000E+01
  4.36315933331792570E-01  2.78454691308234850E+01  1.85141704583493820E+00
  5.46155746035104350E-01  1.66064563293560850E+01  2.80605850249924660E+01
  4.11346310528290360E-01  1.01661201166136800E+01  2.19268638598805690E+01
  7.44650008855257360E-01  1.22799148871686510E+01  1.88337622652320680E+01
  4.68162992243922280E-01  5.88369703903659500E+00  1.24417062417891290E+01
  7.11073931023246340E-01  2.72947830117544430E+01  2.48601122897924220E+01
  3.02034441597155470E-01  2.73684764865488820E+01  1.51878302608934880E+01
  5.12509616084684260E-01  8.86271361451583850E+00  2.04395981804775210E+01
  3.40422717275118370E-01  1.70159516320546230E+01  1.25851847484357810E+01
  6.65634982039605120E-01  2.66537484651659180E+01  2.21769280706665410E+01
  3.75295693565172690E-01  4.47216000566438070E+00  1.21427649950586410E+01
  4.75626642073745920E-01  3.64214835669965710E-01  6.74595070587294820E-01
  4.72038094207023740E-01  1.40782608634506370E+01  2.81772763623369790E+01
  4.29902962432020440E-01  8.90354624351737910E-01  2.79773083797687430E+01
  5.68910711623079470E-01  2.70059357710696770E+01  1.77168106020119890E+01
  3.07263188066738420E-01  2.36886340921147750E+01  1.48961569334630250E+01
  6.10911033360540580E-01  9.73245458900302300E+00  1.57448298270371720E+01
  3.43353541919950760E-01  2.65417630481513810E+01  1.64397704433075840E+01
  3.15231116497538320E-01  2.25893010498471190E+01  2.56064752802410740E+01
  3.78068289465320630E-01  2.31980436440866950E+01  2.52162301074500870E+01
  2.54824432159977790E-01  3.57453488365309720E+00  1.15623653573031500E-02
  5.44558358435121190E-01  1.17685223571919570E+01  1.44870132141803260E+01
  3.56000803327192820E-01  2.10918824821359650E+01  1.41954236584006460E+01
  3.13454063710418570E-01  1.66840842366768100E+01  2.96130730384952510E+01
  6.12591031919131530E-01  1.37746715370452840E+01  1.07248340638968660E+01
  6.47236078597052340E-01  2.32789362606205400E+01  6.52695022456839880E+00
  2.65726189967390210E-01  8.46829583686088940E+00  2.62470113737211790E+01
  2.96653470797716330E-01  1.31110743529967860E+01  1.82075828813843470E+01
  3.45648959319623030E-01  1.82153658947289610E+01  9.05558873051841930E+00
  3.13454063710418570E-01  2.67306954562834200E+00  2.36169880398417360E+01
  3.39073066583844400E-01  6.04680967033491970E+00  2.28060204018148550E+01
  2.96256570285591500E-01  1.87217781392185180E+01  1.53095754966461680E+01
  4.19081387041561550E-01  2.95678854751898830E+01  2.40867383665431460E+00
  7.08391389715138510E-01  2.89938656619733270E+01  1.36257803457983790E+01
  7.16035261746952050E-01  3.76583743182122980E+00  6.25292028038377180E+00
  4.43133439323318520E-01  1.45827032745953120E+01  7.45917924387421220E-01
  2.73281005279713530E-01  5.77689132369488160E+00  1.15458949535149680E+00
  3.35017483125717060E-01  2.66501781565365050E+01  1.91183543491586040E+00
  5.09222041678605210E-01  1.09828077242040370E+01  2.72116771759998000E+01
  4.27719079604653450E-01  1.98057202959622850E+01  1.87207927106618580E+01
  5.81299825206354370E-01  4.98529091033730600E+00  5.81097954426754630E+00
  5.46155746035104350E-01  1.55655587572749780E+01  1.39021251641315900E+01
  3.05466220251299840E-01  4.97784475021965990E-01  2.02355805305615810E+01
  3.11838068626578210E-01  1.96085003521294820E+01  2.12630418291375170E+01
  6.27423008989955560E-01  3.89291679396733150E+00  2.58437767126193590E+01
  7.12424816007452400E-01  1.06865289338878180E+01  5.36423660486348370E+00
  4.41140732643827070E-01  1.66468849687042530E+01  9.60249913117174540E+00
  3.80273533482480450E-01  1.55094419566136830E+01  1.09412711444350560E+01
  3.29796701345061780E-01  2.74514249650708600E+01  1.94567289672490600E+01
  4.15252526658189590E-01  2.02803555853871340E+01  2.05521733223528860E+01
  2.59062449636064510E-01  2.67215615566757240E+00  2.49862929913909570E+01
  6.18419083689772810E-01  7.14401173247280320E+00  1.09567554650279800E+01
  5.04213456464067280E-01  2.95575939220099360E+01  2.91619344165274730E+01
  3.48156346672602490E-01  1.65943783918902700E+01  1.03899438084068480E+01
  2.89042915761794110E-01  1.90103239599269710E+01  2.12118313824079080E+01
  3.05466220251299840E-01  7.04644087398840120E+00  2.46418852516389530E+01
  6.49919166153384610E-01  1.22817800157200580E+01  2.12977628973189430E+01
  6.14379095469630790E-01  2.45884936988415960E+01  1.33076143575491080E+01
  7.00411917450214720E-01  2.33072054666302220E+01  7.87321209487100400E+00
  5.69344335137112000E-01  2.51199584266332150E+01  2.65129081382382770E+01
  2.57564851167384970E-01  1.61703487882955560E+01  2.18633525219014370E+01
  4.13050329149462850E-01  7.47047561698762410E+00  1.48512293315745300E+01
  6.18419083689772810E-01  4.46707994495930370E-02  4.47634256075800340E+00
  4.26523982883737140E-01  1.00685128140803690E+01  1.42250226039946930E+01
  3.78209123272245940E-01  1.33474810903896270E+01  1.53652943313658920E+01
  2.63055759251188670E-01  9.50701070839305910E+00  2.17875780698016540E+01
  5.00274833943758600E-01  7.76537830319838470E+00  2.87995536731273210E+01
  6.01687927537542500E-01  4.73760795990915180E+00  1.12027355322403700E+01
  4.86073626967704090E-01  2.33850161849287840E+01  2.13821810368849190E+01
  7.62474117278193650E-01  1.40085915840327220E+01  1.80472596261136090E+00
  4.87886881528419990E-01  2.00099738088555590E+01  1.24821617233089270E+01
  2.99038091422116640E-01  2.48193411819436350E+01  2.73088596765612170E+00
  3.50974061745161330E-01  3.16426611304667560E+00  7.13217265844556710E+00
  6.10572080928614460E-01  1.53822163497044960E+01  1.19236188355901880E+01
  3.01731430220296380E-01  6.30740304237523120E+00  9.33789622184900030E-01
  2.59062449636064510E-01  2.70406207716378470E+01  5.18615981279939930E+00
  6.99477888048091770E-01  5.80597279640453580E+00  2.75173952870184100E+01
  4.41666133880560000E-01  1.89034058107075610E+01  1.72664271387429910E+01
  6.86210935380316480E-01  1.46131276097754550E+01  2.26854890390920010E+01
  5.27425300578987690E-01  1.98685660405684530E+01  2.59677528759880860E+01
  7.54505484792745040E-01  2.87145033265480760E+01  2.82285592391312650E+01
  4.11696508529454960E-01  8.98265862075187550E+00  1.17224455764146180E+01
  6.26517897412854200E-01  5.29856579306457130E+00  1.45254462019301890E+01
  5.72142532162989690E-01  4.62200220553218880E+00  8.04133984098377750E+00
  3.47451934045076260E-01  2.36304946871504990E+01  5.59665489912843310E+00
  2.57564851167384970E-01  2.15265546223571430E+01  5.66253903090686620E+00
  5.33859136323620030E-01  8.21807333887286970E+00  2.54533761704170800E+01
  2.69169509893181310E-01  2.62363482399301840E+01  4.33567378913774350E+00
  4.24351701398837560E-01  1.01869530224832200E+01  2.76994258256915200E+01
  3.11762329988951370E-01  8.61606861135781980E+00  2.30876871793958000E+01
  3.50974061745161330E-01  9.16492269198943710E+00  1.24622794531301880E+01
  2.66929568161810020E-01  6.05390461160813500E+00  9.70881568804188260E+00
  7.20816873845379820E-01  2.86156618390209910E+01  2.64035460156721910E+01
  4.22201084465533680E-01  1.76052330565693040E+01  2.81467958227044300E+01
  3.09209541844886400E-01  7.45039203259809920E+00  2.51049082009948240E+01
  2.62213147743524950E-01  2.01805506873886740E+01  2.12212864076866690E+01
  7.60411681679863700E-01  1.04828735254858310E+01  2.30546270724662290E+01
  6.67521681419926690E-01  2.03688501433356740E+01  2.35946971191009570E+01
  4.37954134865551840E-01  2.36271028895150260E+01  1.01943498568805850E+01
  7.16654247500547470E-01  1.00664535945151940E+01  2.01984625563538740E+01
  7.12424816007452400E-01  2.10175815143091390E+01  2.64286711036465580E+01
  3.61198882346046800E-01  1.42005548461306010E+01  1.73083011802764800E+01
  3.82245446386266610E-01  1.36799581981374200E+01  1.78381463907321520E+01
  3.58737518624021320E-01  1.90517022209374430E+01  2.56276046306965920E+01
  5.81547682683179710E-01  1.33809100414505310E+00  5.50066687219427490E+00
  4.21963532045373490E-01  6.28388252122613530E+00  1.59637187041409700E+01
  3.12648490279368120E-01  4.56655358376896990E+00  2.34745734266944780E+00
  3.25036994184950640E-01  1.26365182783118190E+01  2.52577813892727190E+01
  3.83290088603488770E-01  6.65464007184483460E+00  1.70347231438157610E+01
  2.93443024193560210E-01  3.45704714994328070E+00  1.78458589494487860E+01
  2.66929568161810020E-01  6.96308454678459650E+00  5.29582116300778870E+00
  2.99038091422116640E-01  1.26960304457162320E+01  9.48511672387665250E+00
  6.00040109246873770E-01  7.51991365902468440E+00  9.28405148212305950E+00
  7.14535578675763720E-01  2.46388606724076490E+01  6.47822549455497040E+00
  3.06898385793053400E-01  2.43661867548291160E+01  2.69574002235157550E+01
  3.45648959319623030E-01  8.91399922864713010E+00  7.75663747191714670E+00
  3.87046365911375680E-01  1.46612062428744490E+01  4.16567293762321710E+00
  6.56539952722306990E-01  1.90513800949896250E+01  7.80885905213369020E+00
  5.07436062422724900E-01  1.50735340368399060E+01  2.60648398006186600E+01
  7.39270392714900380E-01  2.12058146613980650E+01  1.98162859418762240E+01
  5.38024295323284910E-01  1.19294174880888750E+01  2.57517610240071800E+01
  7.33199636544987770E-01  1.45586179648993820E+01  9.63106065889747850E+00
  6.31923671661538840E-01  1.37249250715526970E+01  7.33659517946910890E+00
  5.72951670348821020E-01  9.39575929788710160E+00  1.90986019530545800E+01
  6.40456937776772590E-01  1.92802667979052950E+01  1.44773625780204260E+01
  4.77241894706072770E-01  2.35552204370833600E+01  1.76036004681614100E+01
  7.64764367446448820E-01  2.14862616618159270E+01  2.26993558567600720E+01
  7.16535845940979770E-01  2.20440658993997580E+01  1.64421979573493500E+01
  3.10705613459761840E-01  2.45968528937053040E+01  3.39257244078221690E+00
  3.89901968262705180E-01  1.67737745829288190E+01  2.37157640167199870E+01
  7.15011499502423580E-01  9.83038417237425580E+00  8.38387805893509250E+00
  7.60297905848187840E-01  1.82530601178749910E+01  1.62563934439803750E+01
  2.65726189967390210E-01  1.12323694288594870E+01  2.35827293718310040E+00
  4.53492046339069340E-01  2.41006408484074830E+01  2.07376188685460010E+01
  5.18725390566230620E-01  5.73141969980211560E+00  8.06273353117545710E+00
  4.24020504903543660E-01  2.47528544190971510E+01  2.55834190700487870E+01
  5.17634268500846420E-01  2.25145244157058530E+01  2.18817171518019220E+01
  4.54567147313974470E-01  5.02005327995895990E+00  1.27657183391909830E+01
  3.65965634987757580E-01  2.15359531392076140E+01  6.79627235975686170E+00
  2.96256570285591500E-01  1.69786510509789150E+01  1.73306330390478520E+00
  5.50543265074639000E-01  1.14538376784194880E+01  1.63054238232855650E+01
  4.46540105696671490E-01  1.21958657103678250E+01  2.80360215944611430E+01
  6.47236078597052340E-01  3.47301108121733380E+00  1.87857025584560410E+01
  4.82769235883485770E-01  5.47733706563734920E+00  2.03904297625864610E+01
  2.97529618718302210E-01  2.67378828993496390E+01  2.87125224392793510E+01
  4.13811620468168510E-01  6.42353165805686290E+00  7.43921151696261610E+00
  4.87785457169642190E-01  1.30307531819392220E+01  2.29804095885096090E+01
  3.41778742319800830E-01  4.54791778021528350E+00  7.42203666469646880E-01
  4.05793634226126800E-01  1.76859726900784150E+01  1.72751354890147470E+01
  7.14516279726398110E-01  6.16141484066850430E+00  3.71906604213926030E+00
  3.71799304162545760E-01  2.26197379754944020E+01  2.27643336260908670E+01
  5.77820253962530560E-01  4.04425218963585480E+00  1.31016901159922840E+01
  4.75626642073745920E-01  2.04480921344144130E+01  4.42267899424236790E+00
  5.46562010559427060E-01  1.57669284157119240E+01  1.00510631701546630E+01
  3.29506256422424390E-01  1.92913053289251200E+01  1.01831517161886770E+01
  2.62213147743524950E-01  4.92509665989344110E-01  3.71963282730570690E+00
  3.63105686475124490E-01  1.93599816299110690E+01  1.64471124055629080E+01
  7.08391389715138510E-01  1.80566670378169680E+01  1.27073323046572570E+01
  4.26578460793149810E-01  1.72327325957666030E+01  8.96253137268803710E+00
  6.08873319065221350E-01  1.01175164741815950E+01  1.15916374328956180E+01
  5.39466591144820300E-01  1.10748652837478970E+01  2.16493981249905400E+01
  4.66553963192992600E-01  1.51590028400429570E+01  1.29760382441859860E+01
  4.82771447840326400E-01  1.99545847518420840E+01  8.50058902520647490E+00
  5.13004586318856950E-01  2.81979587626020520E+00  1.27139888154624910E+01
  3.17084428049163950E-01  8.86268395701497090E+00  1.70427618933747840E+01
  3.50974061745161330E-01  8.48974172394787450E+00  2.21639033892995340E+01
  3.82382183723224410E-01  8.25902788731584890E-01  2.16941655093746770E+01
  3.77759649416993960E-01  1.44377006704440300E+01  2.85987796017429120E+00
  5.74203886104520670E-01  1.75671254124137450E+01  2.95435669209654040E+01
  4.11346310528290360E-01  2.86052938490924970E+01  7.19396711624963460E+00
  5.06367095649294540E-01  2.78022255047518560E+00  1.16409566509412110E+01
  6.01687927537542500E-01  9.11520927737083750E+00  3.55278074802438940E+00
  2.49794182180603610E-01  2.73893126792328940E+01  2.74009768152248070E+00
  6.11481049571092420E-01  2.10841963881064810E+01  1.27114683169204540E+01
  5.03927515451986880E-01  2.82706016032906650E+01  1.89454015352388230E+01
  6.35485889077753010E-01  1.72258041561327960E+01  2.61124204084908020E+01
  2.99038091422116640E-01  2.70611057725490270E+01  2.30508180978491520E+01
  4.22541054278063120E-01  5.65750032585238040E+00  1.33678989726804080E+01
  3.05466220251299840E-01  2.58049594538657130E+01  9.32959490216661890E+00
  2.62213147743524950E-01  3.79354503620328210E+00  8.13931676471905160E+00
  3.61769499680632390E-01  9.33692138456524570E+00  2.90781025496765790E+01
  2.47647088603063280E-01  5.84491384032965120E+00  6.38317294133155850E-01
  3.11155895623034430E-01  7.90976226711394850E+00  1.41674386622447650E+00
  2.66929568161810020E-01  1.50220151385636530E+01  1.05164792808571620E+01
  6.90395435464654740E-01  4.20053955331601700E+00  2.86684399429235310E+01
  2.96503602823160150E-01  5.33026944580040580E+00  1.74467319228159530E+01
  6.57722721512726150E-01  1.01199539774964900E+01  8.83439351276206430E-01
  7.24777883420223110E-01  1.30001331396808020E+01  2.01164392383468850E+01
  5.48279863025970290E-01  4.63472973990787280E+00  1.85114480153715100E+01
  6.40748513009616880E-01  7.97381644353019770E+00  1.57766478571842900E+01
  2.56092450391898300E-01  2.48626824334116780E+01  2.73092801727811470E+01
  7.17499092254363010E-01  2.74888494648602770E+01  1.13313698518545450E+01
  4.66141488621800890E-01  2.09628770562910920E+01  5.20992325049944240E+00
  6.33759023001558490E-01  2.69394226430655760E+01  1.43540551198222030E+01
  5.48279863025970290E-01  1.65150358747168080E+01  7.62981720806054580E-01
  4.19081387041561550E-01  2.94448725064844370E+01  1.67207373877486740E+01
  5.70902198024309190E-01  2.88890436229687140E+01  1.76022352479526240E+01
  3.17950877609215300E-01  2.55694613952554200E+01  9.98334846976958800E+00
  5.96963967672292380E-01  2.25233391210099790E+01  1.04459693899756210E+01
  6.18832453479690690E-01  1.58624072615149490E+01  8.88975136494730480E+00
  2.63339374245984010E-01  1.78985983733878590E+01  6.18591258204606300E-01
  3.55036581058269410E-01  5.24062603393013050E+00  2.85720558830648980E+01
  5.84913004272127690E-01  2.84598231755322710E+01  1.65306900033319690E+01
  5.77235448209733180E-01  2.03430550825301250E+01  1.36404066048647190E+01
  5.01105313190319460E-01  2.80364728160894430E+01  4.34733241762712550E+00
  3.83598938984435380E-01  8.24788125649502390E+00  1.21187690305679800E+01
  5.98360795606824340E-01  2.40535243964871630E+01  1.96153236830438150E+01
  3.41778742319800830E-01  5.18505874566891480E+00  9.88632481042981940E-01
  3.29796701345061780E-01  5.57656838547337500E+00  6.50274663587001810E+00
  3.84420431658369740E-01  1.59415993427106140E+01  3.74833884230169900E+00
  4.91872428060923640E-01  7.74377535583409490E-01  2.52454310511241080E+01
  2.93443024193560210E-01  1.92034803234816960E+00  2.40983053744519430E+01
  5.81299825206354370E-01  2.64654662869091550E+01  9.92088664903276470E+00
  5.68243553274813350E-01  1.28401940435768170E+01  1.41888353289714960E+01
  5.39001667068871980E-01  2.31826092238596250E+01  1.55733149807013300E+01
  7.01587183784351610E-01  5.20820267343189600E+00  2.96276394710933320E+01
  4.45239477383046460E-01  2.63516303086657010E+01  5.04054561030381800E+00
  5.39001667068871980E-01  9.56572271143685350E+00  7.15966750644309610E+00
  2.86134314477376340E-01  2.37812800439170320E+01  2.68648069884469610E+01
  7.70254277643880240E-01  5.27154363906029210E+00  2.61422191175860590E+01
  3.45648959319623030E-01  2.23560516961308090E+01  2.80512363661682360E+01
  3.39481361119070080E-01  1.37209376506816960E+01  2.88605574988270810E+00
  3.04461637453634990E-01  8.21097123245666440E+00  3.50572830255976830E+00
  5.20369884994360540E-01  2.55544997200760910E+01  8.44146932334603410E+00
  2.65726189967390210E-01  2.89192425528957170E+01  1.52606681528932010E+01
  6.26908127420837150E-01  1.85253508902181460E+01  2.47944610765429730E+01
  3.48480710258510130E-01  2.67565017257842970E+01  5.72275915318804080E+00
  2.96653470797716330E-01  1.07355213827724560E+01  2.62120140419782870E+00
  6.31923671661538840E-01  2.46877214279399020E+01  1.03341766023388790E+01
  4.09705559579089850E-01  1.00417307678737210E+01  4.44788942795078320E+00
  6.72499163702481620E-01  1.42325539104593220E+00  1.11538456039448080E+00
  2.84029264846615530E-01  2.56461365909029590E+01  2.85147000974822800E+01
  5.34631033075580400E-01  1.34697222967676760E+01  2.54680996680349880E+01
  6.17076625982510940E-01  2.04044461706253490E+01  7.49708754294015910E+00
  6.55074006360275090E-01  2.76523691069536160E+00  1.04810057176353340E+01
  5.46562010559427060E-01  5.59899727088973890E+00  1.66478385896191700E+01
  5.17626013175185660E-01  1.50310085974797420E+00  2.60358220811891100E+01
  5.82207618145930890E-01  2.24015542035695570E+01  2.46827749165545360E+01
  5.98268629341587580E-01  5.20930253476677500E+00  4.62270526224495710E+00
  5.34553382826858140E-01  2.27764310121006980E+01  1.82484820573694900E+01
  3.76753951196820710E-01  1.16527139917498290E+01  1.54001293308839560E+01
  7.52518120402026810E-01  1.07011112500256560E+01  1.88741260975880220E+01
  4.81368497469048420E-01  3.65577592332788240E+00  1.11858213688440370E+01
  6.47413426355271770E-01  2.95225889826499350E+01  1.23785641486601000E+01
  3.05466220251299840E-01  1.36437359646613940E+01  2.24780065304484250E+01
  4.46689977500956030E-01  1.73555958551144160E+01  1.06170074796626660E+01
  6.18566685513849460E-01  4.72381863091792380E-01  1.56915293073262970E+01
  5.36592099856838090E-01  1.56384525235239080E+01  2.86764022534216250E+01
  5.09574347305064630E-01  8.51736784830768560E+00  2.70203018630574650E+01
  4.92328788949218680E-01  2.75184593764525900E+01  1.01238625523875910E+01
  4.83351594707823830E-01  3.30593004326464970E-01  1.63116349142267650E+00
  4.40650972415989980E-01  2.96822533274667250E+01  8.26599002850010220E+00
  6.10911033360540580E-01  2.73043440404125380E+01  2.94208094328760980E+01
  4.34172467284937990E-01  3.18019010319904270E+00  2.91367496932315470E+01
  7.03188417218805210E-01  8.30871061489966680E+00  1.84338545165589660E+01
  2.92799561075502800E-01  1.41049960121432070E+01  2.74135246731585340E+01
  5.68243553274813350E-01  2.18090011925551470E+01  1.77042517088695130E+01
  4.60682082706054620E-01  7.90953843168944990E+00  2.02481305539335000E+01
  6.41715074739605920E-01  2.13910795869580920E+01  2.69749176267937640E+00
  4.55206736325743130E-01  3.08708781683840930E+00  9.41937789576924620E+00
  4.22201084465533680E-01  1.54088625484110490E+01  2.09857007722625220E+01
  3.63079661055833470E-01  1.05405288340827120E+01  1.62871713162262600E+01
  2.63055759251188670E-01  1.79143494158286210E+00  9.01289588351779440E+00
  5.32877675645020420E-01  4.44369311818242880E+00  1.53080469956341330E+01
  5.77235448209733180E-01  1.74236825760500800E+01  7.16487497970503820E+00
  4.09775903561979240E-01  1.46955778508004880E+01  2.14125029047738700E+01
  6.93187364831086050E-01  7.14995551506709240E+00  2.06993801233522890E+00
  4.30054269381220950E-01  1.01307692010571330E+01  2.68192999215821360E+01
  5.07436062422724900E-01  2.23228689803281560E+01  7.17398844429067850E+00
  2.49948351789403130E-01  1.12221904928601540E+01  2.90026046074283460E+01
  3.16022212934137680E-01  1.81045105918670650E+01  1.04726808831739500E+01
  4.72818350263822220E-01  2.84835033032728050E+01  3.48277902319687580E+00
  4.46689977500956030E-01  1.81202568916820330E+01  6.26920704763032700E+00
  4.74581552528920360E-01  6.98526682030881930E+00  2.03845838024427760E+01
  4.86590143357422540E-01  5.44040494784114690E+00  1.56278197614196250E+01
  2.73281005279713530E-01  8.16048575015048350E+00  1.94469911631700910E+00
  5.20515140446715560E-01  8.38995532261161970E+00  1.46930212649575440E+01
  4.13811620468168510E-01  2.48516188116948980E+01  2.03067210262121660E+01
  3.81419328643079860E-01  5.06766755942823810E+00  3.65367628532052050E+00
  4.05593309893122810E-01  2.57986952458414230E+00  2.43290530058800950E+01
  5.85380732291966590E-01  2.55391588019134590E+01  2.15815686342238140E+01
  4.06599624824484800E-01  2.65930107392571810E+01  2.39921286651843420E+01
  6.40456937776772590E-01  1.45999224515645770E+01  8.25904554834225020E+00
  4.75626642073745920E-01  1.19587214256558680E+01  9.24861544956552000E+00
  5.09222041678605210E-01  2.75023762126668280E+01  3.49032953083789410E+00
  5.77820253962530560E-01  2.58343585564941730E+01  2.04321258378518990E+01
  3.80273533482480450E-01  2.53883853489747050E+01  2.76774494568582870E+01
  5.01406606281285510E-01  2.18493633827244760E+01  2.73727838652182810E+01
  3.59079136884617700E-01  1.63696874744065250E+01  1.20664474348234400E+01
  5.94092381958372510E-01  1.27276275445935720E+01  1.36156930666295730E+00
  2.54611020839302520E-01  1.41448145092501530E+01  6.55644980201526550E+00
  4.99223721401470310E-01  1.38147142119245120E+01  1.46228038543534070E+01
  2.54611020839302520E-01  7.69812055498175860E-01  8.85189417228832200E+00
  3.20574425314766210E-01  2.93165796868821180E+01  3.83982265206759710E-01
  2.85767805251094040E-01  1.02978569650561000E+01  2.12356491627900680E+01
  2.54611020839302520E-01  1.78282046462810440E+01  5.45646764947357530E+00
  4.12246671516209600E-01  2.41464672635930100E+00  8.75385304623445220E+00
  4.41298336829792340E-01  2.30595814545818030E+01  2.81700177517987490E+00
  7.09985914168247060E-01  2.13044542925903290E+01  9.97775096721550450E+00
  6.80956647410425740E-01  1.31924561670408020E+01  1.29911700304113480E+01
  4.75338540515479570E-01  2.92142851815039390E+01  1.04996403743385240E+01
  7.49588614928249000E-01  1.60467529488989270E+01  1.98223954416495970E+01
  4.74033319401206570E-01  1.25160901749731850E+01  1.51787586381551450E+01
  5.20515140446715560E-01  6.80672576095680080E+00  1.27927263338391090E+01
  5.48131117613959250E-01  2.87581056734180580E+01  5.10855248763065450E+00
  3.46733456860136300E-01  1.11573648742407590E+01  9.43177051334919090E+00
  6.97384645011991290E-01  1.96280592527443720E+01  2.81773906844674260E+01
  3.78209123272245940E-01  2.14473439084095680E+01  2.47828548932501320E+01
  3.82382183723224410E-01  2.61168067474892280E+01  2.89855345010958520E+01
  4.46537248270915300E-01  2.00788094488689420E+01  6.39141372897975660E+00
  6.08690451339190200E-01  1.72505727677080430E+01  1.16662170390578480E+01
  2.59062449636064510E-01  2.39364274710738240E+01  7.15054777682935770E+00
  4.43756654693070110E-01  9.37753294723812660E+00  2.35304642898290130E+01
  3.18942867500738640E-01  8.21809926003045990E+00  2.09640229651097130E+01
  7.16535845940979770E-01  1.18884674356192970E+01  2.26039593778975210E+01
  4.62836237406567810E-01  7.29818129473644910E-01  3.03485138100075960E+00
  6.97384645011991290E-01  5.21018500702370350E+00  2.44683119214989620E+01
  2.47647088603063280E-01  1.16041088864583860E+01  5.66413282069155420E+00
  4.05793634226126800E-01  6.96597745813888740E+00  1.54951922421951420E+01
  5.37364664263313330E-01  2.21591186760328650E+01  6.14248350856173440E+00
  5.72881440675418570E-01  1.56817154345156600E+01  7.71202505989996470E+00
  5.04213456464067280E-01  2.56151100115554190E+01  2.27142965484534930E+01
  3.86557871019070410E-01  6.49032898477016840E+00  2.22322061595023750E+01
  5.62178328188990490E-01  2.03979650401969440E-01  5.64407031217278020E+00
  6.41715074739605920E-01  1.47344683135839350E+00  1.03956040874962860E+01
  4.54567147313974470E-01  1.08300461278768220E+00  2.18918833145817700E+00
  3.97011970696729720E-01  5.16426350758498120E+00  1.03011810845891530E+01
  3.99477862283745790E-01  2.16378756276431760E+01  2.82479207020585400E+01
  5.15931587153482510E-01  1.24301613962252800E+01  1.56228148673466900E-01
  5.98026541173087530E-01  2.35672740595724690E+01  2.93004831858924210E+01
  5.94917806945655060E-01  2.58560986024189990E+01  5.99994114661740600E+00
  3.86557871019070410E-01  4.59921578905832270E+00  3.04571353049380230E+00
  5.52347772924787250E-01  1.49354183874458750E+01  2.95077923006737030E+01
  4.05793634226126800E-01  2.63758946770029610E+01  2.32109198196667950E+01
  4.66753989857397040E-01  6.79356573954095030E+00  8.36798686774528560E+00
  6.77666041374141330E-01  1.25159322270554490E+01  1.04428469492548040E+01
  3.23306573977224420E-01  2.95834957981772140E+01  9.79222537927880770E+00
  6.88340418185590860E-01  9.66679968504000620E+00  2.38787755110109990E+00
  4.11696508529454960E-01  1.40466226305460790E+01  1.96756818822193650E+01
  4.03052389307286420E-01  1.49446048989302550E+01  1.58869339017565940E+01
  2.97529618718302210E-01  1.21273921770237650E+01  3.37013702789264080E+00
  3.13090147150790890E-01  2.08449801712640510E+01  1.59653558166213370E+01
  5.01435669612667030E-01  1.51238196707029310E+01  3.40838506904043290E+00
  5.26482748420329030E-01  1.74075158697621890E+01  4.79862765693181710E+00
  6.75156127532392600E-01  9.37745229081908960E+00  2.60118314212426540E+01
  7.20816873845379820E-01  4.07332669863283760E+00  1.00595991379230230E+01
  5.30006102735105960E-01  2.83447391454290770E+01  1.02494080967731090E+00
  3.43353541919950760E-01  1.93460309670732080E+01  5.78936171967709520E-01
  5.32877675645020420E-01  1.12346220706061710E+01  2.82208392422605210E+01
  6.44956217916396120E-01  1.48913271245516620E+01  1.90420210935707250E+01
  3.55036581058269410E-01  2.91364193334996350E+01  1.46793435570716790E+01
  4.30054269381220950E-01  3.27346126373130100E+00  1.98426532161148580E+01
  4.93734512940847830E-01  2.78333594629379030E+01  6.39113220256525950E+00
  3.42409596243210680E-01  1.52254470513046610E+01  5.34365864144140980E+00
  5.58952633370732950E-01  9.41552219101218310E+00  5.37020729238136950E+00
  4.49954956992444630E-01  4.25160173210020440E-01  1.06950954945990570E+01
  4.11346310528290360E-01  1.29588300495275030E+01  8.04088035335735360E+00
  4.72818350263822220E-01  7.59638620935687840E+00  1.93690551246604730E+01
  5.00672486592370710E-01  1.39875219157239920E+01  2.08412045266532290E+01
  4.15334611176110170E-01  2.82703073079381470E+01  2.27891197339889650E+01
  7.70254277643880240E-01  4.29478255049335460E+00  1.71909347560128190E+01
  5.32262962461145860E-01  1.70687734511068710E+01  2.55666671045912300E+00
  4.01880163826280960E-01  3.23892269193074920E+00  2.31811992125045490E+01
  7.41720708060832300E-01  1.04776537743023960E+00  1.17108667443811910E+01
  3.01674668393272730E-01  4.63250805473638750E+00  2.52824547361725220E+01
  2.66929568161810020E-01  9.24487876829151210E+00  1.81812182459200540E+01
  4.15334611176110170E-01  2.92849398916406970E+01  1.11898462223950880E+00
  5.20369884994360540E-01  1.60419899745205750E+01  1.71907656632109800E+00
  2.84672167568555990E-01  2.79356046338577500E+01  2.21744119978502350E+01
  5.18912146576496980E-01  1.59494186950388150E+01  1.85597238069004430E+01
  3.90540239164096370E-01  3.11726261765329140E+00  1.72528936237768490E+01
  3.63079661055833470E-01  2.64013658427000450E+01  2.11813012397045990E+01
  4.73113776075054650E-01  1.14171560621482100E+01  3.07221051723277050E+00
  5.55687039951364880E-01  1.08520725742267170E+01  7.62964963189156100E+00
  6.97384645011991290E-01  1.84910740086807590E+01  4.23210075874542910E+00
  3.54092873053847420E-01  1.32833267933656510E+01  2.13234422683690250E+01
  7.37991961479508610E-01  2.07051100831791150E+01  1.70067307110419960E+01
  5.10790949981952740E-01  2.49860274743603590E+01  1.13331573002653910E+00
  7.03918080384424090E-01  2.56412371684475070E+01  2.15607489937906840E+00
  2.69326463995374250E-01  1.98714629505552760E+01  2.51715828406849800E+01
  5.39922025342825940E-01  2.31923342688205700E+01  4.67614907601961690E+00
  5.39922025342825940E-01  1.14071861111886720E-01  2.22801112841556910E+01
  3.52682444144397330E-01  1.13725003206082660E+01  2.64447837922456660E+01
  3.17084428049163950E-01  2.29219722077836540E+01  1.25752366350766230E+01
  3.92511582998476170E-01  2.07313925096275310E+00  1.21924683791646440E+01
  2.92799561075502800E-01  7.21958703045242790E-01  8.30688524345423040E+00
  3.63105686475124490E-01  9.64722643422121170E+00  6.26189154961002270E+00
  3.25036994184950640E-01  6.38778436176586250E+00  1.35260396855857100E+01
  5.70902198024309190E-01  4.13726564609890970E+00  1.55673257217006930E+00
  6.18138908065390960E-01  1.87057449758508270E+01  2.20660076635010790E+01
  3.10705613459761840E-01  2.08486703156128680E+01  2.44453142081833580E+01
  6.99092076263204730E-01  9.35547215617752850E-01  1.31465971981336110E+01
  4.40295189098215370E-01  1.38339364970874000E+01  2.63720292795795500E+01
  6.52034765531911640E-01  2.75913328964262310E+01  7.51008954920614880E+00
  5.12628979659419230E-01  2.40120485895162900E+01  2.81503993297577360E+00
  2.68569610726517900E-01  5.12053476206850180E-01  7.78636944634580800E+00
  4.41473589537221400E-01  1.74933251785995620E+01  2.50702269944488060E+01
  7.41623060643924430E-01  1.27274409308401250E+01  1.72432707911648460E+01
  2.49794182180603610E-01  7.48947297530195400E+00  2.35263678418410860E+01
  3.44856808658559500E-01  2.78685060943466960E+01  5.17575375429246250E+00
  6.83701617051292750E-01  7.31546504994913430E+00  6.80171558825021630E+00
  7.19599311285852310E-01  5.21709430860783560E+00  9.18710538356951470E+00
  6.67521681419926690E-01  2.23248760435261960E+01  2.90630353330881380E+01
  5.40946473112310590E-01  2.27685889028172390E+01  1.93232181818292010E+01
  3.83579206291793930E-01  2.09248004817036700E+01  2.53368927824914820E+01
  5.04339573614743570E-01  2.18804946625447660E+01  1.87732750607553240E+01
  6.35523375007872900E-01  2.52786447756706560E+01  4.91437568288052870E+00
  3.44905765886116280E-01  1.66331208502907870E+01  3.45554197204120860E+00
  2.65726189967390210E-01  2.81922097487305590E+01  5.69346749238331110E+00
  4.87785457169642190E-01  1.48169103618485250E+01  7.09998164250415350E+00
  3.71299762957800540E-01  2.00965106765521600E+01  1.97887967466112930E+01
  4.13811620468168510E-01  1.95991484523843980E+01  4.15934273345895190E+00
  5.69423614487483490E-01  2.87534937512413440E+01  2.19319791915966500E+01
  5.83429036676414100E-01  2.08179487315448740E+01  2.77075929312914300E+01
  5.30006102735105960E-01  2.32741085910936040E+01  1.66375871125261520E+01
  5.16710955738981780E-01  1.37589204646894850E+01  2.36703714487027280E+01
  2.65726189967390210E-01  1.21063698574102220E+01  2.80770511136429680E+00
  3.18942867500738640E-01  1.24852585409750890E+01  3.87118904401741160E+00
  3.23881608201221470E-01  2.03861773797559420E+01  2.48785486863111700E+01
  3.54092873053847420E-01  7.04887498646703570E+00  2.39825965004878120E+01
  5.12509616084684260E-01  2.22443666258991750E+00  1.69307523188639770E+01
  4.99223721401470310E-01  1.81321818258917830E+00  2.78914274095112020E+01
  2.56092450391898300E-01  7.02876387058123790E+00  1.35767550537455270E+01
  5.45765227979075810E-01  4.81966827840507420E+00  6.94212874604618510E+00
  6.94010183176834960E-01  1.27486295606930560E+01  4.84852468161103630E+00
  3.57201130995523370E-01  1.55875334055323190E+01  6.75706979347009450E+00
  5.25895496843049500E-01  2.23603683752346960E+01  2.04987961816253250E+00
  5.10790949981952740E-01  7.21299118462924670E+00  2.58889867528954520E+01
  4.89717368181109780E-01  3.19613312897817890E+00  1.37481068152078270E+01
  4.82769235883485770E-01  2.56087995038168050E+01  1.29094244923029780E+01
  6.93278360304079300E-01  1.38277742887055430E+01  1.63228816010126390E+01
  3.35017483125717060E-01  1.42931890414068260E+01  2.57475360290416940E+01
  3.26514001167033020E-01  2.10500420750395460E+01  4.32391588382419820E-01
  4.75880684447443510E-01  2.74349368670293750E+01  2.65965380726655350E+01
  4.22354771203238230E-01  1.83437250472305240E+01  2.77176006811542880E+01
  4.11966131227655820E-01  1.42830619169071300E+01  1.29994382424988830E+01
  7.30946391186454210E-01  4.43197669030222660E+00  1.97742875507327050E+01
  4.22201084465533680E-01  2.16486780795307610E+00  9.58699898924318820E+00
  5.15931587153482510E-01  1.74918337094169980E+01  3.51534771152249270E+00
  5.52347772924787250E-01  6.96723843506490500E+00  2.79838337162315090E+01
  2.49794182180603610E-01  1.75338189254878120E+00  1.97536404457333500E+00
  4.50103975287380020E-01  8.45487273854927320E+00  2.70735965613056750E+00
  3.61769499680632390E-01  2.22748186644753790E+01  2.00788589003360980E+01
  2.77147605524350650E-01  8.22427969855815280E+00  1.66726172047226730E+01
  7.64764367446448820E-01  1.60529200950376490E+01  2.68742079968217030E+01
  5.71326189973923350E-01  1.61954065520212890E+01  1.29798235674145930E+01
  4.07877171249442140E-01  1.62006430781264220E+01  1.13188233265843310E+01
  4.46540105696671490E-01  1.83746862454447850E+01  1.38171870505251350E+01
  5.07606992315717240E-01  1.86011386006180790E+01  1.68174112057712930E-01
  3.01731430220296380E-01  4.92799642124147040E+00  2.79956048866984300E+01
  4.32382463464541460E-01  1.45620111170469430E+01  2.68515994925763270E+01
  3.25762576013666160E-01  2.74281237157208860E+01  5.67992743314040820E+00
  6.24920360555607160E-01  1.03977204123160780E+01  3.47804370755824220E+00
  7.38532964590205680E-01  8.21513398218075070E+00  4.54858622553070550E+00
  3.92511582998476170E-01  1.87828273298464840E+00  6.32753738459639870E+00
  2.97561439636419770E-01  2.95583463149485550E+01  2.37883783055767600E+01
  3.46434506905438330E-01  6.97719720642631280E+00  2.91077113848407870E+01
  5.89502618647478990E-01  5.35156017801218380E+00  1.90486328857183750E+00
  3.32399546609116130E-01  1.08222597246179880E+01  1.69214561309084170E+01
  5.77649046292645880E-01  7.43248916827123280E+00  2.69544862239242310E+01
  4.31729360191427780E-01  2.63543627501712160E+01  2.55072913634617390E+01
  3.17950877609215300E-01  1.51297727794310730E+01  4.69078522121283470E+00
  4.75880684447443510E-01  1.54967432652029910E+01  6.76685241660178070E-01
  3.91816801400439550E-01  1.86206456000300980E+01  9.77385120133827280E+00
  2.50163292655703180E-01  4.41589410484707830E-01  2.96471694747188610E+01
  3.42074681651230290E-01  9.29206044665766310E+00  4.47872692908865040E+00
  3.50974061745161330E-01  1.42392271666213690E+01  3.56042275545501810E+00
  6.18566685513849460E-01  2.22225868096102200E+01  8.95957543867229060E+00
  3.24719866931951940E-01  2.34469281758972240E+01  1.87857640958790880E+01
  3.57201130995523370E-01  6.39737693726798980E+00  2.61838080952702940E+01
  3.13090147150790890E-01  1.17658296832726460E+01  1.10872776196415010E+01
  2.58355477869490890E-01  2.17508017385853660E+01  8.22055302271517800E+00
  4.83351594707823830E-01  7.68280853835539900E+00  1.39809178141015420E+01
  5.48463672908306780E-01  2.95601269217776020E+01  7.28457056174709190E+00
  4.24351701398837560E-01  6.63140898449868390E+00  1.18645630175280470E+01
  6.80557430527969220E-01  2.86310350250153580E+00  2.08726553500798640E+01
  3.73125396709624990E-01  1.92507701222506780E+01  1.57190277645937990E+01
  6.77808113742920780E-01  2.02451148734932540E+01  1.08737627095771450E+01
  7.67512613708393760E-01  2.07986635698838320E+01  2.90579220969350800E+01
  4.76544583128828500E-01  1.31927326301887150E+01  3.50806669061681650E+00
  6.97738347479756800E-01  7.91249375296815400E+00  8.04745594390823090E+00
  4.49545157175862540E-01  6.21032145290206030E+00  1.50956545463360370E+01
  6.25336422111717830E-01  6.30643580102914750E+00  2.52062065679015960E+01
  4.99487474973056500E-01  1.66301527684146710E+01  1.78054548221989460E+01
  6.67521681419926690E-01  3.95011268252494400E+00  3.87510673756294680E+00
  3.44170209092795430E-01  2.54270732321630210E+01  1.50990898844489530E+01
  4.01880163826280960E-01  9.89914560819406830E+00  1.80447752046604850E+01
  5.95035019805102560E-01  4.12352836764756430E+00  2.10626066674935150E+01
  5.20348764567513020E-01  2.73673303392655710E+01  1.66898099682731530E+01
  7.44845164893703690E-01  2.28454806936280410E+01  1.42669007447314070E+01
  6.94010688862415210E-01  8.81166233293694750E+00  9.35674027869494650E+00
  4.00156705760987560E-01  2.39440752301877890E+01  2.54329105179752480E+01
  6.57722721512726150E-01  2.29850249081879170E+01  7.20104615443538170E-01
  3.61198882346046800E-01  4.80442422122561560E+00  2.34909658079093650E+01
  6.07167866036927160E-01  2.46160802444522380E+01  7.80227413636463750E+00
  5.81677556670477180E-01  1.80647659961138490E+01  1.88325866195640330E+01
  3.17579752081870750E-01  1.91659480890815710E+00  1.28830812105723530E+01
  2.69169509893181310E-01  6.01319930405575850E+00  1.39865585377863320E+01
  5.36592099856838090E-01  9.28592314834675750E+00  2.25552773671432050E+01
  3.01799748246536660E-01  1.37017317493424390E+01  1.38305775799633250E+01
  4.05794678723965420E-01  2.57159807608215660E+01  1.06920662291847070E+01
  3.65995101567518470E-01  8.61485753445391110E+00  2.89674560476355940E+01
  3.39481361119070080E-01  1.69630291580100700E+01  2.04083299416134490E+01
  6.97384645011991290E-01  9.18472559918932420E+00  2.46541201800879470E+01
  6.82253548551889110E-01  1.11043583911584850E+01  1.24984172325781180E+01
  5.67035311113654220E-01  1.67546144493328770E+01  8.09257581478964920E+00
  6.47236078597052340E-01  1.51000700925361460E+01  1.77622579903969180E+01
  5.92513140571182980E-01  2.89081472024245620E+01  6.23847129243032230E+00
  4.71553509741754610E-01  9.96236592496417650E+00  1.26596147415982150E+01
  6.55885333720611730E-01  2.02491574619763380E+01  3.31014353437965260E+00
  2.83840017940612550E-01  1.79214595717750310E+01  1.10775772447397220E+01
  5.65219172841477580E-01  1.59999414877121760E+01  2.80191867612106190E+00
  3.48480710258510130E-01  1.85374426202656650E+01  6.94555637603619760E+00
  6.26908127420837150E-01  1.27836082798861180E+00  1.77357089408917470E+01
  2.62213147743524950E-01  1.76889024503103750E+00  1.85228105629701180E+01
  5.08737612195334600E-01  1.82140590691034420E+01  2.67958986496647280E+01
  4.59281804788439010E-01  2.44911530649802240E+01  4.15450346049140600E+00
  2.86550378078914000E-01  1.08114243335457800E+01  2.08682168434707660E+01
  2.99038091422116640E-01  1.01626855396685870E+01  1.49439376778747750E+01
  3.62493203924014780E-01  5.69302750365235430E+00  7.18363044332431850E+00
  5.64616421781660800E-01  2.31584024722263600E+01  2.03564097942665790E+01
  3.87533216804236250E-01  3.82559145144109620E+00  6.45905877496387330E-01
  3.90540239164096370E-01  1.13436464429746400E+01  6.24819947537378260E+00
  5.44640939783434240E-01  2.83404424644175370E+00  4.35701901984679290E+00
  3.84420431658369740E-01  2.55553361633977260E+01  2.56651267890933890E+01
  4.53492046339069340E-01  9.36166524779078200E+00  1.47481176247222980E+01
  6.38023782753992030E-01  1.35470079031493300E+01  4.42682224210031450E-01
  5.00672486592370710E-01  2.75835235817418050E+01  2.14731818659517690E+01
  6.08873319065221350E-01  1.28639213454976850E+01  2.43523716299375860E+01
  3.18942867500738640E-01  1.68729732917506470E+01  4.07446416431077200E+00
  2.65726189967390210E-01  2.21691738518325000E+01  2.88967418492420190E-01
  7.10410487391814980E-01  1.05859367308933410E+01  2.45214956504821660E+01
  4.66797018098134940E-01  1.57588314841229740E+01  5.95200879802136300E+00
  3.89889811574280460E-01  1.27035885346546070E+01  8.79853890628473320E+00
  2.92456502136063850E-01  1.87290045198059440E+01  1.04489501509262470E+01
  3.63079661055833470E-01  1.82220901853420680E+01  1.16495457511084770E+01
  4.13811620468168510E-01  8.88078571765013610E+00  1.63130300405430900E+01
  2.60417758313763680E-01  1.82070799092396460E+01  7.45579253392665820E+00
  4.41940562555082740E-01  1.94980393354186280E+01  1.17069167774723420E+01
  3.08418768867630710E-01  2.05470095121997430E+01  1.18844249540724720E+01
  3.04461637453634990E-01  2.23179245680015870E+01  2.87901754447397490E+00
  4.75626642073745920E-01  2.22838620381495500E+01  2.09161707637208140E+01
  4.19693779402500590E-01  2.80646957289232620E+01  1.98868435287247640E+01
  3.26514001167033020E-01  2.65782836463348030E+01  1.08211880151452200E+01
  3.55388479881239270E-01  4.81999358670258000E+00  1.61956446394402360E+01
  5.33859136323620030E-01  2.28402289325113410E+01  1.17284052571807040E+01
  3.39481361119070080E-01  1.94908447049936480E+01  1.94200602731809370E+01
  2.51153087880769550E-01  8.59387384748861290E+00  1.26505294793403400E+01
  4.21603844523193420E-01  2.42672499674905710E+01  2.15952883296692870E+01
  5.20348764567513020E-01  7.55214883389094820E+00  1.71359819385868870E+01
  6.86210935380316480E-01  2.46838795180607530E+01  2.34555543181394160E+01
  4.41140732643827070E-01  2.47694393494513360E+01  2.22954446607570240E+01
  6.26908127420837150E-01  2.29855403005906600E+01  2.73112587475847480E+01
  5.11871480770454750E-01  1.85939458078884240E+01  5.43626999185767620E+00
  4.70990686464341570E-01  2.14555518517554620E+01  2.39342131181971320E+01
  5.20369884994360540E-01  1.90771174279840740E+01  8.98478043447828690E+00
  3.04306421741581800E-01  1.16319727184142770E+01  2.96640125057874790E+01
  5.88333222664750720E-01  1.59257208853001570E+01  1.57466130925783240E+01
  6.64541222436485860E-01  4.26628391532182860E-01  1.44103157697131530E+01
  4.24351701398837560E-01  2.79491685523268320E+01  2.73337028813120360E+01
  5.55920758830291820E-01  5.58842480791353320E+00  1.92125964784323740E+01
  2.89042915761794110E-01  2.73707312444153490E+00  1.93638779823966480E+01
  2.47647088603063280E-01  2.70867528165796540E+01  1.59560662509166400E+01
  5.88686278844574580E-01  2.25705245217004560E+01  3.73505879407152140E+00
  3.53063097104977870E-01  3.16709072378646540E+00  8.61609609379001280E+00
  4.50600139601478670E-01  3.33810136672067250E+00  2.47419172793464450E+01
  6.65634982039605120E-01  3.36387591523782080E+00  2.21216014648250020E+01
  4.69750256464274060E-01  2.88477191309852970E+01  1.88811110568840270E+00
  6.13801455222646290E-01  1.96400470528419080E+01  1.48962424372806310E+00
  5.14582826754803690E-01  8.35423642294878730E-01  1.94901887227312440E+01
  3.81419328643079860E-01  5.89494412498143210E-01  9.88071663312718410E+00
  7.28196096543639280E-01  9.00980083077296890E-01  2.40327054002135120E+01
  7.33199636544987770E-01  1.48626941649323920E+00  2.05536711833329130E+01
  2.86550378078914000E-01  1.18175956609061630E+01  5.17444888777672850E+00
  2.52169786807371790E-01  1.00570438221176670E+01  2.95910129154465590E+01
  5.01406606281285510E-01  2.23736901298400850E+01  2.36010819713637230E+01
  4.18948713530687210E-01  1.30362596810410660E+01  2.20632348130709130E+01
  3.62620749938717070E-01  2.88512516231042330E+01  2.71965073500144960E+00
  3.15231116497538320E-01  8.97627788156049360E+00  1.76647568334516300E+01
  2.83840017940612550E-01  2.40174415327010000E+01  1.09566814737040430E+01
  4.72199721516180480E-01  1.06959571844025410E+01  1.85376077799179750E+00
  4.41666133880560000E-01  1.90875993816624180E+01  1.81298972789658070E+01
  3.39073066583844400E-01  1.23968242231763370E+01  2.35283005688472710E+01
  2.54831192030272870E-01  1.93538064736996350E+01  2.50946122163571130E+01
  6.65634982039605120E-01  2.58388670737701750E+00  5.53997531257358040E+00
  2.69326463995374250E-01  1.84568430418514670E+01  1.09399900396683010E+01
  3.08418768867630710E-01  8.84673429336718970E+00  1.54007280137906090E+01
  5.63324676144028570E-01  2.88662967857073410E+01  9.27199846470256790E+00
  2.49794182180603610E-01  1.67541792235041810E+01  1.09659535500933030E+01
  6.44956217916396120E-01  2.43387146475267570E+01  1.84056043224279870E+01
  4.26043897269923290E-01  1.74206605436826610E+01  1.11485202535606720E+00
  7.44533748089133770E-01  2.00567586794606530E+01  2.22194946222663110E+01
  2.47647088603063280E-01  6.75667270318105830E+00  4.47420466108020420E+00
  3.47451934045076260E-01  1.18818953096109970E+00  1.87050941302621010E+01
  4.83182858574677270E-01  1.19269213119296180E+01  2.08103872899998920E+00
  5.38382388131525950E-01  1.51700161138301740E+01  1.49113605220949400E+01
  6.08690451339190200E-01  2.47944993782435840E+00  1.80212088373088650E+01
  3.93024383017402490E-01  5.14776960119043100E+00  2.12172061591494520E+01
  2.54611020839302520E-01  4.41014497514774370E+00  5.20617359631080400E+00
  6.82253548551889110E-01  2.56962172756165930E+01  2.46085077797734900E+01
  7.67665169660178040E-01  6.85570281702860030E+00  1.82187683257853870E+01
  3.95839252948554370E-01  2.28885395113592160E+01  5.56072729355339130E+00
  5.15379284759350490E-01  1.73019217527880470E+01  2.72599813076523780E+01
  5.09222041678605210E-01  1.08199355600573440E+01  2.96450353858668980E+01
  4.72038094207023740E-01  1.48969079883471430E+00  1.62761976014503700E+01
  6.64541222436485860E-01  2.41339395648793630E+01  2.78998967762550270E+01
  4.84167632717154460E-01  1.53709926033060960E+01  1.66642491235221080E+01
  5.39922025342825940E-01  2.68127045442519680E+01  6.60900253291685220E+00
  3.77759649416993960E-01  2.60046632454856730E+01  1.77517349748116190E+01
  5.06367095649294540E-01  1.35993547274751660E+01  8.81875565351887050E+00
  3.05466220251299840E-01  2.03809394293127360E+01  1.91752509688946910E+01
  7.55604472483241980E-01  1.71741493706020380E+01  1.38745936091289080E+01
  7.68548325332126940E-01  9.02749894715245380E+00  1.35731506603954290E+01
  3.09209541844886400E-01  2.13627080565031060E+01  1.35883277649247740E+01
  4.71553509741754610E-01  1.54425613657515280E+01  2.18787587532768310E+01
  3.65995101567518470E-01  1.43240566672669800E-01  2.31855586886721850E+01
  6.26517897412854200E-01  2.13422248428932180E+00  2.89685625575217780E+01
  3.55388479881239270E-01  2.67006365188932510E+01  3.81400354609421030E+00
  3.90423892796942250E-01  2.76850766784981670E+01  2.33414504099076690E+01
  4.92172780862642510E-01  8.21607305290140390E+00  1.12442129996316030E+01
  6.66683478841499700E-01  1.01853498422771590E+01  9.71781322925095200E+00
  6.94903868090152520E-01  1.31392773349984240E+01  2.88672343438745960E+01
  7.65642972591057180E-01  2.15775465212417860E+01  1.14268708880003200E+01
  3.52682444144397330E-01  1.77406269803195930E+01  2.19947713074151780E+01
  5.39466591144820300E-01  6.07514321117415970E+00  1.05144403396491540E+01
  4.26043897269923290E-01  1.59456918080636850E+01  2.95878517454595280E+01
  2.53364602799301860E-01  8.08830478089765670E+00  7.85395796724891680E-01
  3.83290088603488770E-01  2.65884220079949680E+01  2.64572696381840410E+01
  5.55920758830291820E-01  7.52172552073843280E+00  1.34343811134719720E-01
  4.13050329149462850E-01  5.30036133382866040E+00  2.28966774020608450E+01
  5.20369884994360540E-01  2.02066162883903570E+01  5.08064462743846160E-01
  6.99477888048091770E-01  4.28467366020479370E+00  2.72301595688315740E+01
  3.59079136884617700E-01  2.51514750868893740E+01  1.12081635566345950E+01
  3.01799748246536660E-01  2.72066041359275520E+01  2.22023509301466330E+00
  5.28731261397185740E-01  1.47698392482919000E+01  6.08513547714954670E+00
  6.80338287111455390E-01  2.70920507050062370E+01  2.04000504946284950E+01
  4.74033319401206570E-01  3.62305428853464660E+00  1.21396747589705290E+01
  3.53302408788900560E-01  2.42038340561684540E+01  1.53092948961404500E+01
  4.03052389307286420E-01  1.43402276891719520E+01  1.53547072696241870E+01
  3.33973424357718240E-01  1.01650393267108300E+00  1.95774348484736290E-01
  4.68162992243922280E-01  5.28077146255244580E-01  2.61724974378545030E+01
  4.72192289519205580E-01  2.53342507812650940E+01  2.93262170130407720E+01
  6.73658304681401180E-01  1.68080646226127470E+01  1.66478626560065730E+01
  4.61178090502161720E-01  1.08231127676018900E+01  1.55145384039564660E+01
  4.18189647978318300E-01  1.38600081866152070E+01  2.45992813812799580E+01
  5.15379284759350490E-01  4.07529031317134650E+00  2.40435182322325820E+01
  5.34553382826858140E-01  6.43181542168784050E+00  1.06983243392718920E-01
  3.70336582810533970E-01  2.42390185836711250E+01  2.61886925403522140E+01
  6.42747544188997020E-01  1.74676333314707010E+01  2.29510230237165520E+01
  4.50600139601478670E-01  2.22347548761477610E+01  1.52926965952494190E+01
  3.55036581058269410E-01  9.65875674239383210E+00  2.11889459712375300E+01
  3.54092873053847420E-01  7.54647235956503870E+00  2.09932542772167530E+01
  5.13614394364816020E-01  6.82872195202712540E+00  2.31440057551628090E+01
  3.65995101567518470E-01  2.54042094268921770E+01  1.73138053296105420E+01
  5.25383403930900440E-01  1.75994824404309080E+01  2.41101364403228120E+01
  3.83598938984435380E-01  2.26858804931933240E+01  1.73354534294425800E+01
  4.86073626967704090E-01  1.69046431315010430E+01  2.19734974503358740E+01
  5.96963967672292380E-01  7.93056583530515450E+00  2.43372180071610420E+01
  4.66553963192992600E-01  5.82405690014896480E+00  1.14883182782244190E+01
  4.15252526658189590E-01  2.90913844419214520E+01  2.29117150284571130E+01
  6.36786611163594070E-01  6.24132473675377320E+00  2.12084815440614990E+01
  6.06760633376156730E-01  1.35878820181954700E+01  5.89965706836214030E+00
  5.25895496843049500E-01  1.86934703808127910E+01  1.97543793790907180E+01
  5.05409982910693060E-01  1.95415499745735100E+01  2.94125850260704880E+01
  5.18912146576496980E-01  3.65908781548573490E+00  5.02466206201374900E+00
  5.81677556670477180E-01  2.19995886616088090E+00  2.68842894865329390E+01
  2.50625569857546320E-01  7.03530001954990600E+00  7.69281715814673640E+00
  6.67521681419926690E-01  2.52829269823160630E+01  1.93161474550028980E+01
  6.52034765531911640E-01  8.84658010446269750E-01  6.64755436130222320E+00
  3.81419328643079860E-01  6.74270613107804980E+00  5.90474706432448750E+00
  3.18942867500738640E-01  7.60253370168469810E+00  1.17739097887494180E+01
  6.63973334543257470E-01  2.34592495969718940E+01  2.40238502306469360E+01
  4.05793634226126800E-01  2.43556826210894180E+01  5.39503075822112610E+00
  2.88617724104866640E-01  1.12826339027901130E+01  2.52372425594277350E+01
  3.17587838135982990E-01  4.15450330346665900E+00  1.61071894791684540E+01
  6.94010688862415210E-01  2.56404461164435450E+01  1.40844615632538070E+01
  3.25036994184950640E-01  1.96048851898703020E+01  6.99930980227139620E+00
  4.41940562555082740E-01  1.33897155731980890E+01  9.74341698589848630E+00
  3.05466220251299840E-01  7.46409649281425920E+00  9.93056872734569040E-01
  7.22984261441823330E-01  1.61595563291196630E+01  4.83263199596962330E+00
  4.60682082706054620E-01  2.07044839953031110E+01  1.35316764486857520E+00
  4.22201084465533680E-01  1.17411208215165970E+00  2.69183558469001590E+01
  6.24824560398126750E-01  2.17523480156907390E+01  1.07406977987704580E+00
  3.63079661055833470E-01  6.03247918035379800E+00  1.74454171975003870E+01
  3.25516939164680520E-01  2.22916982374846950E+01  8.00587692371362180E+00
  4.87886881528419990E-01  1.17150093065602000E+01  7.04331513907414750E+00
  4.34172467284937990E-01  1.51055998569843160E+01  2.33880913442317650E+00
  7.04082361725448710E-01  2.55865803708492620E+01  3.61146743097322620E+00
  4.40295189098215370E-01  8.49311430956267980E+00  1.95618635123036990E+01
  4.54567147313974470E-01  1.09664231714997820E+01  8.65474785362063410E+00
  4.89717368181109780E-01  1.19587054243401920E+01  2.89415086254325330E+01
  4.82771447840326400E-01  5.60723397645201960E+00  1.81748857254819710E+01
  3.54092873053847420E-01  2.02858067416108230E+00  1.12222540390058900E+01
  7.67457697882333090E-01  1.93775151622501610E+00  2.19838489149715210E+01
  4.43129600128677660E-01  1.88330708127253890E+01  2.27533720348305750E+00
  5.61514797181737530E-01  2.86857585960875950E+01  8.16249008147966750E+00
  5.82207618145930890E-01  2.68349944542476320E+00  2.58264240909378980E+01
  5.94092381958372510E-01  1.92422639463361660E+01  1.32436347325081790E+01
  5.64318884198494160E-01  1.78789850563266310E+01  8.21142078925134730E+00
  6.16837537735261420E-01  2.00342698377016330E+01  9.59701335847115190E+00
  4.20581746236023420E-01  2.83213973995077740E+01  1.05565451217308880E+01
  3.16022212934137680E-01  1.88011474030526350E+01  1.20040854363911700E+01
  4.59502380082057990E-01  2.94816222997433550E+00  3.36097084436972040E+00
  7.48336469443998900E-01  1.15284083949570310E+01  2.01230409185776650E+01
  6.90159994875631000E-01  1.15108409436429860E+01  4.23061270789575690E+00
  4.68364091588631840E-01  1.84393648932456070E+01  2.07149825635668390E+01
  4.05593309893122810E-01  1.22432302814615340E+01  1.24653011407340590E+01
  5.55687039951364880E-01  1.89331416673516820E+00  1.93308367129307720E+01
  2.83840017940612550E-01  8.83355271990308030E+00  8.38041356127961200E+00
  5.98280766214214580E-01  4.62699553034425740E+00  2.21428618627080450E+01
  5.84913004272127690E-01  2.34543512139351580E+01  1.86990481553395470E+00
  2.83840017940612550E-01  2.72414918632862390E+01  4.23870981752294810E+00
  2.83517655556827110E-01  2.57503910178414720E+00  2.28195604426369560E+01
  5.27599340399055180E-01  2.62646692077588250E+01  1.90325493347490490E-01
  6.24824560398126750E-01  2.81575064920343510E+01  1.46623568605666910E+01
  4.84167632717154460E-01  2.36432460433217240E+01  3.74104640216666740E+00
  5.66562802601083430E-01  2.73960378378511180E+01  2.81546294259348710E+01
  5.81213412342838430E-01  1.12584984625651780E+01  1.03530256009538450E+01
  5.13285974501586400E-01  1.91224471003611210E+01  6.31412308680611730E+00
  5.29625185962053640E-01  8.51430452673584350E+00  6.97809989696948650E+00
  3.30104909316010620E-01  8.63014350118978160E+00  2.37293999514017460E+01
  5.48174971142568520E-01  7.86013005941885990E+00  1.29656033622204100E+01
  4.72192289519205580E-01  1.15172615976674650E+01  1.73259226207581670E+01
  4.53126113496558960E-01  2.59927835356949690E+01  2.70432664381174560E+01
  5.25993347610763350E-01  1.09708875247561720E+01  1.36985694762988730E+01
  4.75338540515479570E-01  2.49278431688313160E+01  1.22358233906681080E+01
  4.30858982518450690E-01  7.05479081111976920E+00  1.63264015265040500E+01
  7.09741570678139940E-01  1.14839593608364630E+01  9.73948201555299240E-01
  5.05409982910693060E-01  8.02906512571226290E+00  1.02648595050632350E+01
  5.20369884994360540E-01  2.22487899988726280E+01  2.64333751731387670E+01
  2.73281005279713530E-01  2.48617754223966580E+01  1.76513145846060230E+01
  3.09574052588245370E-01  2.79644872645206450E+01  1.72795247116807570E+01
  3.18095930761502070E-01  2.52611614814823640E+00  1.99329872248016110E+01
  4.46537248270915300E-01  2.83566583702896400E+00  1.46115320687837580E+01
  6.38830345620663920E-01  1.23629657945176380E+01  6.12236690288266060E+00
  6.68397269451762100E-01  1.61602271718376190E+01  2.28539630306760450E+01
  5.32488384254616510E-01  1.76412853751830920E+01  1.98623077631775900E+01
  3.17579752081870750E-01  2.48087823101951980E+01  2.10506374910887430E+01
  5.16710955738981780E-01  1.35396057373468840E+01  1.88984311253469880E+01
  4.49545157175862540E-01  2.04132890379169290E+01  2.21714266109965940E+00
  3.20574425314766210E-01  8.34496391134566910E+00  1.74121577106258660E+01
  4.12246671516209600E-01  1.51390260233891530E+01  1.48901860921666660E+00
  4.94550785807675550E-01  1.37876552175878150E+01  4.27464971279875620E+00
  3.59079136884617700E-01  1.59702473712787500E+01  1.72569036013257280E+01
  6.10572080928614460E-01  1.58063420139484660E+01  2.41270697251577180E+01
  4.75338540515479570E-01  8.57749834303596790E+00  5.97554934361028510E+00
  5.09574347305064630E-01  1.45103667934998860E+01  1.38924227447906750E+01
  4.18189647978318300E-01  2.59126261473320840E+01  1.06769516203746400E+00
  3.76753951196820710E-01  6.26405691080755830E+00  6.66491914709464690E+00
  3.84533934306195220E-01  6.84381195758087200E+00  9.99978368857099120E+00
  6.60767019732147710E-01  8.87156269430341740E+00  1.29984784297558130E+00
  5.64318884198494160E-01  1.20202667654945830E+01  1.34080398120067630E+01
  4.69750256464274060E-01  1.93968273500324560E+01  2.05011076917033070E+01
  6.88340418185590860E-01  9.13066522836922270E+00  2.80487694265495870E+01
  5.93150731645016190E-01  3.26239870513103590E+00  1.62810000012059500E+01
  7.17499092254363010E-01  2.91926003719461240E+01  1.97461367534023640E+01
  3.79322922295397280E-01  1.96284593543302210E+01  2.48230694111199310E+00
  3.20574425314766210E-01  2.88429043497688370E+01  4.19005807774369820E+00
  7.17953871372127320E-01  3.02937460610209050E+00  2.78876233272737010E+01
  3.42409596243210680E-01  4.11489501801424940E+00  2.48999383443655660E+01
  4.43129600128677660E-01  1.39302763999935820E+01  2.17870134120472340E+01
  3.78068289465320630E-01  2.78733092475712190E+00  1.54342401829441440E+01
  4.75338540515479570E-01  2.00570499058627550E+01  1.59814479688828700E+01
  7.38532964590205680E-01  2.76147922165488500E+01  8.89874291147020460E+00
  5.07606992315717240E-01  1.90932702381000040E+01  3.18917633787969200E+00
  2.86134314477376340E-01  2.82481318575506750E+01  9.85385150370973580E+00
  5.07437626189109900E-01  6.23910166599607940E+00  5.02260692668820140E+00
  6.15073771326759470E-01  2.08346681451488040E+01  1.83748619022795760E+01
  3.30104909316010620E-01  2.54414528410765860E+01  4.27994239035871970E-01
  6.66683478841499700E-01  2.85978728866151070E+01  2.38735773659217150E+01
  7.49545055295440930E-01  2.40900409105129820E+01  9.09076074469534670E+00
  2.54824432159977790E-01  2.94370354804054660E+01  1.52095766934617500E+01
  5.72142532162989690E-01  4.13262958871588460E+00  1.42480392641728100E+01
  2.77147605524350650E-01  2.73894381932334740E+01  4.77944614548740270E+00
  4.68364091588631840E-01  3.23569565601466280E+00  2.67196415933368630E+01
  4.82771447840326400E-01  1.14521593095810160E+00  4.45437218563477890E+00
  2.50971712925384870E-01  7.40635493858978840E+00  1.23082335796931590E+01
  5.38024295323284910E-01  2.44775632842847240E+01  2.46618252487022320E+01
  4.13050329149462850E-01  2.53834536197480350E+01  1.82404615736437210E+01
  4.86590143357422540E-01  1.47447879610455170E+01  2.38498190413504220E+01
  3.16148313226467530E-01  7.23100315203366510E+00  4.17109593766640430E+00
  3.81419328643079860E-01  1.18785772006827820E+01  1.17701716051052490E+01
  6.52911031193170470E-01  1.31658150363107090E+01  2.75198253499432680E+01
  4.49150663742554990E-01  2.79701204558695940E+01  1.80410688449456590E+01
  4.73113776075054650E-01  2.94850032738856240E+01  2.55866463144056980E+01
  3.65995101567518470E-01  1.64929834790648680E+01  2.89636218456759170E+01
  3.46028387031474870E-01  1.42548789175219590E+01  1.82836177358175430E+01
  4.23675716525973380E-01  2.35518921753979560E+01  1.33377106299731720E+01
  2.47261092463374420E-01  2.69083455959069120E+01  1.92512721700541470E+01
  2.63339374245984010E-01  1.46504322496617420E+01  1.68750992761537550E+01
  2.59062449636064510E-01  2.37807854764319230E+01  1.14451036290186500E+01
  5.77180454669814490E-01  1.50323082291871530E+01  2.77437064937407460E+01
  4.06599624824484800E-01  2.44441450383316230E+01  1.14986472190587500E+01
  4.65278877330243820E-01  4.09726383319651790E+00  2.30638085695651220E+01
  3.07263188066738420E-01  1.50394857473443990E+00  2.82323262261042360E+00
  3.88697647565240350E-01  2.48697807493791210E+01  1.67814097200343110E+01
  6.62122603690132470E-01  1.97625866866639160E+01  5.32917945465822470E+00
  3.79322922295397280E-01  1.97336088515958950E+00  4.69227312545703960E+00
  3.53063097104977870E-01  9.37962128534174870E+00  2.70389188391739270E+01
  6.88885956497308970E-01  6.22364592495363310E-02  2.72297792842194930E+01
  5.33066537704075310E-01  2.94798967148478570E+01  3.35551414548414590E+00
  3.42074681651230290E-01  1.68987775524873380E+00  1.36598345867582790E-01
  4.24351701398837560E-01  5.83694047969439110E+00  2.35389955353880180E+01
  2.92456502136063850E-01  1.53360150518646600E+01  2.33448115508098970E+01
  5.90639534364661320E-01  1.82267383117839030E+00  2.49759537683961170E+01
  4.09705559579089850E-01  1.11184117761792950E+01  1.14067795362691180E+01
  3.59079136884617700E-01  1.90001222807595270E+01  1.89246562868937180E+01
  5.27599340399055180E-01  1.43905520262351170E+01  5.09942529634953260E+00
  5.38382256471750510E-01  2.21203560271970650E+01  1.32085796486654420E+01
  5.96963967672292380E-01  1.06378090121001990E+01  2.58436168732834690E+01
  2.96503602823160150E-01  1.94938455656009210E+00  8.20991292820383830E+00
  3.64593218166308700E-01  1.76465461418393730E+01  1.87154563303999400E+00
  4.18947112612636110E-01  1.82740003235712220E+01  1.78527601872954660E+01
  5.40946473112310590E-01  2.66211325943094610E+01  2.92120150574129060E+00
  3.35017483125717060E-01  1.40678055432533020E+01  2.93131886546484670E+01
  4.75626642073745920E-01  7.98552021097759380E+00  2.78495167668875610E+01
  3.04461637453634990E-01  1.88300983518813150E+01  1.13752575626852170E+01
  4.36315933331792570E-01  2.70971767665970160E+01  1.24156331200042270E+01
  6.77666041374141330E-01  9.22960998562020410E+00  1.06619850990512010E+01
  5.67035311113654220E-01  1.28840922655994850E+01  2.51194822846264950E+00
  3.38650161839631010E-01  3.22623378189393110E+00  2.39608010688234250E+01
  6.94010183176834960E-01  1.71392068585988040E+01  1.53226864316332300E+01
  7.10410487391814980E-01  2.11517975148018600E+01  2.12637771836482050E+01
  4.54567147313974470E-01  2.64219163639465440E+01  8.88654303116306820E+00
  2.52169786807371790E-01  2.76863367430245400E+01  2.39822819645459580E+01
  3.01799748246536660E-01  6.23474660815153390E+00  2.01861381299770950E+01
  4.27719079604653450E-01  2.80631267212433290E+01  2.68692776398382000E+00
  3.87762191716535260E-01  2.91729547505648590E+01  1.58628949851669350E+01
  5.72951670348821020E-01  2.24552749897762190E+00  7.22002722906425110E+00
  5.09222041678605210E-01  6.62018448225667110E+00  1.94726133274461970E+01
  5.25993347610763350E-01  3.05493236376934480E+00  1.73455451318780510E+00
  3.12648490279368120E-01  6.55146185449725320E+00  2.68346479981706310E+01
  3.32399546609116130E-01  5.21439519885934910E+00  1.20041940671098540E+01
  4.43807889241729470E-01  5.66744486521897260E+00  2.21225156112553200E+01
  3.44170209092795430E-01  2.70328818528030330E+01  2.58820908692110870E+01
  2.54824432159977790E-01  4.36067204889500640E+00  4.69989352715397500E+00
  4.21963532045373490E-01  2.13792777622964000E+01  1.54613127100854570E+01
  4.11696508529454960E-01  1.67556544890494590E+01  2.45168933853945070E+01
  4.11346310528290360E-01  2.40056829712064080E+01  1.60474476741387840E+01
  6.16837537735261420E-01  2.85198933970036460E+01  2.95847133930721710E+01
  4.83570943621045310E-01  2.57197522483992320E+01  1.65253800690023130E+01
  4.32382463464541460E-01  2.45253915894695350E+01  2.89237703279704590E+01
  5.92513140571182980E-01  3.71041911071222910E+00  2.63852014497292810E+00
  3.55036581058269410E-01  1.32959040572077480E+00  8.60282306243659530E+00
  4.74581552528920360E-01  1.63960952903161750E+01  6.94695248630012150E+00
  3.44905765886116280E-01  1.47586705332435320E+01  2.86284173772597650E+01
  5.96963967672292380E-01  2.14021145672377350E+01  3.93473032849823760E+00
  2.68569610726517900E-01  9.94028270634419720E+00  2.52557959123310990E+01
  5.80290806494985740E-01  2.63360540674395590E+01  1.86495717405155790E+01
  6.25336422111717830E-01  2.20627403639945320E+01  4.96174456025439260E+00
  6.17452885167652710E-01  1.91245534110218800E+00  3.65198283781626690E+00
  3.29506256422424390E-01  2.75347488716429250E+01  2.26382819802912610E+01
  2.58355477869490890E-01  2.12611873316919610E+01  1.80752629903632480E+00
  4.69641390777102340E-01  2.18065128955369330E+01  2.55493131061999180E+01
  3.49095179616795370E-01  6.23122433316911820E+00  1.57961621436849400E+00
  3.27988333844876360E-01  1.71511070370192620E+01  2.87436752534493680E+01
  3.86383264228710210E-01  2.76990965478698180E+01  1.57916591678581460E+01
  4.75543307221801650E-01  1.95513767002077290E+01  2.43922364096261680E+01
  5.07815655211632320E-01  7.64752489669963340E+00  5.65781690544670910E+00
  6.08088426536500660E-01  1.84354174117234630E+01  1.30320279855198070E+00
  3.93024383017402490E-01  6.33134234899911160E+00  2.41889139583246330E+01
  7.48336469443998900E-01  2.60965400548539210E+01  1.17816099711501550E+01
  3.13454063710418570E-01  1.82750968437818850E+01  3.24521113838275710E+00
  4.43133439323318520E-01  1.06740941442082170E+01  1.76810865959639790E+01
  3.62493203924014780E-01  2.96869725035928130E+01  1.13827009274541450E+01
  5.72881440675418570E-01  2.84278102960188230E+01  2.08104146478040870E+01
  3.71299762957800540E-01  2.69664465137786350E+01  2.73183483136536540E+01
  5.13143010843963320E-01  1.29190664274639390E+00  7.73741912925169470E+00
  3.87533216804236250E-01  1.27990980719300980E+01  1.59924794996479970E+01
  3.90540239164096370E-01  2.16459084280556020E+01  1.46939055603681580E+01
  4.11696508529454960E-01  5.38342750796691320E+00  2.90544300872736340E+00
  4.19670751191123690E-01  1.47218721152419980E+01  1.11336765115286460E+01
  5.39922025342825940E-01  2.65756200292005000E+01  1.32395791827324040E+01
  3.73125396709624990E-01  6.54744786928668890E+00  9.30195975840356940E+00
  5.72628172168292430E-01  2.85532854393285580E+01  2.51119098139583630E+01
  5.63660960642019760E-01  2.87638281674535040E+01  1.14355493182135780E+01
  7.54397230300637300E-01  1.87776075551116470E+01  2.34364610899370440E+01
  4.07877171249442140E-01  1.90434438617633040E+01  2.64069493834347500E+01
  4.61178090502161720E-01  2.44933721394365950E+01  1.96973862661811300E+00
  3.50974061745161330E-01  2.63256461111540080E+01  1.70985624163434410E+01
  4.22541054278063120E-01  1.08129877542633640E+01  1.46323893988231930E+01
  3.25036994184950640E-01  1.96448020052269850E+01  1.70734117531036880E+01
  4.96042965314236020E-01  1.81743191155565250E+01  1.47374734967011670E+01
  3.04461637453634990E-01  2.40315311560146760E+01  4.76373139199825420E+00
  4.21290506291976640E-01  2.31448349554421530E+01  2.83471807540800250E+01
  4.26578460793149810E-01  6.15369057017416580E+00  2.57810218849852600E+00
  3.91816801400439550E-01  3.19636596073366610E+00  7.87299335897825350E+00
  5.32262962461145860E-01  1.69441672169230660E+01  1.89029335998126700E+01
  6.07718241283317260E-01  2.10261423176040230E+01  8.69125026649493290E+00
  5.13425754976809310E-01  6.73496680695624490E+00  1.42886429555977350E+01
  5.46829204411607870E-01  2.62942074452452840E+01  2.79954023312423920E+01
  2.99038091422116640E-01  7.20565725176236870E+00  4.78539383696994140E+00
  3.65374026971610010E-01  2.51452687215795230E+01  9.44811807603644740E+00
  3.46733456860136300E-01  2.77206752069730660E+01  2.58259450538619010E+01
  5.01833768532536340E-01  1.77277855483782290E+01  9.74686177052007000E+00
  2.88617724104866640E-01  1.54005141616378560E+01  4.14827428016923430E+00
  3.13454063710418570E-01  2.18187801232671750E+01  1.40116642789910400E+01
  4.43756654693070110E-01  2.73582288321717190E+01  1.86896996745285660E+01
  5.20369884994360540E-01  1.15814075380313200E+01  2.37998186149052490E+01
  7.41720708060832300E-01  2.70416706576504670E+00  5.18357538291429170E-01
  2.99038091422116640E-01  6.89237749182690430E+00  8.00886760406440960E-01
  3.93024383017402490E-01  1.74871148830675550E+01  1.80487229637729490E+01
  2.53364602799301860E-01  2.72201666465068540E+01  2.37867475692833100E+01
  5.48463672908306780E-01  2.49429117684855440E+01  1.58473603831332110E+01
  5.63660960642019760E-01  2.32991874471282710E+00  2.54735538111862110E+00
  4.99487474973056500E-01  6.67589760848624540E-01  1.67909183821446890E+01
  5.32488384254616510E-01  1.20152138503830240E+01  2.70727592548486560E+01
  3.62493203924014780E-01  9.47044902830951510E+00  9.71855664468783690E-02
  3.90540239164096370E-01  2.63597454524268360E+01  1.96193257539998350E+01
  6.25248164210708260E-01  2.38311532422669000E+01  1.23275718138257520E+01
  3.93024383017402490E-01  4.87585372921145050E+00  1.35998839912172130E+01
  2.83517655556827110E-01  7.92082449686493280E+00  2.62461401030393730E+01
  5.16562546778196820E-01  8.59359166593576700E+00  1.56591372880118480E-01
  5.96777348356598920E-01  1.41770480333370430E+01  1.19962809693911990E+01
  3.35017483125717060E-01  1.04083241305157920E+01  1.06940713425170700E+01
  5.69344335137112000E-01  2.33010239245315520E+01  2.61574868886199670E+01
  5.55509338843663690E-01  1.28388916385492740E+01  2.63571119873446560E+01
  4.09775903561979240E-01  2.30404856535878440E+01  9.58248833298798890E+00
  3.20574425314766210E-01  8.05358652085593190E+00  2.34282524217035150E+01
  5.39466591144820300E-01  1.48230769635322660E+01  2.02239118087544330E+01
  5.18725390566230620E-01  2.45174876447683800E+01  1.94656174494095780E-01
  3.62493203924014780E-01  1.44318623987405910E-01  2.82808897317173700E+01
  4.23675716525973380E-01  2.47432900515386150E+01  1.47505782016974490E+01
  4.13050329149462850E-01  1.51748007764597580E-01  9.10392934843125620E+00
  3.01731430220296380E-01  2.59432243653125100E+01  2.62302896815819900E+01
  3.48156346672602490E-01  2.84086188749268020E+01  1.56007527240710770E+01
  6.83531487369900860E-01  2.96575603268641430E+01  2.10667383645859870E+01
  3.27197753470684690E-01  1.14771819857671990E+01  1.81239084450014440E+01
  3.50974061745161330E-01  2.57135571035233210E+01  2.35757694482579010E+01
  5.77649046292645880E-01  9.31436660511164760E-01  2.89816757695496750E+01
  5.13614394364816020E-01  1.99363241003087130E+01  2.70064572840164630E+01
  7.17953871372127320E-01  1.50190357747082000E-01  1.84673222011946690E+01
  3.01731430220296380E-01  2.52546525814655530E+00  8.04861776017455990E+00
