1
  1002  2.96924426640336700E+01  2.96924426640336700E+01  1.00000000000000000E+00
        0.00000000000000000E+00  0.00000000000000000E+00  0.00000000000000000E+00
  4.91872428060923640E-01  1.70076182879302530E+01  2.03150503039402110E+01
  5.52490392167627680E-01  8.14005285589466790E+00  2.81048970050470930E+01
  5.39466591144820300E-01  1.69013810220218480E+01  2.56066028248149170E+01
  5.65219172841477580E-01  6.00387552803979490E+00  2.52573232656383340E+01
  3.53776024442120150E-01  1.23024484654234810E+01  2.52893589709898630E+01
  5.54611473665029210E-01  2.50929110548913560E+01  1.17313198410656780E+01
  4.81368497469048420E-01  1.90219153674036470E+01  5.07068547566858110E+00
  2.84672167568555990E-01  1.15257701813086690E+01  1.07163919357895030E+01
  3.06898385793053400E-01  9.69943698489067780E+00  2.69714389797237220E+01
  4.49954956992444630E-01  1.04523926560168380E+00  1.50503861393261980E+01
  5.88686278844574580E-01  2.61593984648958260E+01  3.55385627403430600E+00
  4.36315933331792570E-01  1.32079593201967690E+01  2.42361991960793470E+01
  5.46155746035104350E-01  2.91443070040777460E+01  5.14503369677951920E-01
  4.11346310528290360E-01  9.45291561509247380E+00  5.68749173103860260E+00
  7.44650008855257360E-01  1.90272357189384280E+01  3.84583988472257910E+00
  4.68162992243922280E-01  1.33243352217016580E+00  6.85399483801885620E+00
  7.11073931023246340E-01  2.92677250242891060E+01  1.90128569962067610E+01
  3.02034441597155470E-01  2.66669549591182220E+01  4.96387024693737540E+00
  5.12509616084684260E-01  1.34356433343330080E+01  4.59101686282076480E+00
  3.40422717275118370E-01  4.21409148459689750E+00  1.42242743751662140E+01
  6.65634982039605120E-01  3.83834638954419290E-01  1.28768586015089180E+00
  3.75295693565172690E-01  1.61230605846080590E+01  1.37928201909682910E+01
  4.75626642073745920E-01  1.72494698412006710E+01  2.84637126599916140E+01
  4.72038094207023740E-01  2.86570357925722410E+01  3.47880448762873900E+00
  4.29902962432020440E-01  4.88347080416633170E+00  1.50106572392938850E+00
  5.68910711623079470E-01  6.91427560640726210E+00  2.35914469120565400E+01
  3.07263188066738420E-01  1.97775674428106840E-01  2.60507182700985210E+01
  6.10911033360540580E-01  2.44656268753283900E+01  9.85805963376505550E+00
  3.43353541919950760E-01  3.44264859138032400E+00  1.92067180228199990E+01
  3.15231116497538320E-01  2.51482134998572420E+01  1.66053887976985200E+01
  3.78068289465320630E-01  2.07506490129049330E+01  3.97611875128223870E+00
  2.54824432159977790E-01  8.74623614473203580E+00  2.62291714577902510E+01
  5.44558358435121190E-01  2.84701724981942230E+01  1.80311194238432930E+01
  3.56000803327192820E-01  2.92542354633872640E+01  1.63563981902985240E+01
  3.13454063710418570E-01  1.07934197724961470E+01  2.30198571819450420E+01
  6.12591031919131530E-01  5.91891391847818140E-01  1.80756686594322670E+01
  6.47236078597052340E-01  2.86643171974344180E+01  1.20922622832038980E+01
  2.65726189967390210E-01  4.38190356053664500E+00  1.70804112058462070E+01
  2.96653470797716330E-01  2.00047092228208360E+01  2.65871787533696380E+01
  3.45648959319623030E-01  2.84940850920720340E+01  1.30698720660706030E+01
  3.13454063710418570E-01  2.32230773654723420E+00  1.83681776517430960E+01
  3.39073066583844400E-01  2.38279218274722830E-01  2.66952937873490230E+01
  2.96256570285591500E-01  1.64399093064944210E+01  2.63212174834911220E+01
  4.19081387041561550E-01  1.93281826771268360E+01  9.49623320289908260E+00
  7.08391389715138510E-01  1.67500024850594540E+01  2.14859292442810310E+01
  7.16035261746952050E-01  2.24372466759970310E+01  1.54989616490624890E+01
  4.43133439323318520E-01  2.07090329318256180E+01  1.96979978830549420E+01
  2.73281005279713530E-01  2.63063561848572860E+01  1.36844899640760080E+01
  3.35017483125717060E-01  2.45617402023854760E+01  2.73600289257622080E+01
  5.09222041678605210E-01  8.27658280782913640E+00  2.44963068150692040E+01
  4.27719079604653450E-01  1.80576966283021460E+01  8.34634647398394770E+00
  5.81299825206354370E-01  2.42081601118311840E+01  1.10211075620431740E+01
  5.46155746035104350E-01  4.53140749625507500E-01  7.94274590974569780E-02
  3.05466220251299840E-01  2.03364100824825050E+01  2.87554747614153110E+01
  3.11838068626578210E-01  1.09444299221592090E+01  1.86683562541861580E+01
  6.27423008989955560E-01  1.49988728889556700E+01  1.64568620966427130E+01
  7.12424816007452400E-01  1.04703630357606630E+01  1.57531220838317130E+01
  4.41140732643827070E-01  2.09304188269111720E+01  1.15633426563733030E+01
  3.80273533482480450E-01  2.88428900286615610E+01  2.11071838697906740E+01
  3.29796701345061780E-01  1.34892872036006790E+01  2.11734526212256920E+01
  4.15252526658189590E-01  7.64994461310185250E+00  9.74999282413422640E+00
  2.59062449636064510E-01  7.47093221470333280E+00  2.23901658548217240E+01
  6.18419083689772810E-01  4.68470998301302630E-01  1.00059657200832250E+01
  5.04213456464067280E-01  1.43006206825190730E+01  2.13652639804619930E+01
  3.48156346672602490E-01  4.76653809423184600E+00  8.07722898820492930E+00
  2.89042915761794110E-01  9.61475575885408420E+00  6.47147648981983360E+00
  3.05466220251299840E-01  2.31350969323784340E+00  2.62629714395545870E+01
  6.49919166153384610E-01  1.82911353425178760E+01  1.09228989237792720E+01
  6.14379095469630790E-01  6.33668313557276800E+00  2.05385532526628050E+01
  7.00411917450214720E-01  2.55676530093400030E+01  1.05674882439471990E+01
  5.69344335137112000E-01  1.91093702079701730E+01  2.77248426924903630E+01
  2.57564851167384970E-01  8.98929288748569990E+00  2.42182267356841730E+01
  4.13050329149462850E-01  1.16232647348630990E+01  1.53941852534196040E+01
  6.18419083689772810E-01  8.34741244821404040E+00  2.23709440928612860E+01
  4.26523982883737140E-01  2.25034412822516040E+01  2.06919379735231420E+01
  3.78209123272245940E-01  2.62158273924459420E+01  1.44573239357701570E+01
  2.63055759251188670E-01  9.29975712569124720E+00  1.87975272354011910E+01
  5.00274833943758600E-01  1.43886325576063410E+01  1.42883930226711420E+01
  6.01687927537542500E-01  2.75064625312900860E+00  2.33982647528721160E+01
  4.86073626967704090E-01  2.04767591771437820E+00  1.20147461405080410E+01
  7.62474117278193650E-01  2.90791595364788660E+00  2.83939408622791550E+01
  4.87886881528419990E-01  1.48356002912612990E+01  2.61637472404275150E+01
  2.99038091422116640E-01  8.08439103961011440E-01  2.69818249356697280E+01
  3.50974061745161330E-01  2.68158998044167300E+01  1.40450305944187740E+01
  6.10572080928614460E-01  2.19547864971083970E+01  1.32388998911551530E+01
  3.01731430220296380E-01  1.13978811823103800E+01  1.41720510483284340E+01
  2.59062449636064510E-01  2.78642620307065880E+01  1.66972034300031780E+01
  6.99477888048091770E-01  1.90310784464852960E+01  2.19035332543341070E+01
  4.41666133880560000E-01  2.30108672813170830E+01  2.42904499874907030E+01
  6.86210935380316480E-01  9.82785521010043970E+00  2.25199823346960940E+00
  5.27425300578987690E-01  1.37216515349674550E+01  1.50698040474853020E+01
  7.54505484792745040E-01  2.13818554906003690E+01  1.44775642298114210E+01
  4.11696508529454960E-01  1.57152681353848230E+01  2.79260101044389980E+01
  6.26517897412854200E-01  1.31897028012457080E+01  5.70214770615329500E+00
  5.72142532162989690E-01  2.51443101949044280E+01  5.63377514801303910E+00
  3.47451934045076260E-01  1.10042501960512700E+01  2.65149226922101780E+01
  2.57564851167384970E-01  6.79034824285401230E+00  1.97937816041240000E+01
  5.33859136323620030E-01  1.63252592819893070E+01  4.94531163971887900E+00
  2.69169509893181310E-01  2.29083531890631920E+01  2.21792271453524310E+01
  4.24351701398837560E-01  4.21733162492305350E+00  1.77505192232004310E+01
  3.11762329988951370E-01  2.15306845212007620E+01  9.62341349709038420E+00
  3.50974061745161330E-01  2.14337156832284050E+00  3.86733765260889760E+00
  2.66929568161810020E-01  2.65525058299457760E+01  1.06065749528581610E+01
  7.20816873845379820E-01  1.32128084052484200E+00  1.10357903793850730E+01
  4.22201084465533680E-01  1.56597110937703050E+01  2.65470505970070220E+01
  3.09209541844886400E-01  5.12375834467824020E+00  3.83153108292697520E+00
  2.62213147743524950E-01  2.61881586779997660E+01  4.40458955988455700E+00
  7.60411681679863700E-01  9.72802726993711890E+00  2.58526802903925020E+01
  6.67521681419926690E-01  2.18086181497544090E+01  1.98478812259864450E+01
  4.37954134865551840E-01  4.10327143970762530E+00  2.82952742637663200E+01
  7.16654247500547470E-01  1.61862626602929470E+01  1.27030108821702350E+01
  7.12424816007452400E-01  1.09830939717501490E+00  2.13075715983196970E+01
  3.61198882346046800E-01  2.40089476135552000E+01  2.28253824330741890E+01
  3.82245446386266610E-01  7.04467975092097290E+00  2.68985206447274440E+01
  3.58737518624021320E-01  5.09687368860963820E+00  5.36411629974951690E+00
  5.81547682683179710E-01  1.61593796424269560E+01  8.22681969248489150E+00
  4.21963532045373490E-01  7.22835458264081780E+00  9.02885044277301140E+00
  3.12648490279368120E-01  2.76402857089746450E+01  2.67761607226326140E+01
  3.25036994184950640E-01  2.33213596459158520E+01  1.95466509706960420E+01
  3.83290088603488770E-01  1.20053099980671600E+00  6.29692237133680080E-01
  2.93443024193560210E-01  5.22249859027168560E+00  1.15244295703261450E+01
  2.66929568161810020E-01  9.70374665135968330E-01  2.90619989430426170E+01
  2.99038091422116640E-01  1.23309165308944890E+01  9.46073965151456870E+00
  6.00040109246873770E-01  1.14227219229028360E+01  2.38068109744013300E+01
  7.14535578675763720E-01  6.49373569825003290E+00  2.78461830232772200E+01
  3.06898385793053400E-01  1.13700399467964100E+01  2.12477361198753660E+01
  3.45648959319623030E-01  2.61441089206315630E+01  1.74806681784320400E+01
  3.87046365911375680E-01  2.01183203043406350E+01  3.54556817451713520E+00
  6.56539952722306990E-01  2.82257033394815550E+01  2.75476516665806020E+01
  5.07436062422724900E-01  1.42302710522737690E+01  1.72911457393571020E+01
  7.39270392714900380E-01  9.27650428455729250E+00  1.39091083435522370E+01
  5.38024295323284910E-01  2.81093440721213920E+01  4.37641761039087920E+00
  7.33199636544987770E-01  6.88310127121179960E+00  1.60794175096763890E+01
  6.31923671661538840E-01  1.78234643212013070E+01  1.58178489215805680E+01
  5.72951670348821020E-01  1.22073889628763460E+01  1.38467274526894070E+01
  6.40456937776772590E-01  8.07926648961008450E+00  2.56279227101858320E+01
  4.77241894706072770E-01  5.11070814690616260E+00  8.82743562362923130E+00
  7.64764367446448820E-01  1.36414302463820030E+00  2.34509773148877730E+01
  7.16535845940979770E-01  8.66718136794680660E+00  1.46457377581672610E+00
  3.10705613459761840E-01  1.91893325253662680E+01  1.12630718927264300E+01
  3.89901968262705180E-01  2.31088588257567550E+01  8.63696079880655530E+00
  7.15011499502423580E-01  2.79481109480585200E+01  7.25824513010268650E+00
  7.60297905848187840E-01  1.61416261416474640E+01  1.73208215109703650E+01
  2.65726189967390210E-01  1.05988245429408070E+01  2.98251191102646460E+00
  4.53492046339069340E-01  2.28056038000221760E+01  4.83689804177505960E+00
  5.18725390566230620E-01  1.00837013152380250E+01  2.87315611465496800E+01
  4.24020504903543660E-01  2.04898399841856250E+01  2.29904843713215890E+01
  5.17634268500846420E-01  1.41455010985791190E+01  1.87451394249920860E+01
  4.54567147313974470E-01  2.31940231282716810E+01  2.28514992331071270E+01
  3.65965634987757580E-01  1.34634465251327030E+00  2.95872362136834890E+01
  2.96256570285591500E-01  7.91643085121322710E+00  1.23227645113273030E+01
  5.50543265074639000E-01  8.31005830067687510E+00  1.12230686196721980E+01
  4.46540105696671490E-01  1.21502815243683580E+01  1.01838617644645670E+01
  6.47236078597052340E-01  2.92707676172867330E+01  6.93634006089081810E+00
  4.82769235883485770E-01  1.61006243569187930E+01  1.15048536848840580E+01
  2.97529618718302210E-01  1.43048557300861000E+01  2.55870629790226400E+01
  4.13811620468168510E-01  1.41239016406877590E+00  3.64374850801307470E+00
  4.87785457169642190E-01  9.97986599000123850E+00  2.29345121032532550E+01
  3.41778742319800830E-01  1.29119164383042190E+01  2.49556419580881120E+01
  4.05793634226126800E-01  1.52222140947708230E+01  1.46427017137670410E+01
  7.14516279726398110E-01  1.14340206099295970E+01  7.02450083024956750E+00
  3.71799304162545760E-01  2.79915762563404160E+01  2.36798529184033450E+01
  5.77820253962530560E-01  1.38946644388641330E+01  2.33312266255026660E+01
  4.75626642073745920E-01  1.18440623629549720E+01  2.16560772642594170E+00
  5.46562010559427060E-01  1.61717535329653720E+01  1.47124980137404030E+01
  3.29506256422424390E-01  9.95319563334168220E+00  1.78453485677508820E+01
  2.62213147743524950E-01  2.47419042136351700E+01  2.53461864711984430E+01
  3.63105686475124490E-01  2.20385008135276760E+01  1.02244678665124060E+01
  7.08391389715138510E-01  1.26111940344273740E+01  2.32598265868914670E+01
  4.26578460793149810E-01  1.79973766251253410E+01  8.46098242501426160E-01
  6.08873319065221350E-01  1.61251070499982840E+01  9.41635476758649050E+00
  5.39466591144820300E-01  1.78146953841727760E+01  2.21355814037683490E+01
  4.66553963192992600E-01  1.79445673626480730E+01  2.39068516333870670E+01
  4.82771447840326400E-01  1.05161580960944350E+00  4.49491469373000020E+00
  5.13004586318856950E-01  4.90410371011161670E+00  1.37251984139307410E+01
  3.17084428049163950E-01  2.96205859594797260E+01  2.80315788433595260E+01
  3.50974061745161330E-01  1.13412903277574950E+01  2.05908403367689130E+01
  3.82382183723224410E-01  9.49238426571393570E+00  1.28089911728615040E+01
  3.77759649416993960E-01  1.72749897158647590E+00  1.68182943428768860E+01
  5.74203886104520670E-01  8.21956172663097990E+00  8.94122158052425140E+00
  4.11346310528290360E-01  1.10571486461055740E+01  1.47963572273899220E+01
  5.06367095649294540E-01  6.71637400941836040E+00  9.80225743198185210E+00
  6.01687927537542500E-01  2.23717953039056250E+01  1.21009639729821090E+01
  2.49794182180603610E-01  2.24554213440936830E+01  2.56354806894458030E+01
  6.11481049571092420E-01  8.70652767770247850E+00  7.86103930052831680E+00
  5.03927515451986880E-01  1.38629104496442910E+01  2.55481699308460500E+00
  6.35485889077753010E-01  1.93805332970524520E+01  6.86183453077993640E+00
  2.99038091422116640E-01  1.66355483864665320E+01  3.54284957514798830E+00
  4.22541054278063120E-01  1.81824692742533930E+01  1.46011458283906600E+01
  3.05466220251299840E-01  1.33374261927733290E+01  1.85954871881472210E+01
  2.62213147743524950E-01  1.44236673007268780E+01  1.04179531666018530E+01
  3.61769499680632390E-01  1.64227678384551050E+01  7.29600907737132780E+00
  2.47647088603063280E-01  1.47032569573069980E+01  2.31560578872526220E+01
  3.11155895623034430E-01  1.62769317592829630E+01  1.55633286581811150E+01
  2.66929568161810020E-01  2.15163004937710450E+01  1.19585324258599410E+01
  6.90395435464654740E-01  2.48817064229189950E+01  2.22355838379370850E+01
  2.96503602823160150E-01  2.52887814702020570E+01  2.35773716623100250E+01
  6.57722721512726150E-01  2.27207556455317100E+01  6.30130390573781620E+00
  7.24777883420223110E-01  2.21876680917823810E+01  2.34649640727302110E+01
  5.48279863025970290E-01  9.87264375443914230E+00  8.75373830908247190E+00
  6.40748513009616880E-01  1.92438406941597040E+01  1.62745918527491820E+01
  2.56092450391898300E-01  1.08813375011313870E+01  1.00460259437500610E+00
  7.17499092254363010E-01  2.02749537525396200E+01  2.12258191852386670E+01
  4.66141488621800890E-01  4.54137315954965710E+00  3.32020027009463400E+00
  6.33759023001558490E-01  2.83392203648099570E+01  2.50298947722222420E+01
  5.48279863025970290E-01  2.52511965097617480E+01  1.74621058034990500E+01
  4.19081387041561550E-01  3.91001986901909820E+00  3.93965745554566380E+00
  5.70902198024309190E-01  2.10748368990860940E+01  3.08657466556128490E+00
  3.17950877609215300E-01  2.60336029658541040E+01  5.65433234507007220E+00
  5.96963967672292380E-01  8.44826533528708090E+00  1.89006614565837340E+01
  6.18832453479690690E-01  5.22013927187094850E+00  2.10592994658715220E+01
  2.63339374245984010E-01  2.07268591354610220E+00  2.12651696665375380E+01
  3.55036581058269410E-01  3.64253984002325380E+00  2.30535433895930280E+01
  5.84913004272127690E-01  2.89004337382477170E+01  2.85886367789223710E+01
  5.77235448209733180E-01  9.84674401238530450E+00  1.01301644860592020E+01
  5.01105313190319460E-01  9.47518016229783910E+00  1.71535439160507970E+01
  3.83598938984435380E-01  4.19326052255912260E+00  7.98145086413854530E-01
  5.98360795606824340E-01  1.88534390645254960E+01  1.97429064021349950E+01
  3.41778742319800830E-01  1.02501350505425480E+00  2.84336129033566570E+01
  3.29796701345061780E-01  2.28009262713086010E+01  1.99435809660151760E+01
  3.84420431658369740E-01  1.59744022214204990E+01  1.61890846096527280E+01
  4.91872428060923640E-01  1.70968613303198250E+01  4.27037863930585630E+00
  2.93443024193560210E-01  1.53873947275268930E+01  1.20878416876076130E+01
  5.81299825206354370E-01  1.90474489589819140E+01  8.53708708507468120E+00
  5.68243553274813350E-01  7.45798896088996430E+00  5.69673480537278110E+00
  5.39001667068871980E-01  2.60015640999847900E+01  1.66088045518691950E+01
  7.01587183784351610E-01  1.73474138759076590E+01  1.18903094118019150E+01
  4.45239477383046460E-01  9.12558224163494640E+00  9.40636354703892690E+00
  5.39001667068871980E-01  1.26749597416261870E+01  1.80735034922661200E+01
  2.86134314477376340E-01  7.17559092138815660E+00  2.02134965531449600E+01
  7.70254277643880240E-01  1.87715250734353350E+01  1.22582614791821530E+01
  3.45648959319623030E-01  1.70283639267387840E+01  6.79606562900270910E+00
  3.39481361119070080E-01  1.22289760845889380E+01  2.05958180007758000E+01
  3.04461637453634990E-01  4.10694762756888650E+00  1.65809792500686260E+01
  5.20369884994360540E-01  9.89239938770215230E-01  1.36063329434532210E+01
  2.65726189967390210E-01  2.20258197513311150E+00  2.68232276136154080E+01
  6.26908127420837150E-01  1.49060154528123600E+01  2.72755879928218050E+01
  3.48480710258510130E-01  2.22645651742201490E+01  2.92477476769088400E+01
  2.96653470797716330E-01  5.75017809687272760E+00  5.39569415659392160E+00
  6.31923671661538840E-01  3.27515662867653610E+00  1.82279795730064120E+01
  4.09705559579089850E-01  5.70702911936988500E+00  2.86475190617195810E+01
  6.72499163702481620E-01  2.39503184895366240E+01  4.95182656877781290E+00
  2.84029264846615530E-01  1.39627271987124200E+01  1.24692720354252430E+01
  5.34631033075580400E-01  2.55384706344522240E+01  2.53510917332629400E+01
  6.17076625982510940E-01  1.94209800330547360E+01  2.88693684712784670E+01
  6.55074006360275090E-01  2.55434139305453170E+01  2.72512835102572100E+01
  5.46562010559427060E-01  6.72610993752480900E+00  1.89837672869002280E+01
  5.17626013175185660E-01  2.40674493572025090E+01  8.64184422898504860E+00
  5.82207618145930890E-01  2.84193518532841620E+01  6.05034278532068190E+00
  5.98268629341587580E-01  1.32293068428031350E+01  2.18061181696367790E-01
  5.34553382826858140E-01  6.65983676659256750E+00  1.61877952857173260E+00
  3.76753951196820710E-01  6.79784412562857020E+00  6.37184453856428060E+00
  7.52518120402026810E-01  1.69586492580658080E+01  1.04907556125408180E+01
  4.81368497469048420E-01  7.30956481929853390E+00  2.87199778397045160E+01
  6.47413426355271770E-01  5.13469956796412050E+00  1.25896188178258850E+01
  3.05466220251299840E-01  1.06909918388545810E+01  4.24965970875700270E+00
  4.46689977500956030E-01  1.22985197594688350E+01  1.59247739182556090E+01
  6.18566685513849460E-01  5.68156280803473020E+00  1.94965849465756560E+01
  5.36592099856838090E-01  2.83781130822002550E+00  1.39558821106554290E+01
  5.09574347305064630E-01  2.39769128307349710E+01  2.54463516648960280E+01
  4.92328788949218680E-01  2.52540942407394160E+01  1.46484597883854630E+01
  4.83351594707823830E-01  1.92208065713125760E+01  2.10557726469777370E+00
  4.40650972415989980E-01  2.80751263423616490E+01  1.11784424563665270E+01
  6.10911033360540580E-01  1.58264375897259730E+01  3.12904463051016670E+00
  4.34172467284937990E-01  2.29990668699817110E+01  1.74691413528160770E+01
  7.03188417218805210E-01  2.83921393221291960E+01  2.01228773217342970E+01
  2.92799561075502800E-01  2.92926766361689060E+01  5.99671210747534290E+00
  5.68243553274813350E-01  2.73056626428653930E+01  9.02474563731824910E+00
  4.60682082706054620E-01  1.25503678563034470E+01  6.58127605083037890E+00
  6.41715074739605920E-01  1.83513911473863870E+01  2.95320273187248290E+01
  4.55206736325743130E-01  4.95093438262174160E+00  2.38219451806152850E+00
  4.22201084465533680E-01  2.68482121786880870E+01  1.22803513996923000E+01
  3.63079661055833470E-01  2.37977796441874680E+01  1.75171526728304410E+01
  2.63055759251188670E-01  2.91247901890932680E+01  2.77335305427409720E+01
  5.32877675645020420E-01  7.07789185079469090E+00  1.27607294761401010E+01
  5.77235448209733180E-01  2.41304604059759600E+01  1.91484277767086300E+01
  4.09775903561979240E-01  8.78371278842568160E+00  2.58396167583798860E+00
  6.93187364831086050E-01  7.40372478592559790E+00  7.92947718847479170E+00
  4.30054269381220950E-01  1.22738257183244740E+01  5.94908229969640520E-01
  5.07436062422724900E-01  5.44901132684599610E+00  2.61742855965037650E+01
  2.49948351789403130E-01  5.20030186838964430E-01  2.80680929588464320E+01
  3.16022212934137680E-01  4.01424140096028110E+00  5.90098269874774140E+00
  4.72818350263822220E-01  1.54980912920764360E+01  1.54767632565618560E+01
  4.46689977500956030E-01  2.53088430534123390E+01  1.84549656039223930E+01
  4.74581552528920360E-01  9.31306143052733050E+00  3.29189023798983890E+00
  4.86590143357422540E-01  2.64854093958344810E-01  2.87590891044113590E+01
  2.73281005279713530E-01  9.03819829307518320E+00  8.68227126814448450E+00
  5.20515140446715560E-01  2.37410764588514670E+01  2.36650776603679600E+01
  4.13811620468168510E-01  7.55025673824381820E+00  1.29362649543556960E+00
  3.81419328643079860E-01  2.31525167960555580E+01  2.51031304680075420E+01
  4.05593309893122810E-01  1.78776511945033260E+01  3.82801911671417760E+00
  5.85380732291966590E-01  1.15654149039844880E+01  3.18840204943338760E+00
  4.06599624824484800E-01  2.58069120621865120E+01  1.39350693091961600E+00
  6.40456937776772590E-01  1.45754223503317190E+00  1.90483004105320330E+01
  4.75626642073745920E-01  1.78477994548709160E+01  2.52443136010907270E+01
  5.09222041678605210E-01  2.30901835068958450E+00  6.81654786194755950E+00
  5.77820253962530560E-01  5.74761923564945840E+00  6.37004175068178120E+00
  3.80273533482480450E-01  2.68581619886640150E+01  1.48597326116107260E+01
  5.01406606281285510E-01  4.19039109024955540E+00  2.51875726916966020E+01
  3.59079136884617700E-01  7.54830367558053620E-01  2.56875415695230270E+01
  5.94092381958372510E-01  2.37715039119737880E+01  2.68753895906831450E+01
  2.54611020839302520E-01  1.27809160444808560E+01  1.05491308341053510E+00
  4.99223721401470310E-01  1.52260375566928430E+01  8.77107025364803760E+00
  2.54611020839302520E-01  3.31213501398219010E+00  1.33244186592843120E+01
  3.20574425314766210E-01  8.74749007600132880E+00  1.67723510860521540E+01
  2.85767805251094040E-01  1.31379526347696830E+00  2.53685153666661840E+01
  2.54611020839302520E-01  2.71336709034484900E+01  2.65228820404216670E+01
  4.12246671516209600E-01  5.68522152457793520E+00  2.70624480394624170E+01
  4.41298336829792340E-01  2.11688245836732030E+01  1.89437182500604420E+01
  7.09985914168247060E-01  1.53927956752876740E+01  2.18921307409820510E+01
  6.80956647410425740E-01  1.07308003438286230E+01  1.97430653770022030E+01
  4.75338540515479570E-01  1.98492087797486110E+00  8.73142937156503510E+00
  7.49588614928249000E-01  2.35655480039388440E+01  1.64306153936129320E+01
  4.74033319401206570E-01  1.41090690646438940E+01  2.43593157133095490E+01
  5.20515140446715560E-01  1.41191410663039110E+01  1.32584655224696880E+01
  5.48131117613959250E-01  2.34296719793243160E+00  1.75073100009760020E+01
  3.46733456860136300E-01  1.33743763279533250E+01  1.15183125333276530E+00
  6.97384645011991290E-01  1.06933952398862980E+01  2.19895804244768840E+01
  3.78209123272245940E-01  3.17522299595518960E+00  2.18216456567850190E+01
  3.82382183723224410E-01  2.60507866925769220E+00  1.75408462839622350E+00
  4.46537248270915300E-01  4.06470920552118110E+00  1.05054678684021090E+01
  6.08690451339190200E-01  2.46439669768768170E+00  2.96429062582533620E+00
  2.59062449636064510E-01  1.25159119411894220E+00  5.26623667442452610E+00
  4.43756654693070110E-01  1.02219693151983290E+01  1.46189802949355010E+01
  3.18942867500738640E-01  1.24669133729203310E+01  2.22432359102856130E+01
  7.16535845940979770E-01  1.94527471382934040E+01  1.42890253931299750E+01
  4.62836237406567810E-01  1.15597197371339520E+01  2.49541925899641510E+01
  6.97384645011991290E-01  2.40746900905222110E+01  6.31500645245438010E+00
  2.47647088603063280E-01  2.89253810876613850E+01  1.38712184765225410E+01
  4.05793634226126800E-01  1.66994611679506660E+01  2.91497406771629100E+01
  5.37364664263313330E-01  6.86340003951679560E+00  1.79089769303936530E+01
  5.72881440675418570E-01  5.07095247048552980E+00  1.06650910999887680E+01
  5.04213456464067280E-01  1.26212477017818840E+01  2.13423030020807010E+01
  3.86557871019070410E-01  2.34628076362879340E+01  7.94653568685202670E+00
  5.62178328188990490E-01  1.66983963164305610E+01  2.27545355654383530E+01
  6.41715074739605920E-01  5.16369816383644850E+00  4.68442152357180850E-01
  4.54567147313974470E-01  1.36751512351855040E+01  2.51785170909333470E+01
  3.97011970696729720E-01  1.71289162607057010E+01  9.35478578353007960E+00
  3.99477862283745790E-01  1.59827918910155820E+01  2.57929121794716420E+01
  5.15931587153482510E-01  1.42439968318086210E+01  9.05961467425293420E+00
  5.98026541173087530E-01  2.83638560189344170E+01  2.32771823214986370E+00
  5.94917806945655060E-01  2.23889708061670980E+01  9.33326639142507370E+00
  3.86557871019070410E-01  3.14264392975862750E+00  1.98718776030128200E+01
  5.52347772924787250E-01  8.75973406971033340E+00  1.22287986627356560E+01
  4.05793634226126800E-01  1.31469471346244280E+01  2.70381264893883970E+01
  4.66753989857397040E-01  4.75186331519619460E+00  2.00563659959547140E+01
  6.77666041374141330E-01  2.47790173544237500E+01  2.44070765350844750E+01
  3.23306573977224420E-01  4.41759559020833240E+00  5.40500478362993600E+00
  6.88340418185590860E-01  2.67165096264474150E+01  2.56786371369495330E+01
  4.11696508529454960E-01  2.56840365431245450E+01  2.29911242242282940E+01
  4.03052389307286420E-01  2.64693959910117620E+01  1.85841859787895270E+00
  2.97529618718302210E-01  1.98121973482101870E+01  8.96875153174341300E+00
  3.13090147150790890E-01  1.18063633974172470E+01  7.98053107315462640E+00
  5.01435669612667030E-01  2.76893310600304620E+01  1.26983358212279460E+01
  5.26482748420329030E-01  2.88359582622042150E+01  2.39822713747759980E+01
  6.75156127532392600E-01  2.12628756445346310E+01  2.70013255369263020E+01
  7.20816873845379820E-01  2.11989632188450300E+01  2.93115154949959620E+01
  5.30006102735105960E-01  1.93677939897210330E+01  1.04430271696034450E+01
  3.43353541919950760E-01  1.09265538720449800E+01  2.72009837685972540E+01
  5.32877675645020420E-01  1.12362670670949870E+01  9.83229680582864240E+00
  6.44956217916396120E-01  1.15767700014462120E+01  1.27116267398341680E+01
  3.55036581058269410E-01  2.18721942004630820E+00  1.03981194995105890E+01
  4.30054269381220950E-01  2.71164357115098080E+01  2.94853681066315010E+01
  4.93734512940847830E-01  9.43794541663341140E+00  1.51311614644960070E+01
  3.42409596243210680E-01  1.69979630966878190E+01  7.70078780652162910E+00
  5.58952633370732950E-01  2.26225098773696230E+01  7.51347780315835400E+00
  4.49954956992444630E-01  1.83772007000146400E+01  5.74214358994106710E+00
  4.11346310528290360E-01  2.00618258665404740E+01  4.35926244357082290E+00
  4.72818350263822220E-01  1.40730740355082770E+01  1.10636953528104720E+01
  5.00672486592370710E-01  4.39431321621853590E+00  1.50451044029864120E+01
  4.15334611176110170E-01  1.40409155994684070E+01  2.04845792555958970E+01
  7.70254277643880240E-01  1.23973678467821810E+01  1.13750202287342610E+01
  5.32262962461145860E-01  8.50330989470061740E+00  1.01586086978632930E+01
  4.01880163826280960E-01  2.92499158718788270E+01  2.78872359040938590E+00
  7.41720708060832300E-01  1.18242431542392300E+01  5.62388406289178280E+00
  3.01674668393272730E-01  2.00462522061475180E+01  2.81972231403219740E+01
  2.66929568161810020E-01  2.31455440469436200E+01  2.04303982214739260E+01
  4.15334611176110170E-01  2.87610870207073430E+01  1.39586495005235140E+00
  5.20369884994360540E-01  2.15238364115023160E+01  1.49270662639779080E+00
  2.84672167568555990E-01  2.45591719280461620E+01  1.67155263829172750E+01
  5.18912146576496980E-01  2.58443628075194350E+01  6.46948879958541670E+00
  3.90540239164096370E-01  1.18172557173396540E+01  2.58585755001547670E+01
  3.63079661055833470E-01  1.28090859921649170E+01  2.77278443814787470E+01
  4.73113776075054650E-01  1.23145161790075530E+01  2.44026537890668890E+01
  5.55687039951364880E-01  2.46893261140188610E+01  2.90807099081034260E+01
  6.97384645011991290E-01  5.67657858174065130E+00  2.33283308949169700E+01
  3.54092873053847420E-01  1.07174642538878670E+01  3.59073828276911030E+00
  7.37991961479508610E-01  4.47414805223538630E+00  1.88840907090434310E+01
  5.10790949981952740E-01  1.57006097926650320E+01  1.05927750781653160E+01
  7.03918080384424090E-01  1.82079873881541870E+01  9.57168970286759800E+00
  2.69326463995374250E-01  2.60783903755882810E+01  2.80120844380644020E+01
  5.39922025342825940E-01  9.45910563466325980E+00  2.20501677239450300E+01
  5.39922025342825940E-01  1.74119301396385510E+00  5.93444774563184120E+00
  3.52682444144397330E-01  2.95221227227777090E+01  7.97439129824360650E+00
  3.17084428049163950E-01  8.35269998274501900E+00  3.16823909986344400E+00
  3.92511582998476170E-01  9.15738918655102370E+00  1.08111328346114280E+01
  2.92799561075502800E-01  1.79884615636303880E+01  2.59997558107346940E+01
  3.63105686475124490E-01  1.07128318348848270E+01  1.59981891031676500E+00
  3.25036994184950640E-01  2.11308219273261810E+01  2.33845796649173040E+01
  5.70902198024309190E-01  2.05563252224094060E+01  7.13127866382087830E+00
  6.18138908065390960E-01  2.09635408081436700E+00  4.83401570084757990E+00
  3.10705613459761840E-01  1.39200610931079630E+01  2.60573926726584800E+01
  6.99092076263204730E-01  2.71797229505090100E+01  2.43734700343262000E+01
  4.40295189098215370E-01  1.08330475610624680E+01  4.98164348410957740E+00
  6.52034765531911640E-01  1.32832052687422490E+01  1.02646748562892490E+01
  5.12628979659419230E-01  2.91441575311433430E+01  1.72180002283068100E+01
  2.68569610726517900E-01  5.55824056153634950E+00  4.21176230775523310E+00
  4.41473589537221400E-01  1.05950410751657550E+01  2.08562753854239490E+01
  7.41623060643924430E-01  6.96802425113464090E+00  1.40296508583033250E+01
  2.49794182180603610E-01  1.59192410863451790E+01  5.61439167463481860E+00
  3.44856808658559500E-01  2.88401390519632240E+01  7.82997933788301200E+00
  6.83701617051292750E-01  1.69364814158611490E+01  5.19884965619027640E-01
  7.19599311285852310E-01  2.22777941550054590E+01  2.62322291953873870E+00
  6.67521681419926690E-01  1.34498919763731930E+01  2.21695331538602750E+01
  5.40946473112310590E-01  3.08383709251891200E+00  1.19583837453762700E+01
  3.83579206291793930E-01  2.61627300888942640E+01  2.58232039942903930E+00
  5.04339573614743570E-01  2.53557927464618340E+01  2.21338031246485700E+00
  6.35523375007872900E-01  1.29752655973094130E+01  2.60126583862183940E+01
  3.44905765886116280E-01  1.78313896774475040E+01  1.80383059724384540E+01
  2.65726189967390210E-01  2.91066857792440530E+01  1.51628561711268120E+01
  4.87785457169642190E-01  7.58593298564089480E+00  1.95579206748278760E+01
  3.71299762957800540E-01  2.73290179539487140E+01  4.84237590766678050E+00
  4.13811620468168510E-01  1.14513706001562970E+01  1.35899771940130430E+00
  5.69423614487483490E-01  1.42956868711926040E+01  5.24730540532660590E+00
  5.83429036676414100E-01  2.77739054386310680E+01  1.51580834751506030E+01
  5.30006102735105960E-01  8.53463913771104640E+00  5.48336769144667360E+00
  5.16710955738981780E-01  9.30735278421027700E+00  1.61498830810595030E+01
  2.65726189967390210E-01  1.50914836487548310E+01  2.28201528962095670E+01
  3.18942867500738640E-01  3.06030617620429980E-01  2.32189238974885550E+01
  3.23881608201221470E-01  6.05896669088529550E+00  1.22979704103916370E+01
  3.54092873053847420E-01  1.87371853081854990E+01  2.78777757517311730E+00
  5.12509616084684260E-01  5.19112600428125500E+00  2.45501966547530590E+01
  4.99223721401470310E-01  5.13912551412004070E+00  1.71885279032295450E+01
  2.56092450391898300E-01  9.64688627248707320E+00  2.93752292685137990E+01
  5.45765227979075810E-01  8.63839221456942320E+00  2.34969920747975780E+01
  6.94010183176834960E-01  3.06344126092117810E-01  3.58713521034595350E+00
  3.57201130995523370E-01  1.38750170106369910E+01  2.88202192039949310E+01
  5.25895496843049500E-01  2.36824239740912680E+01  2.20018397915475990E+01
  5.10790949981952740E-01  1.63143916553486470E+01  1.95925996092474930E+01
  4.89717368181109780E-01  4.85321029920713710E+00  2.21046721606807640E+01
  4.82769235883485770E-01  1.98746506458390330E+01  2.00955892070390190E+01
  6.93278360304079300E-01  1.72347176916843980E+01  5.76894734337970580E+00
  3.35017483125717060E-01  8.54406069238730480E+00  3.79136148015204630E+00
  3.26514001167033020E-01  1.84018083771701730E+01  1.48054534225428450E+00
  4.75880684447443510E-01  1.37360307900308050E+01  1.96485529626726140E+01
  4.22354771203238230E-01  2.47271372946339550E+01  2.02643578902178090E+01
  4.11966131227655820E-01  2.42019286809790620E+01  3.89825230374875980E+00
  7.30946391186454210E-01  2.74516726546179090E+01  3.29290828912507210E+00
  4.22201084465533680E-01  1.53192432088504730E+01  2.53106559091953010E+01
  5.15931587153482510E-01  1.79405011783282480E+01  6.75051895195855780E+00
  5.52347772924787250E-01  2.15533125811930000E-01  2.40934848232016850E+01
  2.49794182180603610E-01  1.19706326300061980E+01  2.86004651782565310E+01
  4.50103975287380020E-01  2.34138262038815950E+01  1.03646340183186470E+01
  3.61769499680632390E-01  5.14086252288850250E+00  1.54756351133449940E+01
  2.77147605524350650E-01  5.84090380159002450E+00  3.74580881730158580E+00
  7.64764367446448820E-01  1.00192366906243380E+01  7.44982992513489780E+00
  5.71326189973923350E-01  3.35538729991568290E+00  1.70299047677021240E+01
  4.07877171249442140E-01  3.83677929375791430E+00  2.91051809121643640E+01
  4.46540105696671490E-01  2.17112421618935270E+01  2.58636347669180110E+01
  5.07606992315717240E-01  2.42187631706191060E+01  2.81280582568800990E+01
  3.01731430220296380E-01  2.44951725446646580E+00  1.56194545015162520E+01
  4.32382463464541460E-01  1.39601280785981410E+01  2.67989522067794150E+01
  3.25762576013666160E-01  2.72074209566001880E+01  8.04496141176838360E+00
  6.24920360555607160E-01  2.25600986117437510E+01  2.69849046699303370E+01
  7.38532964590205680E-01  3.44039697124827050E+00  4.99652438641857800E+00
  3.92511582998476170E-01  1.60134396849793000E+01  2.95545533319991020E+01
  2.97561439636419770E-01  1.95385474687780840E+01  1.53839662685583000E+01
  3.46434506905438330E-01  2.67456833430872280E+00  2.94770130207543520E+01
  5.89502618647478990E-01  2.66454639600667850E+01  7.23422524864831380E+00
  3.32399546609116130E-01  6.64730918674216300E+00  1.20121773646310250E+01
  5.77649046292645880E-01  1.79612701290405010E+00  1.43491574950398310E+01
  4.31729360191427780E-01  1.71476634122129210E+01  2.46672759236051320E+01
  3.17950877609215300E-01  1.97572191120994280E+01  2.26151625921578120E+01
  4.75880684447443510E-01  2.10156797726155920E+01  2.52211977972821020E+01
  3.91816801400439550E-01  2.43736821965284240E+01  1.47235435366581680E+01
  2.50163292655703180E-01  2.19866450466229790E+01  8.59066343928472880E+00
  3.42074681651230290E-01  1.62742566353712200E+01  4.07144665037310280E+00
  3.50974061745161330E-01  2.29092496219330140E-01  4.62881217988686530E+00
  6.18566685513849460E-01  1.83292008358750170E+01  1.35720092265904490E+01
  3.24719866931951940E-01  2.02967156472609500E+01  2.22672688161368840E+01
  3.57201130995523370E-01  2.46968646644013500E+01  2.81017458846348620E+00
  3.13090147150790890E-01  2.93793038457456320E+01  2.33431825357879600E+01
  2.58355477869490890E-01  1.48428609769055180E+01  4.26768385565214460E-01
  4.83351594707823830E-01  2.16422426873836820E+01  2.09852477635945430E+01
  5.48463672908306780E-01  1.61543488216083090E+01  2.48165114072669510E+01
  4.24351701398837560E-01  8.40572548734025910E+00  4.53799852125138250E+00
  6.80557430527969220E-01  1.52770444149015020E+01  4.29567300426255900E+00
  3.73125396709624990E-01  1.64279382913956340E+01  2.82532210024368240E+01
  6.77808113742920780E-01  8.78382539819549460E+00  2.10390095945082260E+01
  7.67512613708393760E-01  3.84467765778572140E+00  2.08931148300282670E+01
  4.76544583128828500E-01  2.86562542075184050E+00  2.71566807668108150E+01
  6.97738347479756800E-01  3.43853365857181360E+00  1.57658121741917650E+01
  4.49545157175862540E-01  4.75760233247911120E+00  6.09697329430411020E+00
  6.25336422111717830E-01  6.51184617327792560E+00  3.14309696320304700E+00
  4.99487474973056500E-01  1.45078545391494560E+01  8.07959526321810270E+00
  6.67521681419926690E-01  1.74265752509723520E+01  1.77843632182041580E+00
  3.44170209092795430E-01  3.78392565589854480E+00  1.36923963928151140E+01
  4.01880163826280960E-01  2.36262237319581030E+00  7.72622861227834170E+00
  5.95035019805102560E-01  2.43696787257859310E+01  7.57209953869550390E+00
  5.20348764567513020E-01  1.50181401684186450E+01  1.13646322995091800E+01
  7.44845164893703690E-01  1.19918499762226800E+01  2.69804564561371580E+01
  6.94010688862415210E-01  2.20972513253346290E+01  2.82191142978600630E+01
  4.00156705760987560E-01  8.12388234858928730E+00  2.90560721695785450E+01
  6.57722721512726150E-01  1.48547078156123560E+01  2.85584287207714170E+01
  3.61198882346046800E-01  1.42942609873266890E+01  1.18677252555573510E+01
  6.07167866036927160E-01  8.13356001834171850E+00  1.77395808172164350E+01
  5.81677556670477180E-01  9.43899273952717980E-01  8.90680431181695200E+00
  3.17579752081870750E-01  1.72469492999019990E+01  3.47549854874427270E+00
  2.69169509893181310E-01  7.89049589195406750E+00  2.38204656228235940E+01
  5.36592099856838090E-01  1.74517838914393760E+00  2.07486441161745460E+00
  3.01799748246536660E-01  1.00865460659286350E+01  3.22641365293096880E+00
  4.05794678723965420E-01  1.57511448042617510E+01  2.29474963943045470E+01
  3.65995101567518470E-01  6.04032429547308870E+00  2.43269789400904840E+01
  3.39481361119070080E-01  1.21840686416800970E+01  2.80474521601617330E+01
  6.97384645011991290E-01  1.69235006643918810E+01  1.85497270123489460E+01
  6.82253548551889110E-01  2.08354468639350860E+01  1.70091183275013690E+01
  5.67035311113654220E-01  1.15704866438825680E+01  1.80517352615793350E+01
  6.47236078597052340E-01  2.20660716968810750E+01  2.48294122317257440E+01
  5.92513140571182980E-01  4.18565026538041530E+00  2.40937725918539980E+01
  4.71553509741754610E-01  1.13808499190695030E+01  4.76485379589869670E-01
  6.55885333720611730E-01  2.32053104394918680E+01  1.30413870608324630E+01
  2.83840017940612550E-01  1.06665230878338840E+01  2.32974632892021290E-01
  5.65219172841477580E-01  1.16040189949042870E+01  4.33691741776549390E+00
  3.48480710258510130E-01  2.95702120094229100E+00  1.28379120263970940E+01
  6.26908127420837150E-01  2.81705633986177800E+01  2.95550319999410970E+01
  2.62213147743524950E-01  6.57102244792746950E+00  2.58595086480407800E+01
  5.08737612195334600E-01  1.09941757084421960E+01  2.92054192475837590E+01
  4.59281804788439010E-01  8.44535671911382660E+00  1.99551680995228150E+01
  2.86550378078914000E-01  1.02090072176811670E+01  2.95666381830847310E+01
  2.99038091422116640E-01  2.24203098060570620E+01  2.24685467075267700E+01
  3.62493203924014780E-01  1.42366762395126060E+01  4.24127913601741560E+00
  5.64616421781660800E-01  2.06905109724767120E+01  7.98311706157649240E-01
  3.87533216804236250E-01  2.17277966194383260E+01  1.13392650629397910E+01
  3.90540239164096370E-01  2.57963232516094190E+01  2.62384731240875770E+01
  5.44640939783434240E-01  3.38695353451410690E+00  1.25714259471098180E+00
  3.84420431658369740E-01  1.22480184252670230E+01  1.40756767462276040E+00
  4.53492046339069340E-01  1.99447846228241690E+01  5.21508826141356870E+00
  6.38023782753992030E-01  1.96598588474003120E+01  2.46051235756945130E+01
  5.00672486592370710E-01  3.40556721795365510E+00  2.12251091494388920E-01
  6.08873319065221350E-01  8.12926022310632670E+00  1.32023617855998610E+01
  3.18942867500738640E-01  1.98609881575341060E+01  7.68612010590112950E+00
  2.65726189967390210E-01  1.49242732723042050E+01  1.05847396707543630E+01
  7.10410487391814980E-01  2.88814854790248850E+01  1.03582784152188180E+01
  4.66797018098134940E-01  6.13262807298671400E+00  1.30848805942100160E+01
  3.89889811574280460E-01  2.71908905869765290E+01  1.86904501654526670E+01
  2.92456502136063850E-01  1.78637412602694990E+01  1.99346676622727270E+01
  3.63079661055833470E-01  2.34880566148605470E+01  7.19759169759965630E+00
  4.13811620468168510E-01  1.96700094214252840E+01  2.88206724922902250E+00
  2.60417758313763680E-01  1.86655598245955230E+01  2.84247768605978060E+01
  4.41940562555082740E-01  1.09493822024969950E+01  2.36802839682584350E+00
  3.08418768867630710E-01  9.61354287048376580E+00  1.21292838722761650E+01
  3.04461637453634990E-01  7.82482462725043070E+00  2.32507067137693330E+01
  4.75626642073745920E-01  1.39778412695968120E+01  1.60395684823514340E+01
  4.19693779402500590E-01  5.73787575795248730E+00  1.36113965825318580E+00
  3.26514001167033020E-01  2.53680688664444030E+01  2.06510694118531110E+01
  3.55388479881239270E-01  7.21141557186620120E+00  2.61747573622084460E+01
  5.33859136323620030E-01  2.95903958090962790E+01  2.16313670247824450E+01
  3.39481361119070080E-01  2.82949407346403850E+01  1.71591886739234810E+01
  2.51153087880769550E-01  2.32583413882003960E+01  1.49903861592987760E+01
  4.21603844523193420E-01  1.00297026573663470E+01  3.94752734331939430E+00
  5.20348764567513020E-01  2.83965375890158320E+01  2.28878616823299020E+01
  6.86210935380316480E-01  2.51883304398311760E+01  4.37762622437476520E+00
  4.41140732643827070E-01  1.18211507578249650E+01  2.18441321182617610E+01
  6.26908127420837150E-01  2.75556306870458130E+01  1.01924807272137680E+01
  5.11871480770454750E-01  2.03161211495382230E+01  1.51607340734845830E+01
  4.70990686464341570E-01  2.49062671386114730E+00  1.64483821456982180E+01
  5.20369884994360540E-01  5.58559771424435160E+00  1.62372079701755430E+01
  3.04306421741581800E-01  1.17589652801714410E+01  1.46583553962007010E+01
  5.88333222664750720E-01  1.26063924225235700E+01  1.49368588266506010E+01
  6.64541222436485860E-01  2.47748132584972960E+01  1.57004324492355940E+01
  4.24351701398837560E-01  1.30143071215368580E+01  9.22463577046065810E+00
  5.55920758830291820E-01  1.86043596990124270E+01  2.30833220201428590E+01
  2.89042915761794110E-01  8.90470803578619650E+00  2.52022465256019390E+01
  2.47647088603063280E-01  1.52528076437331830E+01  8.02519161952398010E+00
  5.88686278844574580E-01  2.06414927657302730E+01  9.27870149111955200E+00
  3.53063097104977870E-01  1.83296338437060340E+01  1.66623306573819650E+01
  4.50600139601478670E-01  3.26059771822590070E+00  2.26623559535799980E+00
  6.65634982039605120E-01  1.06410949036675110E+01  1.71190492818491680E+01
  4.69750256464274060E-01  2.32662956226655280E+01  4.03710238709152060E+00
  6.13801455222646290E-01  1.71024856177491880E+01  1.36656821474102070E+01
  5.14582826754803690E-01  2.01382362199791740E+01  2.73866721587442610E+01
  3.81419328643079860E-01  2.00870029729850010E+01  8.34851533178835760E+00
  7.28196096543639280E-01  2.57744447759851240E+01  1.28169862978454340E+01
  7.33199636544987770E-01  2.09497883178764210E+00  2.02648053420627580E+01
  2.86550378078914000E-01  1.31565828417762600E+01  2.91074824249399630E+00
  2.52169786807371790E-01  1.86233467085343210E+01  6.39934426493502160E+00
  5.01406606281285510E-01  1.51925133564407900E+01  2.43958687693847940E+01
  4.18948713530687210E-01  1.15743164218753570E+01  1.90376524574023240E+01
  3.62620749938717070E-01  4.13721399792537260E+00  1.76618750492406520E+00
  3.15231116497538320E-01  2.50763923600961150E+01  2.12492763226436240E+01
  2.83840017940612550E-01  7.46379209009229520E+00  2.76136823858446410E+01
  4.72199721516180480E-01  9.81124140539609790E+00  1.13752272628602070E+01
  4.41666133880560000E-01  2.94795638312808100E+01  5.28658657082847760E+00
  3.39073066583844400E-01  2.79088210320227430E+01  2.21805817804368740E+01
  2.54831192030272870E-01  9.09396523864222490E+00  1.14939236226516200E+01
  6.65634982039605120E-01  1.48939895436536920E+01  1.94745542338509980E+00
  2.69326463995374250E-01  5.53222143509703560E-01  1.89563734576944470E+01
  3.08418768867630710E-01  1.47574601341138490E+01  2.06924809882820820E+01
  5.63324676144028570E-01  1.25670086547725450E+01  3.74895444020439910E+00
  2.49794182180603610E-01  2.45100383888535520E+01  2.55080829349684720E-01
  6.44956217916396120E-01  8.07050002194173470E+00  2.69112793189450490E+01
  4.26043897269923290E-01  1.52791980182302310E+01  5.40017686816641800E+00
  7.44533748089133770E-01  1.36878328463160570E+01  6.97847418664197060E+00
  2.47647088603063280E-01  2.03743558270894840E+01  1.59175987790217390E+01
  3.47451934045076260E-01  2.15223347662440040E+01  8.96511924438275010E+00
  4.83182858574677270E-01  5.29113114716385540E+00  1.46427293393751850E+01
  5.38382388131525950E-01  1.25558932526783220E+01  7.57967615404351490E+00
  6.08690451339190200E-01  1.74986553371406440E+01  1.71451425597603910E+01
  3.93024383017402490E-01  2.73858731725841090E+01  2.17158592238196360E+00
  2.54611020839302520E-01  2.22828643468699460E+01  1.64903225746465140E+00
  6.82253548551889110E-01  2.71922906015421550E+01  2.29930065939452180E+01
  7.67665169660178040E-01  2.72552018724616540E+01  1.75361740678335880E+01
  3.95839252948554370E-01  2.88082008241318550E+01  1.57520280700981900E+01
  5.15379284759350490E-01  2.71225589731171010E+01  1.12482285857686670E+01
  5.09222041678605210E-01  1.96888570234500340E+01  1.73330368780776460E+01
  4.72038094207023740E-01  1.87784154031358670E+01  1.52660552427755680E+01
  6.64541222436485860E-01  5.70073847691697560E+00  1.82077987849105330E+01
  4.84167632717154460E-01  2.80735242342537710E+01  1.89792127124158940E+01
  5.39922025342825940E-01  2.79409224822515550E+01  2.12863851401092600E+01
  3.77759649416993960E-01  2.65351406708985920E+01  1.90890676462714380E+01
  5.06367095649294540E-01  2.94222661463455070E+01  2.53855650668260720E+01
  3.05466220251299840E-01  2.06019557279724560E+01  2.45591025372453520E+01
  7.55604472483241980E-01  1.92945404903165820E+01  8.69856997954619970E-01
  7.68548325332126940E-01  1.54283375105002990E+01  1.86717125429876490E+01
  3.09209541844886400E-01  2.10417971978883960E+01  1.31314853364442250E+01
  4.71553509741754610E-01  1.68652893843981960E+01  2.78477809626508410E+00
  3.65995101567518470E-01  1.73425540100786510E+01  1.95262804916893450E+01
  6.26517897412854200E-01  2.60390069841462370E+01  1.54448023097309530E+01
  3.55388479881239270E-01  2.82265145671309630E+01  8.42086704676094830E-01
  3.90423892796942250E-01  2.80936413693603020E+01  1.60776636921605660E+01
  4.92172780862642510E-01  9.64250279466182290E+00  2.38530436253546720E+01
  6.66683478841499700E-01  4.26579389549912410E+00  1.16059070687290370E+01
  6.94903868090152520E-01  2.03941262958534500E+01  2.02092469622106470E+00
  7.65642972591057180E-01  2.70753717833813390E+01  5.95030930107408730E+00
  3.52682444144397330E-01  1.02539285719433070E+00  2.00790636036139280E+01
  5.39466591144820300E-01  1.00943656304269000E+01  1.87029773383477080E+01
  4.26043897269923290E-01  4.08776055926380620E+00  2.55276438839095080E+00
  2.53364602799301860E-01  1.70817197308930490E+01  2.77553311469621420E+01
  3.83290088603488770E-01  1.41171276557778760E+00  1.75105647288291810E+01
  5.55920758830291820E-01  1.41609740348449260E+00  7.87276516824566390E+00
  4.13050329149462850E-01  2.72119273242269100E+01  2.18988577297084570E+01
  5.20369884994360540E-01  5.87464278447911070E-01  2.24284250466063430E+01
  6.99477888048091770E-01  7.61064417665870780E+00  2.40501689591188090E+00
  3.59079136884617700E-01  4.25124355660440930E+00  5.78249453795479430E-02
  3.01799748246536660E-01  2.58729534699405510E+01  1.89451175270268450E+01
  5.28731261397185740E-01  1.42395543332678920E+01  9.30311638114733340E-01
  6.80338287111455390E-01  2.54332176562451370E+01  3.73026323287491480E-01
  4.74033319401206570E-01  1.86859335672680120E+01  1.86052248478081670E+01
  3.53302408788900560E-01  5.28875838474700540E-01  8.07063468875070100E+00
  4.03052389307286420E-01  1.24685176727942810E+01  2.78818497272632190E+00
  3.33973424357718240E-01  2.01347621357023920E+01  1.00483867073790680E+01
  4.68162992243922280E-01  6.81920052196595530E+00  2.46236818695087360E+01
  4.72192289519205580E-01  2.24598739406346720E+01  2.15892602325574000E+01
  6.73658304681401180E-01  2.13937471753937520E+01  6.21097481493505920E+00
  4.61178090502161720E-01  1.47784783334823470E+01  1.25322326476322580E+01
  4.18189647978318300E-01  5.81560318237453710E+00  1.39105469879072650E+01
  5.15379284759350490E-01  2.64919281302233070E+01  9.77772757181279140E+00
  5.34553382826858140E-01  1.72483936172819020E+01  1.48033755407309470E+01
  3.70336582810533970E-01  2.12675480669873340E+01  2.41489180767173080E+01
  6.42747544188997020E-01  1.56470271125394400E+01  8.29221825748989440E-01
  4.50600139601478670E-01  1.92707598582361040E+01  2.67184922372117090E+01
  3.55036581058269410E-01  4.07058189427921850E+00  6.56965271176153200E+00
  3.54092873053847420E-01  1.66241861436202750E+00  2.61579048326591450E+01
  5.13614394364816020E-01  9.88665486806240070E+00  4.87152795991591160E+00
  3.65995101567518470E-01  1.31271227091725450E+01  1.57355254973254720E+01
  5.25383403930900440E-01  2.82427464484219080E+01  8.46241680301809930E+00
  3.83598938984435380E-01  5.72501679040180990E+00  2.21353701873251650E+01
  4.86073626967704090E-01  3.51404475108824470E+00  9.74436472430122970E+00
  5.96963967672292380E-01  2.47656293044646180E+01  1.36752891854950730E+01
  4.66553963192992600E-01  5.95408128606261040E+00  1.53217061529506000E+01
  4.15252526658189590E-01  2.49855390161322400E+01  1.37182486094146690E+00
  6.36786611163594070E-01  1.28873142511540010E+01  2.87238698772823180E+01
  6.06760633376156730E-01  1.61673827346936960E+01  1.96265086536303630E+00
  5.25895496843049500E-01  2.51363260908380500E+00  9.58017377174593500E+00
  5.05409982910693060E-01  2.31206846404745720E+01  2.59904531122554370E+01
  5.18912146576496980E-01  2.00184736999885620E+01  1.12653972038380190E+01
  5.81677556670477180E-01  2.55112522104474520E+01  9.28723862089453080E+00
  2.50625569857546320E-01  2.26726326032488930E+01  1.81227319190518830E+01
  6.67521681419926690E-01  1.04751487075236030E+01  6.02999403792598530E+00
  6.52034765531911640E-01  1.88844996095394040E+01  2.56861190128973430E+01
  3.81419328643079860E-01  1.14793000668470790E+01  1.61753245149720610E+01
  3.18942867500738640E-01  1.41786344400463560E+01  9.89135835077352250E+00
  6.63973334543257470E-01  2.10405083601749010E+01  1.04656376305751380E+01
  4.05793634226126800E-01  6.26006415098913750E+00  2.15554201198514410E+01
  2.88617724104866640E-01  2.63746101446304880E+01  2.65934172210944480E+01
  3.17587838135982990E-01  1.36664542285491300E+00  1.30993023825907340E+00
  6.94010688862415210E-01  2.36538572259792660E+01  2.94006721739565880E+00
  3.25036994184950640E-01  2.71084063600352390E+01  1.51048003639335810E+00
  4.41940562555082740E-01  3.33411964526375960E+00  1.10086514504180960E+01
  3.05466220251299840E-01  1.08190554835732970E+01  1.05586936391186390E+01
  7.22984261441823330E-01  3.31909161328026900E+00  2.60475981459117420E+01
  4.60682082706054620E-01  2.16218247459234410E+01  7.32060492051380600E+00
  4.22201084465533680E-01  1.76268412463830660E+01  2.30780345710365680E+01
  6.24824560398126750E-01  2.02766550765081500E+00  1.31250811472525120E+01
  3.63079661055833470E-01  9.06523868082712170E+00  2.67584379174245410E+01
  3.25516939164680520E-01  9.03505486870032290E+00  6.98365339350092910E+00
  4.87886881528419990E-01  1.70021725033728610E+01  2.37594073045484500E+01
  4.34172467284937990E-01  6.32719828077454240E+00  2.65113413728717790E+01
  7.04082361725448710E-01  2.17381700268115230E+00  2.22272625477459870E+01
  4.40295189098215370E-01  2.00990079347953630E+01  2.96790983395479980E+01
  4.54567147313974470E-01  4.48841213755632220E+00  2.61731696052602590E+01
  4.89717368181109780E-01  8.23797543563076930E-03  1.56292115039388800E+01
  4.82771447840326400E-01  2.32745985971980720E+01  2.78299631261923250E+01
  3.54092873053847420E-01  1.38111547481916920E+01  1.69984768626423380E+00
  7.67457697882333090E-01  2.13867144330596450E+01  2.22081964955748920E+01
  4.43129600128677660E-01  3.54629278727028610E+00  1.46312074707272580E+01
  5.61514797181737530E-01  2.25975045752668320E+01  1.09605384234177270E+01
  5.82207618145930890E-01  1.86197240303262820E+01  1.75511205111051400E+01
  5.94092381958372510E-01  2.66609217626805450E+01  7.09232300833292940E-01
  5.64318884198494160E-01  4.80403098520926710E+00  2.90106493073702510E+01
  6.16837537735261420E-01  2.47903727706276630E+01  2.62249162856741120E+01
  4.20581746236023420E-01  1.46084750634359700E+01  1.54030987881741690E+01
  3.16022212934137680E-01  1.93437489814643410E+01  1.80824001705537820E+01
  4.59502380082057990E-01  1.15583978398504910E+01  2.27562847554338140E+01
  7.48336469443998900E-01  7.40155036048645250E+00  2.13858310736672510E+01
  6.90159994875631000E-01  2.26757680962550930E+00  7.36900562805047430E-01
  4.68364091588631840E-01  2.62552705655815610E+01  2.36605546603539810E+01
  4.05593309893122810E-01  2.57956867302741810E+01  2.12449657760793290E+01
  5.55687039951364880E-01  2.15460842965368330E+01  1.80215633812273520E+01
  2.83840017940612550E-01  1.46174932956705380E+01  2.37991202546692830E+01
  5.98280766214214580E-01  9.45566380254916790E+00  1.96442527445798700E+01
  5.84913004272127690E-01  6.63172279567273830E+00  2.24735439875902330E+01
  2.83840017940612550E-01  2.18771398579559420E+01  1.87925048013984930E+01
  2.83517655556827110E-01  2.23189349506680590E+01  1.76962098108486710E+01
  5.27599340399055180E-01  2.72780750104035970E+01  1.96024179921758840E+01
  6.24824560398126750E-01  2.03770952642689740E+01  1.82321841475504630E+01
  4.84167632717154460E-01  1.60311781245000980E+01  2.37918210053875220E+01
  5.66562802601083430E-01  7.33529724539224490E+00  1.06786644845860370E+01
  5.81213412342838430E-01  2.75016144737984050E+01  2.85510109850638330E+01
  5.13285974501586400E-01  6.47636674950356820E+00  2.92620395858062780E+01
  5.29625185962053640E-01  1.78605543195226700E+01  2.89343620760115310E+00
  3.30104909316010620E-01  2.09520803454388050E+01  2.60242924893487950E+01
  5.48174971142568520E-01  1.46723357437220730E+01  3.22623938213412930E+00
  4.72192289519205580E-01  3.51692335588447060E-01  2.42400812484916100E+00
  4.53126113496558960E-01  2.93190557814365960E+01  2.25797949258340900E+01
  5.25993347610763350E-01  6.29855281131898610E+00  8.85432524488571100E+00
  4.75338540515479570E-01  2.38360093950215730E+01  2.01586621637098170E+01
  4.30858982518450690E-01  1.15316188794925640E+00  2.83994196928237700E+00
  7.09741570678139940E-01  6.50168115933763070E+00  4.47805574171099070E+00
  5.05409982910693060E-01  6.14784062281939030E+00  1.06382113471140830E+01
  5.20369884994360540E-01  1.96646818211847220E+01  2.34474490767268050E+01
  2.73281005279713530E-01  2.68158083513584170E+01  2.51586649478009950E+00
  3.09574052588245370E-01  7.49836785692398870E+00  2.42459445004551950E+01
  3.18095930761502070E-01  1.73698599976961670E+00  1.81316030183451710E+01
  4.46537248270915300E-01  2.50249770784674150E+01  8.38148766152241360E+00
  6.38830345620663920E-01  2.10062819469669720E+01  4.95871277908656790E+00
  6.68397269451762100E-01  1.10830322135498310E+01  8.64113633614390690E+00
  5.32488384254616510E-01  6.32925572831185870E+00  6.04673734543769650E-01
  3.17579752081870750E-01  1.74251085039845110E+01  2.92687362505586780E+01
  5.16710955738981780E-01  2.08607441212393180E+01  2.81222364361020390E+01
  4.49545157175862540E-01  2.86650704446099920E+01  2.19578614293052040E+01
  3.20574425314766210E-01  2.93654566954642530E+01  2.93688515321798640E+01
  4.12246671516209600E-01  9.78121187881178140E+00  2.06004633441292740E+01
  4.94550785807675550E-01  2.02302711983657240E+01  6.11784334598796690E+00
  3.59079136884617700E-01  6.67281397292076490E+00  1.13232379268112470E+01
  6.10572080928614460E-01  1.79344691512131970E+01  2.76219535519618090E+01
  4.75338540515479570E-01  2.43929667321197600E+01  2.03525698711551200E+00
  5.09574347305064630E-01  1.18100725152839150E+01  1.70023870733653620E+01
  4.18189647978318300E-01  5.93309836003064910E+00  1.15628972060754660E+01
  3.76753951196820710E-01  4.91666549904682260E+00  2.68854791287073280E+01
  3.84533934306195220E-01  7.53988660770963560E+00  1.85334692373092120E+01
  6.60767019732147710E-01  8.07646575765996390E+00  6.75634106152472660E+00
  5.64318884198494160E-01  1.62330819216406380E+00  1.58831875930099140E+01
  4.69750256464274060E-01  1.85628021065520410E+01  7.60468572501936710E+00
  6.88340418185590860E-01  2.93314073654149360E+01  8.99740428641822200E+00
  5.93150731645016190E-01  3.19220897581762040E+00  2.47386200807406700E+01
  7.17499092254363010E-01  2.02394183710163810E+01  1.24911264789680860E+01
  3.79322922295397280E-01  1.77141737185007070E+01  7.61636569149320410E+00
  3.20574425314766210E-01  1.47059431666119810E+01  7.28600218460339730E+00
  7.17953871372127320E-01  6.08467931029573970E-02  1.44228742951271410E+01
  3.42409596243210680E-01  1.76564237899818220E+01  1.28867095373565870E+01
  4.43129600128677660E-01  9.20424712634041420E+00  4.20237601201596700E+00
  3.78068289465320630E-01  1.52144634543925200E+01  2.35168731765064650E+01
  4.75338540515479570E-01  5.87113992610006270E+00  2.24854794146102590E+00
  7.38532964590205680E-01  1.29586533465588900E+01  1.27738253220992470E+01
  5.07606992315717240E-01  1.22858102465010380E+01  8.64519041479077540E+00
  2.86134314477376340E-01  2.07586364649222690E+00  1.51652701238514180E+01
  5.07437626189109900E-01  6.46033056870571710E+00  7.18802534180641220E+00
  6.15073771326759470E-01  1.12323097749899560E+01  2.81083567549237190E+01
  3.30104909316010620E-01  2.75799289713830720E+01  6.15366591094932950E-01
  6.66683478841499700E-01  2.22697643616363370E+01  5.69942073085985350E-01
  7.49545055295440930E-01  6.06828278597736140E-01  1.67138745360483370E+01
  2.54824432159977790E-01  2.23595416375278080E+01  2.61297412578833320E+01
  5.72142532162989690E-01  2.43536851692765060E+01  1.25814836406658140E+01
  2.77147605524350650E-01  2.31590171467856150E+01  5.47609972189970760E+00
  4.68364091588631840E-01  1.71744833402474520E+01  8.49153971641837480E+00
  4.82771447840326400E-01  7.41097603981859800E+00  1.17302114660741420E+01
  2.50971712925384870E-01  1.92941316487236310E+01  7.74319103318398750E+00
  5.38024295323284910E-01  1.50287814006632880E+01  9.78828313596817170E+00
  4.13050329149462850E-01  1.17982472377894360E+01  1.99792791080399400E+01
  4.86590143357422540E-01  1.03089441039443790E+01  1.25123089141186430E+01
  3.16148313226467530E-01  6.68712170181771180E+00  1.50488893296537170E+01
  3.81419328643079860E-01  1.93980402373159640E+01  5.84597156523082620E+00
  6.52911031193170470E-01  1.06336130956364650E+01  1.36029374358598890E+01
  4.49150663742554990E-01  5.43852798049944130E+00  3.14211442767009520E+00
  4.73113776075054650E-01  9.16021965942006670E+00  1.80750923474631020E+01
  3.65995101567518470E-01  1.03474908578051310E+01  2.67926432455505330E+01
  3.46028387031474870E-01  1.04525129612953050E+01  9.43464057845572770E+00
  4.23675716525973380E-01  2.46185274622711110E+01  2.33178341326860980E+01
  2.47261092463374420E-01  2.47208120535788540E+01  9.03880336150962190E+00
  2.63339374245984010E-01  2.92913744477400220E+01  2.46273169448099690E+01
  2.59062449636064510E-01  7.92756693307065770E-01  1.57153688555509670E+01
  5.77180454669814490E-01  5.68186522050713270E+00  7.94180957057438870E+00
  4.06599624824484800E-01  1.25261003904667700E+01  4.71693629977114440E+00
  4.65278877330243820E-01  1.91922212258664690E+01  2.07509944276369150E+01
  3.07263188066738420E-01  1.45618022922278540E+01  1.80345877305062390E+01
  3.88697647565240350E-01  2.80489330039390690E-01  2.74213505570592420E+01
  6.62122603690132470E-01  1.04800732382329330E+01  2.46458990192573990E+01
  3.79322922295397280E-01  2.42789731381725670E+01  1.00202404699199010E+00
  3.53063097104977870E-01  7.24065419932598700E+00  1.71041915114150600E+01
  6.88885956497308970E-01  9.94464079576202310E+00  8.82349253578827590E-01
  5.33066537704075310E-01  1.36471913035370310E+01  3.56787403459196240E+00
  3.42074681651230290E-01  1.80173809857121050E+01  1.93141141450498350E+01
  4.24351701398837560E-01  1.99615355606044600E+01  1.91941728616513880E+01
  2.92456502136063850E-01  7.29422760161370040E+00  1.50107159902316830E+01
  5.90639534364661320E-01  1.51900491241055690E+01  1.35488688438886480E+01
  4.09705559579089850E-01  1.74789464904215960E+00  2.82333422911431100E+01
  3.59079136884617700E-01  8.98837604317816560E+00  6.30105625532378080E+00
  5.27599340399055180E-01  4.58035714579825810E+00  9.68021187456102790E+00
  5.38382256471750510E-01  1.01626353740309390E+01  2.76778297143747060E+01
  5.96963967672292380E-01  1.34348336283427800E+01  8.29572418291565050E+00
  2.96503602823160150E-01  1.94520346538763320E+01  1.86849427605562040E+01
  3.64593218166308700E-01  5.02675644766508610E+00  2.54115830942399330E+01
  4.18947112612636110E-01  2.86426618778988630E+01  1.46601211141279410E+01
  5.40946473112310590E-01  2.42363091115641570E+01  2.10919338118320350E+01
  3.35017483125717060E-01  2.32673632021311900E+01  4.81369307964235290E-01
  4.75626642073745920E-01  1.55278471490129720E+00  9.86197198951140840E+00
  3.04461637453634990E-01  5.66497115750046730E+00  2.93596257398645580E+01
  4.36315933331792570E-01  1.39071803525378560E+00  2.46511720857925100E+01
  6.77666041374141330E-01  1.26410215527842770E+01  1.92885855156388820E+01
  5.67035311113654220E-01  3.93844001642692820E+00  1.27945261344565640E+01
  3.38650161839631010E-01  1.89427705249354150E+01  2.39105195024212800E+01
  6.94010183176834960E-01  2.78472839549284790E+01  1.38829409427412390E+01
  7.10410487391814980E-01  2.19759400921021350E+01  4.02078476159358540E+00
  4.54567147313974470E-01  1.42627527098682090E-01  1.10272735508172520E+01
  2.52169786807371790E-01  2.46468442598844730E-01  7.53666134510000950E+00
  3.01799748246536660E-01  1.79139322764372190E+01  1.86792019674055820E+01
  4.27719079604653450E-01  2.52890692225004510E+01  2.83026434344028850E+01
  3.87762191716535260E-01  2.07621912175252370E+00  2.75072320229967500E+01
  5.72951670348821020E-01  2.11869773729489030E+01  1.58053970271560010E+01
  5.09222041678605210E-01  4.50627298592371960E+00  2.30409685224537380E+01
  5.25993347610763350E-01  6.16133298981290790E+00  1.71105870888948210E+01
  3.12648490279368120E-01  2.19224567778917430E+01  8.03233164368984730E+00
  3.32399546609116130E-01  7.77303786583201540E+00  2.03716012376172770E+01
  4.43807889241729470E-01  3.49227663801224080E+00  3.18570006022031470E+00
  3.44170209092795430E-01  2.88535892413388740E+00  1.03651913616164130E+01
  2.54824432159977790E-01  2.05316858534782650E+01  2.64298531248419300E+01
  4.21963532045373490E-01  1.91986146605924650E+00  2.90470278700832840E+01
  4.11696508529454960E-01  1.44682846031157320E+01  2.25258101119211500E+01
  4.11346310528290360E-01  7.59338395368232360E+00  4.72873777554960300E+00
  6.16837537735261420E-01  1.49062187494073580E+01  6.37197811954673910E+00
  4.83570943621045310E-01  1.09603915180609230E+01  2.56857680344886430E+01
  4.32382463464541460E-01  2.60625394601097720E+01  2.45404250525596660E+01
  5.92513140571182980E-01  2.19104543344299830E+00  2.53734213951358640E+01
  3.55036581058269410E-01  1.80706900524261410E+01  2.85770977293790160E+01
  4.74581552528920360E-01  1.68266723569338910E+01  1.62957632771479230E+01
  3.44905765886116280E-01  2.09849919085091730E+01  2.04360476782986600E+01
  5.96963967672292380E-01  2.62332986617273280E+01  2.21465155727120230E+01
  2.68569610726517900E-01  1.03154315433947570E+01  1.08332585121353940E+01
  5.80290806494985740E-01  2.10330923150524210E+01  8.17804015732168030E+00
  6.25336422111717830E-01  1.37904026529170860E+01  2.78425530547602730E+01
  6.17452885167652710E-01  2.63050212966610890E+01  8.39056990090288400E+00
  3.29506256422424390E-01  5.90302750098704190E-01  1.95538214151077160E+01
  2.58355477869490890E-01  9.54304599080402660E-01  2.01320846388227090E+00
  4.69641390777102340E-01  2.62705973433144920E+01  1.82848870197486060E+01
  3.49095179616795370E-01  2.53031767396417350E+01  3.17197981717776530E+00
  3.27988333844876360E-01  6.22296848432351980E-01  5.18141302073916150E+00
  3.86383264228710210E-01  7.81599186287078320E+00  8.65587063978061620E-02
  4.75543307221801650E-01  3.90239861344877750E+00  2.22648654020619890E+01
  5.07815655211632320E-01  3.20781428828844680E+00  7.29219125599345120E+00
  6.08088426536500660E-01  5.05628003734803500E+00  2.78652529124039180E+01
  3.93024383017402490E-01  2.72502723683836830E+00  2.11969461398572460E+01
  7.48336469443998900E-01  1.30576819917950290E+01  1.68462857070714240E+01
  3.13454063710418570E-01  3.16240948715343120E+00  2.25631797539655210E+01
  4.43133439323318520E-01  6.45031852541661980E+00  5.62968352510901320E+00
  3.62493203924014780E-01  1.50504818443901720E+01  1.75781165650167600E+01
  5.72881440675418570E-01  1.61413760023291640E+01  6.40526372846693180E+00
  3.71299762957800540E-01  2.57035873090817470E+01  1.39123417317457520E+01
  5.13143010843963320E-01  1.42901417026584610E+01  2.95831248778138690E+01
  3.87533216804236250E-01  2.86686159727531940E+01  5.11383991016089650E+00
  3.90540239164096370E-01  1.58784368312176590E+01  2.87833466749707800E+01
  4.11696508529454960E-01  2.36232030295598320E+01  1.44384369830051490E+01
  4.19670751191123690E-01  1.52397613895104330E+00  2.69187443217086160E+01
  5.39922025342825940E-01  1.29661738885703830E+01  1.98836368182739880E+00
  3.73125396709624990E-01  7.23379557196697660E+00  5.73500545738589550E-01
  5.72628172168292430E-01  2.26744231103335850E+01  1.41778283867485550E+01
  5.63660960642019760E-01  2.55252619763060940E+01  7.50391077756464590E+00
  7.54397230300637300E-01  8.23693701438553030E+00  1.54649803172857330E+01
  4.07877171249442140E-01  9.41451451592150690E+00  2.47280980039826940E+01
  4.61178090502161720E-01  2.22518408264218070E+00  2.43214208957384840E+01
  3.50974061745161330E-01  1.35358691543367390E+01  1.78394632530828010E+01
  4.22541054278063120E-01  2.05238416520274390E+01  2.38358415948581030E+01
  3.25036994184950640E-01  5.66303174333018690E-01  7.05729072806712750E+00
  4.96042965314236020E-01  2.66912780781379060E+01  2.11547164367996990E+01
  3.04461637453634990E-01  2.93703027918684290E+01  1.80028273449028720E+01
  4.21290506291976640E-01  3.00074699107201990E+00  3.90095501509860330E+00
  4.26578460793149810E-01  4.64991432487074620E+00  1.60920319911058480E+01
  3.91816801400439550E-01  2.68554101703143540E+01  4.24423364160622360E+00
  5.32262962461145860E-01  1.30816111396281460E+01  2.04145657130237410E+01
  6.07718241283317260E-01  7.60504606845326860E+00  3.71138225406153890E+00
  5.13425754976809310E-01  9.11180884636333310E+00  2.76333431728898520E+01
  5.46829204411607870E-01  5.65365613523733850E+00  9.70987522167426850E+00
  2.99038091422116640E-01  7.55100784214117300E+00  2.48519288688101090E+01
  3.65374026971610010E-01  2.37548770664440530E+01  2.46005995053054140E+01
  3.46733456860136300E-01  2.58587910956987030E+00  5.66538449602668410E+00
  5.01833768532536340E-01  2.44259534403923450E+01  1.81108147296314500E+01
  2.88617724104866640E-01  1.68754418270416800E+01  1.55354783813583540E+01
  3.13454063710418570E-01  2.38600036721311710E+01  1.37543265290241050E+01
  4.43756654693070110E-01  2.20349094437195880E+01  5.29598418406282170E+00
  5.20369884994360540E-01  2.61626390590893080E+01  1.16321357923417960E+01
  7.41720708060832300E-01  2.32748470203865700E+01  1.55627537011925020E+00
  2.99038091422116640E-01  3.98035467334803880E+00  9.11273549394140230E+00
  3.93024383017402490E-01  2.96766218840301830E+01  1.18589017989995290E+01
  2.53364602799301860E-01  2.27528211941770130E+01  1.01027890886746510E+01
  5.48463672908306780E-01  1.73812161445229450E+01  2.65819729473167820E+01
  5.63660960642019760E-01  1.80172837916093760E+01  4.78639985391896520E+00
  4.99487474973056500E-01  1.19808432935988220E+01  2.94061486733369150E+01
  5.32488384254616510E-01  2.52010455779569970E+01  1.94368623631339080E+01
  3.62493203924014780E-01  1.83785902041508250E+01  2.16828734630929040E+00
  3.90540239164096370E-01  2.92951822678653360E+01  1.99794686070636340E+00
  6.25248164210708260E-01  2.84383774586800300E+01  2.62842940648561980E+01
  3.93024383017402490E-01  6.16793401503854530E-01  2.49488228320924250E+01
  2.83517655556827110E-01  2.13382829112332860E+01  2.27429751263769740E+00
  5.16562546778196820E-01  9.05178134824430100E+00  2.86612201902272050E+01
  5.96777348356598920E-01  1.64278219340487400E+01  2.72141696031247450E+01
  3.35017483125717060E-01  2.77097139549673380E+01  1.18625508178545530E+01
  5.69344335137112000E-01  2.01031957977543600E+01  2.57273224401255400E+01
  5.55509338843663690E-01  4.66023942053597030E+00  4.56096617606469400E+00
  4.09775903561979240E-01  1.52123117131376940E+01  2.95633591316681330E+01
  3.20574425314766210E-01  9.92701238300213800E+00  2.13195818789405780E+01
  5.39466591144820300E-01  2.34908423035515770E+01  1.18810624668172040E+01
  5.18725390566230620E-01  1.55430381324666770E+01  7.31651527414537120E+00
  3.62493203924014780E-01  1.04786829899397860E+01  2.36219382529235740E+01
  4.23675716525973380E-01  2.82578559703219450E+01  9.41119078106326870E+00
  4.13050329149462850E-01  2.73557929710903170E+01  2.05369710852097820E+01
  3.01731430220296380E-01  2.93620918209776890E+01  2.63517391755038730E+01
  3.48156346672602490E-01  4.22362135402892850E+00  8.51311426427345450E+00
  6.83531487369900860E-01  1.09546590767299340E+01  1.15379794972036860E+01
  3.27197753470684690E-01  1.93410138228494720E+01  1.31974856533813280E+01
  3.50974061745161330E-01  2.79427890767643770E+01  5.24864254969865130E+00
  5.77649046292645880E-01  1.33418646090586180E+01  1.40327494022729840E+01
  5.13614394364816020E-01  2.34313694139831980E+01  1.83119889184582480E+01
  7.17953871372127320E-01  3.15733637188196650E+00  8.51659587855871610E+00
  3.01731430220296380E-01  2.77053341396970510E+01  2.57175019262671750E+01
  6.14584822297879540E-01  5.38415630530244100E-01  6.11871767435342310E+00
  4.69641390777102340E-01  1.85528083244027900E+01  2.46165668490303240E+01
  4.49154676673646060E-01  1.83743019661720300E+01  2.66598602948864960E+01
  4.82268891960512480E-01  2.91283049070808350E+01  4.37632067867485740E+00
  6.26908127420837150E-01  2.21287205265546620E+01  1.68059282598850640E+01
  2.50971712925384870E-01  6.09474375389788130E+00  1.45331174241882350E+01
  2.62213147743524950E-01  2.01408872611254170E+01  1.63702921302017610E+01
  6.45167794061425240E-01  1.57038978667317950E+01  2.05736736955521840E+01
  5.94931591270377070E-01  4.83280160669550530E+00  7.13651939219695300E+00
  7.68548325332126940E-01  2.33665142602474420E+01  2.90765459558966590E+01
  4.36195486319121350E-01  1.09459557453532040E+00  2.76589664273901440E+01
  5.33066537704075310E-01  3.24121990442021570E+00  6.25217778525092440E+00
  5.62178328188990490E-01  1.47593770229033170E+01  1.98218859865540760E+01
  2.97561439636419770E-01  2.24814427196702730E+01  8.35765451494196300E+00
  4.82771447840326400E-01  7.95137621307005380E+00  1.66665034338582390E+01
  6.61562106526255890E-01  2.61693043552529860E+01  2.89435328779291860E+01
  5.04339573614743570E-01  2.59824779936414840E+00  1.91373852500443430E+01
  3.45648959319623030E-01  2.50248932754499510E+01  6.74478246703129880E+00
  6.95947079841625180E-01  2.68791903909560400E+01  2.74379347282586150E+01
  4.75626642073745920E-01  2.04639463398787460E+01  1.36612710557301740E+01
  2.57534358191145160E-01  7.14785116007392140E+00  2.96405533183469280E+01
  6.30423428531534040E-01  2.70768493606243900E+01  1.61509142430917550E+01
  3.25516939164680520E-01  2.86088912251677170E+01  1.65735568636063240E+01
  3.14110289759674140E-01  1.06917600281418800E+01  1.80959545091419580E+01
  3.99477862283745790E-01  2.78317716706970870E+01  1.48473470102678800E+00
  6.47236078597052340E-01  8.85239453493353600E+00  1.14532173317516510E-01
  5.28731261397185740E-01  2.26591994754226250E+01  1.90090558768906770E+01
  4.43807889241729470E-01  2.32532825526878280E+01  2.11326454999486660E+01
  4.82268891960512480E-01  2.34596351998100230E+01  9.43451850341756070E+00
  4.30858982518450690E-01  4.02085644042683210E+00  7.76100790501062310E+00
  4.18947112612636110E-01  2.72935880342930840E+00  1.49042978367844900E+01
  3.50662231740508900E-01  1.46069329690412440E+01  2.50146599133208770E+01
  2.85767805251094040E-01  7.97621958766941310E+00  7.38928015970745380E-01
  3.45648959319623030E-01  3.86851390619601110E+00  1.97811695266204350E+01
  3.45648959319623030E-01  2.13085983988434040E+01  1.25341308121925470E+01
  6.42005949159872720E-01  2.94811820970038770E+01  1.30906135259213890E+01
  2.74003615458356760E-01  9.10010037344941480E+00  4.91187254639649580E+00
  3.87653287431749970E-01  7.06852382466966670E+00  2.54420143660364140E+01
  4.18948713530687210E-01  1.35212280513010000E+01  1.17631674708170330E+01
  4.53451232343747090E-01  8.13875614068266450E+00  1.42631887901306150E+01
  4.21603844523193420E-01  2.91829719922151260E+01  2.70519009389310980E+01
  2.62213147743524950E-01  7.37810397352858690E+00  2.29024655230580830E+01
  6.94903868090152520E-01  9.29637759844418990E-01  1.23943834475657560E+01
  6.31563936872940970E-01  3.97092954418317580E+00  2.72344728616604070E+01
  7.01778375544082420E-01  1.80383825362604890E+01  2.09148909914916670E+01
  3.46434506905438330E-01  2.60192490902931470E+01  4.99027981739143380E+00
  3.50662231740508900E-01  9.86937899797176850E-01  2.63577341101277050E+01
  3.01799748246536660E-01  2.44202314445071170E+01  1.72850012165138840E+01
  4.41298336829792340E-01  2.47153355631585910E+00  1.11904875419504060E+01
  3.39481361119070080E-01  2.39269607509823960E+01  3.40322670661222930E-01
  3.83181557852844270E-01  2.37983496629307500E+01  1.53221309665208790E+01
  6.75156127532392600E-01  4.92041157848568390E-02  2.04001467492135870E+01
  2.73281005279713530E-01  1.17975058114335900E+01  9.25416905265894480E+00
  6.65634982039605120E-01  2.61957739158752500E+01  2.01042408840272950E+01
  2.54824432159977790E-01  2.56240430511947640E+01  2.40132179044014220E+01
  2.84029264846615530E-01  2.47345418845300780E+01  3.45028602091596510E+00
  4.62836237406567810E-01  2.68890847662935070E+01  1.32349783684759590E+01
  3.33973424357718240E-01  5.51336310915994510E+00  4.81173010531887260E+00
