1
  1002  2.96924426640336700E+01  2.96924426640336700E+01  1.00000000000000000E+00
        0.00000000000000000E+00  0.00000000000000000E+00  0.00000000000000000E+00
  5.77649046292645880E-01  2.25458241683388860E+01  2.60804647696973260E+01
  5.13614394364816020E-01  1.13257449511803380E+01  2.32726753507996410E+01
  7.17953871372127320E-01  1.82525045409818460E+01  2.48266973251508070E+01
  3.01731430220296380E-01  6.26298420816193600E+00  1.01120193377982660E+00
  6.14584822297879540E-01  1.00162543042707880E+01  2.68773223275578910E+01
  4.69641390777102340E-01  2.80431343488577130E+01  1.08473346287418690E+01
  4.49154676673646060E-01  1.75433952057940810E+01  8.44839679343276370E+00
  4.82268891960512480E-01  1.22470059205093640E+01  1.11321388374338460E+01
  6.26908127420837150E-01  1.58666232723470950E+01  2.61161251957527510E+01
  2.50971712925384870E-01  2.64975411663840750E+01  1.46982687562899060E+01
  2.62213147743524950E-01  2.48953672504029560E-01  8.00289608933569240E+00
  6.45167794061425240E-01  1.29810920360578660E+01  2.04918788015829210E+01
  5.94931591270377070E-01  3.34531960951697730E+00  3.14640272751586990E+00
  7.68548325332126940E-01  6.19095501085968620E+00  4.40200919121627800E+00
  4.36195486319121350E-01  1.99754367854675790E+01  2.88939841432226570E+00
  5.33066537704075310E-01  2.67775620976024560E+01  8.68770705200124560E+00
  5.62178328188990490E-01  3.45028223045852970E+00  2.12692011529112510E+01
  2.97561439636419770E-01  3.20499012750194190E+00  1.45167241616208780E+00
  4.82771447840326400E-01  1.42954141719205370E+01  7.71316090046891570E+00
  6.61562106526255890E-01  7.99410887766150150E+00  1.64398752580802350E+01
  5.04339573614743570E-01  7.37902897829292210E+00  3.94638678613867240E+00
  3.45648959319623030E-01  2.68941629167544890E+01  1.66619369481919580E+01
  6.95947079841625180E-01  2.27241870109208790E+01  3.64297897436225520E-01
  4.75626642073745920E-01  2.65137770503296610E+01  3.60289003170380840E+00
  2.57534358191145160E-01  4.16948591874094900E+00  2.80831721880680050E+00
  6.30423428531534040E-01  6.62944475738540450E+00  2.10008066156083930E+01
  3.25516939164680520E-01  3.87651235431688550E-01  2.38446393626125040E+01
  3.14110289759674140E-01  2.66675396371778990E+01  6.96091855717828080E+00
  3.99477862283745790E-01  2.68507241075873110E+01  1.95502992876911360E+01
  6.47236078597052340E-01  2.02576426325143010E+01  1.51708910076362890E+01
  5.28731261397185740E-01  1.89850325567217550E+01  1.88714649546498610E+00
  4.43807889241729470E-01  6.94913640896532490E+00  2.56330865437411430E+01
  4.82268891960512480E-01  8.46390156490510930E+00  1.15823807839279400E+01
  4.30858982518450690E-01  2.69479709928179040E+01  1.41888427024516570E+01
  4.18947112612636110E-01  1.20037966201494210E+01  1.19980735206906960E+01
  3.50662231740508900E-01  2.07437282244185180E+01  1.61545784635189340E+01
  2.85767805251094040E-01  6.91211879302316400E-01  1.76550696431646690E+01
  3.45648959319623030E-01  1.19866505000243940E+00  1.60933688545848600E+01
  3.45648959319623030E-01  1.72108584219830550E+01  2.46187590863360950E+01
  6.42005949159872720E-01  2.78714537011102370E+01  1.93444858425023090E+01
  2.74003615458356760E-01  2.95097073341998590E+00  1.45917637529315590E+01
  3.87653287431749970E-01  2.76317486578546760E+01  1.53660293054734720E+00
  4.18948713530687210E-01  1.61387313964712110E+01  2.14154955408109020E+01
  4.53451232343747090E-01  1.30396968273656210E+01  6.72380473736366910E+00
  4.21603844523193420E-01  1.72853348146904830E+01  1.86736061129403800E+01
  2.62213147743524950E-01  1.94762389094815590E+01  1.47060734621164770E+01
  6.94903868090152520E-01  2.14601252421678410E+01  9.00350054370678340E+00
  6.31563936872940970E-01  2.52014615351771630E+01  1.80550506585583750E+01
  7.01778375544082420E-01  2.47085448394589980E+01  1.08862473165534950E+00
  3.46434506905438330E-01  9.98516579120283860E+00  3.68500802539522270E+00
  3.50662231740508900E-01  1.82212850695236210E+01  3.37463534949900450E+00
  3.01799748246536660E-01  2.47623979144461400E+01  7.86861381210135760E+00
  4.41298336829792340E-01  3.20726741974201700E+00  7.13519210410638930E-01
  3.39481361119070080E-01  1.95952111277102790E+01  2.79571702062195800E+01
  3.83181557852844270E-01  1.28503379202516750E+01  1.48740133028053880E+01
  6.75156127532392600E-01  1.05054879856158990E+01  2.01663661140512290E+01
  2.73281005279713530E-01  1.33508167953568310E+01  1.89538374472723920E+01
  6.65634982039605120E-01  2.22504797073591720E+01  1.09199989887415810E+01
  2.54824432159977790E-01  2.90980698160509160E+00  2.06578361775881700E+01
  2.84029264846615530E-01  1.78562503631519720E+01  1.90856138261944470E+01
  4.62836237406567810E-01  1.00916181027253040E+01  8.10912954324140500E+00
  3.33973424357718240E-01  8.62877429316585950E+00  2.26383161139363980E+01
  4.91872428060923640E-01  1.86396994344862410E+00  9.28102483723028730E+00
  5.52490392167627680E-01  1.27855589889817230E+01  1.75466122780356350E+01
  5.39466591144820300E-01  7.48932213666581510E+00  1.18873755247316490E+01
  5.65219172841477580E-01  1.47981877450934130E+01  6.79586959292091030E+00
  3.53776024442120150E-01  2.57300012802759830E+00  2.85407340830077630E+01
  5.54611473665029210E-01  1.46012215195190040E+01  8.70208805684450760E+00
  4.81368497469048420E-01  6.66826618687971350E+00  1.50227881988450490E+01
  2.84672167568555990E-01  2.55643146430818600E+00  4.67925670053373640E+00
  3.06898385793053400E-01  1.69149134839409960E+01  2.15882363138424830E+01
  4.49954956992444630E-01  4.98260151236217920E+00  2.60002023396522010E+01
  5.88686278844574580E-01  1.41362107759845550E+01  1.76325637426749290E+01
  4.36315933331792570E-01  7.13589035066939560E+00  1.95953491280496050E+01
  5.46155746035104350E-01  2.62700078269239480E+01  2.65109640618756370E+01
  4.11346310528290360E-01  2.66550242946030420E+01  2.15701026525417060E+01
  7.44650008855257360E-01  3.30375310693788650E+00  1.67384375777800900E+01
  4.68162992243922280E-01  2.10568004266156450E+01  1.38619412469658680E+01
  7.11073931023246340E-01  1.13097281438775020E+00  2.45655839362265240E+01
  3.02034441597155470E-01  8.50438282769069790E+00  8.87610372167327630E+00
  5.12509616084684260E-01  5.75312848967452690E+00  2.92456179365462110E+01
  3.40422717275118370E-01  9.85676834086113910E+00  2.09447000450097780E+01
  6.65634982039605120E-01  2.51739475284164050E+00  2.43353352411092060E+01
  3.75295693565172690E-01  2.96445223592730330E+01  1.39154359722424110E+01
  4.75626642073745920E-01  2.05698476066313060E+01  1.20228496473234260E+01
  4.72038094207023740E-01  7.81514877350932660E+00  1.35819764460979930E+01
  4.29902962432020440E-01  2.76901826099368510E+01  1.46216383467696160E+01
  5.68910711623079470E-01  2.22506810014181330E+01  2.25660288668092650E+01
  3.07263188066738420E-01  2.32166189018624960E+01  2.66574296629697010E+01
  6.10911033360540580E-01  1.03670640922447390E+01  5.83959173114749320E-01
  3.43353541919950760E-01  9.54313468807482050E+00  1.52329976329511660E+01
  3.15231116497538320E-01  2.17632374804962150E+01  1.25780644938654670E+01
  3.78068289465320630E-01  1.78440635339917580E+01  2.78374804602189310E+01
  2.54824432159977790E-01  1.16063526141303100E+01  7.92231470088904380E+00
  5.44558358435121190E-01  2.07296373859680080E+01  5.65854678160053480E+00
  3.56000803327192820E-01  1.13324706994500930E+01  5.37992625325465210E-01
  3.13454063710418570E-01  5.83497900214436620E+00  1.87950954701743140E+01
  6.12591031919131530E-01  1.20880032421862570E+01  7.20236701486798390E+00
  6.47236078597052340E-01  2.92996383300764190E+01  2.45844878533747320E+01
  2.65726189967390210E-01  6.44574823935098350E+00  1.57337182942813880E+01
  2.96653470797716330E-01  2.44403236108398050E+01  1.75251218975404480E+01
  3.45648959319623030E-01  2.02684756523821720E+00  2.81054685824839900E+01
  3.13454063710418570E-01  2.34038406617971080E+01  1.23382641213892090E+01
  3.39073066583844400E-01  6.39899210190180770E+00  6.98468930748352080E+00
  2.96256570285591500E-01  1.78465026859941670E+01  2.71656020664740050E+01
  4.19081387041561550E-01  1.25311309272267020E+01  2.64753937616332900E+00
  7.08391389715138510E-01  9.02355176027240090E-01  2.95310571390829930E+01
  7.16035261746952050E-01  1.35491027675898280E+01  2.57552044704643740E+01
  4.43133439323318520E-01  2.57417493630021500E+01  1.57839313803761460E+01
  2.73281005279713530E-01  1.37413523216521760E+00  3.78044403372003580E+00
  3.35017483125717060E-01  1.85928040117295020E+01  1.25894131963182030E+01
  5.09222041678605210E-01  2.28671764892839050E+00  2.24127499210962140E+01
  4.27719079604653450E-01  2.46205561184187080E+01  2.10613920333085960E+01
  5.81299825206354370E-01  7.39814778294345390E+00  2.72177167077668540E+01
  5.46155746035104350E-01  6.96537296192131360E+00  6.30600965381828700E+00
  3.05466220251299840E-01  1.77860818746889070E+01  1.07969667458500740E+01
  3.11838068626578210E-01  8.58108206140283340E+00  7.29481944477155420E+00
  6.27423008989955560E-01  2.37506268314234350E+01  2.38502599874393690E+01
  7.12424816007452400E-01  1.90608812702600010E+01  2.01728943011013090E+01
  4.41140732643827070E-01  4.21141130201335300E+00  2.55561435463529460E+01
  3.80273533482480450E-01  7.36264215007746080E+00  1.28604982452552650E+01
  3.29796701345061780E-01  2.95641376329372140E+01  2.94106908377083870E+01
  4.15252526658189590E-01  1.48269462150128020E+01  1.17130106342802400E+01
  2.59062449636064510E-01  1.51548900507505100E+01  2.55887997192731190E+01
  6.18419083689772810E-01  2.32318936688219720E+00  2.62281504307299830E+01
  5.04213456464067280E-01  1.25817075313995750E+01  1.85827483567704310E+01
  3.48156346672602490E-01  1.79947660860230800E+01  1.22595880118036980E+01
  2.89042915761794110E-01  2.61520957689173560E+01  5.15430551585275150E+00
  3.05466220251299840E-01  2.64624869136320020E+01  2.47024538895465470E+01
  6.49919166153384610E-01  1.68640092074182170E+01  2.06333484012639800E+01
  6.14379095469630790E-01  5.68800116209239360E+00  1.45390109454304210E+01
  7.00411917450214720E-01  2.73804692901795730E+01  2.75171449310167440E+00
  5.69344335137112000E-01  1.19560386614754710E+01  1.45555441355025190E+01
  2.57564851167384970E-01  1.26162736392746840E+01  1.62940493152209350E+01
  4.13050329149462850E-01  5.80940016357520510E+00  1.29848577937390890E+01
  6.18419083689772810E-01  9.35262682919911370E+00  2.32587883997197020E+01
  4.26523982883737140E-01  9.42699684396263390E+00  6.01879511347736870E+00
  3.78209123272245940E-01  1.38762469974389370E-01  2.03989700064314410E+01
  2.63055759251188670E-01  1.15826981810005570E+01  1.62652007404076680E+00
  5.00274833943758600E-01  1.65643087547318720E+01  8.57866269935923850E+00
  6.01687927537542500E-01  2.35066583451161330E+01  8.80051332703566480E+00
  4.86073626967704090E-01  3.56228669457143710E+00  6.71579141768882250E+00
  7.62474117278193650E-01  1.11452249342767400E+01  1.64014611435019300E+01
  4.87886881528419990E-01  7.32076502329421960E+00  4.94797973432535980E+00
  2.99038091422116640E-01  2.35599248497800350E+01  2.14424264106517140E+00
  3.50974061745161330E-01  1.07483265507259670E+01  2.83656380532131890E+01
  6.10572080928614460E-01  2.31796529083677110E+01  2.07936208624000680E+01
  3.01731430220296380E-01  1.53985051630751870E+01  1.59580111761880300E+01
  2.59062449636064510E-01  2.60679990370696080E+01  2.12469095946545820E+01
  6.99477888048091770E-01  2.86199871190264010E+01  1.08453208356514280E+00
  4.41666133880560000E-01  1.40153208226620390E+01  1.33072973523323640E+01
  6.86210935380316480E-01  6.66151807886487290E+00  1.36786514104144440E+01
  5.27425300578987690E-01  1.08550645911502230E+01  9.31194106841622830E+00
  7.54505484792745040E-01  1.53484629342178120E+00  5.02363716946557840E+00
  4.11696508529454960E-01  1.71398415799268060E+01  1.04872703160104660E+01
  6.26517897412854200E-01  1.10968591443620370E+01  2.92778816738773170E+01
  5.72142532162989690E-01  2.87452945804899760E+01  2.56704848319412450E+01
  3.47451934045076260E-01  7.45645818914117340E+00  2.62379698892618870E+01
  2.57564851167384970E-01  8.46714346008623760E+00  2.87081211751070460E+01
  5.33859136323620030E-01  1.89103113840808310E+01  1.72329381776739400E+01
  2.69169509893181310E-01  1.10947229448224970E+01  5.84817240495217040E+00
  4.24351701398837560E-01  9.39494956973345020E-01  2.21193985052083660E+01
  3.11762329988951370E-01  1.48641600224389180E+01  2.10779754396126680E+01
  3.50974061745161330E-01  1.28387177022787890E+01  3.86477617412591280E+00
  2.66929568161810020E-01  2.01006105382065350E+01  1.60709353914089380E+01
  7.20816873845379820E-01  1.24641098483510060E+01  2.66941199092628100E+01
  4.22201084465533680E-01  2.41432755894359160E+01  2.69691532128017070E+01
  3.09209541844886400E-01  2.14968842239430770E+01  2.63098801801784440E+00
  2.62213147743524950E-01  1.48826582069485620E+01  1.88399808114084020E+01
  7.60411681679863700E-01  2.04756950945313890E+01  2.86160276869695810E+01
  6.67521681419926690E-01  1.60394786555042470E+01  1.26144502046258110E+01
  4.37954134865551840E-01  1.75262045123466450E+01  1.78504905862117980E+01
  7.16654247500547470E-01  1.52577346141610590E+01  2.21290166964524350E+01
  7.12424816007452400E-01  2.46681857915169540E+01  9.41093125330950640E+00
  3.61198882346046800E-01  5.98169465349739490E+00  1.70754376814392400E+01
  3.82245446386266610E-01  1.53315694610248830E+00  2.86421527836828670E+01
  3.58737518624021320E-01  8.63893435983004390E+00  2.03564577622097930E+01
  5.81547682683179710E-01  1.08102216254975390E+01  1.44655884128840860E+01
  4.21963532045373490E-01  2.67388537239948400E+01  1.33622998600635830E+01
  3.12648490279368120E-01  1.39446876565555210E+01  6.99933293184351070E+00
  3.25036994184950640E-01  1.00094300140549420E+01  1.57102428903372130E+01
  3.83290088603488770E-01  1.26862268084744410E+00  1.08674228892273900E+01
  2.93443024193560210E-01  2.53218426294364960E+01  1.02081202185908480E+01
  2.66929568161810020E-01  2.87064267554900710E+01  2.82571495766580090E+01
  2.99038091422116640E-01  8.87117210157212990E+00  6.75859014141681410E+00
  6.00040109246873770E-01  1.51245394929359610E+01  1.88556487678350850E+00
  7.14535578675763720E-01  1.82096296218417990E+01  5.58588685754989990E+00
  3.06898385793053400E-01  2.09016533795175050E+01  2.46294949811551780E+00
  3.45648959319623030E-01  1.66016107816292230E+01  1.90822167464434640E+01
  3.87046365911375680E-01  1.43239487451883550E+01  2.15433705537911710E+01
  6.56539952722306990E-01  1.50682442891315220E+01  9.81681858087820910E+00
  5.07436062422724900E-01  1.77853205995789380E+01  6.73174247673960480E+00
  7.39270392714900380E-01  7.91883253525820320E+00  1.87205562888898240E+01
  5.38024295323284910E-01  1.93535405968235850E+01  1.82082642087799760E+01
  7.33199636544987770E-01  2.32849607899330170E+01  1.94551615433393650E+01
  6.31923671661538840E-01  2.49467192925580080E+01  2.20673798802491530E+01
  5.72951670348821020E-01  2.36455636753169930E+01  1.71741337711872220E+01
  6.40456937776772590E-01  2.14027405253236760E+01  4.68495450825755720E+00
  4.77241894706072770E-01  1.74652121721977770E+01  2.64948398357961710E+01
  7.64764367446448820E-01  9.50859994898000420E+00  1.41256041390687290E+01
  7.16535845940979770E-01  1.77375412515199220E+01  1.53044197155908040E+01
  3.10705613459761840E-01  9.64120544740837460E+00  1.15159343071842920E+00
  3.89901968262705180E-01  2.39663360711134140E+01  2.15518003569407380E+01
  7.15011499502423580E-01  2.91011067830724880E+01  5.76052425283263860E+00
  7.60297905848187840E-01  2.46531280060037370E+01  2.49027088623175280E+01
  2.65726189967390210E-01  1.51648387887514470E+00  2.24978733553621880E+01
  4.53492046339069340E-01  8.08495866834898360E+00  6.71281691833696390E+00
  5.18725390566230620E-01  1.96053629399833050E+01  9.87330781018231820E+00
  4.24020504903543660E-01  1.85977879514130780E+01  1.39036949361212690E-01
  5.17634268500846420E-01  3.84265709937918450E+00  1.55982192685967200E+01
  4.54567147313974470E-01  7.95311366234671540E+00  2.22055981962660600E+01
  3.65965634987757580E-01  3.61658596554782720E-01  1.55397997467460880E+01
  2.96256570285591500E-01  5.72819806161688040E+00  2.54391004212803470E+01
  5.50543265074639000E-01  2.71788325979917110E+01  2.89369305429786440E+01
  4.46540105696671490E-01  4.47610474032109810E+00  6.29555877204647450E+00
  6.47236078597052340E-01  1.33538855354670480E+01  1.57702321955487830E+01
  4.82769235883485770E-01  2.92402920055775230E+01  3.30503202468844260E+00
  2.97529618718302210E-01  1.83875419157118320E+01  2.29409309781775190E+01
  4.13811620468168510E-01  4.94187051773228530E+00  2.96893804107173760E+01
  4.87785457169642190E-01  1.88310642795994630E+01  2.35880387744763700E+01
  3.41778742319800830E-01  1.30804636922129040E+01  1.95099622854357580E+01
  4.05793634226126800E-01  1.71404991089131580E+01  5.91398068274758510E+00
  7.14516279726398110E-01  1.55339474691553680E+01  7.84279038571523830E+00
  3.71799304162545760E-01  1.78398382807817770E+01  1.01221236193127190E+01
  5.77820253962530560E-01  1.09237678639382450E+01  7.44764867412940750E+00
  4.75626642073745920E-01  2.45605236011106990E+01  1.56284486111420230E+01
  5.46562010559427060E-01  1.27247774270281690E+01  1.37468107438713180E+01
  3.29506256422424390E-01  8.61161991957666300E+00  1.34996654065975330E+01
  2.62213147743524950E-01  1.73850194588584050E+01  1.39662626995347010E+01
  3.63105686475124490E-01  3.87963403651299910E-01  1.97014237031510220E+01
  7.08391389715138510E-01  1.96084758052321250E+01  1.13318460067045380E+01
  4.26578460793149810E-01  1.98696194040783250E+01  5.20943876300935750E+00
  6.08873319065221350E-01  9.61954397490289100E+00  2.20626276544332640E+01
  5.39466591144820300E-01  4.57489235831200420E+00  1.48369508924424430E+01
  4.66553963192992600E-01  5.12112260651632130E+00  1.56971653533622480E+01
  4.82771447840326400E-01  2.70293568988446790E+01  2.72045177987016980E+01
  5.13004586318856950E-01  1.50518959872875960E+01  3.99475639661928470E+00
  3.17084428049163950E-01  2.16708174084869150E+01  2.80671533873475030E+01
  3.50974061745161330E-01  5.17316054396898380E+00  5.85423373611838030E+00
  3.82382183723224410E-01  2.24394452599931830E+00  1.84255610168074780E+01
  3.77759649416993960E-01  8.42291542255163610E+00  2.10072368571864840E-01
  5.74203886104520670E-01  2.48552155848477940E+01  2.35572774135362910E+00
  4.11346310528290360E-01  1.84138324381508590E+01  8.44141060175588720E+00
  5.06367095649294540E-01  2.68415727770737970E+01  1.83344212431974610E+01
  6.01687927537542500E-01  1.81936333548546610E+01  1.08005716333203400E+00
  2.49794182180603610E-01  2.75224859942794990E+01  2.51802450826752950E+01
  6.11481049571092420E-01  3.04323090836338440E+00  1.30110618307229730E+01
  5.03927515451986880E-01  1.40449503876569890E+00  1.17441385488124780E+01
  6.35485889077753010E-01  4.77441611553882340E+00  2.05256372201186910E+00
  2.99038091422116640E-01  1.10714548032031580E+01  1.88268737346902990E+00
  4.22541054278063120E-01  6.81891433844363440E+00  2.80617259176368100E+01
  3.05466220251299840E-01  4.38041589497586070E+00  4.44022639214074210E-01
  2.62213147743524950E-01  1.88447024215366170E+01  9.69716390364679090E+00
  3.61769499680632390E-01  5.75039853304683300E+00  2.25180540398474840E+00
  2.47647088603063280E-01  4.94600463437864950E+00  1.41047741415108640E+01
  3.11155895623034430E-01  1.35696270628716110E+01  2.43162489955689500E+00
  2.66929568161810020E-01  1.16643799135981960E+01  1.25917352067564820E+01
  6.90395435464654740E-01  3.60185464252731880E+00  2.00168280018863600E+01
  2.96503602823160150E-01  1.25567881380875580E+01  2.13720886279858360E+01
  6.57722721512726150E-01  2.18248632529309180E+01  2.90468721342577290E+01
  7.24777883420223110E-01  3.26248350666166020E-01  1.67118086666488710E+01
  5.48279863025970290E-01  1.54207859181499620E+01  5.87549352299412760E+00
  6.40748513009616880E-01  1.06840563487050930E+00  7.58827785670196060E+00
  2.56092450391898300E-01  1.25486266933002040E+01  3.33003364952892330E+00
  7.17499092254363010E-01  2.50509009636904810E+01  1.67155581628670160E+01
  4.66141488621800890E-01  2.86717198334358020E+01  1.84810503929003750E+01
  6.33759023001558490E-01  2.34964174190798400E+01  1.13960825854042300E+01
  5.48279863025970290E-01  2.41560641304676690E+01  7.04428304177099650E+00
  4.19081387041561550E-01  1.65246739353672960E+01  1.46467634210381360E+01
  5.70902198024309190E-01  1.46339949621321280E+01  2.96638702711632120E+01
  3.17950877609215300E-01  7.47965233415626510E+00  3.13051044262512250E+00
  5.96963967672292380E-01  2.86560788360392670E+01  9.86760464884110530E+00
  6.18832453479690690E-01  2.59694038014354650E+01  1.90403988860682850E+01
  2.63339374245984010E-01  7.56578114158197400E+00  1.19421094882732120E+00
  3.55036581058269410E-01  8.65608149606191370E+00  6.14214423608422690E+00
  5.84913004272127690E-01  2.40274319884069310E+01  1.83667711820431520E+01
  5.77235448209733180E-01  4.23288358297271920E+00  2.89986508117715720E+01
  5.01105313190319460E-01  1.05069421667274670E+00  9.87636498540454430E+00
  3.83598938984435380E-01  1.94772764797102770E+01  5.91802841297283240E+00
  5.98360795606824340E-01  3.10965620764549120E+00  2.93715185070081050E+01
  3.41778742319800830E-01  5.07473790718533380E-01  2.73183757928153280E+01
  3.29796701345061780E-01  2.50331244689690100E+01  1.23346035203326600E+01
  3.84420431658369740E-01  1.22206134936639150E+01  1.67994615266250200E+01
  4.91872428060923640E-01  2.15140721890409770E+01  1.18126849925358110E+01
  2.93443024193560210E-01  8.68405778557603370E+00  2.92841965661705640E+01
  5.81299825206354370E-01  3.38608661750587770E+00  7.87039744167681480E+00
  5.68243553274813350E-01  1.14944976852254770E+01  4.44287468999175590E+00
  5.39001667068871980E-01  2.15160171572892520E+01  2.65104625120392290E+01
  7.01587183784351610E-01  3.25115644293949040E-01  2.57248266698407980E+01
  4.45239477383046460E-01  2.03474006984550860E+01  2.30104438689034860E+01
  5.39001667068871980E-01  1.90036610406369700E+01  2.95407560378836640E+00
  2.86134314477376340E-01  1.22126308288289170E+01  3.98044019499880350E+00
  7.70254277643880240E-01  2.80471364803555900E+01  6.80615428258892760E+00
  3.45648959319623030E-01  1.26950350669587330E+00  2.14245254722088450E+01
  3.39481361119070080E-01  1.84759997696907590E+01  2.10471393351339740E+01
  3.04461637453634990E-01  2.71317061674643870E+01  7.36896051751862210E+00
  5.20369884994360540E-01  6.64406480896133280E+00  3.19614277557048880E+00
  2.65726189967390210E-01  2.64757298824601150E+01  2.09181389587557940E+01
  6.26908127420837150E-01  8.22978491294977130E+00  2.52742386819000200E+01
  3.48480710258510130E-01  1.90163811353894160E+00  1.80011491812791750E-01
  2.96653470797716330E-01  2.69921239839199960E+01  2.49870140075243230E+01
  6.31923671661538840E-01  8.39090162756582810E+00  2.65212974957961760E+01
  4.09705559579089850E-01  1.74188797300981730E+01  7.57241044222250180E+00
  6.72499163702481620E-01  4.11463522021889450E+00  1.37158501912584200E+01
  2.84029264846615530E-01  1.01159518901030640E+01  1.49804674091181380E+01
  5.34631033075580400E-01  7.00578110391930940E+00  6.27398880916469890E-01
  6.17076625982510940E-01  2.33035154384841160E+01  2.75775612380906170E+01
  6.55074006360275090E-01  6.91381523193363720E+00  2.91351479560456570E+01
  5.46562010559427060E-01  2.20422202033387330E+01  1.91554795451805010E+01
  5.17626013175185660E-01  1.40563121483432490E+01  2.24058177105868590E+01
  5.82207618145930890E-01  1.21594288371990040E+01  1.95817792707006430E+01
  5.98268629341587580E-01  2.14151090989759090E+00  1.60697563147018200E+01
  5.34553382826858140E-01  2.59603874523077240E+01  1.27963089927229600E+01
  3.76753951196820710E-01  1.65145962335272390E+01  2.48095974218982500E+01
  7.52518120402026810E-01  1.70793342493655870E+01  1.16488479477112910E+01
  4.81368497469048420E-01  5.08144537991559540E+00  1.90474928441875660E+01
  6.47413426355271770E-01  1.70654580411280390E+01  5.48067051221199280E-01
  3.05466220251299840E-01  7.92909237733745180E+00  2.43931294993585720E+01
  4.46689977500956030E-01  2.77882475339041650E+01  1.82606261034714810E+01
  6.18566685513849460E-01  2.88426556775805200E+01  4.44063294578858340E+00
  5.36592099856838090E-01  2.94270329788118520E+01  1.78237361578065080E+01
  5.09574347305064630E-01  4.03425048639745490E+00  1.18045424525073650E+00
  4.92328788949218680E-01  3.64847967767637150E+00  2.10411114071285300E+00
  4.83351594707823830E-01  1.04237872259196460E+01  1.74155622645039930E+01
  4.40650972415989980E-01  9.83865423924031290E+00  2.41983244779609240E+01
  6.10911033360540580E-01  2.00169958639406570E+01  1.69442575703580190E+01
  4.34172467284937990E-01  1.01027375896980570E+01  2.79214332546214480E+01
  7.03188417218805210E-01  2.23019303508340380E+01  3.68852568777596450E+00
  2.92799561075502800E-01  2.66693482408604550E+01  5.51730382199740980E+00
  5.68243553274813350E-01  1.10821424612056810E+01  2.51973738951583210E+01
  4.60682082706054620E-01  1.23663520549738500E+01  1.27995173513588390E+01
  6.41715074739605920E-01  5.43528325300292360E+00  6.80944722303121350E+00
  4.55206736325743130E-01  5.95497396811782930E+00  1.62594776183514540E+01
  4.22201084465533680E-01  2.26887557123365370E+01  1.48727188769759020E+01
  3.63079661055833470E-01  1.81056321311411030E+01  1.96816715251271820E+01
  2.63055759251188670E-01  7.59117456710490670E+00  6.90359180323874000E-02
  5.32877675645020420E-01  1.65997901265095320E+01  2.70131360013122620E+01
  5.77235448209733180E-01  2.25340305653888140E+01  1.21293384430884540E+01
  4.09775903561979240E-01  1.64201741790790020E+01  2.94052741337740640E+01
  6.93187364831086050E-01  1.94255256655827820E+01  7.87199668350655820E+00
  4.30054269381220950E-01  1.61924021922043690E-01  7.02424691051400260E-01
  5.07436062422724900E-01  2.33351948238047480E+01  7.70593693160218240E+00
  2.49948351789403130E-01  1.13860595583885740E+01  1.98861891732194030E+01
  3.16022212934137680E-01  1.10824119762156010E+01  1.26116795815631890E+01
  4.72818350263822220E-01  1.01701140029902570E+01  2.88729772394284720E+00
  4.46689977500956030E-01  8.95355470496013340E+00  1.69938640245590770E+01
  4.74581552528920360E-01  2.53141603662135210E+01  2.61533478800929980E+01
  4.86590143357422540E-01  2.68634732827423050E+00  2.28912531922457460E+00
  2.73281005279713530E-01  2.59491857438207170E+01  2.57576021370818500E+01
  5.20515140446715560E-01  2.73085072418616800E+01  1.74214670377567770E+01
  4.13811620468168510E-01  2.63803046989960170E+01  2.82341086233278240E+01
  3.81419328643079860E-01  2.03856880028497010E+01  4.58790660415153710E+00
  4.05593309893122810E-01  1.49210987827746920E+01  1.08976541675823190E+01
  5.85380732291966590E-01  8.99292498479785610E-01  8.80169713681514130E+00
  4.06599624824484800E-01  2.39475608387141680E+01  2.23481579593500260E+01
  6.40456937776772590E-01  2.03300017880769630E+01  2.65707315596556060E+01
  4.75626642073745920E-01  2.20608467375997710E+01  2.73654744643414990E+01
  5.09222041678605210E-01  1.39377468789577870E+01  9.53273827226035310E+00
  5.77820253962530560E-01  1.37373629789634870E+01  4.09867983927047330E+00
  3.80273533482480450E-01  1.08810158738918510E+01  8.40470252701129890E+00
  5.01406606281285510E-01  1.04088484069566980E+01  1.83981940471100100E+01
  3.59079136884617700E-01  5.70856714611465050E-01  1.05895222255476840E+01
  5.94092381958372510E-01  2.33302392031164410E+00  1.26809458196716900E+00
  2.54611020839302520E-01  9.71730008441311810E+00  1.27941434906126370E+01
  4.99223721401470310E-01  1.81830505790693910E+01  9.32183145707450930E+00
  2.54611020839302520E-01  2.51833942212372410E+00  3.33714327726313180E+00
  3.20574425314766210E-01  2.31234635250567320E+01  5.11978805331452860E+00
  2.85767805251094040E-01  2.01266481669282520E+01  1.04847916752624340E+01
  2.54611020839302520E-01  1.51799643143799020E+01  1.22816459401344920E+01
  4.12246671516209600E-01  5.67089458907942050E-01  1.29699112679286990E+01
  4.41298336829792340E-01  2.01519177082864470E+01  1.97984602235780860E+01
  7.09985914168247060E-01  1.63907101996643160E+01  1.57658589078835140E+01
  6.80956647410425740E-01  1.31930011451790910E+01  1.04601693649452940E+01
  4.75338540515479570E-01  2.56209342728873390E+01  3.92829155587388530E+00
  7.49588614928249000E-01  7.28767910487314820E+00  7.61174218173031840E+00
  4.74033319401206570E-01  1.84521946587987490E+01  2.66916886941897750E+01
  5.20515140446715560E-01  2.20014278062826030E+01  2.36232473198645820E+01
  5.48131117613959250E-01  2.59550121140504400E+01  2.90954072925935310E+01
  3.46733456860136300E-01  1.54798272993909280E+01  8.90217436433745490E+00
  6.97384645011991290E-01  2.58342072601006020E+01  1.40213409901744410E+01
  3.78209123272245940E-01  2.77033889300440600E+01  1.00713907834115110E+01
  3.82382183723224410E-01  1.34131729903586740E+01  1.82790540148562250E+01
  4.46537248270915300E-01  1.02624628917809830E+01  2.57946583479856560E+01
  6.08690451339190200E-01  1.06641568915247810E+01  2.14396175722428880E+01
  2.59062449636064510E-01  2.86131178449661440E+01  2.77404681175135930E+01
  4.43756654693070110E-01  5.64937988989240480E+00  2.30677593382846880E+01
  3.18942867500738640E-01  9.44990145606475810E+00  4.58350918192051360E+00
  7.16535845940979770E-01  6.00450399944301160E+00  1.98096925866141300E+01
  4.62836237406567810E-01  1.82909710828982030E+01  7.57645085504849810E+00
  6.97384645011991290E-01  1.19067551821974610E+01  9.97033282562888880E+00
  2.47647088603063280E-01  2.37284284276171530E+01  2.64432377993396410E+01
  4.05793634226126800E-01  8.33865799611462500E+00  2.33983635022904720E+01
  5.37364664263313330E-01  2.76323155977574080E+01  8.04510446712819770E+00
  5.72881440675418570E-01  2.76277302476071080E+01  1.18028028772133290E+01
  5.04213456464067280E-01  4.53609293804135930E+00  5.28570757398170520E+00
  3.86557871019070410E-01  5.23423730559505620E+00  1.35400889352962730E+01
  5.62178328188990490E-01  1.90360517072016400E+01  2.58372883749224160E+01
  6.41715074739605920E-01  5.18739802269195050E+00  2.82406893489724600E+01
  4.54567147313974470E-01  2.44619961858667030E+01  2.30374837427573770E+01
  3.97011970696729720E-01  2.26706954066292250E+01  5.67489898389514470E+00
  3.99477862283745790E-01  5.74272838650383830E+00  1.49099818231674350E+00
  5.15931587153482510E-01  1.57266923066751140E+01  2.75930214164439000E+01
  5.98026541173087530E-01  2.93560708787817570E+01  2.23705746228183390E+01
  5.94917806945655060E-01  6.44697337401238180E+00  1.14432363876255550E+01
  3.86557871019070410E-01  1.42572611376285250E+01  1.04681592999572430E+01
  5.52347772924787250E-01  8.78025097058111650E-01  1.39036889174658530E+01
  4.05793634226126800E-01  2.12956921821451320E+00  2.91555095862965710E+01
  4.66753989857397040E-01  1.61621450652085840E+01  1.97650410973751360E+01
  6.77666041374141330E-01  1.10903400617480090E+01  1.10757117972161230E+01
  3.23306573977224420E-01  1.21174652889954330E+01  6.26787597689496150E+00
  6.88340418185590860E-01  2.33590008032691930E+01  1.00816154915509130E+01
  4.11696508529454960E-01  1.34661895246472840E+01  5.16238413103950400E+00
  4.03052389307286420E-01  1.55837000743542990E+01  4.85074095644754340E+00
  2.97529618718302210E-01  1.39464468306871350E+01  2.40431554957368550E+01
  3.13090147150790890E-01  1.12952103412274200E+00  1.25128335399355740E+01
  5.01435669612667030E-01  2.39082001395831010E+01  2.86450578055808340E+00
  5.26482748420329030E-01  2.10659572065004960E+01  2.74749821955285330E+01
  6.75156127532392600E-01  1.22624971505606840E+01  9.80869609083977420E-01
  7.20816873845379820E-01  1.48257002993290780E+01  1.98185066159228890E+01
  5.30006102735105960E-01  2.64496877509400790E+01  1.18518307333836660E+01
  3.43353541919950760E-01  8.68404815789439690E+00  2.18869674003952750E+01
  5.32877675645020420E-01  2.29608106859259880E+01  1.56838479746106980E+00
  6.44956217916396120E-01  1.16486009148826140E+01  3.24077710267230490E+00
  3.55036581058269410E-01  9.52332665805442250E+00  6.79388286809126550E+00
  4.30054269381220950E-01  5.31378169159255260E-01  1.20731972187200420E+01
  4.93734512940847830E-01  8.43504571361329700E+00  8.08553133485893480E+00
  3.42409596243210680E-01  3.50442294086120840E+00  2.34059249064992940E+01
  5.58952633370732950E-01  1.71240187234977160E+01  2.55182896655761410E+01
  4.49954956992444630E-01  2.82230698247819870E+01  2.47939248654994270E+01
  4.11346310528290360E-01  1.45623621665787840E+00  1.68090507177436340E+01
  4.72818350263822220E-01  1.67240062137780790E+01  2.95524974588551500E+00
  5.00672486592370710E-01  2.77696845877393840E+01  2.33247109441918000E+01
  4.15334611176110170E-01  3.63243491643687830E+00  1.46896836918374980E+01
  7.70254277643880240E-01  6.83093992724938910E+00  1.91980717372823800E+00
  5.32262962461145860E-01  8.75230020656807820E+00  2.42398341226911180E+01
  4.01880163826280960E-01  2.98006001015046000E+00  4.07263010588748830E+00
  7.41720708060832300E-01  1.78077535322800560E+01  2.36408421978205840E+00
  3.01674668393272730E-01  2.78658330378459100E+01  2.56152315804066040E+01
  2.66929568161810020E-01  1.73150258997635970E+01  2.74007731678796950E+01
  4.15334611176110170E-01  5.58530545017522330E+00  2.10293431110221150E+01
  5.20369884994360540E-01  2.31263946268461280E+01  2.19211640121829380E+01
  2.84672167568555990E-01  2.14890427830988710E+01  1.00831529817079830E+01
  5.18912146576496980E-01  9.01497379190519150E+00  2.55261890071486700E+00
  3.90540239164096370E-01  1.66280847356596450E+01  7.69187077106276980E+00
  3.63079661055833470E-01  1.57664579995186550E+01  1.76544768542227220E+01
  4.73113776075054650E-01  2.20331190428065680E+01  1.42632372132291820E+01
  5.55687039951364880E-01  2.61294959661653860E+01  2.64659951762438620E+00
  6.97384645011991290E-01  2.48356521380577680E+01  2.85528677561215540E+01
  3.54092873053847420E-01  2.01558739091832670E+01  2.75491693479884850E+01
  7.37991961479508610E-01  2.24885129263842170E+01  6.79441418053792210E+00
  5.10790949981952740E-01  2.84442154936811740E+00  1.90861578618396170E+01
  7.03918080384424090E-01  1.45989618857594130E+01  2.48026960507260520E+01
  2.69326463995374250E-01  2.17381068045999230E+01  1.35822632682784190E+01
  5.39922025342825940E-01  4.20178549624256270E+00  1.76562461380533480E+01
  5.39922025342825940E-01  1.99837847511457060E+00  1.03034135602541500E+01
  3.52682444144397330E-01  5.67071401479490070E+00  8.06019570029886800E+00
  3.17084428049163950E-01  4.49705135350101860E+00  1.61824541391192620E+01
  3.92511582998476170E-01  2.93062129930413850E+01  2.43410721854028860E+00
  2.92799561075502800E-01  1.81557713050825700E+01  2.84290045570239760E+01
  3.63105686475124490E-01  2.20993823450696000E+01  2.52532941217366230E+01
  3.25036994184950640E-01  3.82152177564877040E+00  1.24901689646632350E+01
  5.70902198024309190E-01  1.49268539883705670E+01  2.68577959900092470E+01
  6.18138908065390960E-01  1.66754752875804300E+00  6.38754453869384520E+00
  3.10705613459761840E-01  2.60882501048944600E+01  4.55874906624181800E+00
  6.99092076263204730E-01  2.51605332921143410E+01  5.00695688832009190E+00
  4.40295189098215370E-01  2.13150267780323190E+01  2.29509304578545250E+01
  6.52034765531911640E-01  1.37504492568297700E+01  1.43669573591301470E+01
  5.12628979659419230E-01  5.78614256592656150E+00  2.65279393210635310E+01
  2.68569610726517900E-01  2.46537836125146010E-01  6.27486797880032300E+00
  4.41473589537221400E-01  7.91081467249127360E+00  9.32248076537419830E+00
  7.41623060643924430E-01  4.87792100120478620E+00  9.31913162469733790E+00
  2.49794182180603610E-01  2.30779879760889100E+01  2.84127898680271510E+01
  3.44856808658559500E-01  2.14306055000276420E+01  2.21644296479291260E+01
  6.83701617051292750E-01  1.90480830963010700E+01  2.88212357085834830E+01
  7.19599311285852310E-01  2.27506754582518020E+01  1.81065417115987340E+01
  6.67521681419926690E-01  2.01526709932621980E+01  6.72340540037289980E+00
  5.40946473112310590E-01  1.67375877620931630E+01  6.76860047238665530E+00
  3.83579206291793930E-01  2.59721328875510520E+01  6.91143324577348220E+00
  5.04339573614743570E-01  1.62334738930244850E+01  1.03574710651313000E+01
  6.35523375007872900E-01  1.96021049377698200E+01  2.14073892986197020E+01
  3.44905765886116280E-01  2.30016533553392510E+01  4.46661551700025150E+00
  2.65726189967390210E-01  2.60902706190820450E+01  1.81643660782313920E+01
  4.87785457169642190E-01  1.31031713000241850E+01  1.78359352489506340E+00
  3.71299762957800540E-01  2.40384895172658450E+01  1.63157911792462900E+01
  4.13811620468168510E-01  1.67928306708607170E+01  2.39865395502041250E+01
  5.69423614487483490E-01  3.55539910253714500E+00  4.85321014495788990E+00
  5.83429036676414100E-01  1.38720541129419140E+01  6.10660634366032350E+00
  5.30006102735105960E-01  1.33997266914368560E+01  2.15897029938494780E+01
  5.16710955738981780E-01  6.66405478419017250E+00  1.87680045524070600E+01
  2.65726189967390210E-01  1.63343941139962890E+00  2.19539552100382100E+01
  3.18942867500738640E-01  2.92391551093759650E+01  2.78029975727187350E-01
  3.23881608201221470E-01  1.28549867680002290E+00  1.31297748292925680E+01
  3.54092873053847420E-01  5.38765842038973110E+00  5.18391397012836470E+00
  5.12509616084684260E-01  7.98666346142122490E+00  2.47317176351450650E+00
  4.99223721401470310E-01  1.40041681664938110E+01  1.13158662462991110E+01
  2.56092450391898300E-01  2.03507458194456770E+01  8.08078769346821350E+00
  5.45765227979075810E-01  9.84813811217937030E+00  1.65645274690951400E+01
  6.94010183176834960E-01  8.95805304381518930E+00  9.76074084714159080E+00
  3.57201130995523370E-01  2.34650314590954990E+01  1.48108484622725850E+01
  5.25895496843049500E-01  1.56794133508490500E+01  1.67724284425572850E+01
  5.10790949981952740E-01  1.09492066276448320E+01  2.75048575157013390E+01
  4.89717368181109780E-01  2.79585147191924290E+01  2.81013408143685770E+01
  4.82769235883485770E-01  5.58129243016865130E+00  6.24093308549396400E-01
  6.93278360304079300E-01  1.28396629846840630E+01  2.81591015092614510E+01
  3.35017483125717060E-01  1.67892682378836970E+01  1.39417820584589160E+01
  3.26514001167033020E-01  7.31575239878731410E+00  2.03352187673447200E+01
  4.75880684447443510E-01  2.88352912026571210E+01  1.65158362523912460E+01
  4.22354771203238230E-01  1.46908367241653150E+01  9.61634851403774960E-01
  4.11966131227655820E-01  4.20434389614620140E+00  2.78629515918731490E+01
  7.30946391186454210E-01  3.37760347038696110E+00  2.70692046067038880E+01
  4.22201084465533680E-01  3.74512302783972920E+00  5.82628713062540090E+00
  5.15931587153482510E-01  1.86495910991364510E+01  1.89916501469127220E+01
  5.52347772924787250E-01  1.79375340789710200E+00  1.92439600861512830E+01
  2.49794182180603610E-01  1.73840164804494360E+01  1.42643034440422480E+00
  4.50103975287380020E-01  1.48192616957994600E+01  1.46295000979394190E+01
  3.61769499680632390E-01  2.16910422567187100E+01  1.83185959755577200E+01
  2.77147605524350650E-01  1.71976251861461300E+01  1.44711023433037700E+01
  7.64764367446448820E-01  1.67977376418503150E+01  2.82942549446351390E+01
  5.71326189973923350E-01  3.11510254567173870E+00  1.80392306490432790E+01
  4.07877171249442140E-01  7.98578738242100350E+00  2.92188629270592270E+01
  4.46540105696671490E-01  2.86028964594127760E+01  7.88817208203337560E+00
  5.07606992315717240E-01  3.39983550213983720E+00  2.83056522984768750E+01
  3.01731430220296380E-01  5.14768532057813650E+00  4.16379060711083500E+00
  4.32382463464541460E-01  1.81499259355416170E+00  8.35864946212889310E+00
  3.25762576013666160E-01  2.63636753470357700E+01  2.53255493530622150E+01
  6.24920360555607160E-01  5.92516124754062190E+00  2.20371788512082920E+01
  7.38532964590205680E-01  8.94163526208902230E+00  2.77730031794228580E+01
  3.92511582998476170E-01  1.29092698210703730E+01  2.35074494417173660E+01
  2.97561439636419770E-01  9.29640333325190230E+00  2.63205975962104690E+01
  3.46434506905438330E-01  2.46749392436163750E+01  2.75223891688494500E+01
  5.89502618647478990E-01  1.80390842046337280E+01  4.29591748945223720E+00
  3.32399546609116130E-01  1.45810157124082650E+01  2.87637329375695000E+01
  5.77649046292645880E-01  1.71233458585504260E+01  9.49929987147576500E+00
  4.31729360191427780E-01  2.64468573871489170E+01  2.30017830887513600E+01
  3.17950877609215300E-01  6.26458109739327270E+00  2.06961837376255180E-01
  4.75880684447443510E-01  1.32652776217743110E+01  3.15723226404477320E+00
  3.91816801400439550E-01  2.24049743686647280E+01  4.93217219414192340E+00
  2.50163292655703180E-01  2.15898503990661870E+01  1.98106351371880650E+01
  3.42074681651230290E-01  6.15312593080651830E+00  2.84905004659497150E+01
  3.50974061745161330E-01  9.25198907346165990E+00  1.13129857581481730E+01
  6.18566685513849460E-01  1.68244366821177710E+01  4.29990517839361170E+00
  3.24719866931951940E-01  8.84972860105569130E+00  1.07724115179615230E+01
  3.57201130995523370E-01  6.67845561049340920E-01  1.12987917933412570E+01
  3.13090147150790890E-01  6.87796611477809880E+00  1.06449603247649590E+01
  2.58355477869490890E-01  3.14233917166083910E+00  1.51506406325902350E+01
  4.83351594707823830E-01  1.72666853443109790E+01  1.95764797965910340E+01
  5.48463672908306780E-01  2.48810650158774140E+01  6.22242184275859600E+00
  4.24351701398837560E-01  1.99822974570953380E+01  2.55660183144189330E+01
  6.80557430527969220E-01  2.09403667565925710E+01  3.44893135057629200E+00
  3.73125396709624990E-01  6.55668053075962210E+00  5.48305349118903520E+00
  6.77808113742920780E-01  7.86542093054291590E+00  1.05889881717683030E+01
  7.67512613708393760E-01  9.72095883157654410E+00  2.90595566893008230E+01
  4.76544583128828500E-01  1.50769569877287190E+01  1.81302009998393880E+01
  6.97738347479756800E-01  2.77441167876703640E+01  5.37021566038798430E+00
  4.49545157175862540E-01  2.71027306032972250E+01  2.24132250477686700E+01
  6.25336422111717830E-01  1.11546063201876820E+01  2.63879260777310480E+01
  4.99487474973056500E-01  2.40396278162107310E+00  2.00995784327693090E+01
  6.67521681419926690E-01  2.83917504263190030E+01  1.54634509981197170E+01
  3.44170209092795430E-01  2.30489792595112920E+01  1.28914977499896770E+01
  4.01880163826280960E-01  9.36095446492546830E+00  4.77485237825671760E-01
  5.95035019805102560E-01  1.91991175313846760E+01  2.25697830625823390E+01
  5.20348764567513020E-01  2.28931253412951570E+01  2.61886282597781820E+00
  7.44845164893703690E-01  3.92576333005407140E+00  2.44060839804094630E+01
  6.94010688862415210E-01  1.33295638997371620E+00  1.50630133421418450E+01
  4.00156705760987560E-01  1.88213329178946400E+01  1.48030255497811080E+01
  6.57722721512726150E-01  2.73043822867618110E+01  2.05131137144211340E+01
  3.61198882346046800E-01  3.11660546023477950E+00  1.39800118514388010E+01
  6.07167866036927160E-01  9.03368618304030590E+00  1.94753122629260460E+01
  5.81677556670477180E-01  1.57714600489211700E+01  1.13963633065127820E+01
  3.17579752081870750E-01  2.67939464860522600E+01  1.26251001583141540E+01
  2.69169509893181310E-01  5.11691735028392450E+00  8.33931717223399360E+00
  5.36592099856838090E-01  1.30204997577989570E+01  2.25865163961294150E+01
  3.01799748246536660E-01  8.99044392034596030E+00  2.58060644021463150E+01
  4.05794678723965420E-01  1.14104078894416400E+01  6.44379200569287040E+00
  3.65995101567518470E-01  1.09290312969631240E+01  2.53154939392402060E+00
  3.39481361119070080E-01  1.50092054227645470E+01  1.73183952969140340E+01
  6.97384645011991290E-01  4.26675901082252370E-01  4.08915293706238450E+00
  6.82253548551889110E-01  1.56996173885184080E+01  1.39189533208540260E+01
  5.67035311113654220E-01  1.97666930842127150E+01  3.86951440985856100E+00
  6.47236078597052340E-01  2.30854528355539190E+01  1.38811438914103070E+01
  5.92513140571182980E-01  1.77803274058110890E+01  2.92292250174325080E+01
  4.71553509741754610E-01  1.07676396810107080E+01  5.18461280657473540E+00
  6.55885333720611730E-01  2.92335296471490660E+01  1.25143515697485590E+01
  2.83840017940612550E-01  2.90267690141556080E+00  2.19138124783181780E+01
  5.65219172841477580E-01  1.36280507272535130E+01  2.91391216565530480E+01
  3.48480710258510130E-01  1.88521770112204800E+01  3.82847766481512010E+00
  6.26908127420837150E-01  1.22651497649872210E+01  2.53618357580025030E+01
  2.62213147743524950E-01  1.65014104908912920E+01  1.34198955263436430E+01
  5.08737612195334600E-01  7.87524469906880760E+00  5.77451395936416390E+00
  4.59281804788439010E-01  2.75234081904078030E+01  2.16076570317800680E+01
  2.86550378078914000E-01  6.13860978806683550E+00  2.78621301928144400E+01
  2.99038091422116640E-01  1.12868379994272630E+01  1.20320375375755830E+01
  3.62493203924014780E-01  1.51446283257732350E+00  7.73861272834018710E-01
  5.64616421781660800E-01  2.60033126718859150E+01  2.39305975797174500E+01
  3.87533216804236250E-01  5.77620199157827320E+00  1.21594515834347130E+01
  3.90540239164096370E-01  1.20336531875456550E+01  2.88829923082936690E+01
  5.44640939783434240E-01  2.92709454333738680E+01  1.92927333996141640E+01
  3.84420431658369740E-01  1.36461591030233790E+01  2.32621241277892890E+01
  4.53492046339069340E-01  1.60981738857714230E+01  9.40944150222477660E+00
  6.38023782753992030E-01  2.08902964159865550E+01  2.39468831626431400E+01
  5.00672486592370710E-01  1.06169684637778660E+01  2.25478004577543130E+01
  6.08873319065221350E-01  1.93738742155312200E+01  8.18834365803948930E-01
  3.18942867500738640E-01  1.22339324597433130E+01  1.97327152985517870E+00
  2.65726189967390210E-01  1.72766685711888460E+01  1.61717912232539010E+01
  7.10410487391814980E-01  1.96325980503554090E+01  1.27494424094844200E+01
  4.66797018098134940E-01  6.87320322929440410E+00  1.63272993778577880E+01
  3.89889811574280460E-01  1.26650979467634510E+01  8.40837103868124030E+00
  2.92456502136063850E-01  1.89149958160151780E+01  1.20522619065487130E+01
  3.63079661055833470E-01  2.41280606005669680E+01  8.06363356638026830E+00
  4.13811620468168510E-01  2.13736633831337100E+01  1.91898572218065930E+00
  2.60417758313763680E-01  2.55159054096347480E+01  2.54469573480288890E+01
  4.41940562555082740E-01  2.54706605407035230E+01  2.08806396707995890E+01
  3.08418768867630710E-01  4.35083955041745350E+00  1.68214119449317290E+01
  3.04461637453634990E-01  6.05258820526837300E+00  7.52617830225129850E+00
  4.75626642073745920E-01  2.16761847008142750E+01  1.61797974156590600E+01
  4.19693779402500590E-01  1.32410188928673020E+01  1.29301444992915190E+01
  3.26514001167033020E-01  8.39274628852662550E+00  1.41628563730240580E+01
  3.55388479881239270E-01  3.43462682968243000E+00  2.53888595836547460E+01
  5.33859136323620030E-01  1.96957939386920770E+00  1.26144884253304190E+01
  3.39481361119070080E-01  2.69662849086364850E+01  2.35702805101115160E+01
  2.51153087880769550E-01  2.56784218207907140E+01  2.15747866120021920E+01
  4.21603844523193420E-01  2.24525150281779450E+01  2.81711654685047680E+01
  5.20348764567513020E-01  1.90707152847589400E+01  4.70284523533999630E+00
  6.86210935380316480E-01  1.47050137060960560E+01  2.34177259119990420E+01
  4.41140732643827070E-01  2.12581234375660310E+01  1.47466284788118550E+01
  6.26908127420837150E-01  1.55326118042947970E+01  2.88721278208272980E+01
  5.11871480770454750E-01  1.56767116161675110E+01  1.89155698602774190E+01
  4.70990686464341570E-01  2.82573312881750100E+01  1.39223808979738110E+01
  5.20369884994360540E-01  2.70640902553442830E+01  2.57999110755535740E+01
  3.04306421741581800E-01  2.49654716685864030E+01  1.89676982356722800E+01
  5.88333222664750720E-01  4.82845225410966710E+00  2.03711938812658780E+01
  6.64541222436485860E-01  4.81237262385576510E+00  1.25774440283908330E+01
  4.24351701398837560E-01  2.17721037518133040E+01  2.45379249780741060E+01
  5.55920758830291820E-01  2.77729646290526380E+01  9.12837685606338840E+00
  2.89042915761794110E-01  4.91884228245494360E+00  2.31252918371386330E+01
  2.47647088603063280E-01  9.57146252320583100E+00  2.58513472395137320E+01
  5.88686278844574580E-01  5.21070589630902250E-01  2.80682221134349690E+00
  3.53063097104977870E-01  2.10272627767477010E+01  1.23598451802382180E+00
  4.50600139601478670E-01  7.96521606349329230E+00  1.99090844628581540E+01
  6.65634982039605120E-01  2.11766299577385480E+01  7.67379445048331290E+00
  4.69750256464274060E-01  2.60394583176148480E+01  2.21986422110676360E+01
  6.13801455222646290E-01  3.61506033841824780E+00  2.24577743249380360E+01
  5.14582826754803690E-01  1.35686238434136830E+01  8.42782380871233450E+00
  3.81419328643079860E-01  1.14795675738860050E+01  2.83464905574536490E+01
  7.28196096543639280E-01  2.06171086262934760E+01  1.81387098211795180E+01
  7.33199636544987770E-01  1.64526329673981700E+01  1.78296270818319250E+00
  2.86550378078914000E-01  2.74012877995888040E+01  2.40190133830331550E+01
  2.52169786807371790E-01  1.55186272119590090E+01  1.06037991680528730E+01
  5.01406606281285510E-01  2.75722576216663700E+01  1.28744157540775120E+01
  4.18948713530687210E-01  8.11226077541192400E+00  4.50707867695652810E+00
  3.62620749938717070E-01  1.83555109053701880E+01  1.32442670244811250E+01
  3.15231116497538320E-01  4.51880788200485210E+00  2.26723905730974590E+01
  2.83840017940612550E-01  2.26809147332997550E+01  2.69291101140561120E+01
  4.72199721516180480E-01  2.69497749277044530E+01  6.22805189313242020E+00
  4.41666133880560000E-01  2.19412609242335850E+01  1.53031370751441090E+01
  3.39073066583844400E-01  5.90285708100644780E+00  1.54673895521078870E+01
  2.54831192030272870E-01  2.83631923013572620E+01  8.54731064193225090E+00
  6.65634982039605120E-01  1.73479368269889880E+01  1.30401954613581350E+01
  2.69326463995374250E-01  2.02467338713105280E+01  1.90644531723054200E+01
  3.08418768867630710E-01  1.57890535735089110E+01  3.63654624168606940E+00
  5.63324676144028570E-01  1.59366141630137900E+01  2.32127409344886360E+01
  2.49794182180603610E-01  2.86293065929051680E+00  6.48913927100499780E+00
  6.44956217916396120E-01  2.24424951113259710E+00  2.12605097715175510E+01
  4.26043897269923290E-01  1.01794054737889590E+01  4.43260171768751740E+00
  7.44533748089133770E-01  1.18300346097723990E+01  2.21210830235251810E+01
  2.47647088603063280E-01  2.96861483076647450E+01  1.32951365126919420E+01
  3.47451934045076260E-01  4.88482545637766300E+00  1.07587270387837490E+00
  4.83182858574677270E-01  4.38851130768792870E+00  7.22113840571377710E+00
  5.38382388131525950E-01  2.61569339672509290E+01  2.01811412567624480E+01
  6.08690451339190200E-01  6.18543805949082510E+00  8.98282349217807590E+00
  3.93024383017402490E-01  2.31363163630703460E+01  2.90509830582118340E+01
  2.54611020839302520E-01  1.67465912960350350E+01  2.62394514095877330E+01
  6.82253548551889110E-01  1.57364063616508770E+01  5.63690044317454130E-01
  7.67665169660178040E-01  2.92553614077588260E+01  1.10922277324164660E+01
  3.95839252948554370E-01  2.21710087170783830E+01  2.05524949936927110E+00
  5.15379284759350490E-01  1.49238478899245810E+01  1.30074356660780810E+01
  5.09222041678605210E-01  2.68891370264366930E+01  9.72187623580767200E+00
  4.72038094207023740E-01  2.27287243478320060E+01  1.57652138558490120E+01
  6.64541222436485860E-01  1.45349320892270320E+01  5.05034537306484750E+00
  4.84167632717154460E-01  1.57304385808679310E+01  2.06118287769532280E+01
  5.39922025342825940E-01  1.81696424039317460E+01  1.41263621883850390E+01
  3.77759649416993960E-01  1.13467035298214970E+01  1.52793485152048930E+01
  5.06367095649294540E-01  1.87643278440621690E+01  1.04592482733440750E+01
  3.05466220251299840E-01  1.37184423668759300E+01  1.94017801991923200E+01
  7.55604472483241980E-01  2.84479414402392340E+01  2.92455013492761860E+01
  7.68548325332126940E-01  4.66447583059022010E-02  2.83277276776239720E+01
  3.09209541844886400E-01  2.09275983525476580E+01  2.95847369696683130E+01
  4.71553509741754610E-01  2.07859776411559680E+00  2.72901216756589090E+01
  3.65995101567518470E-01  5.34497034514578570E+00  1.13550798391828920E+01
  6.26517897412854200E-01  1.30441480833214780E+01  1.19027544565574970E+01
  3.55388479881239270E-01  1.03513006941101400E+01  2.33984787878422620E+01
  3.90423892796942250E-01  2.25433602339205270E+01  9.02893945856876100E+00
  4.92172780862642510E-01  1.40235485634209760E+01  2.81594470457319130E+01
  6.66683478841499700E-01  2.09560771760272770E+00  1.38685424765630540E+01
  6.94903868090152520E-01  1.36038156159382540E+01  7.06397379568191570E-01
  7.65642972591057180E-01  8.58231004428315810E+00  1.34400255858781370E+00
  3.52682444144397330E-01  2.01286108834920440E+01  2.22433343200142520E+01
  5.39466591144820300E-01  9.41546979093937080E+00  2.50809260398160380E+01
  4.26043897269923290E-01  6.72117932777523650E+00  2.64724721112802900E+01
  2.53364602799301860E-01  1.63455258537876060E+01  3.57304074288492360E+00
  3.83290088603488770E-01  1.98967657725369930E+00  2.52420793759085670E+01
  5.55920758830291820E-01  1.57606427998651380E+00  1.77677894655761750E+01
  4.13050329149462850E-01  2.85562288411000540E+01  2.72701034336533650E+00
  5.20369884994360540E-01  1.17969595377128020E+01  5.48809410418479700E+00
  6.99477888048091770E-01  1.76894024092767270E+01  2.22303327149412730E+01
  3.59079136884617700E-01  2.84026617999233930E+01  1.30967528595674290E+01
  3.01799748246536660E-01  2.42319691761818600E+01  1.22062189591398130E+01
  5.28731261397185740E-01  1.64518298243902880E+01  1.82213215749747520E+01
  6.80338287111455390E-01  2.73712695544826410E+01  5.01401826920533540E-01
  4.74033319401206570E-01  2.11514486141646390E+00  3.94337589610857540E+00
  3.53302408788900560E-01  2.71196110199989770E+01  2.80351098134952470E+01
  4.03052389307286420E-01  1.55875920736165630E+01  1.49976375314847880E+01
  3.33973424357718240E-01  1.76692799041107310E+01  2.11980286667777800E+01
  4.68162992243922280E-01  1.40663281568854740E+01  2.07304757396317430E+01
  4.72192289519205580E-01  4.98810861040806410E+00  2.50781550091049360E+01
  6.73658304681401180E-01  5.37439143005943980E+00  3.21527123439887270E+00
  4.61178090502161720E-01  2.32258031914944780E+01  2.28972143465056240E+01
  4.18189647978318300E-01  1.95671701957627560E+01  1.91623252919784050E+01
  5.15379284759350490E-01  2.11395498023639310E+01  1.70108893918218520E+01
  5.34553382826858140E-01  1.11366847870092870E+01  1.91346242381558370E+01
  3.70336582810533970E-01  9.14742191474429770E+00  1.30503226150341030E+01
  6.42747544188997020E-01  7.89513566830139890E+00  2.11108004571301930E+01
  4.50600139601478670E-01  2.36355307724742620E+01  1.55999012506622490E+01
  3.55036581058269410E-01  1.96524806668287620E+01  2.34045394749449720E+01
  3.54092873053847420E-01  2.62455965371301830E+01  1.64007362549223930E+01
  5.13614394364816020E-01  1.64777102420874970E+01  2.22820641164223830E+01
  3.65995101567518470E-01  9.45410245316124430E+00  2.03539658721348150E+01
  5.25383403930900440E-01  2.83372146867294600E+00  9.64422874074549520E+00
  3.83598938984435380E-01  2.57950441266237930E+01  2.48670068201401020E+01
  4.86073626967704090E-01  6.84522006872513340E+00  2.26576295942922740E+01
  5.96963967672292380E-01  1.88893272433862980E+01  6.70250731370005770E+00
  4.66553963192992600E-01  2.06877050574685550E+01  2.15952836216610640E+01
  4.15252526658189590E-01  1.98276444521329260E+01  2.95950179233863860E+01
  6.36786611163594070E-01  1.74286671165894670E+00  2.89875097485016330E+00
  6.06760633376156730E-01  5.22084218461926760E+00  2.40249532825981190E+01
  5.25895496843049500E-01  2.99332002958990890E+00  1.06824546553274120E+01
  5.05409982910693060E-01  2.22434295702837130E+01  2.01879659138354520E+01
  5.18912146576496980E-01  2.63483836101639210E+01  7.72969306371247810E+00
  5.81677556670477180E-01  8.81301719776143420E+00  5.22020639398365030E+00
  2.50625569857546320E-01  3.16746247780230130E+00  1.14372147207781850E+01
  6.67521681419926690E-01  2.20320319914893440E+01  2.13510467295862440E+01
  6.52034765531911640E-01  2.40114894089162440E+01  2.96208383176956570E+01
  3.81419328643079860E-01  1.46284368764207380E+01  2.59534839698297370E+01
  3.18942867500738640E-01  2.75042375285056550E+01  1.36897664464125700E+01
  6.63973334543257470E-01  2.10026805190489650E+01  2.05103438775741220E+01
  4.05793634226126800E-01  1.57915772064933720E+01  6.75347431692006420E+00
  2.88617724104866640E-01  1.09338776935806850E+01  1.01232655082234860E+01
  3.17587838135982990E-01  3.23770337976149180E+00  2.60311143121952960E+01
  6.94010688862415210E-01  1.44187927996325320E+01  2.96867905798809950E+00
  3.25036994184950640E-01  1.92511414211504790E+01  2.66975108285260740E+01
  4.41940562555082740E-01  2.73673280353747690E+00  2.32500034810565810E+01
  3.05466220251299840E-01  2.37984837261867030E+01  1.55033084512791230E+00
  7.22984261441823330E-01  6.53521435336469650E+00  2.38257314212569900E+01
  4.60682082706054620E-01  2.34647634426299410E+01  3.71748721212792740E+00
  4.22201084465533680E-01  7.20526676601861030E+00  8.78063030971778960E+00
  6.24824560398126750E-01  1.37524862676356570E+01  2.70784872169392690E+01
  3.63079661055833470E-01  2.81783953708844660E+01  2.05002511911191120E+00
  3.25516939164680520E-01  2.99393955432500970E+00  1.57146520606867720E+01
  4.87886881528419990E-01  9.27390180305028980E+00  8.59374890902617140E+00
  4.34172467284937990E-01  6.37531408092712230E+00  2.49709286543101610E+01
  7.04082361725448710E-01  4.65551560015429370E+00  2.16511605335831870E+01
  4.40295189098215370E-01  4.42891252868687600E+00  4.34737398427927600E+00
  4.54567147313974470E-01  2.48735031418430010E-01  1.46888834282297940E+01
  4.89717368181109780E-01  2.12916463312759100E+01  6.52576769066393500E+00
  4.82771447840326400E-01  2.90162402724067830E+01  1.44982092242228690E+01
  3.54092873053847420E-01  5.70518571116823290E+00  2.73905782539163810E+01
  7.67457697882333090E-01  1.90742825915587380E+01  1.59423891511803060E+01
  4.43129600128677660E-01  2.22601787248879610E+01  9.81220452917986210E+00
  5.61514797181737530E-01  1.17680075130129750E+01  8.72070286502608210E+00
  5.82207618145930890E-01  2.44860849857198520E+01  1.06916391683812120E+01
  5.94092381958372510E-01  2.25367317475295900E+01  1.68125171556626360E+01
  5.64318884198494160E-01  1.25856274009046330E+01  4.74389592201272150E+00
  6.16837537735261420E-01  1.31472850136104200E+01  2.44862213746911980E+01
  4.20581746236023420E-01  1.07428017409705050E+01  3.80093024645679340E+00
  3.16022212934137680E-01  1.50358270776146930E+01  1.54583097600189350E+01
  4.59502380082057990E-01  9.27373419822414570E+00  7.63407356322909880E+00
  7.48336469443998900E-01  2.69804881850504790E+01  1.55720082584093940E+01
  6.90159994875631000E-01  5.95336823871118970E+00  1.02596805257925700E+01
  4.68364091588631840E-01  7.25579042761001960E+00  2.47741041193712230E+01
  4.05593309893122810E-01  2.83817004468536890E+01  3.52607079430010420E+00
  5.55687039951364880E-01  2.67025281099147980E+01  1.69438553822720510E+00
  2.83840017940612550E-01  5.68359923744136620E+00  2.47846807869039870E+01
  5.98280766214214580E-01  2.78908248063087570E+01  2.65520719917528680E+01
  5.84913004272127690E-01  2.08491088008748450E+01  1.09693813559591240E+01
  2.83840017940612550E-01  2.66365407965942820E+01  2.95709398508361190E+01
  2.83517655556827110E-01  2.20813183863224540E+01  2.72777300647713750E+00
  5.27599340399055180E-01  1.01190244332108410E+01  1.01368477940853850E+01
  6.24824560398126750E-01  2.75091098141625280E+01  4.06993750590408170E+00
  4.84167632717154460E-01  6.57221499952347090E+00  1.25131711943728060E+01
  5.66562802601083430E-01  9.08173332808694770E+00  1.81288272382168710E+01
  5.81213412342838430E-01  1.03521369171880430E+01  1.20935092172991960E+01
  5.13285974501586400E-01  9.26309917722997510E+00  1.21753338035262700E+01
  5.29625185962053640E-01  2.15076063292782360E+01  4.97455310319623760E-01
  3.30104909316010620E-01  9.67865968178800170E+00  1.87957643819312850E+01
  5.48174971142568520E-01  2.54710916527142790E+01  8.33638631794177170E+00
  4.72192289519205580E-01  8.22134600008247850E+00  1.75487883176693100E+01
  4.53126113496558960E-01  9.84631836330892260E+00  5.24598825159947690E+00
  5.25993347610763350E-01  1.29332862793478240E+01  9.28275862137182100E+00
  4.75338540515479570E-01  2.43657315974847610E+01  2.61020230060795270E+01
  4.30858982518450690E-01  2.45616026309850000E+00  1.50912801868765530E+01
  7.09741570678139940E-01  1.22551670993587190E+00  2.03701433421171210E+01
  5.05409982910693060E-01  5.16151743890412980E+00  1.67958004512932570E+01
  5.20369884994360540E-01  7.03748759262859740E+00  9.72320268226641990E+00
  2.73281005279713530E-01  1.27769270554617410E+01  7.75649096702932450E+00
  3.09574052588245370E-01  2.28170624111740170E+01  2.52376734854767620E+01
  3.18095930761502070E-01  1.80643158967899850E+01  1.73217357274151700E+01
  4.46537248270915300E-01  2.50092295989077900E+01  2.37514239584146690E+01
  6.38830345620663920E-01  1.68108838912436910E+01  1.70468988724850160E+01
  6.68397269451762100E-01  2.01813780322570760E+01  1.80609989704606240E+00
  5.32488384254616510E-01  1.21847656130758750E+01  1.56322865464551710E+01
  3.17579752081870750E-01  9.47028786665615920E+00  3.25385531488933080E+00
  5.16710955738981780E-01  1.57450483507052840E+01  2.81320429490706920E+00
  4.49545157175862540E-01  1.57246091820559160E+01  2.50503722990041600E+01
  3.20574425314766210E-01  2.00210070598338950E+01  2.05489490153227830E+01
  4.12246671516209600E-01  9.92125666328276520E+00  9.21810218325026650E+00
  4.94550785807675550E-01  1.79522786271722090E+01  1.65178760921559090E+01
  3.59079136884617700E-01  2.72422735359369740E+00  2.53379382791085380E+01
  6.10572080928614460E-01  1.03967641215900330E+01  6.38305080436990570E+00
  4.75338540515479570E-01  2.68059630342431900E+00  8.65705999692892010E+00
  5.09574347305064630E-01  1.26364735483315830E+01  2.95503042951764140E+01
  4.18189647978318300E-01  1.34199698587540550E+01  7.50716575511274710E+00
  3.76753951196820710E-01  1.86477222786459440E+01  2.17423696584417950E+01
  3.84533934306195220E-01  7.64038594626481250E+00  2.37680530651177620E+01
  6.60767019732147710E-01  5.36754909316702560E+00  1.79420681028059440E+01
  5.64318884198494160E-01  3.68279725104339930E-01  2.13125711292549270E+01
  4.69750256464274060E-01  2.18062952210729470E+01  5.71781197947565990E+00
  6.88340418185590860E-01  2.93192908495015910E+01  8.76739023812995380E+00
  5.93150731645016190E-01  2.72077534853356260E+00  5.66022443946461170E+00
  7.17499092254363010E-01  6.68390780706101850E-01  1.86586942218425660E+01
  3.79322922295397280E-01  1.22128116482978810E+01  2.31771583234621940E+01
  3.20574425314766210E-01  2.82624450420529560E+01  1.24300740126121290E+01
  7.17953871372127320E-01  1.96439133568119250E+01  2.44769353152212370E+01
  3.42409596243210680E-01  2.60224566968626120E+01  1.50511519621511120E+01
  4.43129600128677660E-01  2.51055696690563860E+01  2.96606612277531770E+01
  3.78068289465320630E-01  2.90043414914558220E+01  1.35214527226281100E+01
  4.75338540515479570E-01  4.38497858054338870E+00  8.20786312489918930E+00
  7.38532964590205680E-01  1.15442680683468840E+01  1.79001741667820300E+01
  5.07606992315717240E-01  5.17034402846405780E-03  1.62559166965500830E+00
  2.86134314477376340E-01  6.16508987408085400E+00  2.58242039303214700E+01
  5.07437626189109900E-01  2.06569617559978480E+01  9.89617388846297350E+00
  6.15073771326759470E-01  1.68629560491064900E+00  2.33621264181011590E+01
  3.30104909316010620E-01  9.61116042620572840E+00  1.74067614218893460E+01
  6.66683478841499700E-01  2.37059944434119560E+01  5.91619350572379330E+00
  7.49545055295440930E-01  2.91880937083709140E+01  2.69140146268962650E+01
  2.54824432159977790E-01  9.53590388153298640E+00  1.70715145906160600E+00
  5.72142532162989690E-01  8.29196492523104030E+00  1.26549717739852290E+01
  2.77147605524350650E-01  2.41511294655227150E+01  2.78600817274655800E+01
  4.68364091588631840E-01  2.80203252001934690E+01  2.23898498766295300E+01
  4.82771447840326400E-01  1.41451105553350870E+01  1.87392964204466140E+01
  2.50971712925384870E-01  5.02212983172772360E+00  4.70196993582999580E+00
  5.38024295323284910E-01  1.63755978690075990E+01  5.36344394116498170E+00
  4.13050329149462850E-01  1.18593063573717430E+01  2.76504914532730130E+01
  4.86590143357422540E-01  2.93693285597061800E+01  2.34537860254105900E+01
  3.16148313226467530E-01  2.74787458372303380E+01  2.46159875056525550E+01
  3.81419328643079860E-01  1.80961793903452310E+01  2.59140368363278280E+01
  6.52911031193170470E-01  1.17065409231014460E+01  2.07301807740126380E+01
  4.49150663742554990E-01  2.22923729184047410E+01  1.31267566760305760E+01
  4.73113776075054650E-01  2.41414262137158460E+01  2.03011771022426400E+01
  3.65995101567518470E-01  1.46251795338245870E+01  1.38368149592183510E+01
  3.46028387031474870E-01  2.35387442355525000E+01  2.58009286770254680E+01
  4.23675716525973380E-01  1.74539520764110490E+01  3.47188946605777500E+00
  2.47261092463374420E-01  2.55287519089282750E+01  1.19965601951183770E+01
  2.63339374245984010E-01  2.79348782660214430E+01  2.41429314199323990E+01
  2.59062449636064510E-01  2.87995673299045340E+01  2.02559315233337190E+00
  5.77180454669814490E-01  2.62145853928087220E+01  1.73310873981810650E+01
  4.06599624824484800E-01  2.73309480007020960E+00  7.13081022239126930E+00
  4.65278877330243820E-01  2.56830141390866760E+01  1.72967651990456830E+00
  3.07263188066738420E-01  9.76978245610399480E+00  2.21814684714469210E+00
  3.88697647565240350E-01  4.22973184116863890E+00  2.33141352816906280E+01
  6.62122603690132470E-01  1.16790431312688580E+00  1.73647045475511440E+00
  3.79322922295397280E-01  1.40548697375702550E+00  2.57309895741278500E+01
  3.53063097104977870E-01  4.18595914122526570E+00  2.63484705252490380E+01
  6.88885956497308970E-01  1.45205669093663430E+01  1.64147305247982230E+01
  5.33066537704075310E-01  5.94515492524394420E-01  2.30116524662055650E+01
  3.42074681651230290E-01  2.00156036870478000E+00  7.28527266439074680E+00
  4.24351701398837560E-01  9.98972351111147990E+00  1.10795116797085010E+01
  2.92456502136063850E-01  1.58988408682418360E+01  4.23072511154821300E+00
  5.90639534364661320E-01  2.01793910359648440E+01  8.90935386716128620E+00
  4.09705559579089850E-01  1.49164375707419690E+01  2.80389266695037880E+01
  3.59079136884617700E-01  2.53590069840233060E+01  3.13858397129607170E+00
  5.27599340399055180E-01  1.87432867063074580E+01  2.76494982660785810E+01
  5.38382256471750510E-01  2.27229763369004300E+01  2.43964415558366810E+01
  5.96963967672292380E-01  1.19833979902463450E+00  2.66844852105793820E+01
  2.96503602823160150E-01  1.18662013362695620E+01  9.42495480508469540E-02
  3.64593218166308700E-01  1.11047116299359950E+01  1.22081856059739400E+00
  4.18947112612636110E-01  2.11507080352034040E+01  1.29800207329563920E+01
  5.40946473112310590E-01  2.59170026099891510E+01  9.32918900387866400E+00
  3.35017483125717060E-01  1.01998938012282050E+01  1.92063773668989840E+01
  4.75626642073745920E-01  1.03272014207850770E+01  1.66924497098181180E+00
  3.04461637453634990E-01  3.79943584654920750E+00  2.60656678304822980E-01
  4.36315933331792570E-01  1.34812293510399320E+01  1.68451435368772810E+01
  6.77666041374141330E-01  2.10665915877655830E+01  2.53814919675652070E+01
  5.67035311113654220E-01  2.23346228904772910E+01  8.09461856167246730E+00
  3.38650161839631010E-01  2.93713216026548700E+01  1.52378202648403070E+01
  6.94010183176834960E-01  8.50886213250777960E+00  1.51868557455282450E+01
  7.10410487391814980E-01  2.94871083474843450E+01  7.14288494693844280E+00
  4.54567147313974470E-01  2.73565293691966580E+00  1.19921451041754580E+01
  2.52169786807371790E-01  2.46342218239776290E+01  8.44575864046930210E+00
  3.01799748246536660E-01  5.12169547087755550E+00  2.25419097708339430E+01
  4.27719079604653450E-01  4.30838757640498660E+00  3.48803578555560410E+00
  3.87762191716535260E-01  6.42953504765917750E+00  2.72321373934520890E+01
  5.72951670348821020E-01  4.74614051424898340E+00  1.06268348639358660E+01
  5.09222041678605210E-01  7.51504452117169560E+00  1.45138474537296180E+01
  5.25993347610763350E-01  2.78338919039890090E+01  1.65176846132798330E+01
  3.12648490279368120E-01  6.33422718672279040E+00  8.07491256756299870E+00
  3.32399546609116130E-01  2.33275549498916170E+01  1.63264715123249720E+01
  4.43807889241729470E-01  1.83805593713839000E+01  1.80686237655068070E+01
  3.44170209092795430E-01  2.11817211099949110E+01  1.55275121724052630E+01
  2.54824432159977790E-01  2.40987778887563840E+01  2.02174433817789590E+00
  4.21963532045373490E-01  2.52594499213780170E+01  1.50664445764817130E+01
  4.11696508529454960E-01  2.20659956184792280E+01  1.25494164755104460E+00
  4.11346310528290360E-01  3.82673850709551290E-01  5.19664881354526290E+00
  6.16837537735261420E-01  4.02295391998703340E+00  1.15700860010428240E+01
  4.83570943621045310E-01  1.91106279748214900E+01  9.00260807774558990E+00
  4.32382463464541460E-01  1.59769165237700430E+01  2.42063417507516410E+01
  5.92513140571182980E-01  2.39161850167583690E+01  4.66818834168789820E+00
  3.55036581058269410E-01  1.16167765700133090E+01  2.24275734665341630E+00
  4.74581552528920360E-01  2.55409389556472850E+01  2.30001705792604060E+01
  3.44905765886116280E-01  1.72364762731331320E+01  5.16977362355980930E+00
  5.96963967672292380E-01  4.81370919666464570E+00  2.70601311713085800E+01
  2.68569610726517900E-01  4.46477059115117920E+00  1.95474749940714080E+01
  5.80290806494985740E-01  2.50897820653717360E+01  1.98512796743137660E+01
  6.25336422111717830E-01  2.56454092040784690E+01  2.75011019172921250E+01
  6.17452885167652710E-01  8.41508231662069940E+00  3.51679399475496090E+00
  3.29506256422424390E-01  1.95225046539998030E+01  2.72925537149841940E+01
  2.58355477869490890E-01  2.84939356134601310E+01  1.18396379333859480E+01
  4.69641390777102340E-01  1.40604506429667050E+01  1.77766457426210110E+00
  3.49095179616795370E-01  1.00098865983918620E+01  7.30148712283453880E+00
  3.27988333844876360E-01  2.07949780677913020E+01  2.23817185641751950E+01
  3.86383264228710210E-01  7.18310628574962000E+00  2.18535424508995780E+01
  4.75543307221801650E-01  2.51663816769987360E+01  7.20561243741706030E+00
  5.07815655211632320E-01  1.27991172970723710E+01  5.79391756690980750E+00
  6.08088426536500660E-01  4.02380129196390350E+00  1.87897973753862710E+01
  3.93024383017402490E-01  7.85959646801728700E-01  5.89258819512738350E+00
  7.48336469443998900E-01  2.87071620694888380E+01  2.04542265962227710E+01
  3.13454063710418570E-01  2.68345895441107420E+01  2.42096874014347030E+01
  4.43133439323318520E-01  2.21712743112757330E+00  1.12607300206284330E+01
  3.62493203924014780E-01  1.06161271696022100E+01  1.53893941524502690E+01
  5.72881440675418570E-01  1.99209004955002980E+01  1.39994513868963950E+01
  3.71299762957800540E-01  2.43510287085747380E+00  7.84877801543340500E+00
  5.13143010843963320E-01  1.03761943512032740E+01  1.31875611600473520E+01
  3.87533216804236250E-01  2.47126027184789730E+01  1.16928652106580170E+01
  3.90540239164096370E-01  5.91353679849304030E+00  5.89470914184658760E+00
  4.11696508529454960E-01  2.34838405330855020E+01  2.49647373675378400E+01
  4.19670751191123690E-01  2.60955057701285290E+01  1.02727196349231900E+01
  5.39922025342825940E-01  1.78068847520117190E+01  2.36519501522240740E+01
  3.73125396709624990E-01  2.36536979995907330E+01  8.88574695518368070E-01
  5.72628172168292430E-01  2.45797739887182440E+01  3.71048075974222470E+00
  5.63660960642019760E-01  2.39447988617612960E+01  1.30283924573153200E+01
  7.54397230300637300E-01  6.99513536700737330E+00  1.75416206906635420E+01
  4.07877171249442140E-01  1.89982284185887200E+01  1.36690841846471330E+01
  4.61178090502161720E-01  1.69562942946475670E+01  2.31286038999791010E+01
  3.50974061745161330E-01  7.36289884040897570E-01  6.65393567404288260E+00
  4.22541054278063120E-01  2.85428096886675280E+01  2.38290065503547450E+01
  3.25036994184950640E-01  3.73754586973260090E+00  3.97813117379190470E+00
  4.96042965314236020E-01  5.49487049134702680E-02  9.90766005880467130E+00
  3.04461637453634990E-01  1.37972075456230330E+01  2.00064173822130090E+01
  4.21290506291976640E-01  2.67742062711945650E+01  4.81217891713543460E+00
  4.26578460793149810E-01  7.43536671524475070E+00  1.55069141701929270E+01
  3.91816801400439550E-01  2.86074359689366310E+01  2.30176062841431060E+01
  5.32262962461145860E-01  1.41169291977566650E+01  1.23399561380338430E+01
  6.07718241283317260E-01  2.69555435518263380E+01  1.08343115883456490E+01
  5.13425754976809310E-01  2.04682361008907880E+01  5.74453684436671890E-01
  5.46829204411607870E-01  1.83573701152777180E+01  1.14285061721219300E+01
  2.99038091422116640E-01  7.84881831049803760E+00  5.68604961029933520E-01
  3.65374026971610010E-01  2.17931739012196420E+01  1.75990426369204300E+01
  3.46733456860136300E-01  2.91616417040775210E+01  2.14481388985894090E+01
  5.01833768532536340E-01  9.03618887881105510E+00  2.11189865964126360E+01
  2.88617724104866640E-01  8.67173607875620260E-01  8.34938070675404020E-01
  3.13454063710418570E-01  2.53032434566162360E+00  3.82549046537040030E-01
  4.43756654693070110E-01  1.79448712855619800E+01  2.04716117731770030E+01
  5.20369884994360540E-01  2.09903176877358460E+01  1.93279230096573860E+01
  7.41720708060832300E-01  2.44178105438430530E+01  1.42647443790898280E+01
  2.99038091422116640E-01  8.81082677706950260E+00  4.34162110201368370E+00
  3.93024383017402490E-01  2.21663351880356750E+00  1.70689106793557100E+01
  2.53364602799301860E-01  1.52952320970809300E+01  2.41473283900316740E+01
  5.48463672908306780E-01  7.76355980081319520E+00  2.82859644727214320E+01
  5.63660960642019760E-01  2.83918953885550530E+01  1.74534701547950920E+01
  4.99487474973056500E-01  2.49968890330860170E+01  1.31672349151917310E+01
  5.32488384254616510E-01  3.81983169896114290E+00  1.00246904855299450E+01
  3.62493203924014780E-01  9.31550302590923710E+00  3.91553405125021300E+00
  3.90540239164096370E-01  7.65329961982225450E+00  2.29943588729921090E+01
  6.25248164210708260E-01  1.14803572511998550E+01  1.34629047700787860E+01
  3.93024383017402490E-01  9.00726644567761700E+00  1.61514202603683050E+01
  2.83517655556827110E-01  2.82150161768178690E+01  2.73719605288933890E+01
  5.16562546778196820E-01  1.07936448153326300E+01  2.41529941738396800E+01
  5.96777348356598920E-01  2.55735980368700130E+01  1.11446519287470360E+01
  3.35017483125717060E-01  2.66062484183227350E+00  2.78576677239130570E+01
  5.69344335137112000E-01  1.19508230013841050E+01  2.41926454537331570E+01
  5.55509338843663690E-01  2.59556409737571340E+01  5.97469146216354560E+00
  4.09775903561979240E-01  2.37299709093949720E+01  2.85112783398190860E+01
  3.20574425314766210E-01  2.04923840818157110E+01  1.33137969855941590E+01
  5.39466591144820300E-01  3.64893805811443710E+00  8.95961715799852600E+00
  5.18725390566230620E-01  1.21980416156931320E+00  2.77988670491461750E+01
  3.62493203924014780E-01  2.43616486371681980E+01  1.92529665248060160E+01
  4.23675716525973380E-01  2.84050173370266600E+01  2.15859985566994870E+01
  4.13050329149462850E-01  1.43182584059468830E+01  1.53316106473503220E+01
  3.01731430220296380E-01  2.28389529903215480E+01  2.35591512088333810E+01
  3.48156346672602490E-01  2.49065648569234770E+01  2.68676378080615660E+01
  6.83531487369900860E-01  2.60154473901619350E+01  6.31754439403432140E-01
  3.27197753470684690E-01  2.93501174171990800E+01  1.59012801558942910E+01
  3.50974061745161330E-01  5.05338444846923720E+00  7.72372445102521340E+00
