1
  1002  2.96924426640336700E+01  2.96924426640336700E+01  1.00000000000000000E+00
        0.00000000000000000E+00  0.00000000000000000E+00  0.00000000000000000E+00
  3.46434506905438330E-01  1.83420506995044760E+01  1.99542394569820760E+01
  3.50662231740508900E-01  9.73919236374159070E+00  2.33701446665448100E+01
  3.01799748246536660E-01  2.66998997909691090E+01  2.19789975054244450E+01
  4.41298336829792340E-01  5.95772910125642150E+00  3.94613624927772830E+00
  3.39481361119070080E-01  1.48153667674449070E+01  6.89133129326138680E-01
  3.83181557852844270E-01  2.72253139255828320E+01  9.31445516970914160E+00
  6.75156127532392600E-01  2.21139274119432980E+01  7.59062246579115470E+00
  2.73281005279713530E-01  7.86524788663093940E+00  1.49753415400212880E+01
  6.65634982039605120E-01  1.09931157526128370E+01  2.54975903530411540E+01
  2.54824432159977790E-01  2.86621474110511510E+01  1.22637946291493060E+01
  2.84029264846615530E-01  2.19143505501120900E+01  8.52772589028774060E+00
  4.62836237406567810E-01  1.22444679504479230E+01  2.19427115898947850E+01
  3.33973424357718240E-01  3.76207118884883810E+00  1.31134438626716590E-02
  4.91872428060923640E-01  5.97847658005058410E+00  3.01463584335677570E+00
  5.52490392167627680E-01  1.75749194181128240E+01  4.40785770471897110E+00
  5.39466591144820300E-01  2.45725448439943080E+01  1.16558434324599890E+01
  5.65219172841477580E-01  9.94828613237860710E-01  1.93799265853247890E+01
  3.53776024442120150E-01  2.14925426957196100E+01  6.77139463729299610E+00
  5.54611473665029210E-01  1.54739460008943740E+01  2.38338304020122300E+00
  4.81368497469048420E-01  6.96752034508585090E+00  1.48872787428412040E+01
  2.84672167568555990E-01  6.64251694287936270E+00  3.41817137037885650E+00
  3.06898385793053400E-01  2.28710841077572620E+01  1.71197700251086930E+01
  4.49954956992444630E-01  1.89779276049929070E+01  1.90290972990379200E+00
  5.88686278844574580E-01  2.68377887078718760E+01  7.12242988668955410E+00
  4.36315933331792570E-01  8.23748427187707580E+00  4.31542022564697890E+00
  5.46155746035104350E-01  9.32814865108700890E+00  1.81666267656563250E+01
  4.11346310528290360E-01  2.74744419216230220E+01  2.48755852665455000E+01
  7.44650008855257360E-01  2.35106528359547300E+01  7.16436230592391610E+00
  4.68162992243922280E-01  5.36372592960314170E+00  1.88683985089274270E+01
  7.11073931023246340E-01  1.92157967768286610E+01  1.85921044290223490E+01
  3.02034441597155470E-01  1.74060483076748300E+01  5.24516221990728230E+00
  5.12509616084684260E-01  3.76176223494495110E+00  2.41754804238419820E+01
  3.40422717275118370E-01  5.05752807070973810E+00  1.72054233528783770E+01
  6.65634982039605120E-01  2.12719855410644640E+00  1.98612972855174130E+01
  3.75295693565172690E-01  1.26311344663475020E+01  1.93620615031354970E+01
  4.75626642073745920E-01  2.70681695168310130E+01  1.74827295075697830E+01
  4.72038094207023740E-01  3.43251626113790160E+00  1.25607481932289160E+01
  4.29902962432020440E-01  1.38679882083943910E+00  1.45588376764588950E+01
  5.68910711623079470E-01  2.02168014285015470E+01  2.54028872884500920E+01
  3.07263188066738420E-01  2.78980043195796460E+00  1.78646119135801270E+01
  6.10911033360540580E-01  2.40563098011711850E+00  1.47689298081640970E+01
  3.43353541919950760E-01  4.74027620799482460E-01  1.00837358575911610E+00
  3.15231116497538320E-01  1.89630351422571980E+01  2.43973403423146490E+01
  3.78068289465320630E-01  1.60706927545884600E+01  4.20453431252301880E+00
  2.54824432159977790E-01  1.87727263286210300E+01  1.94503799564399600E+01
  5.44558358435121190E-01  2.19291337713465850E+01  1.71698862804112660E+01
  3.56000803327192820E-01  2.37737474018277130E+01  1.97351325564525840E+01
  3.13454063710418570E-01  2.38044190699471760E+01  1.52282907152071520E+01
  6.12591031919131530E-01  2.40865170541919400E+01  2.74334350123075590E+00
  6.47236078597052340E-01  9.78475555581575660E+00  2.49918662421515660E+01
  2.65726189967390210E-01  2.07642100719855840E+01  6.49219033261958690E+00
  2.96653470797716330E-01  2.66658734835144320E+01  7.98984917437073250E+00
  3.45648959319623030E-01  2.95661477581209130E+01  1.34601406746691050E+00
  3.13454063710418570E-01  1.79189711176607530E+01  2.88258346179208940E+01
  3.39073066583844400E-01  9.75680440200342500E+00  1.61374111168207150E+01
  2.96256570285591500E-01  1.53463264533480540E+01  1.75686664229694460E+01
  4.19081387041561550E-01  1.10879536874299800E+01  1.92264455748798820E+01
  7.08391389715138510E-01  2.07753535808114090E+01  1.66859181772075190E+01
  7.16035261746952050E-01  5.50034610295366560E+00  2.00444377924249220E+01
  4.43133439323318520E-01  1.71173212214876860E+01  1.57719142061592910E+01
  2.73281005279713530E-01  1.28525616037112530E+01  4.16072299612361270E+00
  3.35017483125717060E-01  6.84496053442077380E+00  2.29853472855916150E+01
  5.09222041678605210E-01  2.77048001322127280E+01  1.55850029083321000E+01
  4.27719079604653450E-01  1.75430451585418190E+01  2.10729491304598610E+01
  5.81299825206354370E-01  7.88391329668999050E+00  7.71487517865852370E+00
  5.46155746035104350E-01  1.54947663001922700E+01  8.11317709146210570E+00
  3.05466220251299840E-01  2.91166462907708490E+01  2.39486752037890670E+00
  3.11838068626578210E-01  1.71061780144043530E+01  9.93664676908505660E+00
  6.27423008989955560E-01  4.53004355592036310E+00  1.25194786317110080E+01
  7.12424816007452400E-01  3.36929741300906470E-02  6.47762384636801600E+00
  4.41140732643827070E-01  1.77783597675589600E+01  2.25843190756402730E+01
  3.80273533482480450E-01  1.03234629812661960E+01  1.94576651514708380E+01
  3.29796701345061780E-01  1.33177292810611580E+01  1.92061620853800510E+01
  4.15252526658189590E-01  7.21607941802068530E+00  2.15892826692143810E+01
  2.59062449636064510E-01  2.52693734638340040E+01  2.49454248079136920E+01
  6.18419083689772810E-01  2.46112094004529850E+01  1.73385801250123780E+01
  5.04213456464067280E-01  6.00093273801657380E+00  1.66446178168190390E+01
  3.48156346672602490E-01  1.92745795223483430E+01  1.27683763623654390E+01
  2.89042915761794110E-01  1.70701523544922430E+00  2.83933449477450810E+01
  3.05466220251299840E-01  1.88104170133659490E+00  6.22666294573295880E+00
  6.49919166153384610E-01  4.06865398176051140E-01  2.75993120757660260E+01
  6.14379095469630790E-01  1.55938158893860790E+01  2.83031179566945210E+01
  7.00411917450214720E-01  2.68574959502710040E+00  2.82487928286892470E+01
  5.69344335137112000E-01  2.79123506686734370E+01  1.80985856576217220E+01
  2.57564851167384970E-01  2.17612699812883510E+01  1.63686954884279250E+01
  4.13050329149462850E-01  5.71549355851693260E+00  1.57735317163513710E+01
  6.18419083689772810E-01  2.45412144618396370E+01  1.35024929828402560E+01
  4.26523982883737140E-01  2.51204614851010570E+01  2.27921574002950500E+01
  3.78209123272245940E-01  2.80707808213548940E+01  2.43584142026612050E+01
  2.63055759251188670E-01  8.41573594054878170E+00  2.74793707878902930E+01
  5.00274833943758600E-01  1.07994577298491200E+01  1.01402924127215390E+01
  6.01687927537542500E-01  1.87665138260160380E+01  1.35689627015216030E+01
  4.86073626967704090E-01  1.87474976520660520E+01  2.35563917381146770E+01
  7.62474117278193650E-01  1.56839764134759780E+01  1.03878116889852950E+01
  4.87886881528419990E-01  2.50997826945520930E+01  3.16888437465420790E+00
  2.99038091422116640E-01  1.17909091843528270E+01  3.41509311045542190E+00
  3.50974061745161330E-01  6.58175192199693710E+00  2.01140476359937170E+01
  6.10572080928614460E-01  1.37706816006380950E+01  9.59353141408520570E+00
  3.01731430220296380E-01  1.78519141059085680E+00  2.07657602182001320E+01
  2.59062449636064510E-01  8.99861495407573030E+00  1.74319315891675150E+01
  6.99477888048091770E-01  2.04004588813020180E+01  1.53310384212103180E+01
  4.41666133880560000E-01  9.17843071137792240E-01  1.65450709903991600E+00
  6.86210935380316480E-01  2.57908047546346810E+01  1.17843659768140440E+01
  5.27425300578987690E-01  2.34371378683587790E+00  1.05561685086685790E+01
  7.54505484792745040E-01  1.67668661784629760E+01  2.18904842421559080E+00
  4.11696508529454960E-01  1.34763758509925380E+01  8.61609428246576310E+00
  6.26517897412854200E-01  2.89813306835853370E+01  2.82125737634073700E+01
  5.72142532162989690E-01  1.05333259594679340E+01  2.38377046647806310E+01
  3.47451934045076260E-01  2.34259282384852630E+01  2.22357669335154250E+01
  2.57564851167384970E-01  5.93538145919210080E+00  2.57996837000774800E-01
  5.33859136323620030E-01  1.52428570659119130E+01  1.83914288737258180E+01
  2.69169509893181310E-01  2.95976477521810360E+01  2.04628637233635690E+01
  4.24351701398837560E-01  2.41600427721765810E+01  2.09692998800529620E+01
  3.11762329988951370E-01  3.77009180409453750E+00  2.56690962054276140E+01
  3.50974061745161330E-01  9.88510264531736200E+00  3.24720440454520090E-01
  2.66929568161810020E-01  1.74536278230137360E+01  6.12260950808558400E+00
  7.20816873845379820E-01  1.19061131822833170E+01  1.06555033601049840E+01
  4.22201084465533680E-01  2.17576749210127180E+01  2.24837989541105970E+01
  3.09209541844886400E-01  1.88313707955578740E+01  2.11875903386706560E+01
  2.62213147743524950E-01  5.49736681998614960E+00  1.16496474051702600E+00
  7.60411681679863700E-01  6.96091776024304210E+00  1.01895932456617530E+01
  6.67521681419926690E-01  4.93560351910235620E+00  3.51914297425411870E+00
  4.37954134865551840E-01  1.96265756985814010E+01  1.04735957553057390E+01
  7.16654247500547470E-01  1.26528953509127290E+01  2.47341327130685260E+01
  7.12424816007452400E-01  1.71031744550324310E+00  2.72070119750781670E+01
  3.61198882346046800E-01  9.18422112478244480E+00  2.58013860027459470E+01
  3.82245446386266610E-01  2.48533579203265730E+01  1.25326351497096230E+01
  3.58737518624021320E-01  2.74114159200226480E+01  8.59652940010359150E+00
  5.81547682683179710E-01  2.09466600702152480E+01  2.70684998489340030E+01
  4.21963532045373490E-01  1.39130367179159470E+01  1.96632314142185510E+01
  3.12648490279368120E-01  6.47834505948840090E+00  8.17508573304105650E+00
  3.25036994184950640E-01  2.82249864277800210E+01  6.60446028391537430E-01
  3.83290088603488770E-01  7.74028711827343230E+00  1.36798634477720180E+01
  2.93443024193560210E-01  1.57877464699797480E+01  2.12767044778382620E+01
  2.66929568161810020E-01  1.01190803400182330E+01  2.00716721204751070E+01
  2.99038091422116640E-01  1.02449057809479810E+01  2.82724356039239520E+01
  6.00040109246873770E-01  6.99056631405687860E+00  6.75756640390454870E+00
  7.14535578675763720E-01  2.44638807390864090E+01  1.60157504563576010E+01
  3.06898385793053400E-01  4.87095884021776460E+00  4.50351781274103400E+00
  3.45648959319623030E-01  2.06396979429536240E+01  8.58082811769832430E+00
  3.87046365911375680E-01  1.80265662200447740E+01  5.54351465590911200E+00
  6.56539952722306990E-01  2.87375929690572750E+01  5.53309383868165930E+00
  5.07436062422724900E-01  1.91977446022193980E+01  1.57284309866195640E+01
  7.39270392714900380E-01  1.07856301685477400E+01  2.07511839026300530E+00
  5.38024295323284910E-01  2.32582737562255950E+01  4.63888910735816310E+00
  7.33199636544987770E-01  9.23972827698755240E+00  2.80392680283070630E+01
  6.31923671661538840E-01  2.08847550660214620E+01  1.95406285865833810E+01
  5.72951670348821020E-01  1.11262438654776400E+01  1.82361856336818350E+01
  6.40456937776772590E-01  2.36741351075249750E+01  2.88058636602280840E+01
  4.77241894706072770E-01  1.83547088280633160E-01  2.20600628804050420E+00
  7.64764367446448820E-01  9.60569800998366220E+00  1.05578011973100810E+01
  7.16535845940979770E-01  5.52535525958807390E+00  1.34209160339406350E+01
  3.10705613459761840E-01  7.90041156014658960E+00  6.80988942503270420E+00
  3.89901968262705180E-01  2.21298218430703030E+01  3.62152747426921010E+00
  7.15011499502423580E-01  1.94832277967820810E+01  8.33803802482638370E+00
  7.60297905848187840E-01  1.38028864578606730E+01  2.60386044323462680E-01
  2.65726189967390210E-01  2.81357368487561810E+01  2.84932669967240420E+01
  4.53492046339069340E-01  7.53836617686294020E+00  2.33580932011954730E+01
  5.18725390566230620E-01  1.14612905376245600E+01  2.44100913995530570E+01
  4.24020504903543660E-01  1.29689960377127900E+01  1.37132188949266850E+01
  5.17634268500846420E-01  1.12480984013017460E+01  6.10638506763644620E+00
  4.54567147313974470E-01  2.89542074085639630E+01  3.85366768332347750E-01
  3.65965634987757580E-01  1.66081675051896480E+01  2.50963482678190670E+01
  2.96256570285591500E-01  1.30553942180096460E+01  3.11504319632465300E+00
  5.50543265074639000E-01  1.47152357874152070E+01  1.18863675097164950E+01
  4.46540105696671490E-01  8.88958822951909160E+00  2.40924636112578200E+01
  6.47236078597052340E-01  2.22433324148227030E+01  2.48136884863011460E+01
  4.82769235883485770E-01  2.35416624566849960E+01  2.27758230352669950E-01
  2.97529618718302210E-01  1.50546776329844840E+01  2.60226348351039720E+01
  4.13811620468168510E-01  1.78065563368777870E+01  2.72885987687666010E+01
  4.87785457169642190E-01  1.55541345671371190E+01  9.14523792464265380E+00
  3.41778742319800830E-01  1.57513942284250260E+01  1.44724905294722250E+01
  4.05793634226126800E-01  1.09030669874368660E+01  2.85235111964508940E+01
  7.14516279726398110E-01  1.66284730114085360E+00  3.45917182757213750E+00
  3.71799304162545760E-01  6.48511320108636100E+00  1.29027330880263220E+01
  5.77820253962530560E-01  6.05239351919012950E+00  2.79488646806993200E+01
  4.75626642073745920E-01  1.13811989344307560E+01  2.32225472219302840E+01
  5.46562010559427060E-01  4.62819446989262940E+00  1.43082231122907350E+01
  3.29506256422424390E-01  2.78222752514907090E+01  1.34015477703245690E+01
  2.62213147743524950E-01  8.67643699075665080E+00  7.42832120176641380E+00
  3.63105686475124490E-01  8.17249966394360780E+00  1.30733796475313860E+01
  7.08391389715138510E-01  1.36912779751901330E+00  1.64263670527184580E+01
  4.26578460793149810E-01  2.92692822861872270E+01  9.53477843104984930E+00
  6.08873319065221350E-01  2.39208297346115870E+01  2.75821980273539320E+01
  5.39466591144820300E-01  3.61230017983480240E+00  7.72285832112003590E+00
  4.66553963192992600E-01  1.50249003847273620E+01  1.46693497510600430E+00
  4.82771447840326400E-01  1.79929807027659620E+01  7.29537236658294310E+00
  5.13004586318856950E-01  1.98925834219622890E+01  1.60799191128000500E+00
  3.17084428049163950E-01  1.98733246384462880E+01  1.61997206110647020E+01
  3.50974061745161330E-01  1.21675849137115220E+01  2.29679425526874250E+01
  3.82382183723224410E-01  1.71347188736840260E+01  7.19144316139924910E+00
  3.77759649416993960E-01  1.06759963100633510E+01  5.41913363257579840E+00
  5.74203886104520670E-01  9.89559702918414890E+00  2.24607274904759680E+01
  4.11346310528290360E-01  2.14199095928777970E+01  1.57708205706369920E+01
  5.06367095649294540E-01  2.35138646302862210E+01  1.89047332532793890E+01
  6.01687927537542500E-01  2.12111709563658480E+01  2.33476458564936420E+01
  2.49794182180603610E-01  2.07939288923638800E+01  1.76421372688660580E+01
  6.11481049571092420E-01  2.30730007276711260E+01  8.44731681315040820E+00
  5.03927515451986880E-01  2.11075308339846760E+01  2.59967960515927530E+01
  6.35485889077753010E-01  8.47798907782512500E+00  1.13856380811207420E+01
  2.99038091422116640E-01  1.77994307094137520E+01  1.54163087896443600E+01
  4.22541054278063120E-01  9.43310970096433540E+00  3.19296141104347870E+00
  3.05466220251299840E-01  2.27694264727932140E+01  2.11018119257090930E+01
  2.62213147743524950E-01  6.06794017184361770E+00  2.26713996859576870E+00
  3.61769499680632390E-01  2.39039445129771620E+01  2.51334839134052500E+01
  2.47647088603063280E-01  2.13026399893874190E+01  1.76729503908732260E+01
  3.11155895623034430E-01  4.99936899343790490E+00  8.90809165837369930E+00
  2.66929568161810020E-01  2.51909912903730630E+01  4.32408742544171960E+00
  6.90395435464654740E-01  2.24004772845666870E+01  6.25639791984482410E+00
  2.96503602823160150E-01  5.44623403480057180E+00  1.24124205653507910E+01
  6.57722721512726150E-01  1.20998078157898610E+01  2.73237809480564560E+01
  7.24777883420223110E-01  4.82254398438203320E+00  2.25262812257640550E+01
  5.48279863025970290E-01  2.96536770502403330E+01  1.89695690381711660E+01
  6.40748513009616880E-01  2.52240402387195180E+01  1.36086925418182700E+00
  2.56092450391898300E-01  6.03665074043873510E+00  6.71987270958355690E+00
  7.17499092254363010E-01  1.18756449687837260E+01  1.54358229578596850E+01
  4.66141488621800890E-01  3.31915615403582760E+00  3.70452492562829680E+00
  6.33759023001558490E-01  1.69738832414489340E+01  1.36284831070201700E+01
  5.48279863025970290E-01  2.08259231665902880E+00  2.95093356390218560E+01
  4.19081387041561550E-01  2.32776449630727560E+01  2.45440347798739470E+01
  5.70902198024309190E-01  4.56468818669335970E+00  1.81126760129686310E+01
  3.17950877609215300E-01  1.98313408922535790E+01  5.05074462017602420E+00
  5.96963967672292380E-01  1.83006808300558210E+01  3.51700280042317370E+00
  6.18832453479690690E-01  1.89304991002783360E+01  9.67891052743083340E+00
  2.63339374245984010E-01  9.50271887311604860E-01  2.35836533450559300E+00
  3.55036581058269410E-01  2.12380343425629480E+01  1.27634669416663550E+01
  5.84913004272127690E-01  1.41136439110485950E+01  1.59514723028104570E+01
  5.77235448209733180E-01  1.20746671332416430E+01  1.41572140125460120E+01
  5.01105313190319460E-01  1.13103498719119390E+01  1.33966253660647290E+01
  3.83598938984435380E-01  3.69365368252369650E+00  1.77100082014716200E+01
  5.98360795606824340E-01  1.73340309345809230E+01  8.15026450594054450E+00
  3.41778742319800830E-01  1.69862771938174570E+01  5.73286360252280150E+00
  3.29796701345061780E-01  1.02181939364355490E+01  2.16166589347029900E+01
  3.84420431658369740E-01  1.35246519960708560E+00  1.75183631446284340E+01
  4.91872428060923640E-01  2.56849980788249520E+00  1.63909155625504650E+01
  2.93443024193560210E-01  1.58701367170568370E-01  2.85081991182784260E+01
  5.81299825206354370E-01  1.28605472476277680E+01  1.21336551351345820E+00
  5.68243553274813350E-01  1.99410424827398810E+01  2.84762479983328590E+01
  5.39001667068871980E-01  5.64784147313147770E+00  8.35946327921585560E+00
  7.01587183784351610E-01  6.51747914050542930E+00  1.90604509984110880E+01
  4.45239477383046460E-01  9.20869607126281760E+00  8.08510392925148660E-01
  5.39001667068871980E-01  2.94152895300803900E+01  3.18410134820155700E+00
  2.86134314477376340E-01  2.23173012378563590E+01  8.92982679606266140E+00
  7.70254277643880240E-01  2.89754274697327960E+01  2.36512192577481310E+01
  3.45648959319623030E-01  1.85786908390740170E+01  2.60418258307117370E+01
  3.39481361119070080E-01  2.73903418624332320E+01  2.41302581620311010E+01
  3.04461637453634990E-01  7.52048231607829990E+00  1.43306811380104230E+01
  5.20369884994360540E-01  2.58971918948641500E+01  7.71319632562870440E+00
  2.65726189967390210E-01  3.19852345556341880E+00  7.03265776617628100E+00
  6.26908127420837150E-01  1.34360387701982780E+01  2.27431131350392770E+00
  3.48480710258510130E-01  2.55938047330491170E+00  5.75172726597074210E-01
  2.96653470797716330E-01  9.98672858458022360E+00  2.73408430535598600E+00
  6.31923671661538840E-01  2.02530054562091630E+01  1.27802741165632360E+01
  4.09705559579089850E-01  7.19225642000985400E+00  2.73037107176308210E+01
  6.72499163702481620E-01  2.95654475334846100E+00  1.36105440333890260E+01
  2.84029264846615530E-01  5.97199340852788120E+00  1.43505761311318630E+00
  5.34631033075580400E-01  1.38530907653753400E+01  2.29626314590963680E+01
  6.17076625982510940E-01  1.05525456716553820E+01  1.56032733391012390E+01
  6.55074006360275090E-01  8.28709102423515810E+00  1.68214951488211530E+01
  5.46562010559427060E-01  1.96865111193453220E+01  3.35950675030109820E-01
  5.17626013175185660E-01  2.79513259977144810E+01  1.25646157698939870E+01
  5.82207618145930890E-01  1.58658705205201040E+01  2.56877654094157530E+01
  5.98268629341587580E-01  2.56765360742244870E+01  1.30619264937072650E+01
  5.34553382826858140E-01  1.57206507621187230E+01  7.49315989132519980E-01
  3.76753951196820710E-01  2.55999974632954380E+01  1.74476960632600220E+01
  7.52518120402026810E-01  2.80785240555409460E+01  1.67878457530388840E+01
  4.81368497469048420E-01  2.51263647134100050E+01  1.08004099601475650E+01
  6.47413426355271770E-01  2.50641657734371290E+01  8.71020986637432060E+00
  3.05466220251299840E-01  1.31128577224749560E+01  1.13413895697623240E+01
  4.46689977500956030E-01  1.17401059111099040E+01  2.83670560963083250E+01
  6.18566685513849460E-01  8.88788345162544500E+00  2.67350219295667660E+01
  5.36592099856838090E-01  2.93429731434555200E+01  8.57536979688396170E+00
  5.09574347305064630E-01  2.51664845539292510E+01  1.91291989936651420E+01
  4.92328788949218680E-01  2.87294179511059440E+01  1.30291514406407850E+00
  4.83351594707823830E-01  6.15617390752454700E+00  7.44849831548717670E+00
  4.40650972415989980E-01  2.33227767051627130E+01  1.58367491302323580E+01
  6.10911033360540580E-01  3.95780643274683450E+00  2.87564547292867870E+01
  4.34172467284937990E-01  9.92000938314101970E+00  9.40276521811318840E+00
  7.03188417218805210E-01  1.77437236257084510E+01  2.27631228680786090E-01
  2.92799561075502800E-01  6.09559957552382150E+00  2.93278017998429450E+01
  5.68243553274813350E-01  5.18228296431607750E+00  2.12865977164169100E+01
  4.60682082706054620E-01  2.80556233292163600E+01  1.07483362030626460E+01
  6.41715074739605920E-01  1.49676414513444150E+01  1.95336090890963730E+01
  4.55206736325743130E-01  2.22765998769626990E+01  1.56456986844554820E+01
  4.22201084465533680E-01  1.02930906399371690E+01  2.75528690234728020E+01
  3.63079661055833470E-01  1.12160214115722920E+00  5.54889869668960940E+00
  2.63055759251188670E-01  5.43320265189274480E+00  4.41475642416237070E+00
  5.32877675645020420E-01  1.91185916740729990E+01  2.53510285436235030E+01
  5.77235448209733180E-01  1.09748474655486370E+01  2.63869408537836140E-01
  4.09775903561979240E-01  1.82963271957088480E+01  2.07083364157378290E+01
  6.93187364831086050E-01  1.58627772411795500E+01  5.95405045608465060E+00
  4.30054269381220950E-01  7.96565976069914860E+00  6.02296504461358050E+00
  5.07436062422724900E-01  2.20019188324751020E+01  2.73313739059524750E+01
  2.49948351789403130E-01  2.53710048936476370E+01  1.56875077086037290E+01
  3.16022212934137680E-01  2.17698020247331100E+01  1.80301284851621340E+01
  4.72818350263822220E-01  2.56327444121895010E+00  6.60004537304205560E+00
  4.46689977500956030E-01  7.94056024100076560E+00  5.14677686452395110E+00
  4.74581552528920360E-01  2.21317182434161840E+01  1.42043055365633930E+01
  4.86590143357422540E-01  4.54146634341823590E+00  2.58682043299762940E+01
  2.73281005279713530E-01  2.64810845251349170E+00  3.39518844326769820E+00
  5.20515140446715560E-01  2.44068028270197960E+01  2.44110424016221330E+01
  4.13811620468168510E-01  1.11096767647428670E+01  2.77319661564011350E+01
  3.81419328643079860E-01  1.75314566904352030E+01  1.15706370905188830E+01
  4.05593309893122810E-01  3.46055490962627710E+00  1.64805587433030740E+01
  5.85380732291966590E-01  7.08337897642596030E+00  1.65250630627565410E+01
  4.06599624824484800E-01  2.49035989064194440E+00  2.42032415098834120E+01
  6.40456937776772590E-01  2.54101646735983660E+01  9.41901089648674810E-02
  4.75626642073745920E-01  4.65497627826068870E+00  2.68225555523432500E+01
  5.09222041678605210E-01  2.33557963707859460E+01  2.04954594237806130E+01
  5.77820253962530560E-01  8.56461104571977040E+00  2.50636555576092020E+01
  3.80273533482480450E-01  1.46720668475792420E+01  2.33696847293834830E+01
  5.01406606281285510E-01  2.60942664727255720E+01  1.06379623119575830E+01
  3.59079136884617700E-01  2.68235668641495200E+01  1.16253972559721710E+01
  5.94092381958372510E-01  8.72787416049695960E+00  2.24910463548014120E+01
  2.54611020839302520E-01  1.47138646176515770E+01  7.93716933190863830E+00
  4.99223721401470310E-01  5.10597883664100570E+00  2.50619325565127190E+01
  2.54611020839302520E-01  1.06217583236606710E+01  2.46577029706864290E+01
  3.20574425314766210E-01  9.65410811146059090E+00  2.40344239930634020E+01
  2.85767805251094040E-01  2.30041803028294400E+01  1.64894075632193950E+01
  2.54611020839302520E-01  2.92381636753680390E+01  1.84857700837578460E+00
  4.12246671516209600E-01  6.25475711397728950E+00  1.11234845334524270E+01
  4.41298336829792340E-01  4.71406751807013700E+00  2.42082439933074730E+01
  7.09985914168247060E-01  4.51271486898975200E+00  5.45490385956994480E+00
  6.80956647410425740E-01  1.21472296375737090E+01  2.03000951842560120E+01
  4.75338540515479570E-01  1.29092987809733890E+01  2.26038093646803450E+01
  7.49588614928249000E-01  2.09286578535967390E+01  1.39835867292092180E+01
  4.74033319401206570E-01  1.59458178937023390E+01  2.20796549718813820E+01
  5.20515140446715560E-01  2.11872985918692440E+01  2.65735323083522300E+00
  5.48131117613959250E-01  2.90249238961413810E+01  1.04769181683347840E+01
  3.46733456860136300E-01  1.91813876267098710E+01  1.12565605800800310E+00
  6.97384645011991290E-01  1.13480672458909420E+01  1.67483999342967030E+01
  3.78209123272245940E-01  4.95382345004236320E+00  1.11026071173194420E+01
  3.82382183723224410E-01  9.03628822546892250E+00  1.61053824181740630E+01
  4.46537248270915300E-01  2.40998645587741120E+01  8.19801016454021790E+00
  6.08690451339190200E-01  1.79866760055991400E+01  1.90685743836091110E+01
  2.59062449636064510E-01  5.64809123194457290E+00  2.55909449813943440E+01
  4.43756654693070110E-01  1.48400015214393100E+01  2.67311293400378070E+01
  3.18942867500738640E-01  2.73285595334121890E+01  1.00084677167850720E+01
  7.16535845940979770E-01  2.08450038439555350E+01  8.33515555631140970E-01
  4.62836237406567810E-01  1.60481102928185390E+01  1.24401034718073400E+01
  6.97384645011991290E-01  2.74091513437665170E+01  2.59815085051453880E+01
  2.47647088603063280E-01  1.88419316973495410E+01  6.48042894714005340E+00
  4.05793634226126800E-01  1.01895995055314630E+01  1.85851218901075900E+01
  5.37364664263313330E-01  1.08440773877358300E+01  9.10389326171416440E+00
  5.72881440675418570E-01  1.17098538792510850E+01  1.14675882906973750E+00
  5.04213456464067280E-01  8.50230566765713650E+00  2.07036718050935350E+01
  3.86557871019070410E-01  2.30364691314054540E+01  1.96589064251824970E+01
  5.62178328188990490E-01  3.54815786412093010E+00  6.28341509345221550E+00
  6.41715074739605920E-01  2.66054000533754260E+01  2.93272169443670450E+01
  4.54567147313974470E-01  2.59461014019601350E+01  1.85652585912023720E+01
  3.97011970696729720E-01  2.46872669799862870E+01  2.90424093393737230E+01
  3.99477862283745790E-01  1.82709578194866890E+01  1.11651898590802560E+01
  5.15931587153482510E-01  1.03943062910700950E+01  7.51918083872462350E+00
  5.98026541173087530E-01  2.57852743645882190E+01  6.57498371614859600E+00
  5.94917806945655060E-01  2.96324176042657220E+01  2.54147318485685500E+01
  3.86557871019070410E-01  2.13132096744029020E+01  2.95286775139261410E+01
  5.52347772924787250E-01  2.25898353960581280E+01  2.83090475433225100E+01
  4.05793634226126800E-01  1.94771027349735630E+01  5.68160583866560740E+00
  4.66753989857397040E-01  1.07746786532659690E+01  4.58157259809045230E+00
  6.77666041374141330E-01  1.28515003681209880E+01  7.72531095344842900E+00
  3.23306573977224420E-01  8.14341765330495450E+00  1.42586341534004570E+01
  6.88340418185590860E-01  5.29299984733113590E-01  1.01713051418537700E+01
  4.11696508529454960E-01  4.40716671943125430E-01  2.54552295986027130E-01
  4.03052389307286420E-01  1.38123751572762430E+01  2.51076973609176480E+01
  2.97529618718302210E-01  1.41432184259057610E+01  3.85058451639866290E+00
  3.13090147150790890E-01  2.58412524702483530E+01  5.66568600997490890E+00
  5.01435669612667030E-01  2.77309319413692310E+01  4.96345007009417040E+00
  5.26482748420329030E-01  1.83026200053924380E+01  8.72140723647035540E+00
  6.75156127532392600E-01  1.44285470138526910E+01  1.72448664845590260E+01
  7.20816873845379820E-01  2.95946607689830580E+01  1.25487803923208360E+01
  5.30006102735105960E-01  1.69508907979654100E+01  2.59240309067660240E+01
  3.43353541919950760E-01  9.35304730737357560E+00  1.43545981881865610E+01
  5.32877675645020420E-01  1.26286005943995200E+01  9.63165463750016390E+00
  6.44956217916396120E-01  4.97122274412691030E-01  7.75177784645026690E+00
  3.55036581058269410E-01  1.27199434906701380E+01  8.74904790301552810E+00
  4.30054269381220950E-01  1.70716732051267390E+01  2.68749157012805280E+01
  4.93734512940847830E-01  2.08645767856113230E+01  2.06654372493929510E+01
  3.42409596243210680E-01  2.04086215668939130E+01  2.28883138946239620E+00
  5.58952633370732950E-01  1.97128058735465960E+01  6.61642976020501550E+00
  4.49954956992444630E-01  2.29921804959044350E+01  1.10261631680893310E+01
  4.11346310528290360E-01  2.45037666518045860E+01  9.67042857417687960E+00
  4.72818350263822220E-01  1.67761645509631880E+01  2.33601254765837540E+01
  5.00672486592370710E-01  1.30170767223653850E+01  2.35730245854430650E+01
  4.15334611176110170E-01  1.61744233014173350E+01  1.85701889706388810E+01
  7.70254277643880240E-01  2.63181410386588510E+01  2.79457909582425930E+01
  5.32262962461145860E-01  1.36517519822113930E+00  2.39557233713346490E+01
  4.01880163826280960E-01  1.03533286143661750E+01  1.01921517479533730E+00
  7.41720708060832300E-01  3.36610049997452340E+00  1.87844621087315140E+01
  3.01674668393272730E-01  1.82602705539651280E+01  1.03678765035775560E+01
  2.66929568161810020E-01  1.67124757099298050E+01  1.03596908134619450E+01
  4.15334611176110170E-01  2.59519106867830690E+01  2.31970347125111370E+01
  5.20369884994360540E-01  9.99730137644813510E+00  2.61413823077996530E+01
  2.84672167568555990E-01  6.91470839368605010E+00  2.79397773236866160E+01
  5.18912146576496980E-01  2.86939401784444180E+01  1.14911063498445800E+01
  3.90540239164096370E-01  4.48276953979074570E+00  2.96466088693885830E+01
  3.63079661055833470E-01  5.20828714034596980E+00  1.17980889842205910E+01
  4.73113776075054650E-01  1.92609966595281040E+01  2.18410148750295720E+01
  5.55687039951364880E-01  1.01781732293482890E+01  2.91523064172300930E+01
  6.97384645011991290E-01  2.52549039223839880E+01  2.12113606707773630E+01
  3.54092873053847420E-01  2.12498603789021310E+01  6.10732389813290770E+00
  7.37991961479508610E-01  7.06274807004326450E+00  4.35274255692941030E+00
  5.10790949981952740E-01  1.67495903837447810E+01  9.23357321613939770E-01
  7.03918080384424090E-01  7.56223900127809760E-01  2.19689979620764180E+01
  2.69326463995374250E-01  7.76002087779791960E+00  1.08370621123309420E+01
  5.39922025342825940E-01  1.07278726341931390E+01  1.25345732966288280E+01
  5.39922025342825940E-01  6.92979827408247220E-01  1.81651707443271560E+01
  3.52682444144397330E-01  6.95077239142828060E+00  7.70832193616935250E+00
  3.17084428049163950E-01  1.06354482834706070E+01  2.29558976294108210E+01
  3.92511582998476170E-01  1.50447559136573870E+01  1.56588592971021150E+01
  2.92799561075502800E-01  1.53495538266673460E+01  3.22132894334970210E+00
  3.63105686475124490E-01  1.88509957211117080E+01  1.06700917139046290E+01
  3.25036994184950640E-01  1.58652143084083900E+01  1.59604142899465900E+00
  5.70902198024309190E-01  2.17652847684885520E+01  1.73195902752878170E+00
  6.18138908065390960E-01  1.39999509983398000E+01  2.41057731437667040E+01
  3.10705613459761840E-01  2.21647172290952680E+00  1.56704642790422020E+01
  6.99092076263204730E-01  2.49189797748028640E+01  5.24933212143205450E+00
  4.40295189098215370E-01  1.80992658744804090E+01  2.03235805561166230E+00
  6.52034765531911640E-01  1.21595520876254780E+01  2.28554213721650260E+00
  5.12628979659419230E-01  1.51305677046070740E+01  2.41349676993159610E+01
  2.68569610726517900E-01  2.70707937003334060E+00  1.27047946690499600E+01
  4.41473589537221400E-01  7.54385041892628650E+00  2.24085254596935250E+01
  7.41623060643924430E-01  2.06708972192118910E+01  7.49490098496358040E+00
  2.49794182180603610E-01  1.36008907162845180E+01  3.13496759421172390E+00
  3.44856808658559500E-01  1.48219102562013520E+01  5.07715406331939880E+00
  6.83701617051292750E-01  2.70761679618222570E+01  1.45719077754159190E+01
  7.19599311285852310E-01  1.38281163149721880E+01  5.97947069398017210E+00
  6.67521681419926690E-01  8.31391414891293930E-01  2.06003123291489700E+01
  5.40946473112310590E-01  1.40280350908427970E+01  2.19017931773384830E+01
  3.83579206291793930E-01  2.81576317387428430E+01  2.00987297463452170E+01
  5.04339573614743570E-01  6.14895908717047130E+00  1.20322946845113880E+01
  6.35523375007872900E-01  1.51029442065479810E+01  2.94503418866231430E+01
  3.44905765886116280E-01  3.51384872548899850E+00  2.14256948006962350E+01
  2.65726189967390210E-01  2.72424704966627690E+01  1.62067942688026040E+01
  4.87785457169642190E-01  8.74645360929003070E+00  1.68587454559752830E+00
  3.71299762957800540E-01  1.14076385519597880E+01  2.91134981130577410E+01
  4.13811620468168510E-01  6.49567190060682980E-01  2.96461847416013310E+00
  5.69423614487483490E-01  1.39882469284430260E+01  4.70206678724625340E+00
  5.83429036676414100E-01  2.46434743585924640E+01  2.00872131459501550E+01
  5.30006102735105960E-01  1.70950427399493740E+01  1.83629036768844640E+01
  5.16710955738981780E-01  4.49596266330165940E+00  1.93333133904459980E+01
  2.65726189967390210E-01  2.60850232365834140E+01  2.07235334532496190E+01
  3.18942867500738640E-01  1.67590046568994420E+01  4.10457164433916780E+00
  3.23881608201221470E-01  6.60711721801772180E+00  2.49615849214592210E+00
  3.54092873053847420E-01  2.10377747213279810E+01  1.01747775545592990E+01
  5.12509616084684260E-01  1.50534756717443620E+01  2.16608269119477370E+01
  4.99223721401470310E-01  2.19383806885367500E+01  1.32501490905161390E+01
  2.56092450391898300E-01  2.26904109401291120E+01  2.09846522782560110E+00
  5.45765227979075810E-01  2.46473550484206640E+01  6.46285543479014280E+00
  6.94010183176834960E-01  1.61043017150908230E+01  2.02586737528893580E+01
  3.57201130995523370E-01  2.18497805216930200E+01  1.02406134002377520E+01
  5.25895496843049500E-01  3.19750534775184690E+00  2.06157369040362720E+01
  5.10790949981952740E-01  1.32146620027447920E+01  2.88280167695330930E+01
  4.89717368181109780E-01  2.13809047698713570E+01  1.09448888371727570E+01
  4.82769235883485770E-01  1.66143753975004690E-01  1.63248817181980780E+01
  6.93278360304079300E-01  1.27245326072466130E+00  1.13355853582722920E+01
  3.35017483125717060E-01  7.90635399673310160E+00  1.22794863724597240E+01
  3.26514001167033020E-01  3.76319576696475400E+00  1.41976751266322430E+01
  4.75880684447443510E-01  2.75421907939143720E+01  2.43026353328222510E-01
  4.22354771203238230E-01  2.46589866991501550E+01  2.35036357861761580E+01
  4.11966131227655820E-01  2.29167766426611830E+01  2.74046419480221000E+01
  7.30946391186454210E-01  2.91740678470224180E+01  1.77847599195234840E+01
  4.22201084465533680E-01  1.15059746867062230E+01  4.07724622941896440E+00
  5.15931587153482510E-01  2.60725027744412720E+01  4.86923023170416070E+00
  5.52347772924787250E-01  2.83370175482408480E+01  2.92843150103014300E+01
  2.49794182180603610E-01  4.02097743025728780E+00  3.56955259682266050E+00
  4.50103975287380020E-01  2.11708297812526500E+01  2.50455272070520500E+01
  3.61769499680632390E-01  1.54113386096944010E+01  1.69147293280299000E+01
  2.77147605524350650E-01  3.22035285875620140E+00  2.59531931708675820E+01
  7.64764367446448820E-01  5.05715936219822120E+00  2.09263605326890100E+00
  5.71326189973923350E-01  8.33558946088517060E+00  1.01394067897714330E+01
  4.07877171249442140E-01  8.99633758816931110E+00  9.38288277071558950E+00
  4.46540105696671490E-01  1.81138421687960330E+01  2.80918179513171110E+01
  5.07606992315717240E-01  2.44167525750741530E+01  1.84453736509195780E+01
  3.01731430220296380E-01  1.54860984811069320E+01  2.48676123518787510E+01
  4.32382463464541460E-01  2.16155167857864330E+01  1.49500448256558640E+01
  3.25762576013666160E-01  2.02057273780080710E+01  1.16232138126927400E+01
  6.24920360555607160E-01  1.44625772903731620E+01  2.98686572827034170E+00
  7.38532964590205680E-01  2.77880984406982600E+01  2.75529802129747350E+01
  3.92511582998476170E-01  1.66526012366153110E+01  1.10157946487962480E+01
  2.97561439636419770E-01  2.48510982976416340E+01  2.21204160349704960E+01
  3.46434506905438330E-01  2.13018477121849090E+01  8.38097537145703520E+00
  5.89502618647478990E-01  2.04625444981698270E+01  2.42719472558212890E+01
  3.32399546609116130E-01  1.96231225507406040E+01  2.46501540579677640E+01
  5.77649046292645880E-01  2.15178679912404790E+01  2.15140647633575600E+01
  4.31729360191427780E-01  1.70948411282235110E+01  1.66456833158983240E+01
  3.17950877609215300E-01  1.09183911337857270E+01  6.87256818268033510E+00
  4.75880684447443510E-01  7.87737885814163260E+00  2.91557902424001650E+01
  3.91816801400439550E-01  1.82584127811161960E+01  2.42847457601920060E+01
  2.50163292655703180E-01  1.17059292212240180E+01  1.94813045282099470E+01
  3.42074681651230290E-01  1.92367134948218230E+00  2.13940207956521040E+01
  3.50974061745161330E-01  6.11917325415763890E+00  2.51604696755875210E+01
  6.18566685513849460E-01  5.59005262568049770E+00  1.03361348882452260E+01
  3.24719866931951940E-01  1.80120223368832450E+00  5.44534415721620850E+00
  3.57201130995523370E-01  6.47482987958067560E+00  2.70333824496075830E+01
  3.13090147150790890E-01  1.77790796826887850E+01  1.30853193814951630E+01
  2.58355477869490890E-01  1.74724593892597720E+01  6.64750296536436910E+00
  4.83351594707823830E-01  9.43500809967672890E+00  2.03795612837440000E+01
  5.48463672908306780E-01  5.27802000175455710E+00  6.45307363814478660E+00
  4.24351701398837560E-01  2.66002337953530770E+01  9.86379692463759920E+00
  6.80557430527969220E-01  1.33391606794980330E+01  1.47530498394721330E+01
  3.73125396709624990E-01  1.25503249950119360E+01  2.82487490642724700E+01
  6.77808113742920780E-01  2.28888272955708660E+01  1.18689565913255280E+00
  7.67512613708393760E-01  2.62733473727531430E+01  2.65627564184358490E+00
  4.76544583128828500E-01  1.90276564027725000E+01  2.79705293079317450E+01
  6.97738347479756800E-01  1.83627537645901310E+01  1.22582618803184160E+01
  4.49545157175862540E-01  5.03149858631131330E-01  1.71941935367236840E+01
  6.25336422111717830E-01  4.05566656759888660E+00  9.96525315126444870E+00
  4.99487474973056500E-01  1.96255763845904560E+01  2.59624351910523380E+00
  6.67521681419926690E-01  9.76193637695069150E-01  2.90104265980415650E+01
  3.44170209092795430E-01  1.69025316781746660E+00  1.79303366569222790E+00
  4.01880163826280960E-01  3.84488575135719750E+00  8.28069975909507510E-01
  5.95035019805102560E-01  1.93125673773295680E+01  1.46326825983633510E+01
  5.20348764567513020E-01  1.09026892410315700E+01  2.01468589084140250E+01
  7.44845164893703690E-01  1.69246212955976820E+01  2.80387856357920170E+01
  6.94010688862415210E-01  1.81864880655520660E+01  1.63758961491819160E+01
  4.00156705760987560E-01  1.43747197364049480E+01  1.27719914312620780E+01
  6.57722721512726150E-01  9.66890437912019610E+00  1.19778001576338190E+01
  3.61198882346046800E-01  2.19204788934811000E+01  8.14218413200190660E-01
  6.07167866036927160E-01  6.33632131365692790E+00  2.10684202598259600E+01
  5.81677556670477180E-01  1.10052445819409710E+01  2.67432680377485500E+01
  3.17579752081870750E-01  1.97022998681274370E+01  1.12237029275631000E+01
  2.69169509893181310E-01  8.56368306378271170E+00  2.59095216228726560E+01
  5.36592099856838090E-01  7.08501275674044170E+00  5.62603211754841050E+00
  3.01799748246536660E-01  2.94770883218617320E+01  1.48565117282293340E+01
  4.05794678723965420E-01  2.43275048896023800E-01  2.63675009029196270E+01
  3.65995101567518470E-01  5.34866511351659390E+00  2.61395437801266400E+01
  3.39481361119070080E-01  6.51281978191754000E+00  1.07819370970467790E-01
  6.97384645011991290E-01  7.68700435020169340E+00  1.98242576862433000E+01
  6.82253548551889110E-01  8.08526569348302710E+00  7.21584419800947790E-01
  5.67035311113654220E-01  2.82570129290231580E+01  2.24874272620230190E+00
  6.47236078597052340E-01  1.50508159289862120E+01  4.11222655411755240E+00
  5.92513140571182980E-01  2.33732192309453270E+01  2.65130613106086310E+01
  4.71553509741754610E-01  2.21853493162834530E+01  1.14705345374520500E+01
  6.55885333720611730E-01  2.90087484764077170E+01  2.68820640993243460E+01
  2.83840017940612550E-01  5.93828401136860420E+00  4.67044495016535870E+00
  5.65219172841477580E-01  1.16619581065939020E+01  5.10644119694902530E+00
  3.48480710258510130E-01  1.63890571414185720E+01  8.10641917625157050E+00
  6.26908127420837150E-01  2.22326237979101720E+01  2.60874168668247320E+01
  2.62213147743524950E-01  8.45664639704268770E+00  2.86536096037146710E+01
  5.08737612195334600E-01  1.18727397788441960E+01  8.91744799302975190E+00
  4.59281804788439010E-01  2.04340234554705380E+01  1.08654363397259090E+01
  2.86550378078914000E-01  1.25310487731604250E+01  1.14449592682824640E+01
  2.99038091422116640E-01  1.42705660749372140E-01  1.53382177157448010E+01
  3.62493203924014780E-01  4.96489890555018580E+00  9.58047061854962400E+00
  5.64616421781660800E-01  3.54812985673018310E+00  2.23336283290673770E+01
  3.87533216804236250E-01  1.31469636781655610E+01  1.99233795166567910E+01
  3.90540239164096370E-01  2.39226941260736830E+01  9.06590658663441750E+00
  5.44640939783434240E-01  2.30983197646155460E+01  3.49814318905391320E+00
  3.84420431658369740E-01  1.57300724157704970E+01  4.88630275597435750E+00
  4.53492046339069340E-01  6.18248051947522190E+00  6.02639593105677920E+00
  6.38023782753992030E-01  5.85946012926046580E+00  1.47328167983380990E+01
  5.00672486592370710E-01  5.62012831086660650E+00  2.69621744824951220E+01
  6.08873319065221350E-01  1.09243977813786920E+01  1.44366140205949980E+01
  3.18942867500738640E-01  1.52725270241119060E+00  2.43522545294746970E+00
  2.65726189967390210E-01  2.73873076051917540E+01  2.21725336181409920E+01
  7.10410487391814980E-01  1.12187369022333600E+01  2.13354468279880860E+01
  4.66797018098134940E-01  2.71439260186713490E+00  2.15635686519204520E+01
  3.89889811574280460E-01  1.59304680113207550E+00  1.53517771561329040E+01
  2.92456502136063850E-01  2.23113130556543380E+01  1.07054148225923120E+01
  3.63079661055833470E-01  6.28434789992044960E+00  5.21645848936324710E+00
  4.13811620468168510E-01  2.42138028520308170E+01  2.18049285650276410E+01
  2.60417758313763680E-01  2.08020827267641410E+01  1.82709025082008620E+00
  4.41940562555082740E-01  5.77369953422414910E+00  2.44002674172779490E+01
  3.08418768867630710E-01  2.88937203871860790E+01  1.46815752901013350E+01
  3.04461637453634990E-01  1.70247490229238670E+01  1.92010263918388910E+01
  4.75626642073745920E-01  2.86359289925263840E+01  1.88641336747346170E+01
  4.19693779402500590E-01  6.54166128380293440E+00  1.56798802215131450E+01
  3.26514001167033020E-01  1.03062837730720830E+01  1.65123219002323510E+01
  3.55388479881239270E-01  1.64718054308952550E+01  1.17401762798802010E+01
  5.33859136323620030E-01  2.39385868747235970E+01  1.25202841647955910E+01
  3.39481361119070080E-01  8.80601265438484760E+00  3.62561711637276970E+00
  2.51153087880769550E-01  1.64981907871344160E+01  1.93783731470136150E+01
  4.21603844523193420E-01  4.17609978796788180E+00  2.50195401665807720E+01
  5.20348764567513020E-01  1.12518995368081230E+01  8.09807068349859270E+00
  6.86210935380316480E-01  2.02261500138041800E+01  9.52493755561986430E+00
  4.41140732643827070E-01  2.02110871095721550E+01  1.80123702349190640E+01
  6.26908127420837150E-01  2.91521401298169070E+01  4.32004562364853230E+00
  5.11871480770454750E-01  1.22707266351872110E+01  1.30762069030852130E+01
  4.70990686464341570E-01  2.44200430526798690E+01  5.95070507763808630E-01
  5.20369884994360540E-01  1.82012373315511700E+01  1.45537785686472320E+01
  3.04306421741581800E-01  1.73286098725679420E+01  2.90044724769053990E+01
  5.88333222664750720E-01  1.61647268160294430E+01  7.19807258782442720E+00
  6.64541222436485860E-01  2.89253966044358390E+01  1.56532558215915840E+01
  4.24351701398837560E-01  1.89177204534544040E+00  1.38709510836447820E+01
  5.55920758830291820E-01  1.31709331242057190E+01  2.67535154739665980E+01
  2.89042915761794110E-01  2.42281448816426920E+01  2.95521630725168090E+01
  2.47647088603063280E-01  1.60353461711687120E+01  2.48766506069059080E+01
  5.88686278844574580E-01  8.33720232992627070E+00  1.87170595991600770E+01
  3.53063097104977870E-01  8.90783044793766620E+00  5.73300474286378050E+00
  4.50600139601478670E-01  2.27042247758126050E+01  2.38178371297988680E+01
  6.65634982039605120E-01  8.98748426526362820E+00  2.94140161016070540E+01
  4.69750256464274060E-01  1.74004885113829180E+01  9.21415246330850480E+00
  6.13801455222646290E-01  2.89005886263471470E+01  7.51423032829067590E+00
  5.14582826754803690E-01  2.41327115981869580E+01  2.27290396414760030E+01
  3.81419328643079860E-01  7.42091116833011990E+00  1.56200521966827530E+01
  7.28196096543639280E-01  1.23364526881281870E+01  7.96937446046541710E-03
  7.33199636544987770E-01  1.92593067835865990E+00  1.84772121633457690E+01
  2.86550378078914000E-01  1.64208236570275300E+01  2.26741796752715670E+01
  2.52169786807371790E-01  1.67702719390241270E+01  8.78628933308812600E+00
  5.01406606281285510E-01  2.40251701442285000E+01  1.63138400263479180E+00
  4.18948713530687210E-01  1.21126757606044070E+01  2.37358959997129340E+01
  3.62620749938717070E-01  1.77341711933527720E+01  2.74499915981495150E+00
  3.15231116497538320E-01  1.15088074837016560E+01  9.69735186449922180E+00
  2.83840017940612550E-01  1.85283712354503440E+01  7.92991073797636400E+00
  4.72199721516180480E-01  1.64895913390435180E+01  9.45348905152670760E+00
  4.41666133880560000E-01  4.17912493056618040E+00  1.60337339936416750E+01
  3.39073066583844400E-01  1.89829535602410610E+01  1.13589078658335510E+01
  2.54831192030272870E-01  1.89858677841999680E+01  2.06453170886236630E+01
  6.65634982039605120E-01  2.79865581014583820E+01  6.61998221816150600E+00
  2.69326463995374250E-01  2.46569334028276930E+01  2.07176232877693070E+00
  3.08418768867630710E-01  2.39253692810389040E+01  2.58021942610916430E+01
  5.63324676144028570E-01  2.35389804017111640E+01  1.78343511529194490E+01
  2.49794182180603610E-01  2.77601227077305120E+00  1.55789337669189240E+01
  6.44956217916396120E-01  2.94432963099485190E+01  1.39045930984358800E+01
  4.26043897269923290E-01  1.97817681755949480E+01  1.37266370801393370E+01
  7.44533748089133770E-01  1.93989276944517390E+01  1.71488206230791780E+01
  2.47647088603063280E-01  4.59707600279794000E+00  1.16168583641782990E+01
  3.47451934045076260E-01  2.54523241612708730E+01  2.55236550248550560E+01
  4.83182858574677270E-01  9.47967447313438430E+00  1.53635089915776920E+01
  5.38382388131525950E-01  2.57600509778439810E+01  1.99907606454479740E+01
  6.08690451339190200E-01  1.15634688609243600E+00  2.59275075485999120E+01
  3.93024383017402490E-01  1.95420936010545350E+01  2.39301360309054270E+01
  2.54611020839302520E-01  1.89418496558042090E+01  2.95331798000674350E+00
  6.82253548551889110E-01  2.23269970105591110E+01  1.88609477907584410E+01
  7.67665169660178040E-01  2.28896712933121620E+01  9.81346021296752190E+00
  3.95839252948554370E-01  8.38432249115284020E+00  2.34187913586072480E+01
  5.15379284759350490E-01  1.82148033495689820E+01  2.17336498504569210E+01
  5.09222041678605210E-01  2.70892532490086420E+01  1.08000336871512830E+01
  4.72038094207023740E-01  2.31445984709433610E+01  2.54747187232256140E+01
  6.64541222436485860E-01  2.69410440354349420E+01  2.03600158036886540E+01
  4.84167632717154460E-01  2.19028145589366740E+00  1.72900773111672450E+01
  5.39922025342825940E-01  1.92590251618882040E+00  1.29082127860270680E+01
  3.77759649416993960E-01  1.87825177176495650E+01  5.21196196968468860E-01
  5.06367095649294540E-01  4.56012693378525570E+00  8.17478484005441250E+00
  3.05466220251299840E-01  6.51958388280181910E+00  2.44313652023731040E+01
  7.55604472483241980E-01  7.31691424823123080E+00  1.78440443491534670E+01
  7.68548325332126940E-01  2.65074380723035310E+00  2.35359682880559260E+00
  3.09209541844886400E-01  2.19447038260581660E+01  2.39031654484518830E+01
  4.71553509741754610E-01  2.95581481394248870E+01  2.12022204067919840E+01
  3.65995101567518470E-01  2.79242794934639990E+01  7.64906971807622150E+00
  6.26517897412854200E-01  2.76060104882079390E+01  1.92538441862911180E+01
  3.55388479881239270E-01  7.66939621352455970E+00  2.09147527010420480E+01
  3.90423892796942250E-01  9.39801456542548230E+00  2.38103386862202710E+00
  4.92172780862642510E-01  1.40792636984391880E+01  2.72760771855798010E+01
  6.66683478841499700E-01  1.81237355556662080E+01  1.77522318086338660E+01
  6.94903868090152520E-01  1.43209556932231320E+01  2.07020904930517520E+01
  7.65642972591057180E-01  2.65921984215588870E+01  1.04116575058554120E+00
  3.52682444144397330E-01  1.47738252714164880E+01  9.73430270811420330E+00
  5.39466591144820300E-01  4.20249341815690510E-02  1.12981124206855520E+01
  4.26043897269923290E-01  8.60933160527405050E+00  2.58884696778835410E+00
  2.53364602799301860E-01  1.49190295359750670E+01  1.64560690941579250E+01
  3.83290088603488770E-01  7.10914062600752230E+00  2.40759838024127930E+01
  5.55920758830291820E-01  2.25684945273288160E+01  2.19394160233455080E+01
  4.13050329149462850E-01  2.74380662415859720E+01  2.84728837098435860E+00
  5.20369884994360540E-01  1.74966137621763660E+01  1.06701522948765830E+01
  6.99477888048091770E-01  9.98583123869148890E+00  1.35262819884275380E+01
  3.59079136884617700E-01  2.68389455342464590E+01  1.56312798339986880E+01
  3.01799748246536660E-01  1.78928925561825660E+01  1.37924982221497190E+01
  5.28731261397185740E-01  2.36708829663634860E+01  2.36640646215171980E+01
  6.80338287111455390E-01  1.88687331422021740E+01  2.91155295770724540E+01
  4.74033319401206570E-01  1.86930913682643020E+01  2.25987144747432610E+01
  3.53302408788900560E-01  1.94301902309151340E+00  8.19247851261381580E+00
  4.03052389307286420E-01  4.24959687151662810E+00  2.15553032102810680E+01
  3.33973424357718240E-01  1.48563183708784690E+01  5.75465029731572210E+00
  4.68162992243922280E-01  1.19861110467906220E+01  1.88205615367491990E+01
  4.72192289519205580E-01  3.31825237840740290E+00  1.07779713884815200E+01
  6.73658304681401180E-01  5.23398585394163970E+00  2.88949760913790320E+01
  4.61178090502161720E-01  5.21211528365798850E+00  7.46009042547917820E+00
  4.18189647978318300E-01  2.63620864638843420E+01  2.13461059853908390E+01
  5.15379284759350490E-01  1.30153527368844020E+01  1.59034115153702390E+01
  5.34553382826858140E-01  2.10188818559317350E+01  1.19016758660519080E+01
  3.70336582810533970E-01  1.73450750773719200E+01  2.18992579232798730E+01
  6.42747544188997020E-01  1.21846906154183190E+01  2.60286477596363670E+01
  4.50600139601478670E-01  5.16795568727132880E-01  1.46865195892949070E+01
  3.55036581058269410E-01  2.55994871922388580E+01  2.88104829765102470E+01
  3.54092873053847420E-01  1.36880278074408020E+01  1.24632536989012410E+01
  5.13614394364816020E-01  5.10687350708454970E-01  3.88101839604031620E+00
  3.65995101567518470E-01  2.13050194398732560E+01  1.86362272316792750E+01
  5.25383403930900440E-01  1.66375267290254920E+01  4.93956912258622260E+00
  3.83598938984435380E-01  2.21798941858514420E+01  2.31696450286167560E+01
  4.86073626967704090E-01  1.61821339733233850E+01  1.65620768345513130E+01
  5.96963967672292380E-01  6.77239431342194020E+00  1.38278937454945510E+01
  4.66553963192992600E-01  1.89408178744110000E+01  7.28943274254598790E+00
  4.15252526658189590E-01  1.02302269518588780E+01  2.07974825367558440E+01
  6.36786611163594070E-01  2.60207781208540430E+01  2.63270682724349530E+01
  6.06760633376156730E-01  2.54913607211893090E+01  2.41086054652051660E+01
  5.25895496843049500E-01  1.94195722493250890E+01  3.59993948844006080E+00
  5.05409982910693060E-01  4.98826283071247720E+00  2.77438903768617390E+01
  5.18912146576496980E-01  8.78178671960576550E+00  1.37097551978997320E+01
  5.81677556670477180E-01  1.23448553672247140E+01  6.15280652906794500E+00
  2.50625569857546320E-01  1.01862425941617260E+01  2.68886481428237900E+01
  6.67521681419926690E-01  2.50699593699280360E+01  1.47757118773049230E+01
  6.52034765531911640E-01  1.79382252393256540E+01  2.52775708037994990E+01
  3.81419328643079860E-01  2.62722376332478230E+01  1.77977125665986940E+01
  3.18942867500738640E-01  1.14244688711571940E+01  2.91819202406998900E+00
  6.63973334543257470E-01  1.06090935603231210E+01  3.46506991499500130E+00
  4.05793634226126800E-01  2.02255698060737680E+01  2.63938018717528880E+01
  2.88617724104866640E-01  9.70441393766184040E+00  2.71296625976911230E+01
  3.17587838135982990E-01  5.97170842634742720E+00  8.31854159358259610E-01
  6.94010688862415210E-01  1.64316323433180570E+01  2.94404114419438830E+01
  3.25036994184950640E-01  2.12873483750412530E+00  2.35675058948746990E+01
  4.41940562555082740E-01  1.05934193146866210E+00  1.24494318661379580E+01
  3.05466220251299840E-01  2.27950055695310780E+01  5.34272308050870050E+00
  7.22984261441823330E-01  1.48733267415879330E+01  6.97296602267640430E+00
  4.60682082706054620E-01  2.08873715209729270E+01  2.23374341068199410E+01
  4.22201084465533680E-01  2.86504414923744090E+01  1.31910797953744940E+01
  6.24824560398126750E-01  2.68107803509568830E+01  1.26080817260744280E+01
  3.63079661055833470E-01  1.94802888208980460E+01  2.10159148010051810E+01
  3.25516939164680520E-01  5.35623393135753020E+00  1.93786620720583040E-01
  4.87886881528419990E-01  3.86204381955370270E+00  1.71735153067339840E+00
  4.34172467284937990E-01  2.74619754717554940E+01  2.86787426844370220E+01
  7.04082361725448710E-01  1.47163033154286820E+01  1.46141877840989840E+01
  4.40295189098215370E-01  1.97862519134608410E+01  1.96178146254448610E+01
  4.54567147313974470E-01  1.32409562546991550E+01  2.57456241198812030E+01
  4.89717368181109780E-01  5.04429015863678390E+00  1.63761340221024730E+01
  4.82771447840326400E-01  7.89684219684080980E+00  2.62550662788273110E+01
  3.54092873053847420E-01  2.54132965253963120E+01  2.72786059458568890E+01
  7.67457697882333090E-01  2.12723998927134230E+01  2.83765685178235890E+01
  4.43129600128677660E-01  2.36459327324381830E+01  1.68341822924927060E+01
  5.61514797181737530E-01  1.21765288938305360E+01  1.78091103404943140E+01
  5.82207618145930890E-01  4.30290046004263440E+00  2.05451092010459430E+01
  5.94092381958372510E-01  9.36189899862383610E+00  1.93056890979308630E+01
  5.64318884198494160E-01  2.28775833695615630E+01  1.22410410120785970E+01
  6.16837537735261420E-01  1.56376040608637620E+01  2.31243505543616270E+01
  4.20581746236023420E-01  2.79306381907777210E+01  2.08689602222396890E+01
  3.16022212934137680E-01  1.54491403576540480E+01  1.62388415679065440E+01
  4.59502380082057990E-01  1.28742437236209050E+01  1.85540958800099420E+01
  7.48336469443998900E-01  1.00006642460069860E+01  6.31936065465812910E+00
  6.90159994875631000E-01  2.63797295085735610E+01  2.50525947891399420E+01
  4.68364091588631840E-01  5.37394769359359260E+00  2.35831383059331900E+01
  4.05593309893122810E-01  1.68348152932706050E+01  6.46402434959582540E+00
  5.55687039951364880E-01  1.61976223092473400E+01  1.76015921683888800E+01
  2.83840017940612550E-01  1.84832721909581360E+01  2.65227544434004960E+00
  5.98280766214214580E-01  1.36764946299692710E+00  7.12841845587321200E-01
  5.84913004272127690E-01  1.85223272717781210E+00  2.49602656791863570E+01
  2.83840017940612550E-01  9.28487450950381540E+00  1.28373978536878820E+01
  2.83517655556827110E-01  2.02454549401277180E+01  2.01956723945914970E+01
  5.27599340399055180E-01  1.19766933981529180E+00  4.66185876758237510E+00
  6.24824560398126750E-01  1.28498280153888280E+01  5.05816633230552880E+00
  4.84167632717154460E-01  7.34238604913179490E+00  1.29098377189568120E+01
  5.66562802601083430E-01  2.02530725785164130E+01  2.15309390076141370E+01
  5.81213412342838430E-01  1.87421368096778910E+01  2.69527785764367420E+01
  5.13285974501586400E-01  1.61557262169500540E+01  2.41265605737673750E+01
  5.29625185962053640E-01  4.87196521106324280E+00  1.53551053114846190E+01
  3.30104909316010620E-01  2.56776505083664760E+01  1.39869867916356900E+01
  5.48174971142568520E-01  2.48431916220379920E+01  7.53714460467775370E+00
  4.72192289519205580E-01  1.39884839706721900E+01  7.89626564020601760E+00
  4.53126113496558960E-01  3.06745901811656150E+00  2.93371731721323990E+01
  5.25993347610763350E-01  2.04523064070986500E+01  3.40205271657040820E+00
  4.75338540515479570E-01  1.78413557111325570E+01  2.64003795823252680E+01
  4.30858982518450690E-01  8.38762757020151640E-01  2.49223341094172750E+01
  7.09741570678139940E-01  2.24081235348801680E+01  2.95555389058581780E+01
  5.05409982910693060E-01  1.25489750391519990E+01  1.68103464947366210E+01
  5.20369884994360540E-01  2.58271726520962980E+01  3.86356270567657350E+00
  2.73281005279713530E-01  7.04380345260613620E+00  8.32704804887688790E+00
  3.09574052588245370E-01  9.08193622360491300E+00  2.33221651552464240E+01
  3.18095930761502070E-01  5.43193173870170300E+00  4.99535711803483370E+00
  4.46537248270915300E-01  4.06854604886860120E+00  1.34881834506001660E+01
  6.38830345620663920E-01  7.21667437265263610E+00  1.15647487994375450E+01
  6.68397269451762100E-01  1.43159355725791800E+01  2.84120722220747370E+01
  5.32488384254616510E-01  6.48817090026033850E+00  2.21961774373798480E+01
  3.17579752081870750E-01  5.52587189662226840E+00  5.62351750248064790E+00
  5.16710955738981780E-01  4.22971110520122020E+00  1.69890268127187700E+01
  4.49545157175862540E-01  1.81245324455443430E+01  6.37371828503214300E+00
  3.20574425314766210E-01  1.52075344183344910E+00  1.03540617587819510E+01
  4.12246671516209600E-01  2.22033582113465670E+00  1.25473340496626460E+00
  4.94550785807675550E-01  1.72291732753124690E+01  1.48417320150637760E+01
  3.59079136884617700E-01  1.87295880126498910E+01  5.83920889715355430E+00
  6.10572080928614460E-01  1.07516383106416440E+01  1.13179631822853130E+01
  4.75338540515479570E-01  2.60513502318688310E+01  1.53592121025602300E+01
  5.09574347305064630E-01  1.31558298545272180E+01  1.05291778345504440E+01
  4.18189647978318300E-01  8.78438870567883080E+00  4.97152109178831130E+00
  3.76753951196820710E-01  1.15309525507794750E+01  2.23838657291527840E+01
  3.84533934306195220E-01  9.51572332485439000E+00  5.29731026858982550E+00
  6.60767019732147710E-01  1.60702095440196190E+01  1.54226604339464810E+01
  5.64318884198494160E-01  1.45820187991066720E+01  8.74512603630871330E+00
  4.69750256464274060E-01  2.72571293335042810E+01  2.14486689475929250E+01
  6.88340418185590860E-01  7.75142158150858410E+00  8.97735295589079030E+00
  5.93150731645016190E-01  7.81474222658363260E+00  2.80889938082306120E+01
  7.17499092254363010E-01  2.70593826167236530E+01  3.94772661408853440E+00
  3.79322922295397280E-01  2.31112264272793090E+01  2.57397918827684480E+00
  3.20574425314766210E-01  3.72490086631432950E+00  1.98409817062058310E+01
  7.17953871372127320E-01  2.46807164760659500E+01  2.64960619185623290E+01
  3.42409596243210680E-01  2.60521763844291740E+01  1.45430346835366850E+01
  4.43129600128677660E-01  2.77780240208137240E+01  1.28684643036472560E+00
  3.78068289465320630E-01  2.13453610602126460E+01  3.54116469275600480E+00
  4.75338540515479570E-01  9.41235776370238320E+00  7.39158400786286580E+00
  7.38532964590205680E-01  1.88199577079164940E+01  4.74596063276720500E+00
  5.07606992315717240E-01  6.55435789438971120E+00  8.99017368103807610E+00
  2.86134314477376340E-01  7.10344747513354680E+00  2.06140861720693710E+01
  5.07437626189109900E-01  1.00158011948632030E+01  8.46777016338765160E+00
  6.15073771326759470E-01  1.02391590157617460E+01  1.74495846112687260E+01
  3.30104909316010620E-01  2.16671956824044580E+01  4.17099662943718390E+00
  6.66683478841499700E-01  1.40511891479978010E+01  1.85324210390399070E+01
  7.49545055295440930E-01  1.90588376815730990E+00  9.35722810996633210E+00
  2.54824432159977790E-01  6.55617317368481880E+00  1.71790743755406870E+01
  5.72142532162989690E-01  6.85316104582521040E+00  9.51835242084947630E-01
  2.77147605524350650E-01  5.58412623236213170E+00  1.12802444139382590E+01
  4.68364091588631840E-01  2.29970149669551420E+01  2.29294230649096350E+01
  4.82771447840326400E-01  2.76652482181143780E+01  1.16068833927288020E+01
  2.50971712925384870E-01  2.72703333006787220E+01  2.35526839546241790E+01
  5.38024295323284910E-01  2.90496480638858610E+01  1.98708807026320930E+01
  4.13050329149462850E-01  5.69145566781058320E+00  9.31004431041851000E+00
  4.86590143357422540E-01  1.29253343338119140E+01  1.21100068625255040E+01
  3.16148313226467530E-01  1.96702857242913360E+01  2.03646283656690410E+01
  3.81419328643079860E-01  1.90670452044258770E+01  2.00144550533148400E+01
  6.52911031193170470E-01  2.91189044714565700E+01  2.22360093483036860E+01
  4.49150663742554990E-01  1.31794934731471080E+01  2.07589682694893160E+01
  4.73113776075054650E-01  2.04680305297885710E+01  2.93739834942349240E+01
  3.65995101567518470E-01  9.98209382445002370E+00  1.46802368405546970E+01
  3.46028387031474870E-01  1.30712856331543890E+01  6.72736850168973000E+00
  4.23675716525973380E-01  1.75837141504519500E+01  1.34146643321110930E+00
  2.47261092463374420E-01  1.26723265461306270E+01  2.12346990587999010E+01
  2.63339374245984010E-01  2.09240039425024200E+01  1.81368815760280380E+01
  2.59062449636064510E-01  6.82962835525783610E+00  1.23742705451846860E+01
  5.77180454669814490E-01  1.71003729666888800E+01  1.24263039143459740E+01
  4.06599624824484800E-01  1.56829987750502560E-01  2.44378265544901760E+01
  4.65278877330243820E-01  9.69148300419356450E+00  1.57816119533959200E+00
  3.07263188066738420E-01  6.29486152733634970E-01  8.69331191798852390E+00
  3.88697647565240350E-01  1.37146369994048650E+01  7.08118309709746100E+00
  6.62122603690132470E-01  1.43067554356324230E+01  1.07458082862114140E+01
  3.79322922295397280E-01  1.71209943998369840E+01  1.74550991531182690E+01
  3.53063097104977870E-01  7.92782514298660960E+00  2.70918726662984990E+01
  6.88885956497308970E-01  5.87322849177107730E+00  1.78301445621769510E+01
  5.33066537704075310E-01  2.59116998192714300E+01  2.22504791383843710E+01
  3.42074681651230290E-01  2.24596278560849290E+01  4.27294832499055310E+00
  4.24351701398837560E-01  1.16024420971004650E+00  6.33481629829623040E+00
  2.92456502136063850E-01  1.21629056431131270E+00  2.80814937066949920E+01
  5.90639534364661320E-01  3.01971407809647860E+00  2.33598434069263730E+01
  4.09705559579089850E-01  1.30925196667675330E+01  2.17384604200144200E+01
  3.59079136884617700E-01  2.71464673056509230E+01  1.35321967264608660E+01
  5.27599340399055180E-01  1.71598787533453600E+01  2.43935615375786590E+01
  5.38382256471750510E-01  2.54408681265433360E+01  9.83162192847597010E+00
  5.96963967672292380E-01  2.19416345909630340E+01  5.05479655619742910E+00
  2.96503602823160150E-01  8.67041178567387230E-01  9.24720965626567450E+00
  3.64593218166308700E-01  4.33275039865332090E+00  9.01546919768380130E+00
  4.18947112612636110E-01  1.34687202188143860E+01  1.67199673563729260E+01
  5.40946473112310590E-01  2.94979901857996030E+00  2.70360087220112070E+01
  3.35017483125717060E-01  1.79069810811842390E+00  2.20574980071337060E+01
  4.75626642073745920E-01  2.62860400824647340E+01  1.69421084695064650E+01
  3.04461637453634990E-01  3.09434785825832750E+00  1.97932094592309510E+01
  4.36315933331792570E-01  9.37755906771797680E+00  1.68488561831028640E+01
  6.77666041374141330E-01  2.42995931296778200E+01  4.01515117875049830E+00
  5.67035311113654220E-01  2.80050934793128090E+01  2.27313950754927670E+01
  3.38650161839631010E-01  3.22758511510536160E+00  4.20076665922576260E-01
  6.94010183176834960E-01  2.59421691503940630E+00  1.17505301298854410E+01
  7.10410487391814980E-01  1.98454549705251000E+01  2.28699761942196990E+01
  4.54567147313974470E-01  2.81406112031976470E+01  2.17184080325722310E+01
  2.52169786807371790E-01  1.21742840657605190E+01  2.12319138290056060E+01
  3.01799748246536660E-01  1.01362062884010660E+01  5.00724122024321350E+00
  4.27719079604653450E-01  1.37583892466009420E+01  1.16861897086092730E+01
  3.87762191716535260E-01  1.49300799759023800E+01  2.75548909270949340E+01
  5.72951670348821020E-01  2.68707217348612910E+01  2.28333122677850260E+01
  5.09222041678605210E-01  2.65816601620895630E+01  2.38733562669187120E+01
  5.25993347610763350E-01  1.66334984644356860E+01  2.13560023481836790E+01
  3.12648490279368120E-01  1.53123535225026830E+01  2.08782371965304240E+01
  3.32399546609116130E-01  2.23898761225814160E+01  1.64244923070035790E+01
  4.43807889241729470E-01  2.46840434529735190E+01  2.53344769037559200E+01
  3.44170209092795430E-01  1.79742860570776520E+01  9.78982561165718580E+00
  2.54824432159977790E-01  2.33603997706475720E+01  1.99124225295054110E+00
  4.21963532045373490E-01  1.24957050680117020E+01  3.56453981733213430E+00
  4.11696508529454960E-01  2.36232085779816790E+01  1.16120772403100080E+01
  4.11346310528290360E-01  4.63736671703192100E-01  2.36803373689876510E+01
  6.16837537735261420E-01  2.82867531894246050E+01  3.43004477616425520E+00
  4.83570943621045310E-01  2.68728438576054530E+01  1.84208707132372210E+01
  4.32382463464541460E-01  2.72867709461641720E+01  2.01569556308028820E+00
  5.92513140571182980E-01  7.92011836307928000E+00  3.33731248336858590E+00
  3.55036581058269410E-01  7.11155695916018260E+00  2.65441091780837470E+01
  4.74581552528920360E-01  3.78032057538680540E+00  2.64544004124909660E+01
  3.44905765886116280E-01  2.52063775686566700E+01  2.34471476571050320E+00
  5.96963967672292380E-01  2.35379349648110560E+00  2.60667041323173190E+01
  2.68569610726517900E-01  4.64183055400677350E+00  2.35026049634614010E+01
  5.80290806494985740E-01  1.73655848334224030E+01  2.00813824869923250E+01
  6.25336422111717830E-01  3.05563406466975480E+00  2.50660392320207950E+01
  6.17452885167652710E-01  8.89756239890888880E+00  8.35461409437536060E+00
  3.29506256422424390E-01  1.58974435385226600E+01  1.92585491045749710E+01
  2.58355477869490890E-01  1.20269206010226720E+01  8.16646122223733960E+00
  4.69641390777102340E-01  1.94962567558045380E+01  1.19821783823805370E+01
  3.49095179616795370E-01  1.22452633085305590E+01  4.29501993678850540E+00
  3.27988333844876360E-01  2.72864504545185970E+01  7.92153970738617020E+00
  3.86383264228710210E-01  1.39421243154689820E+01  1.39727971219212170E+00
  4.75543307221801650E-01  2.65063886056178860E+01  1.93065241479527320E+01
  5.07815655211632320E-01  2.85981893504048800E+01  2.57934618639460820E+01
  6.08088426536500660E-01  6.84508626767831090E+00  2.88294656907259000E+01
  3.93024383017402490E-01  7.24235988647751940E+00  5.55722040135222530E-02
  7.48336469443998900E-01  2.31520477047822980E+01  1.35307697089026600E+01
  3.13454063710418570E-01  2.91579520742476890E+01  1.67162263434227500E+01
  4.43133439323318520E-01  8.67361473391638430E+00  1.24448142834732960E+01
  3.62493203924014780E-01  6.49562766026973380E+00  1.81397167420777700E+00
  5.72881440675418570E-01  3.92406201654647400E+00  2.75738050744631490E+01
  3.71299762957800540E-01  1.31425888914320090E+01  1.29390007521812440E+01
  5.13143010843963320E-01  1.77490013272195350E+01  2.35370186422855030E+01
  3.87533216804236250E-01  2.10105376018117470E+00  4.79954963832994870E+00
  3.90540239164096370E-01  2.14176418697335570E-01  2.29192436927799040E+01
  4.11696508529454960E-01  3.08117174434535010E+00  1.72038054949027060E+01
  4.19670751191123690E-01  2.68359907442497600E+00  7.48361411956303520E+00
  5.39922025342825940E-01  2.80276421468065000E+00  8.43422124129793720E+00
  3.73125396709624990E-01  1.25668062699568450E+00  8.43002282430312280E+00
  5.72628172168292430E-01  6.28634314291757070E+00  2.61229025498243960E+01
  5.63660960642019760E-01  1.17589887865491320E+01  7.13689330197202490E+00
  7.54397230300637300E-01  7.24218583024433470E+00  2.52053484210927650E+01
  4.07877171249442140E-01  3.41512162807394310E+00  9.15607171308032090E+00
  4.61178090502161720E-01  2.47675959475487110E+00  2.24601116274694200E+01
  3.50974061745161330E-01  2.14021349915465890E+01  2.42793345036955340E+01
  4.22541054278063120E-01  3.01133907414122380E+00  9.88117226877757560E+00
  3.25036994184950640E-01  2.42638479824599180E+01  1.92628457886455710E+01
  4.96042965314236020E-01  1.47097189769959670E+01  2.50508534244299380E+01
  3.04461637453634990E-01  2.06354652019419480E+01  1.86251566365345620E+01
  4.21290506291976640E-01  1.84211087432766050E+01  1.23324921518542090E+00
  4.26578460793149810E-01  2.81666217493940750E+01  1.47733320430518710E+01
  3.91816801400439550E-01  2.68573799011136350E+01  2.69185239575923530E+01
  5.32262962461145860E-01  4.77853199097482140E+00  8.27207365811344180E-01
  6.07718241283317260E-01  9.32732172462417350E-01  1.34910407531046540E+01
  5.13425754976809310E-01  1.61497854514646950E+01  3.31629474575129320E+00
  5.46829204411607870E-01  1.42138140148441860E+01  2.59674193633938510E+01
  2.99038091422116640E-01  1.97749143952802130E+01  4.34335983325575640E+00
  3.65374026971610010E-01  1.43889631377969140E+01  2.00079401454654440E+00
  3.46733456860136300E-01  2.59880127588582470E+01  1.61770964504065660E+01
  5.01833768532536340E-01  1.71619528452879210E+01  3.39100305520623780E+00
  2.88617724104866640E-01  8.17243209325376260E-01  2.67568401531306460E+01
  3.13454063710418570E-01  2.39320329591030360E+00  2.08529397177601870E+01
  4.43756654693070110E-01  2.87518004458495750E+01  2.48493841420475510E+01
  5.20369884994360540E-01  2.22252369919023490E+01  2.71919779384389400E+00
  7.41720708060832300E-01  7.57358943041373680E+00  2.04991076972457800E+00
  2.99038091422116640E-01  1.62220387340012240E+01  8.73085856295796960E+00
  3.93024383017402490E-01  2.64177713180665460E+01  1.37200152671460940E+01
  2.53364602799301860E-01  2.01177778717923170E+01  2.07222063630564930E+01
  5.48463672908306780E-01  8.73965871554083580E+00  6.62036730116343100E+00
  5.63660960642019760E-01  1.98290252721400790E+01  2.73091662619552050E+01
  4.99487474973056500E-01  6.33856461255437420E+00  2.36475566856761220E+01
  5.32488384254616510E-01  2.04092989964581510E+01  5.77741075217729970E+00
  3.62493203924014780E-01  1.64549370159027040E+01  1.44766633023358740E+01
  3.90540239164096370E-01  5.87712712545144540E+00  2.28872214223657050E+01
  6.25248164210708260E-01  1.66510230408423500E+00  7.25430782670579260E+00
  3.93024383017402490E-01  8.20352651940520160E-01  1.54728241930643580E+01
  2.83517655556827110E-01  2.96130937601233020E+01  7.15869296206231990E-01
  5.16562546778196820E-01  3.79819683776820980E+00  1.16422679565838130E+01
  5.96777348356598920E-01  9.30725664842662680E+00  2.14511431981448130E+01
  3.35017483125717060E-01  1.84323081782173120E+01  1.53769763521295460E+01
  5.69344335137112000E-01  2.51310096981645170E-01  5.21544137354260510E+00
  5.55509338843663690E-01  1.39425026013900180E+01  1.36224647064454080E+01
  4.09775903561979240E-01  2.83157313944970600E+01  1.39516072488284950E+01
  3.20574425314766210E-01  3.82595224534226740E+00  8.55515115964120200E+00
  5.39466591144820300E-01  1.57438295278383670E+00  2.29047030057706780E+01
  5.18725390566230620E-01  2.82779948137948440E+01  8.45934251733254960E+00
  3.62493203924014780E-01  1.94294553155622080E+01  2.62736772559825660E+01
  4.23675716525973380E-01  1.33091495383685030E+01  2.78389651974265750E+01
  4.13050329149462850E-01  2.55788466618708200E+00  4.14258995852011760E+00
  3.01731430220296380E-01  2.66789433352274120E+01  1.62719662123915110E+01
  3.48156346672602490E-01  8.51387545795650880E+00  1.77977905241736780E+01
  6.83531487369900860E-01  1.52955194412749120E+01  1.33404903124150260E+01
  3.27197753470684690E-01  1.70132608684992060E+01  2.25138352314221070E+01
  3.50974061745161330E-01  2.37728615266490500E+00  5.79788555715780160E+00
  5.77649046292645880E-01  2.49810223391702380E+01  2.81130897122031730E+01
  5.13614394364816020E-01  4.36144162759993660E+00  6.98567753666160130E+00
  7.17953871372127320E-01  2.68608674077614640E+01  5.81688555036154400E+00
  3.01731430220296380E-01  1.60874491523114930E+01  1.39243348152972090E+01
  6.14584822297879540E-01  2.15113361778457380E+01  9.33018294284010530E+00
  4.69641390777102340E-01  8.69302821007457990E+00  1.48279320804085050E+01
  4.49154676673646060E-01  3.08002846470146350E+00  1.20115391224663930E+00
  4.82268891960512480E-01  8.28126243398400600E+00  1.56849766800543300E+01
  6.26908127420837150E-01  2.63296710277771560E+01  8.84888272561708430E+00
  2.50971712925384870E-01  2.37776476578326520E+01  9.21816278605960090E-01
  2.62213147743524950E-01  1.62204610317963900E+01  1.31441802034131460E+01
  6.45167794061425240E-01  9.56516941608290950E+00  4.25222346677835010E+00
  5.94931591270377070E-01  2.29739703753596770E+01  1.48618656169657370E+01
  7.68548325332126940E-01  2.20688941087826650E+01  2.02877364999858190E+01
  4.36195486319121350E-01  1.47502316878866540E+01  2.25584866018708570E+01
  5.33066537704075310E-01  2.94933137461119690E+01  2.92522411047251330E+01
  5.62178328188990490E-01  3.91485531893155280E+00  2.76577753779874100E+00
  2.97561439636419770E-01  2.01474935849805840E+01  1.89755329742375490E+01
  4.82771447840326400E-01  2.39688855359784050E+01  1.44496479384003710E+01
  6.61562106526255890E-01  2.36618841656182290E+01  5.76755349797679880E+00
  5.04339573614743570E-01  4.08135529010831990E+00  4.32022491763956750E+00
  3.45648959319623030E-01  4.25631028133645280E+00  1.09136088271618340E+01
  6.95947079841625180E-01  1.59513754844205740E+01  2.69771195804218600E+01
  4.75626642073745920E-01  8.10633397430603960E+00  2.16210685382839750E+01
  2.57534358191145160E-01  2.70244040922910500E+01  1.67495187233171880E+01
  6.30423428531534040E-01  2.40300156826678270E+01  1.06201459975672560E+01
  3.25516939164680520E-01  2.47665193411953410E-01  9.19711540016518110E+00
  3.14110289759674140E-01  7.06236887511854320E+00  2.99039576992806250E+00
  3.99477862283745790E-01  4.00655077255724200E+00  2.32977013547366920E+01
  6.47236078597052340E-01  1.17957443806975930E+01  1.20190220131893510E+01
  5.28731261397185740E-01  1.32537675847639810E+01  1.76422058331952980E+01
  4.43807889241729470E-01  2.34355473462229180E+01  2.14448685569310130E+01
  4.82268891960512480E-01  7.96607782133900780E+00  2.41901257766566470E+01
  4.30858982518450690E-01  2.18870650442398330E+01  1.23218458685787480E+01
  4.18947112612636110E-01  1.34305916109119000E+01  3.78117056977996090E+00
  3.50662231740508900E-01  1.08076265854410720E+01  2.23120139447002690E+01
  2.85767805251094040E-01  2.11671302984348100E+01  5.47374548162587530E+00
  3.45648959319623030E-01  2.78607192179141130E+01  2.36324875551788940E+01
  3.45648959319623030E-01  2.52152834540765020E+01  1.81230515421891700E+01
  6.42005949159872720E-01  2.82045118172718360E+01  9.61648869547829040E+00
  2.74003615458356760E-01  2.80997238910861460E+01  2.51795632949511660E+01
  3.87653287431749970E-01  2.25896561636512420E+01  1.78251372281742990E+01
  4.18948713530687210E-01  2.53957195336731590E+01  1.66610592955630850E+01
  4.53451232343747090E-01  1.56764486626117230E+01  1.16027661771396600E+01
  4.21603844523193420E-01  2.87679859860048240E+01  2.07877185857222740E+01
  2.62213147743524950E-01  2.81312414648390750E+01  2.66130382706506520E+01
  6.94903868090152520E-01  2.07350625859647090E+01  4.59412665537713940E+00
  6.31563936872940970E-01  3.59036593375734240E+00  1.51387644989669070E+01
  7.01778375544082420E-01  3.15095987683129320E+00  5.08521244123637130E+00
