1
  1002  2.96924426640336700E+01  2.96924426640336700E+01  1.00000000000000000E+00
        0.00000000000000000E+00  0.00000000000000000E+00  0.00000000000000000E+00
  5.63660960642019760E-01  1.65563334024261440E+01  2.51595490405848710E+01
  4.99487474973056500E-01  1.46959107298577120E+01  2.41865862097942570E+01
  5.32488384254616510E-01  2.16930735155967690E+01  2.19433501832666450E+01
  3.62493203924014780E-01  7.35838406300823070E+00  2.71814227267557730E+01
  3.90540239164096370E-01  1.64830787172046410E+01  1.64803777564510190E+00
  6.25248164210708260E-01  2.49634037767191050E+01  1.10006801746369510E+01
  3.93024383017402490E-01  1.56658678302728640E+01  8.08364808200702710E+00
  2.83517655556827110E-01  1.28188946743468860E+01  1.24637686120648630E+01
  5.16562546778196820E-01  1.56986604563985460E+01  2.43487778364769840E+01
  5.96777348356598920E-01  1.14290833504349340E+00  1.43615791906935930E+01
  3.35017483125717060E-01  2.15785007711615360E+01  3.95512679481074160E+00
  5.69344335137112000E-01  8.27891214268365690E+00  1.90293228598819720E+01
  5.55509338843663690E-01  4.96020067398112910E+00  2.73098397059864410E+01
  4.09775903561979240E-01  7.46024013032225670E+00  4.54777205006162260E+00
  3.20574425314766210E-01  2.14769538886671290E+01  9.52695845215657400E+00
  5.39466591144820300E-01  2.88715542966691490E+01  1.03379657060302500E+01
  5.18725390566230620E-01  2.66884035358465820E+01  1.74058128412970310E+01
  3.62493203924014780E-01  2.70193835577130520E+01  1.71311429069055390E+00
  4.23675716525973380E-01  1.88016756245375980E+01  6.23687788638480620E+00
  4.13050329149462850E-01  2.91046763070144690E+00  1.89459577164509480E+01
  3.01731430220296380E-01  4.48083653191505430E-01  3.25338178519460270E+00
  3.48156346672602490E-01  2.51975283971109900E+01  1.44064467236078480E+01
  6.83531487369900860E-01  2.00877470573177530E+01  2.80163638915648400E+01
  3.27197753470684690E-01  2.91715107025021290E+01  1.34999520043576670E+00
  3.50974061745161330E-01  2.97285231425272390E+00  2.05840680909119470E+00
  5.77649046292645880E-01  1.40710907048154340E+01  2.12645755822440810E+01
  5.13614394364816020E-01  2.92215104249244990E+01  5.10671073738047190E-01
  7.17953871372127320E-01  2.34350621009979850E+01  7.18732711877855120E+00
  3.01731430220296380E-01  1.12914736407057230E+00  1.65352576134320440E+01
  6.14584822297879540E-01  1.93493466384021810E+01  1.74229251734348840E+01
  4.69641390777102340E-01  2.09988052605136450E+01  1.79339322352526780E+00
  4.49154676673646060E-01  1.42423790277595600E+01  2.50196456771450960E+01
  4.82268891960512480E-01  1.92892164453178140E+00  1.51008234511700060E+01
  6.26908127420837150E-01  2.94662462603549710E-01  1.69412789111758530E+01
  2.50971712925384870E-01  1.42104582147371680E+01  1.76552532640546610E+01
  2.62213147743524950E-01  2.33498974517891750E+01  1.73246571949076120E+01
  6.45167794061425240E-01  9.92676391866365830E+00  1.65194307110669280E+01
  5.94931591270377070E-01  3.26590842039176990E+00  1.20632986846349030E+01
  7.68548325332126940E-01  2.18978830235542220E+01  2.95461597504889110E+01
  4.36195486319121350E-01  2.91493055990187210E+01  1.33527976986384420E+01
  5.33066537704075310E-01  3.54236509001406440E+00  1.38461302300840270E+01
  5.62178328188990490E-01  1.15376415603898690E+00  2.82340816746658130E+01
  2.97561439636419770E-01  1.83414065486120850E+01  2.16048476576915580E+01
  4.82771447840326400E-01  1.65934856461765780E+01  2.54331510801045240E+00
  6.61562106526255890E-01  1.20627923528661500E+01  2.13506726458255580E+01
  5.04339573614743570E-01  2.42788003621457310E+01  1.25726583011196630E+01
  3.45648959319623030E-01  2.23009417102711750E+01  1.65866906424328350E+01
  6.95947079841625180E-01  2.70079200726355320E+01  2.01250180912600810E+01
  4.75626642073745920E-01  1.95604327002383370E+01  4.68330730070737110E+00
  2.57534358191145160E-01  9.52813228715238300E+00  2.46107157301630120E+01
  6.30423428531534040E-01  1.88235535525548410E+01  7.40940414836479990E+00
  3.25516939164680520E-01  2.55060667766297050E+01  1.00370040775181660E+01
  3.14110289759674140E-01  3.48440964915966940E+00  4.04958078842966710E+00
  3.99477862283745790E-01  2.32624677671535240E+01  4.77085901224027700E+00
  6.47236078597052340E-01  9.43416346630784550E+00  1.77132473653551830E+01
  5.28731261397185740E-01  1.67032459405227800E+01  1.59397301717650440E+01
  4.43807889241729470E-01  1.54689800708485770E+01  1.44035760020130750E+01
  4.82268891960512480E-01  2.12767948138880740E+01  1.11268451750379070E+01
  4.30858982518450690E-01  1.18420429102036230E+00  1.82087216070381500E+01
  4.18947112612636110E-01  1.69845146614923690E+01  1.48797846544887680E+01
  3.50662231740508900E-01  1.18280381120756300E+01  5.18408801782779350E+00
  2.85767805251094040E-01  7.28828481652123550E+00  2.63414669617436770E+01
  3.45648959319623030E-01  6.30031023356586850E+00  1.35518495389845250E+01
  3.45648959319623030E-01  1.59432125983078400E+01  1.90115058968505440E+01
  6.42005949159872720E-01  9.19049795491072350E+00  1.04451609751483790E+01
  2.74003615458356760E-01  1.15782498295725440E+01  7.26651717509646480E+00
  3.87653287431749970E-01  3.79143794309346170E+00  2.40968187228659760E-01
  4.18948713530687210E-01  1.35982392506915910E+01  9.83103767173515490E+00
  4.53451232343747090E-01  5.13925328113817240E+00  1.13446801098496090E+01
  4.21603844523193420E-01  1.25787681667950470E+00  7.96764233580300640E+00
  2.62213147743524950E-01  1.69619856352079450E+01  2.78362705775663030E+01
  6.94903868090152520E-01  8.88145636168137290E+00  2.20787905641105300E+01
  6.31563936872940970E-01  1.26399027246567940E+01  1.50917780173621200E+01
  7.01778375544082420E-01  6.60518551822788960E+00  2.33607492061389480E+01
  3.46434506905438330E-01  1.87883628569310480E+01  2.37234454760280440E+01
  3.50662231740508900E-01  2.60557810846681260E+01  1.89303421748203680E+01
  3.01799748246536660E-01  6.24290896564720740E+00  1.84756977132382650E+01
  4.41298336829792340E-01  2.02352718362157340E+01  1.49958496039074300E+01
  3.39481361119070080E-01  5.67658487886409000E+00  2.55130430498482350E+01
  3.83181557852844270E-01  5.80888506413392940E+00  1.63358949477133210E+01
  6.75156127532392600E-01  9.04746308980971920E-01  2.70226558679088380E+01
  2.73281005279713530E-01  9.64359503838245580E+00  2.33589830973252150E+01
  6.65634982039605120E-01  2.11726338679541160E+00  2.89920448369265920E+01
  2.54824432159977790E-01  2.87643598673444170E+01  1.50560239628625720E+01
  2.84029264846615530E-01  2.32543211959140810E+01  1.43961682258240240E+01
  4.62836237406567810E-01  4.75866558362195670E+00  1.40821575606242590E+01
  3.33973424357718240E-01  2.53035856691020480E+01  1.57931619332114580E+01
  4.91872428060923640E-01  1.91564915512850290E+01  2.44753325037749900E+01
  5.52490392167627680E-01  2.44569834516863550E+01  2.48739346247773310E+01
  5.39466591144820300E-01  7.53176289730150650E-01  4.03663205899313660E+00
  5.65219172841477580E-01  7.86352862566984710E+00  8.55030696596119450E+00
  3.53776024442120150E-01  2.17297443144684090E+01  1.33493569613314320E+01
  5.54611473665029210E-01  2.12049759488048150E+01  2.74849517564001720E+01
  4.81368497469048420E-01  1.20896297798542260E+01  1.00711034486323180E+01
  2.84672167568555990E-01  2.72017601431562960E+01  9.22408282343332080E+00
  3.06898385793053400E-01  1.46319075211545910E+01  5.90531519092895250E-01
  4.49954956992444630E-01  1.11034013354019210E+01  1.74808513614073890E+01
  5.88686278844574580E-01  1.55384414470306830E+01  4.65796341651325370E+00
  4.36315933331792570E-01  3.43361535039451880E-01  1.80021642385900480E+01
  5.46155746035104350E-01  8.70412752540106100E+00  2.00605617819458080E+01
  4.11346310528290360E-01  2.49672582822835840E+01  1.51295707473084540E+01
  7.44650008855257360E-01  3.82575821938591430E+00  1.37090050107527950E+00
  4.68162992243922280E-01  2.64919842869854460E+01  1.37173774677340820E+01
  7.11073931023246340E-01  2.57787991011368900E+01  8.20734003935868910E+00
  3.02034441597155470E-01  1.52235084783043440E+01  2.81245377802664930E+01
  5.12509616084684260E-01  9.30542538183224010E+00  3.72527977268681010E+00
  3.40422717275118370E-01  2.99201606608755540E+00  2.74949825762036060E+00
  6.65634982039605120E-01  1.48899968979842950E+01  2.90308281700592050E+01
  3.75295693565172690E-01  2.50699511394825730E+01  2.03091515202899910E+01
  4.75626642073745920E-01  4.03407807467425260E+00  2.77692176578312200E+01
  4.72038094207023740E-01  1.12927411095112870E+01  1.05930513135203020E+01
  4.29902962432020440E-01  3.09561504223144810E+00  1.97679915297835470E+01
  5.68910711623079470E-01  1.88192636227942990E+01  2.00236443818563250E+01
  3.07263188066738420E-01  2.16869579554416170E+00  2.66933124080399050E+01
  6.10911033360540580E-01  1.05887292229082600E+01  1.14850189862891900E+00
  3.43353541919950760E-01  2.18159200307355090E+01  1.79596420230398850E+00
  3.15231116497538320E-01  1.05926231934892900E+01  1.25931932930425090E+01
  3.78068289465320630E-01  2.63052760220503320E+01  2.53034813070068520E+01
  2.54824432159977790E-01  2.29664180676968360E+01  1.92487293576552040E+01
  5.44558358435121190E-01  1.04064899184377910E+00  2.51846374224819480E+01
  3.56000803327192820E-01  6.83683536090819550E+00  9.44026745775556010E+00
  3.13454063710418570E-01  2.89692144674589510E+01  1.96210645428088280E+00
  6.12591031919131530E-01  1.26380338523803550E+01  5.70481951553118890E+00
  6.47236078597052340E-01  1.19199853140671110E+01  2.26505772439295900E+01
  2.65726189967390210E-01  6.25985390874304050E+00  2.46906779344110420E+01
  2.96653470797716330E-01  1.40382465344059870E+01  2.85830338404887950E+01
  3.45648959319623030E-01  2.26388615321031350E+01  1.57965959237109350E+01
  3.13454063710418570E-01  2.26404780522984660E+01  1.21871392168719270E+01
  3.39073066583844400E-01  2.60243857469277170E+01  2.89014092938054970E+01
  2.96256570285591500E-01  1.25912013992985270E+01  2.05518313034029740E+01
  4.19081387041561550E-01  6.42660119156701540E+00  7.66493878952054790E+00
  7.08391389715138510E-01  2.87930388596521350E+01  5.94133526603962370E+00
  7.16035261746952050E-01  9.71300910754298560E+00  1.44286972908935900E+01
  4.43133439323318520E-01  1.21670022807705450E+01  1.61029408423742910E+01
  2.73281005279713530E-01  1.46142474498213840E+01  1.73215173693075250E+01
  3.35017483125717060E-01  8.61819652765513840E+00  2.30735481330064690E+01
  5.09222041678605210E-01  6.17298973388140750E+00  6.77257494640470360E+00
  4.27719079604653450E-01  3.87825416395591830E-01  2.19384606681148780E+01
  5.81299825206354370E-01  7.17255106474993820E+00  2.34926240577224330E+00
  5.46155746035104350E-01  1.65182786465376130E+01  6.55934921830195440E+00
  3.05466220251299840E-01  2.54425190269390100E+01  5.73649956784452280E+00
  3.11838068626578210E-01  4.45406516233803450E+00  8.41084313571556490E+00
  6.27423008989955560E-01  1.51574301812100640E+01  1.19746679337421150E+01
  7.12424816007452400E-01  1.13982975445657310E+01  4.21238953193314280E+00
  4.41140732643827070E-01  2.14388725104630640E+01  2.58923250236265860E+00
  3.80273533482480450E-01  8.97405052285857430E+00  2.49266000034997890E+01
  3.29796701345061780E-01  2.07455123812985210E+01  2.03321838758828550E+01
  4.15252526658189590E-01  1.64221298291515970E+01  1.96019199892543700E+01
  2.59062449636064510E-01  2.60922977686722600E+01  2.21018331552147380E+01
  6.18419083689772810E-01  2.74275407779899820E+01  2.96600879715425130E+01
  5.04213456464067280E-01  1.02903738008194750E+01  1.33540629801343940E+01
  3.48156346672602490E-01  9.44037019897499970E+00  1.34007531436194400E+01
  2.89042915761794110E-01  8.15187163164141280E+00  4.64650575087763240E+00
  3.05466220251299840E-01  2.87052209346363090E+01  4.17781432937879420E+00
  6.49919166153384610E-01  1.70396863132403100E+01  1.15042026554000960E+01
  6.14379095469630790E-01  1.01977013098485520E+01  2.40523980210353440E+01
  7.00411917450214720E-01  2.71337572517385190E+01  2.61880133998470410E+01
  5.69344335137112000E-01  8.29193466209484950E+00  2.72025240369123300E+01
  2.57564851167384970E-01  7.78923704919561110E+00  2.65482700558166340E+01
  4.13050329149462850E-01  1.53218198657154620E+01  1.72506350247968500E+01
  6.18419083689772810E-01  9.67637431920898550E+00  1.24149474053611330E+01
  4.26523982883737140E-01  5.84543166853783890E+00  2.62591287572772350E+01
  3.78209123272245940E-01  1.64136592803476730E+01  2.75075333130608970E+01
  2.63055759251188670E-01  9.23713406978327360E+00  2.30033050631184150E+01
  5.00274833943758600E-01  2.25039439030506330E+01  1.29892950653066740E+01
  6.01687927537542500E-01  1.28968477530731570E+01  2.34281918160188950E+01
  4.86073626967704090E-01  2.01259825305939660E+01  2.43565272551724550E+01
  7.62474117278193650E-01  2.56412520254737150E+01  2.91213541753460080E+00
  4.87886881528419990E-01  1.11293854326891650E+01  2.34638334148826500E+01
  2.99038091422116640E-01  1.88220036094969960E+01  9.72510335479881150E-01
  3.50974061745161330E-01  1.50491421623628500E+01  1.04121074826756580E+01
  6.10572080928614460E-01  1.50144883085924920E+01  1.53739974314329860E+01
  3.01731430220296380E-01  1.70869596454422170E+01  2.18384810336569860E+01
  2.59062449636064510E-01  1.08842275184662250E+00  1.00136002840773890E+01
  6.99477888048091770E-01  8.30859498703396680E+00  1.42631736264665110E+01
  4.41666133880560000E-01  7.83610412133898220E+00  3.12633959622904810E+00
  6.86210935380316480E-01  1.13192739667681760E+01  2.50916790405775350E+01
  5.27425300578987690E-01  7.54180570333777660E+00  1.24897515554177920E+01
  7.54505484792745040E-01  2.53390453076996170E+01  1.33134318454346920E+01
  4.11696508529454960E-01  1.08986492139270600E+01  7.17809169381176470E+00
  6.26517897412854200E-01  1.01258120080000930E+01  8.72096183219243850E+00
  5.72142532162989690E-01  7.43238071349750840E+00  1.64607859478800260E+01
  3.47451934045076260E-01  2.60162863028141550E+01  9.23762487051571850E+00
  2.57564851167384970E-01  2.32044906601836870E+01  1.07716815253400730E+00
  5.33859136323620030E-01  6.76548614825084370E+00  8.55418602157753400E+00
  2.69169509893181310E-01  1.20178613880342640E+01  6.33047508340022170E+00
  4.24351701398837560E-01  1.96096412571558040E+01  3.78467548225784260E+00
  3.11762329988951370E-01  1.74152385149431410E+01  2.40844143719078050E+01
  3.50974061745161330E-01  1.56082472259076890E+01  2.14083836900387150E+01
  2.66929568161810020E-01  1.77772952774682870E+01  2.15904496570559880E+01
  7.20816873845379820E-01  1.27005829186744210E+01  7.94493672035485420E+00
  4.22201084465533680E-01  1.58990224863998330E+01  7.30281113008047460E+00
  3.09209541844886400E-01  1.48350919597579840E+01  2.65528810475001440E+01
  2.62213147743524950E-01  1.83471457033400540E+01  1.59113067127306810E+01
  7.60411681679863700E-01  2.51575356085839700E+01  2.25073721855118580E+01
  6.67521681419926690E-01  2.00023170087591960E+01  1.96674550020516530E+01
  4.37954134865551840E-01  2.86790119691033280E+01  1.93055215885894390E+01
  7.16654247500547470E-01  1.81214801891137180E+01  1.06698524792139510E+01
  7.12424816007452400E-01  2.34648254714791200E+01  2.11060372604587880E+01
  3.61198882346046800E-01  6.67238098950994730E+00  1.49452483467123150E+01
  3.82245446386266610E-01  1.61150344899743980E+01  1.71931982479814070E+01
  3.58737518624021320E-01  6.44808784777736220E+00  5.92464539051611800E+00
  5.81547682683179710E-01  2.11096694638972910E+01  2.28906929029561360E+01
  4.21963532045373490E-01  7.22212778517063470E+00  3.75085230399152310E+00
  3.12648490279368120E-01  2.69861247923263510E+01  2.51878531471061710E+01
  3.25036994184950640E-01  2.43432908567328320E+01  2.16578879887570290E+01
  3.83290088603488770E-01  1.10432851118721680E+01  5.24808951422935180E+00
  2.93443024193560210E-01  1.92112676754511260E+01  2.51382213446586840E+00
  2.66929568161810020E-01  1.90358930340592640E+01  2.82521571289753910E+01
  2.99038091422116640E-01  7.58169508635987380E+00  1.95482088724032370E+01
  6.00040109246873770E-01  7.77769054768959830E+00  2.39248392711495330E+01
  7.14535578675763720E-01  3.83080130481182570E+00  1.82968410535276720E+01
  3.06898385793053400E-01  2.42127048961604130E+00  2.14149662754212290E+01
  3.45648959319623030E-01  2.76627803561844270E+01  2.70886772508274660E+01
  3.87046365911375680E-01  7.28471735312867530E+00  7.79430435024616840E+00
  6.56539952722306990E-01  1.43760731593981550E+01  1.42803127504951370E+01
  5.07436062422724900E-01  2.82855075596468520E+01  3.48164563262867020E+00
  7.39270392714900380E-01  1.75758195766257760E+01  1.96182017070993170E+01
  5.38024295323284910E-01  4.69692775099228750E+00  4.29749493678439260E-01
  7.33199636544987770E-01  2.29078472436735470E+01  2.35050916121009340E+01
  6.31923671661538840E-01  1.13991128196445950E+01  1.31086358417482690E+01
  5.72951670348821020E-01  2.03998111146246190E+01  6.62758369187421530E+00
  6.40456937776772590E-01  1.11275988113984990E+01  9.49460115514947670E+00
  4.77241894706072770E-01  1.92413623444868200E+01  8.57396499868147370E+00
  7.64764367446448820E-01  5.99873892743816310E+00  4.11438435625269780E-01
  7.16535845940979770E-01  2.15008426081268100E+01  1.23040689862757320E+01
  3.10705613459761840E-01  1.28363977578870350E+01  1.41709571645127000E+01
  3.89901968262705180E-01  1.21716092010515170E+01  6.96985524775944580E+00
  7.15011499502423580E-01  1.12184688069226150E+01  1.17758531634224310E+01
  7.60297905848187840E-01  9.11486913256460520E-01  1.93676353747001960E+01
  2.65726189967390210E-01  1.68866770470341020E+01  1.30546755407759320E+01
  4.53492046339069340E-01  1.60531430100519610E+01  5.67467664787779570E+00
  5.18725390566230620E-01  1.50831144481687660E+01  1.89375832216544600E+01
  4.24020504903543660E-01  4.33193677671115300E+00  1.33063954274155640E+01
  5.17634268500846420E-01  5.95375897567024740E+00  1.54486390279460350E+01
  4.54567147313974470E-01  2.85361847730759520E+01  2.11684913354844330E+01
  3.65965634987757580E-01  1.22873386651550920E+01  2.78240841487399420E+01
  2.96256570285591500E-01  2.14187433303866540E+01  2.83081481717287820E+01
  5.50543265074639000E-01  2.93766021135893850E+01  8.82043879537242150E+00
  4.46540105696671490E-01  1.10158107213501230E+01  1.65902577624776980E+01
  6.47236078597052340E-01  1.34710508924434760E+01  3.04717608760575940E+00
  4.82769235883485770E-01  2.83655637102808780E+01  2.48118784089978340E+00
  2.97529618718302210E-01  1.81887490492656240E+01  1.39332217436112100E+01
  4.13811620468168510E-01  2.27039867439747670E+01  2.46335288162851710E+01
  4.87785457169642190E-01  2.16326606275859350E+01  4.83918635779589760E+00
  3.41778742319800830E-01  2.74629782416549590E+01  2.47407773560503340E+01
  4.05793634226126800E-01  4.65457715250876620E+00  1.03333901452096040E+01
  7.14516279726398110E-01  2.81988146290357800E+01  9.28005363046842820E+00
  3.71799304162545760E-01  3.35182988600723460E+00  3.36414882503946930E+00
  5.77820253962530560E-01  7.58293646543093120E+00  2.81028127303095980E+01
  4.75626642073745920E-01  6.18560022701724230E+00  2.88778257171510690E+01
  5.46562010559427060E-01  3.07176974640456680E+00  6.72127287139193540E+00
  3.29506256422424390E-01  2.14642122713693020E+01  1.39785326938562020E+01
  2.62213147743524950E-01  8.46270842914914030E+00  2.63760002493351780E+01
  3.63105686475124490E-01  4.46538385551180910E+00  1.91655708844254600E+01
  7.08391389715138510E-01  1.25966948487735080E+01  3.27933404740306860E-01
  4.26578460793149810E-01  6.79680891755748990E+00  1.41682452900054990E+01
  6.08873319065221350E-01  7.74512061895541310E+00  2.27169391188597240E+01
  5.39466591144820300E-01  1.19883698814130460E+01  1.41202860555098070E+01
  4.66553963192992600E-01  2.08803608479598250E+01  2.88478326433309430E+01
  4.82771447840326400E-01  2.51403597607949760E+01  1.20933453283192180E+01
  5.13004586318856950E-01  1.86611518479735320E+01  1.82364178755694240E+00
  3.17084428049163950E-01  2.96690146630479030E+01  5.41042649339023730E+00
  3.50974061745161330E-01  1.75001183987761630E+01  2.95550405485089310E+01
  3.82382183723224410E-01  2.51751475908054620E+01  1.76160908290210190E+01
  3.77759649416993960E-01  2.93093976131165950E+01  1.62019588820189180E+01
  5.74203886104520670E-01  2.46216042384088280E+01  9.85249791296737070E+00
  4.11346310528290360E-01  2.45211688875353780E+01  6.88331023606401970E+00
  5.06367095649294540E-01  1.03372487821229020E+01  1.03880147550610800E+01
  6.01687927537542500E-01  1.62523056264644980E+01  6.82537026087615570E-01
  2.49794182180603610E-01  8.39116413724251050E+00  2.51639107174304680E+01
  6.11481049571092420E-01  5.03166537824966560E-01  1.33370125923435980E+01
  5.03927515451986880E-01  2.59258143316056470E+01  1.80869188109193000E+01
  6.35485889077753010E-01  4.34396557632233640E-01  1.21674017377874890E+00
  2.99038091422116640E-01  7.85915895811999830E+00  1.51547023709918190E+01
  4.22541054278063120E-01  2.31633334374661390E+01  1.99126629015559620E+01
  3.05466220251299840E-01  1.09062484715077840E+01  2.22894131357947960E+00
  2.62213147743524950E-01  9.86232622914075390E+00  7.87240963763083720E+00
  3.61769499680632390E-01  1.81520699142388720E+01  1.11395106975800970E+00
  2.47647088603063280E-01  1.82137832905388630E+00  2.71255891369633740E+01
  3.11155895623034430E-01  1.84577775956327890E+00  1.78751941792979390E+01
  2.66929568161810020E-01  2.20122827292449230E+00  6.78351365574067790E+00
  6.90395435464654740E-01  1.52819789681038230E+01  1.32853394391803090E+01
  2.96503602823160150E-01  2.09597722841459240E+01  1.51348138205557770E+01
  6.57722721512726150E-01  8.75218580828140350E+00  2.85003341250648070E+01
  7.24777883420223110E-01  2.61475738653127540E+01  4.89690265315262250E+00
  5.48279863025970290E-01  8.33693312012083430E+00  6.57807978061930140E+00
  6.40748513009616880E-01  2.37589114444693270E+01  2.24267456782235430E+01
  2.56092450391898300E-01  6.12180136833185800E+00  2.41875281498142270E+01
  7.17499092254363010E-01  2.22708621829431980E+01  2.64543303503730410E+01
  4.66141488621800890E-01  1.87924345490483160E+01  4.14080792423190050E+00
  6.33759023001558490E-01  1.34133985748435600E+01  4.32654912145056430E+00
  5.48279863025970290E-01  2.61097173874435630E+01  1.68874741865292300E+00
  4.19081387041561550E-01  4.94902537508286060E+00  1.81129938759967500E+01
  5.70902198024309190E-01  1.68502254469098820E+01  2.26783251496149810E+01
  3.17950877609215300E-01  2.95985952370650020E+01  2.01038769071562080E+00
  5.96963967672292380E-01  8.34322364468428110E+00  2.22078446559618350E+00
  6.18832453479690690E-01  2.48975127282607430E+01  1.66543615896261310E+01
  2.63339374245984010E-01  6.82735557045196730E+00  2.85117549175165190E+01
  3.55036581058269410E-01  6.37496959582427710E-01  2.89916928522708130E+01
  5.84913004272127690E-01  2.93527384883450470E+01  2.68306687918072770E+01
  5.77235448209733180E-01  1.46206456944334050E+01  2.62633264350163650E+00
  5.01105313190319460E-01  1.60940674114971460E+01  1.51112895732570410E+01
  3.83598938984435380E-01  8.11167486434717060E+00  1.57889129797240210E+01
  5.98360795606824340E-01  5.78814600093023120E+00  1.43457438481071340E+01
  3.41778742319800830E-01  4.74069293613904820E+00  2.81790037389434400E+01
  3.29796701345061780E-01  2.20886437929889250E+01  2.74844422090065560E+01
  3.84420431658369740E-01  1.06291397261474010E+00  2.42565652574471460E+01
  4.91872428060923640E-01  2.66862285222931880E+01  2.25600667514821080E+01
  2.93443024193560210E-01  1.15885666539035430E+01  2.41413696219030810E+01
  5.81299825206354370E-01  1.26490104551052700E+01  1.91556833468955680E+01
  5.68243553274813350E-01  6.45618553758875620E+00  1.26290995818758630E+01
  5.39001667068871980E-01  2.72497356762000070E+01  1.65095031858467890E+01
  7.01587183784351610E-01  1.29538029189305740E+01  2.86574050336216860E+01
  4.45239477383046460E-01  1.20958309357970340E+01  9.00428919723220210E+00
  5.39001667068871980E-01  3.37825491663544190E+00  1.71143895928991580E+01
  2.86134314477376340E-01  1.41478685919692730E+01  9.32928237962397230E-01
  7.70254277643880240E-01  9.93828181182218980E+00  2.55527029206241850E+01
  3.45648959319623030E-01  2.68124491823169710E+01  1.82914979353881040E+01
  3.39481361119070080E-01  2.47548401024955660E+00  1.52942490356645020E+00
  3.04461637453634990E-01  2.80573666867139980E+01  1.05583335816970150E+01
  5.20369884994360540E-01  2.94809883639602930E+01  2.92030746550455120E+01
  2.65726189967390210E-01  2.45676594935038480E+00  7.25038093947321370E+00
  6.26908127420837150E-01  5.64341197544948160E+00  1.73309550591626550E+01
  3.48480710258510130E-01  8.82183402843960530E+00  2.57222872746847000E+01
  2.96653470797716330E-01  2.23992910566236180E+01  1.86725615479575140E+01
  6.31923671661538840E-01  3.86637356569271610E+00  2.22426505609948320E+01
  4.09705559579089850E-01  1.83572124144876660E+01  2.89929455474719440E+01
  6.72499163702481620E-01  2.96800742390976810E+01  1.12402230848422950E+01
  2.84029264846615530E-01  1.75045106140291330E+01  2.77788603681050220E+01
  5.34631033075580400E-01  1.74019862322483120E+01  1.36651198276607460E+01
  6.17076625982510940E-01  5.87734922270827460E+00  9.28426578963678390E+00
  6.55074006360275090E-01  8.63756004438501360E+00  1.66844901844114940E+01
  5.46562010559427060E-01  2.33219700079395620E+01  1.52238061635897440E+01
  5.17626013175185660E-01  1.64746880883417930E+01  2.12942786942242610E+01
  5.82207618145930890E-01  5.32874695225305220E+00  2.34804818552816880E+01
  5.98268629341587580E-01  1.72867813480361860E+01  2.86323535304364500E+01
  5.34553382826858140E-01  1.90061197255378150E+01  1.37844260203996530E+01
  3.76753951196820710E-01  1.64166747780819830E+01  4.25831676355992350E+00
  7.52518120402026810E-01  1.80129477410722850E+01  8.52887919043880770E+00
  4.81368497469048420E-01  2.82460070758294320E+01  7.01396753653109960E-01
  6.47413426355271770E-01  2.44188169308230590E+01  8.64820074643397700E+00
  3.05466220251299840E-01  8.80317360588337830E-01  2.04318981611261420E+01
  4.46689977500956030E-01  6.05154226178384390E+00  1.13663299793163260E+01
  6.18566685513849460E-01  1.60845996184693580E+01  2.84480502361536300E+01
  5.36592099856838090E-01  4.89335410333322420E+00  1.62582753678007600E+01
  5.09574347305064630E-01  2.22241200519160880E+01  2.83115971324148180E+01
  4.92328788949218680E-01  9.25552462536724720E+00  6.09056691672898860E+00
  4.83351594707823830E-01  1.39159018087797690E-02  2.51474253557452950E+01
  4.40650972415989980E-01  2.52789699291642660E+01  1.87752649219165090E+01
  6.10911033360540580E-01  2.84396362146699530E+01  2.76443494234033910E+01
  4.34172467284937990E-01  2.30148692792403860E+01  1.05788837784313030E+01
  7.03188417218805210E-01  6.89823833490689430E+00  1.04967818619802720E+01
  2.92799561075502800E-01  2.59061319919303300E+01  1.22094248133550400E+01
  5.68243553274813350E-01  2.41478927842446890E+01  2.00229574299568260E+01
  4.60682082706054620E-01  1.95810115630446120E+01  2.35830805261035120E+01
  6.41715074739605920E-01  2.53394655848267230E+01  2.81996099028920280E+01
  4.55206736325743130E-01  1.80346717397946820E+01  6.66399717061749720E+00
  4.22201084465533680E-01  1.27074641946917380E+01  2.29889504656520980E+00
  3.63079661055833470E-01  1.14571161475410200E+01  6.64108936328031340E+00
  2.63055759251188670E-01  8.84907250907400740E+00  1.84228558130171720E+01
  5.32877675645020420E-01  4.13175426379653740E+00  6.51966856436477200E+00
  5.77235448209733180E-01  2.93474999428886210E+01  2.87576918690771460E+00
  4.09775903561979240E-01  6.49176328408204120E+00  1.67369289624454930E+01
  6.93187364831086050E-01  1.41391133624947060E+01  6.20986427672873460E+00
  4.30054269381220950E-01  2.73912632548102480E+01  1.01473176976436070E+00
  5.07436062422724900E-01  2.35342150455001010E+01  3.90664160454117670E+00
  2.49948351789403130E-01  2.03608103114379160E+01  7.59367059817387260E+00
  3.16022212934137680E-01  1.26354257308257890E+01  1.68266164045290980E+01
  4.72818350263822220E-01  2.35534703756957550E+00  1.15060978042978410E+01
  4.46689977500956030E-01  1.75399371059304730E+01  2.49322458075873500E+01
  4.74581552528920360E-01  1.41434948420065700E+01  1.30397825567488540E+01
  4.86590143357422540E-01  6.92749190809738740E+00  1.16851921852952540E+01
  2.73281005279713530E-01  2.91225866936097370E+00  3.92253076556511400E+00
  5.20515140446715560E-01  1.30566280174908180E+01  6.75692510884395150E+00
  4.13811620468168510E-01  2.08086955628789740E+01  2.49413264381166220E+01
  3.81419328643079860E-01  2.20653916321893990E+01  2.27770122962746520E+01
  4.05593309893122810E-01  1.91682739404664950E+01  2.89111564317501720E+01
  5.85380732291966590E-01  2.24973565648747320E+01  6.28418688383619810E+00
  4.06599624824484800E-01  2.45643138420526130E+01  2.09041161337135510E+01
  6.40456937776772590E-01  2.47875500845268170E+01  5.01562836166417280E+00
  4.75626642073745920E-01  1.35989514288808180E+01  1.96160294753280620E+01
  5.09222041678605210E-01  9.33231640901069600E+00  2.74795513296451330E+01
  5.77820253962530560E-01  1.45028746956392480E+01  2.01928799229205930E+01
  3.80273533482480450E-01  2.79798880442115100E+01  2.88291164627875460E+01
  5.01406606281285510E-01  4.15545419551423030E+00  2.45208421711470810E+01
  3.59079136884617700E-01  8.95433517251227680E+00  5.29495161192269940E+00
  5.94092381958372510E-01  4.88984537651827630E+00  1.51289234210418450E+01
  2.54611020839302520E-01  2.02161291750317780E+01  8.63505003547050620E+00
  4.99223721401470310E-01  1.68667117658178360E+01  1.03690781235926370E+01
  2.54611020839302520E-01  2.41594452676363080E+01  2.61710328561150800E+01
  3.20574425314766210E-01  1.12673378434485550E+01  2.19332349193165470E+01
  2.85767805251094040E-01  2.10424841313852080E-02  3.65646326039197960E+00
  2.54611020839302520E-01  4.80917574410899910E-01  1.20260264204619070E+01
  4.12246671516209600E-01  8.03012088586053710E+00  3.95632831697497020E+00
  4.41298336829792340E-01  5.58462181695956690E+00  1.21205510973902800E+01
  7.09985914168247060E-01  1.85432288787178660E+01  2.55073737853396810E+01
  6.80956647410425740E-01  6.25757879186995320E+00  3.21691287222326010E+00
  4.75338540515479570E-01  1.76644453989327030E+01  2.33374524479464790E+01
  7.49588614928249000E-01  1.98468146538503590E+01  1.39548217028678120E+00
  4.74033319401206570E-01  7.00080271646704410E+00  5.30204038542601990E+00
  5.20515140446715560E-01  1.01282064557346740E+01  2.68285591173946260E+01
  5.48131117613959250E-01  2.53866337928838630E+01  2.54615864132176350E+01
  3.46733456860136300E-01  8.48862177030596500E+00  9.74914240086137700E+00
  6.97384645011991290E-01  1.47883851140581900E+01  7.43780845009384080E+00
  3.78209123272245940E-01  2.58049533144891610E+01  1.15471723635282010E+01
  3.82382183723224410E-01  4.33533826127603030E+00  5.45115818687630860E+00
  4.46537248270915300E-01  1.48059379114719400E+01  1.80145881342586910E+01
  6.08690451339190200E-01  1.35896515763783160E+01  1.70638522483612790E+01
  2.59062449636064510E-01  1.60781305697962300E+01  2.69669791292887910E+01
  4.43756654693070110E-01  1.99580084786981620E+01  1.31842426513488120E+01
  3.18942867500738640E-01  1.68397190671552330E+01  2.96663408814228940E+01
  7.16535845940979770E-01  2.02115816610116670E+01  2.81550495926376810E+00
  4.62836237406567810E-01  1.59718494425606820E+01  2.21357625555473160E+01
  6.97384645011991290E-01  2.94854606643056380E+01  1.44352344543138500E+01
  2.47647088603063280E-01  2.39095545273404290E+01  1.44386991009433530E-01
  4.05793634226126800E-01  1.66064727169931490E+01  5.01745888165062580E+00
  5.37364664263313330E-01  1.39547744698378080E+01  1.73321684519765620E+00
  5.72881440675418570E-01  1.58199211022194620E+01  1.81014633860415980E+01
  5.04213456464067280E-01  1.61753335222668810E+00  1.33684524868749010E+01
  3.86557871019070410E-01  4.78502415421335670E+00  2.26802541728422680E+01
  5.62178328188990490E-01  2.23851883683583280E+01  1.09120844723433840E+00
  6.41715074739605920E-01  1.74914548845454900E+01  1.86878283698022650E+00
  4.54567147313974470E-01  1.50889694598342160E+01  8.72025801390689460E+00
  3.97011970696729720E-01  1.08800305004138020E+00  9.35804893726868770E+00
  3.99477862283745790E-01  1.36916437773142160E+01  7.42260260355781480E+00
  5.15931587153482510E-01  6.03155823314812610E+00  2.14405878338896370E+01
  5.98026541173087530E-01  1.49132428358812080E+01  2.20822244581184850E+01
  5.94917806945655060E-01  2.65896115087211700E+01  2.43733830454790380E+01
  3.86557871019070410E-01  4.12741637422587800E+00  1.57435192959937050E+01
  5.52347772924787250E-01  1.08913021964123650E+01  2.91363315903999370E+01
  4.05793634226126800E-01  3.54077405317028050E+00  2.60725726482059020E+01
  4.66753989857397040E-01  3.78941147842432980E+00  1.02240668765947490E+01
  6.77666041374141330E-01  7.26825705419160520E+00  1.09546002007553180E+00
  3.23306573977224420E-01  1.29107896126540850E+01  2.00214233968143100E+01
  6.88340418185590860E-01  1.24911823040124980E+00  6.85845752278741920E+00
  4.11696508529454960E-01  1.53021427959565700E+01  3.32520492970669320E-01
  4.03052389307286420E-01  2.45056727061307590E+00  2.44334490637090980E+01
  2.97529618718302210E-01  1.68060382070906260E+01  2.69492063310718850E+01
  3.13090147150790890E-01  5.66413961500317510E+00  1.82688279953657120E+01
  5.01435669612667030E-01  2.23746928910524760E+01  2.03938309534039740E+01
  5.26482748420329030E-01  1.42017706162726450E+01  1.06384142519604370E+01
  6.75156127532392600E-01  1.58339602451107990E+01  9.62823015959795820E+00
  7.20816873845379820E-01  1.51822396391978800E+01  1.45786533531066900E+00
  5.30006102735105960E-01  1.63740118887237360E+01  2.62376173578791200E+01
  3.43353541919950760E-01  1.92505696215792740E+01  1.46273726944782040E+01
  5.32877675645020420E-01  2.43908256662240820E+01  2.57893731533993260E+00
  6.44956217916396120E-01  9.25210945676959180E-01  5.56640581799003000E+00
  3.55036581058269410E-01  1.76381589666058640E+01  2.21952590006473610E+01
  4.30054269381220950E-01  2.47821308519941290E+01  6.08458012075027450E+00
  4.93734512940847830E-01  2.91583362648273340E+01  1.76953464947224650E+01
  3.42409596243210680E-01  1.19767314592261980E+01  2.36383073971488570E+01
  5.58952633370732950E-01  2.19170963078326370E+01  1.03064750312317860E+01
  4.49954956992444630E-01  2.94527066044418260E+01  1.97400105120606920E+01
  4.11346310528290360E-01  3.25816572623782900E+00  1.10572690255778440E+01
  4.72818350263822220E-01  9.13520546593100490E+00  9.24708503398445810E+00
  5.00672486592370710E-01  2.35533136085138260E+00  1.69285198045697070E+01
  4.15334611176110170E-01  2.87472918333471380E+01  2.86228403079058470E+01
  7.70254277643880240E-01  1.86808296177033450E+01  2.26147275321119250E+01
  5.32262962461145860E-01  2.38777681263721110E+01  2.73018831039466260E+01
  4.01880163826280960E-01  2.88543228534297460E+01  1.68471097386950600E+01
  7.41720708060832300E-01  1.53099881223378990E+01  2.55439181802175740E+01
  3.01674668393272730E-01  2.66395979200961510E+01  9.05941282654226220E+00
  2.66929568161810020E-01  2.82534644953722380E+01  2.56950424653342150E+01
  4.15334611176110170E-01  2.82592553088276760E+01  4.74658562312759090E+00
  5.20369884994360540E-01  2.30558277395152550E+01  2.54983975441806940E+01
  2.84672167568555990E-01  1.61938721733800970E+01  1.43327603154478070E+01
  5.18912146576496980E-01  1.62582410477299440E+00  2.60716476360153780E+01
  3.90540239164096370E-01  3.75673913965115560E+00  8.33013052784373900E+00
  3.63079661055833470E-01  6.97633828072701250E+00  7.11103458027538520E+00
  4.73113776075054650E-01  3.07482637617081210E+00  9.06069852330416840E+00
  5.55687039951364880E-01  1.16277879616571750E+01  2.71811975105354120E+01
  6.97384645011991290E-01  2.14060307861784980E+01  1.86356256761373870E+01
  3.54092873053847420E-01  2.03883995277026210E+01  2.34850347135293060E+01
  7.37991961479508610E-01  2.79320228618521540E+01  1.75863967105400860E+01
  5.10790949981952740E-01  2.22759795698965170E+01  9.29953112113632050E+00
  7.03918080384424090E-01  1.04493622828670110E+01  6.15824263418821170E+00
  2.69326463995374250E-01  2.37052628953266800E+00  9.29379160555431840E+00
  5.39922025342825940E-01  1.81940191441887260E+01  1.73192072203782000E+01
  5.39922025342825940E-01  2.11884730839172590E+01  2.58151000220963560E+01
  3.52682444144397330E-01  2.22209942303125910E+01  2.45616974931907350E+00
  3.17084428049163950E-01  9.84948178117852890E-01  2.10455277373245730E+01
  3.92511582998476170E-01  1.75181369251677420E+01  2.90260122203197750E+00
  2.92799561075502800E-01  1.95330088401894100E+01  2.05050686954984580E+01
  3.63105686475124490E-01  1.35985398548144650E+01  2.04527217473962080E+01
  3.25036994184950640E-01  3.54018723093492850E+00  7.45570653860564470E+00
  5.70902198024309190E-01  1.44248482709495660E+01  4.97987977955128440E+00
  6.18138908065390960E-01  1.30254020872317060E+01  2.71751803468695350E+01
  3.10705613459761840E-01  8.94624526145045710E+00  2.08817950414075670E+01
  6.99092076263204730E-01  4.84075084743275760E+00  2.10574971472879040E+01
  4.40295189098215370E-01  5.10956304273275560E-01  1.43769476139738580E-01
  6.52034765531911640E-01  4.49908612919876560E+00  1.22447811383819700E+01
  5.12628979659419230E-01  3.05454075776034100E+00  2.82799201643313440E+01
  2.68569610726517900E-01  9.07734721843323560E+00  2.94143568558551290E+01
  4.41473589537221400E-01  1.81221241950593740E+01  1.30063994747502570E+01
  7.41623060643924430E-01  1.75314283703667580E+01  4.33869847398981890E+00
  2.49794182180603610E-01  7.90119571394052400E+00  1.72306552250196460E+01
  3.44856808658559500E-01  4.99442783164295530E+00  9.66500292481141980E+00
  6.83701617051292750E-01  2.56138797650339250E+01  6.82402159565832190E+00
  7.19599311285852310E-01  1.25289397562276450E+01  1.78609711016334670E+01
  6.67521681419926690E-01  1.22127397586069330E+01  2.61075437391943340E+01
  5.40946473112310590E-01  2.31342580263463980E+01  2.81950222925217990E-01
  3.83579206291793930E-01  2.58989528329629510E+00  3.35105900839289860E+00
  5.04339573614743570E-01  1.41470972461377470E+01  2.71369561383932800E+01
  6.35523375007872900E-01  1.68325913086369960E+01  7.79915561548008900E+00
  3.44905765886116280E-01  2.10019477987944110E+00  2.28208532567017280E+01
  2.65726189967390210E-01  5.77287535927927390E-01  7.72167316003275330E+00
  4.87785457169642190E-01  2.14553910112319920E+01  6.53641963215599460E+00
  3.71299762957800540E-01  5.85094006910251000E+00  2.70561951421608030E+01
  4.13811620468168510E-01  4.88488344066431160E+00  1.83835119601943030E+00
  5.69423614487483490E-01  8.04909137541375760E+00  5.49811203322150190E+00
  5.83429036676414100E-01  1.91681922653800710E+01  2.13014444519303650E+01
  5.30006102735105960E-01  4.49075651196498880E+00  1.72443568642614730E+01
  5.16710955738981780E-01  1.73685078302642420E+01  7.18530625478342170E-01
  2.65726189967390210E-01  1.68140089186480070E+01  1.42143497522994120E+01
  3.18942867500738640E-01  1.95138318264233210E+01  1.52348630186808960E+01
  3.23881608201221470E-01  1.28554311662122650E+01  9.82526591011778370E+00
  3.54092873053847420E-01  2.18227727747705950E+01  2.34940833517639760E+01
  5.12509616084684260E-01  2.14163408274196420E+00  2.78145651952400780E+01
  4.99223721401470310E-01  1.13906650886390950E+01  3.82262361758307630E-01
  2.56092450391898300E-01  2.42154720094190270E+01  7.76861518020867780E+00
  5.45765227979075810E-01  3.43937381568686580E+00  5.69351378915584850E+00
  6.94010183176834960E-01  5.99167866528640940E+00  1.86895542142408890E+00
  3.57201130995523370E-01  2.65256591539499720E+00  1.38495711018776040E+01
  5.25895496843049500E-01  2.41785562267826070E+01  2.83156667041445080E+01
  5.10790949981952740E-01  5.21150857927151460E+00  2.91013205090060330E+01
  4.89717368181109780E-01  1.00375769607433250E+01  2.09955805768444080E+00
  4.82769235883485770E-01  1.14327689350461820E+01  1.83515957803907060E+01
  6.93278360304079300E-01  1.04012496202440980E+01  3.22283587903480440E+00
  3.35017483125717060E-01  2.39066462406052660E+01  2.55849763757074800E+01
  3.26514001167033020E-01  1.60931562051821790E+01  8.66129892129441180E+00
  4.75880684447443510E-01  1.81799690236465850E+01  2.42719859103454990E+01
  4.22354771203238230E-01  2.10707734015850040E+01  7.36128040387084240E+00
  4.11966131227655820E-01  2.83480255025106270E+01  1.58771444184061750E+00
  7.30946391186454210E-01  7.30678048888960150E+00  2.93809490788078240E+01
  4.22201084465533680E-01  1.24245602647600300E+01  4.69316275090758060E+00
  5.15931587153482510E-01  1.98843745275489960E+01  9.33046179895672800E+00
  5.52347772924787250E-01  2.00007774112974420E+01  2.26619407835254060E+01
  2.49794182180603610E-01  3.10792051960803880E+00  2.90453324573017750E+01
  4.50103975287380020E-01  1.26019053995592910E+01  1.17633233394539080E+01
  3.61769499680632390E-01  1.94663196264397520E+01  6.65430251222541620E+00
  2.77147605524350650E-01  8.76063702661510040E+00  1.21001136579403410E+01
  7.64764367446448820E-01  2.69949949435288270E+01  1.16354996225995060E+01
  5.71326189973923350E-01  5.62490851376281230E+00  1.04434460729538290E+01
  4.07877171249442140E-01  2.69205271071189860E+01  2.34284801313963800E+01
  4.46540105696671490E-01  1.91450983623574090E+01  1.16629189697963460E+01
  5.07606992315717240E-01  2.07466145339065200E+01  5.51628712465420450E+00
  3.01731430220296380E-01  2.58093120592277360E+01  2.73831090786440190E+01
  4.32382463464541460E-01  1.45001026468467880E+01  2.80044728822201240E+01
  3.25762576013666160E-01  5.19152090657996460E+00  1.14661688877042050E+00
  6.24920360555607160E-01  8.10167037822960090E+00  1.14840848474649350E+01
  7.38532964590205680E-01  4.61174171483920950E+00  2.56730842726201300E+01
  3.92511582998476170E-01  1.56180123214611620E+01  1.96741172284990750E+01
  2.97561439636419770E-01  2.96267550244541090E+01  4.23252956209899180E+00
  3.46434506905438330E-01  2.49571673829374170E+01  1.95972380485410650E+01
  5.89502618647478990E-01  6.46248530498374140E+00  1.93392628108939420E+01
  3.32399546609116130E-01  1.88072373717558320E+00  2.39700219384068730E+01
  5.77649046292645880E-01  4.11077950363722430E+00  9.23115754893888860E+00
  4.31729360191427780E-01  2.15667272549039950E+01  1.47326500201350610E+01
  3.17950877609215300E-01  5.73936237302132390E+00  4.80034675064609930E+00
  4.75880684447443510E-01  2.26864431916725340E+01  2.21161438710776290E+01
  3.91816801400439550E-01  1.99469957578235930E+01  2.90821964729276100E+01
  2.50163292655703180E-01  1.10487073077112240E+01  2.41965690592412450E+01
  3.42074681651230290E-01  1.95610013300306190E+00  1.07961146063299650E+01
  3.50974061745161330E-01  2.06214744503013100E+01  1.56867925632719840E+01
  6.18566685513849460E-01  2.76810506061605960E+01  1.89187479504448820E+01
  3.24719866931951940E-01  3.73639415567372120E+00  1.28534496120956680E+01
  3.57201130995523370E-01  1.33359264703388600E+01  1.28418265283237610E+01
  3.13090147150790890E-01  1.49251456002115310E+01  1.10639798725088260E+01
  2.58355477869490890E-01  6.83073075766840980E-01  1.06228254367210300E+01
  4.83351594707823830E-01  9.29613278799382490E+00  2.72956782606163140E+00
  5.48463672908306780E-01  1.80359078567438400E+01  2.08184249876998000E+01
  4.24351701398837560E-01  2.47008963068503060E+00  2.34953431149039460E+01
  6.80557430527969220E-01  1.39673066689511650E+01  8.54138984831327970E+00
  3.73125396709624990E-01  1.35463955608883350E+01  5.32407538500735630E+00
  6.77808113742920780E-01  1.37819707515099100E+01  1.84783136631675330E+01
  7.67512613708393760E-01  2.71673717762998380E+01  2.83217656277881070E+00
  4.76544583128828500E-01  1.30863420256974090E+01  1.61043329173617660E+01
  6.97738347479756800E-01  2.47459555234539610E+01  2.93988809780689100E+01
  4.49545157175862540E-01  2.33275214743955570E+01  1.25189567946314370E+01
  6.25336422111717830E-01  1.85833354393592740E+01  5.21138516961030080E+00
  4.99487474973056500E-01  1.54783273919150140E+01  6.46131199926190370E+00
  6.67521681419926690E-01  2.83031732367355890E+01  1.59229878011889740E+01
  3.44170209092795430E-01  2.37662718934984250E+00  1.94817366040405880E+01
  4.01880163826280960E-01  1.58734049759643800E+01  2.94459959066710370E+01
  5.95035019805102560E-01  2.28855300881140200E+01  8.37819392003964940E+00
  5.20348764567513020E-01  1.36772549170079540E+01  2.42330185671387990E+01
  7.44845164893703690E-01  1.07808549564745080E+01  1.54241476959976400E+01
  6.94010688862415210E-01  2.00322291972454550E+00  2.44774331810877840E+00
  4.00156705760987560E-01  2.53312392773958270E+01  2.44966934402407510E+01
  6.57722721512726150E-01  2.96448524197948200E+01  2.80370441553485320E+01
  3.61198882346046800E-01  9.85305627538933140E+00  9.66967798427322660E+00
  6.07167866036927160E-01  4.30479692050421560E+00  3.63262987054327180E+00
  5.81677556670477180E-01  8.54245495741609240E-02  2.29009162375052180E+01
  3.17579752081870750E-01  1.03420046128925450E+01  1.73877899760464590E+01
  2.69169509893181310E-01  1.05433308513530670E+01  2.56993873909081790E-01
  5.36592099856838090E-01  3.78460576703128120E+00  1.48871648455866780E+01
  3.01799748246536660E-01  1.39037065341651760E+01  1.62102568708300050E+01
  4.05794678723965420E-01  1.15214782191688570E+01  5.87495570452466610E+00
  3.65995101567518470E-01  2.64527654669563500E+01  2.95276468865381220E+01
  3.39481361119070080E-01  1.32098214362469410E+01  2.62370444323996640E+01
  6.97384645011991290E-01  1.57783708724659170E+01  3.39489802398959920E+00
  6.82253548551889110E-01  1.13197407704364890E+01  8.18683212071978870E+00
  5.67035311113654220E-01  1.90784240601966670E+01  1.26864448924991590E+01
  6.47236078597052340E-01  2.07242929849978740E+01  1.01345694868073990E+01
  5.92513140571182980E-01  2.82227758856098450E+00  8.02634672443866750E+00
  4.71553509741754610E-01  1.63980389364933790E+01  1.36055695459631850E+01
  6.55885333720611730E-01  2.41936955089986010E+01  1.43964222371819140E+01
  2.83840017940612550E-01  2.46868069562279260E+01  3.33947647422808250E+00
  5.65219172841477580E-01  1.93854523798900470E+01  1.64593303899827510E-01
  3.48480710258510130E-01  2.61021829365326280E+01  2.60005276960309710E+01
  6.26908127420837150E-01  2.60990872528475500E+01  1.63301698128259360E+01
  2.62213147743524950E-01  2.37926615123517630E+00  1.32940277132696390E+01
  5.08737612195334600E-01  2.60556939961408180E+01  1.06980584601402080E+01
  4.59281804788439010E-01  2.08483191315254290E+01  1.33353301598703520E+01
  2.86550378078914000E-01  2.04140338203959540E+01  1.87859554853889180E+01
  2.99038091422116640E-01  1.16845817523697570E+01  1.49017561491407800E+01
  3.62493203924014780E-01  2.79538920381778130E+01  2.05976261906559980E+01
  5.64616421781660800E-01  9.16091759873264520E+00  1.55834215966464880E+01
  3.87533216804236250E-01  2.36072373644689290E+01  1.92351560011803610E+01
  3.90540239164096370E-01  2.80593695682209660E+01  1.98534673376846410E+01
  5.44640939783434240E-01  2.11024992391888340E+01  2.40294040429386620E+01
  3.84420431658369740E-01  2.11644620359600640E+01  3.36698593641776430E+00
  4.53492046339069340E-01  2.44162874733951090E+01  1.90103607723522570E+01
  6.38023782753992030E-01  1.58837694325844550E+01  1.09398792942155830E+01
  5.00672486592370710E-01  1.16900842801449280E+01  2.84502876287652740E+01
  6.08873319065221350E-01  1.70886981314933340E+01  1.70084659428100120E+01
  3.18942867500738640E-01  2.61822066948629020E+01  9.88143922236607610E+00
  2.65726189967390210E-01  2.91538716752626850E+01  3.77941004253027210E+00
  7.10410487391814980E-01  2.96633426169558130E+01  2.08800432729588790E+01
  4.66797018098134940E-01  5.54794579864965610E+00  2.81840776247586720E+01
  3.89889811574280460E-01  2.74228340110526500E+01  1.46488391095794950E+01
  2.92456502136063850E-01  2.12786175354607290E+01  2.66418491547267950E+01
  3.63079661055833470E-01  2.73106962004178430E-01  4.79919015787110850E+00
  4.13811620468168510E-01  3.21272996855131950E+00  2.30953130728700170E+01
  2.60417758313763680E-01  9.37239421186167830E+00  2.12608159187708770E+01
  4.41940562555082740E-01  2.64121558617517140E+01  6.03269485145069680E+00
  3.08418768867630710E-01  2.43825758144092720E+01  1.73801708449017070E+00
  3.04461637453634990E-01  5.04063046294118780E+00  2.20394460660668020E+01
  4.75626642073745920E-01  2.16405626809639460E+01  8.49190567196677470E+00
  4.19693779402500590E-01  2.92331415138920360E+01  2.19238609846319610E+01
  3.26514001167033020E-01  1.68559898442483100E+00  2.45992074515057160E+01
  3.55388479881239270E-01  5.25037082268127260E+00  3.45767468552064770E+00
  5.33859136323620030E-01  1.10239584266770830E+01  2.62747328633573290E+01
  3.39481361119070080E-01  2.02011321573526810E+01  1.69938165915047110E+01
  2.51153087880769550E-01  1.64858800072255000E+01  2.92195164587536740E+01
  4.21603844523193420E-01  2.64370944630624470E+01  3.78797381980981920E+00
  5.20348764567513020E-01  1.76663815632586360E+01  1.55257986711337420E+01
  6.86210935380316480E-01  2.71374150267029640E+01  1.01923568724325280E+01
  4.41140732643827070E-01  8.08088448683417230E+00  7.56792168155819930E+00
  6.26908127420837150E-01  2.33699604254386130E+01  1.64360430411447390E+01
  5.11871480770454750E-01  8.28855152890966100E+00  1.78879052969654570E+01
  4.70990686464341570E-01  2.28889457457188500E+01  2.74691628523835830E+01
  5.20369884994360540E-01  2.84346451188738850E+00  4.81019820415891800E+00
  3.04306421741581800E-01  1.85425961948088730E+01  1.44831229938786340E+01
  5.88333222664750720E-01  1.62662364317282700E+01  1.24698848951475550E+01
  6.64541222436485860E-01  2.34317099599754710E+01  9.51202214928680330E+00
  4.24351701398837560E-01  2.15633778653287000E+01  1.69158981671169460E+01
  5.55920758830291820E-01  2.06234207210622240E+01  2.17462737945540280E+01
  2.89042915761794110E-01  1.59658816811427810E+01  2.09447377880329720E+00
  2.47647088603063280E-01  2.36774075738872580E+01  2.50493348335885320E+01
  5.88686278844574580E-01  7.21504048232457330E-01  2.40651146300129200E+00
  3.53063097104977870E-01  7.65427115165638390E+00  2.49100154172189040E+01
  4.50600139601478670E-01  1.82599566697515490E+01  3.39685645945503010E+00
  6.65634982039605120E-01  1.55398393860754550E+01  2.31781853544109500E+01
  4.69750256464274060E-01  2.79484952021459470E+00  1.47052117276749410E+01
  6.13801455222646290E-01  3.20885813662805570E+00  2.51099258519742210E+01
  5.14582826754803690E-01  1.15652898564971470E+00  1.14458663001707720E+01
  3.81419328643079860E-01  2.35875234390177620E+01  1.79297019349377640E+01
  7.28196096543639280E-01  3.02425903012707310E+00  1.58977087967500860E+01
  7.33199636544987770E-01  2.32342834955266930E+01  2.06724019982082870E+00
  2.86550378078914000E-01  1.49378250786130040E+01  2.71396252495930490E+01
  2.52169786807371790E-01  1.35677201998558430E+01  8.92477478484242500E-01
  5.01406606281285510E-01  1.18623463336508820E+00  1.24601674536700790E+01
  4.18948713530687210E-01  2.61747995020468170E+01  2.67635979167030060E+01
  3.62620749938717070E-01  1.73727135964277650E+01  1.79375192229135010E+01
  3.15231116497538320E-01  2.60955470353879320E+00  1.07310855940095800E+01
  2.83840017940612550E-01  1.94875860250285560E+01  2.51787150544135690E+01
  4.72199721516180480E-01  1.34319387701652990E+01  1.36643325211742080E+01
  4.41666133880560000E-01  2.01782439564179620E+01  2.08543575753043270E+01
  3.39073066583844400E-01  1.34022879671092440E+01  1.44903021778095780E+01
  2.54831192030272870E-01  1.67637550382577200E+01  9.62277989871544470E+00
  6.65634982039605120E-01  1.95020526062067250E+01  1.06108159606007690E+01
  2.69326463995374250E-01  1.03690973272416630E+01  1.98231537830867700E+01
  3.08418768867630710E-01  2.76935256508912350E+01  2.53487284880155280E+01
  5.63324676144028570E-01  2.40148327375121230E+01  9.48111034532315600E-01
  2.49794182180603610E-01  2.58842266076212190E+01  2.48379035136255370E+01
  6.44956217916396120E-01  2.77883174335877360E+01  2.28360889240424710E+01
  4.26043897269923290E-01  9.15157797806224060E+00  1.15123012694551290E+01
  7.44533748089133770E-01  1.37938316106051920E+01  1.18418967715436220E+01
  2.47647088603063280E-01  8.27890601931171060E+00  2.92715768962561710E+01
  3.47451934045076260E-01  2.36554265679974160E+01  3.06153356470621940E+00
  4.83182858574677270E-01  2.01656287777319320E+01  2.55664334407991700E+01
  5.38382388131525950E-01  2.22406605287288660E+00  1.25085497650451160E+01
  6.08690451339190200E-01  1.45407479548574530E+01  3.80770784903080360E+00
  3.93024383017402490E-01  5.64137359163341670E+00  4.09533538203856740E+00
  2.54611020839302520E-01  1.70076687129007030E+01  2.44776423128282270E+01
  6.82253548551889110E-01  1.06344575491489690E+01  2.79189460228912690E+01
  7.67665169660178040E-01  3.38026038176520330E+00  2.09307158132559400E+01
  3.95839252948554370E-01  9.72103981906235860E+00  5.33451519625056130E+00
  5.15379284759350490E-01  2.67026935390256480E+00  1.78944030701033300E+01
  5.09222041678605210E-01  1.80190097863412020E+00  1.60838940381511220E+01
  4.72038094207023740E-01  1.58957203003314600E-01  6.46276102113854470E+00
  6.64541222436485860E-01  1.74062711822807610E+01  5.73806076538769270E+00
  4.84167632717154460E-01  2.14562761207262510E+01  1.99364968867352910E+01
  5.39922025342825940E-01  2.94800397365877310E+01  1.24351880342327520E+01
  3.77759649416993960E-01  2.52942035373888030E+01  9.18110011990921570E+00
  5.06367095649294540E-01  1.57651625231724650E+01  1.63764787832050120E+01
  3.05466220251299840E-01  2.72151658172438930E+01  2.75598416456093990E+01
  7.55604472483241980E-01  1.78432261631824660E+00  6.80108482029418670E-01
  7.68548325332126940E-01  2.59025781914721380E+01  2.10926003550820230E+01
  3.09209541844886400E-01  5.68572547274874210E+00  1.88888842890996290E+01
  4.71553509741754610E-01  2.22641089363364130E+01  1.94281193623272020E+01
  3.65995101567518470E-01  1.66060671845668000E+01  2.03607040084758850E+01
  6.26517897412854200E-01  1.23630075875539450E+00  2.32613110475889360E+01
  3.55388479881239270E-01  1.19552365066241300E+00  2.94307865115368550E+01
  3.90423892796942250E-01  2.20194121333969940E+01  2.42119792819552340E+01
  4.92172780862642510E-01  1.88407358329122590E+01  2.66710660861793660E+01
  6.66683478841499700E-01  2.16283981002385240E+01  1.58280698484131560E+01
  6.94903868090152520E-01  1.31697921955077830E+01  2.21620517023068790E+01
  7.65642972591057180E-01  1.02826489794153280E+01  2.25401709070889780E+01
  3.52682444144397330E-01  9.94622394942401830E+00  2.14742604122095390E+01
  5.39466591144820300E-01  2.58209537770206730E+01  1.97877902503033280E+01
  4.26043897269923290E-01  2.31164698958482760E+01  1.85849655993522800E+01
  2.53364602799301860E-01  2.58069711448545680E+01  2.40492072883693030E+01
  3.83290088603488770E-01  1.55208672020910080E+01  2.66480742765826260E+01
  5.55920758830291820E-01  1.66043583706242470E+01  2.37762742875055610E+01
  4.13050329149462850E-01  2.96106368658610290E+01  7.88578489845955580E+00
  5.20369884994360540E-01  2.64580777136716100E+01  2.78874154404068870E+01
  6.99477888048091770E-01  6.71379786171847570E+00  2.55423796761436570E+01
  3.59079136884617700E-01  1.77922069186926210E+01  7.44059353924706010E+00
  3.01799748246536660E-01  1.72005972484215340E+01  2.06631580061598430E+01
  5.28731261397185740E-01  1.82954055764643400E+01  2.36147173216026300E-01
  6.80338287111455390E-01  2.22188446806532760E+00  5.83686572254979550E+00
  4.74033319401206570E-01  2.76356462279930140E+01  2.39439982618241630E+01
  3.53302408788900560E-01  1.29284353706294580E+00  1.05899963291049270E+01
  4.03052389307286420E-01  2.23671872004400000E+01  2.12972549088255970E+01
  3.33973424357718240E-01  2.42556529173096780E+01  1.34095680531655810E+01
  4.68162992243922280E-01  5.02143121936804170E+00  6.97630623123929090E+00
  4.72192289519205580E-01  1.33984061850682080E+00  1.72790124944845400E+01
  6.73658304681401180E-01  2.43035924778445360E+01  2.36583640657648110E+01
  4.61178090502161720E-01  2.31931694798166280E+01  2.83499876426544300E+01
  4.18189647978318300E-01  1.30993490716662930E+01  2.10523231768334900E+01
  5.15379284759350490E-01  4.18204077995403710E+00  1.11231344037176590E+01
  5.34553382826858140E-01  2.33943382000676690E+01  1.35148975740691400E+01
  3.70336582810533970E-01  1.82092444833946100E+01  2.58020268718470680E+00
  6.42747544188997020E-01  8.99868473694306910E+00  8.14100837671808360E+00
  4.50600139601478670E-01  5.16160964952795180E+00  2.65694385038893180E+00
  3.55036581058269410E-01  1.98062785832701600E+01  7.34040677487873160E+00
  3.54092873053847420E-01  2.15631852975913070E+01  2.48002479568251180E+01
  5.13614394364816020E-01  6.25769779600690420E+00  2.04366069384079760E+01
  3.65995101567518470E-01  2.14770608560196690E+01  9.06562011638020240E-01
  5.25383403930900440E-01  2.00666669448223180E+00  1.86955576064681070E+01
  3.83598938984435380E-01  2.17197092040869610E+01  5.70614506327688180E+00
  4.86073626967704090E-01  7.40861667052234640E+00  1.34928426089680830E+01
  5.96963967672292380E-01  1.38787508053963630E+01  9.20123205174370180E-02
  4.66553963192992600E-01  2.91370837595822470E+01  4.81844937285744730E+00
  4.15252526658189590E-01  7.12143863209110780E+00  2.00964333079572480E+01
  6.36786611163594070E-01  5.38506710507053570E+00  1.31793835232242440E+01
  6.06760633376156730E-01  8.98321626803615200E+00  2.39403129312742710E+01
  5.25895496843049500E-01  1.09253165076461850E+01  1.41636599735230430E+01
  5.05409982910693060E-01  1.00704995590313050E+01  1.13631265653524340E+01
  5.18912146576496980E-01  2.94725080711111570E+01  1.87719971439959110E+01
  5.81677556670477180E-01  1.96713127531350730E+01  5.73349042955695070E+00
  2.50625569857546320E-01  5.07457955872656010E-01  9.07105312580252490E+00
  6.67521681419926690E-01  4.04922727134288960E+00  2.89121874911725140E+01
  6.52034765531911640E-01  2.01489478157736880E+01  1.21057500653185990E+01
  3.81419328643079860E-01  1.99328830945160150E+01  8.06559501241248710E+00
  3.18942867500738640E-01  1.04265262494924970E+01  7.73524915020162320E+00
  6.63973334543257470E-01  2.82176922097351370E+01  1.39351833741290130E+01
  4.05793634226126800E-01  2.08262122705539170E+01  1.43434750331746290E+01
  2.88617724104866640E-01  7.61832043899116050E+00  7.00570700931040590E+00
  3.17587838135982990E-01  1.17541818849116590E+01  1.90838112670933850E+01
  6.94010688862415210E-01  1.17365210020597330E+01  2.84864145104870980E+00
  3.25036994184950640E-01  1.66795328253151420E+01  1.78456825126327700E+01
  4.41940562555082740E-01  1.29798568442686300E+01  9.07200196727205820E+00
  3.05466220251299840E-01  5.04799555283698180E+00  1.88340316307956070E+01
  7.22984261441823330E-01  5.37045014780713450E+00  5.83894189881540980E+00
  4.60682082706054620E-01  2.14243965256807510E+00  2.52399390577598870E+01
  4.22201084465533680E-01  2.44577466915994390E+01  4.00643131461228210E+00
  6.24824560398126750E-01  2.52026975159626940E+01  9.46078622325636330E-01
  3.63079661055833470E-01  4.02274068779093240E+00  1.64845575214502740E+01
  3.25516939164680520E-01  2.57621082630559250E+01  2.95118966059135910E+01
  4.87886881528419990E-01  2.64532773530777480E+01  1.27638945921600870E+01
  4.34172467284937990E-01  2.36493312759390510E+01  2.91202995364997580E+01
  7.04082361725448710E-01  2.36876262331074340E+01  5.78852509572487240E+00
  4.40295189098215370E-01  8.07872041323900620E+00  1.04203060175528750E+01
  4.54567147313974470E-01  2.07605562362547080E+01  8.18065454738981930E+00
  4.89717368181109780E-01  7.66881088191373370E+00  9.58634886319039840E+00
  4.82771447840326400E-01  4.15858200398612080E+00  1.99532418864896750E+01
  3.54092873053847420E-01  1.20978430333604120E+01  1.24121547746692770E+01
  7.67457697882333090E-01  9.61269616980664130E+00  1.91146859175899240E+01
  4.43129600128677660E-01  2.20449609441506700E+01  3.23215575702482290E+00
  5.61514797181737530E-01  1.38032494060848060E+01  1.53538791934949690E+01
  5.82207618145930890E-01  2.85363031601947090E+01  8.02817672772857800E+00
  5.94092381958372510E-01  7.13330866479974550E+00  2.11129425750025600E+01
  5.64318884198494160E-01  9.20995287472007360E+00  1.44959831632191620E+00
  6.16837537735261420E-01  8.57602924687845740E+00  1.29748303683468360E+01
  4.20581746236023420E-01  2.21315509007792670E+01  2.53253122611560750E+01
  3.16022212934137680E-01  2.44133786350552850E+01  1.17638616517892240E+01
  4.59502380082057990E-01  2.63503594190779110E+00  2.60169098457911230E+01
  7.48336469443998900E-01  6.38364967608347470E-01  1.56078171558685060E+01
  6.90159994875631000E-01  5.39593195922393680E+00  8.07047642373760790E+00
  4.68364091588631840E-01  1.24806052017303840E+01  3.74086128236625370E+00
  4.05593309893122810E-01  1.79118522419327950E+01  1.64174166523088480E+01
  5.55687039951364880E-01  1.47105585959060970E+01  1.64991295559963370E+01
  2.83840017940612550E-01  2.49283774333570100E+01  2.14896009671849200E+01
  5.98280766214214580E-01  1.08260317199978090E+01  2.11151274203198330E+01
  5.84913004272127690E-01  2.24736527286472910E+01  4.16580148291651930E+00
  2.83840017940612550E-01  1.18076656671283830E+01  1.54714473031826040E+01
  2.83517655556827110E-01  1.03810182579397170E+01  5.17435020383518830E+00
  5.27599340399055180E-01  1.82648096419343880E+01  2.80609526105090450E+01
  6.24824560398126750E-01  1.31997939182164960E+01  2.52737293889277050E+01
  4.84167632717154460E-01  2.44408592610386820E+01  1.80747164268887630E+01
  5.66562802601083430E-01  1.45926373476171140E+01  9.61805359370415050E+00
  5.81213412342838430E-01  1.81709230696659280E+01  1.19849374211301530E+01
  5.13285974501586400E-01  2.83016191721673990E+01  2.65154358395941400E+01
  5.29625185962053640E-01  7.26666245292252630E+00  6.26830698314559420E+00
  3.30104909316010620E-01  2.81951371267110250E+01  1.49278133341512120E+01
  5.48174971142568520E-01  9.67369117074033550E+00  4.39250889725871560E-01
  4.72192289519205580E-01  1.75157198374853140E+01  9.64721749446462870E+00
  4.53126113496558960E-01  1.86085920560747410E+01  1.90247012823515360E+01
  5.25993347610763350E-01  7.91627618903571230E+00  2.57760325847817310E+01
  4.75338540515479570E-01  2.87860464552635160E+00  9.98806404040414720E+00
  4.30858982518450690E-01  2.40383392148476990E+01  1.72545473722268700E+01
  7.09741570678139940E-01  2.74406528255409440E+01  5.51760688736723100E+00
  5.05409982910693060E-01  2.91191867505757290E+01  7.11015898806272960E+00
  5.20369884994360540E-01  1.73040299646488240E+00  3.62992883634365700E+00
  2.73281005279713530E-01  2.69226912230654850E+00  2.26494026049182080E+01
  3.09574052588245370E-01  1.73011775691090360E+01  2.12659715779984250E+01
  3.18095930761502070E-01  2.72369037009882680E+01  1.39660473327796330E+01
  4.46537248270915300E-01  1.55898585408926400E+01  2.74742659105652290E+01
  6.38830345620663920E-01  2.83849225078846420E+01  1.14425448470745790E+01
  6.68397269451762100E-01  2.06263510690036330E+01  4.27104623378782480E+00
  5.32488384254616510E-01  1.87405961774533590E+00  9.92290231923364270E+00
  3.17579752081870750E-01  6.21139517205536060E+00  5.22605591787787470E+00
  5.16710955738981780E-01  1.67399937257991380E+01  1.86837010516227230E+01
  4.49545157175862540E-01  2.68052892184492820E+01  2.87925881263711610E+01
  3.20574425314766210E-01  2.45428816799926110E+01  2.57423091390935670E+01
  4.12246671516209600E-01  1.86362712924136210E+01  1.81610788961988060E+01
  4.94550785807675550E-01  3.23755229779289610E+00  2.40026662457907560E+01
  3.59079136884617700E-01  7.35783236757611550E+00  1.47265889136638750E+01
  6.10572080928614460E-01  2.05596444233478230E+01  1.82813589977131380E-01
  4.75338540515479570E-01  6.62454604078704530E+00  2.67124439512261990E+01
  5.09574347305064630E-01  3.83173341072981270E+00  2.62320524611272090E+00
  4.18189647978318300E-01  7.22669448776400800E+00  1.54925720125056330E+01
  3.76753951196820710E-01  1.94710295025917580E+01  2.60731449238631470E+01
  3.84533934306195220E-01  2.83733951481967740E+01  2.19900897545426770E+01
  6.60767019732147710E-01  1.17706225402941680E+01  2.00616306367479100E+01
  5.64318884198494160E-01  9.59227043566596650E+00  7.09149964776046640E+00
  4.69750256464274060E-01  1.68506464114087460E+01  8.90412024735660520E+00
  6.88340418185590860E-01  1.41616740236750540E+01  2.31258795538199640E+01
  5.93150731645016190E-01  1.02616989075097200E-01  2.40751369524379800E+01
  7.17499092254363010E-01  1.53241340309767220E+00  2.19232957945259590E+01
  3.79322922295397280E-01  1.49938002600401140E+01  2.10144171611279060E+01
  3.20574425314766210E-01  1.43329136065903210E+01  1.93108566346604110E+01
  7.17953871372127320E-01  2.24297383063509730E+01  1.76590266358101150E+01
  3.42409596243210680E-01  2.58004581434301310E+01  1.72509056681544170E+01
  4.43129600128677660E-01  1.18390776981919730E+01  1.69259009094171340E+01
  3.78068289465320630E-01  2.04170089051798730E+01  1.11120445515198400E+01
  4.75338540515479570E-01  1.29844222222957480E+01  1.44564985719556650E+00
  7.38532964590205680E-01  2.72270494669667360E+01  8.20153620386226830E+00
  5.07606992315717240E-01  2.88227323015816270E+01  2.35596971050510110E+01
  2.86134314477376340E-01  1.03478081570355870E+00  3.22295770114889010E+00
  5.07437626189109900E-01  2.58853012080670130E+01  1.51421936666746590E+01
  6.15073771326759470E-01  2.73898606805546050E+01  4.19511499085705000E+00
  3.30104909316010620E-01  2.83198588892499570E+00  9.63609799703429640E-01
  6.66683478841499700E-01  8.46029690070701790E+00  4.74896545000778050E-01
  7.49545055295440930E-01  1.93245248890976740E+00  2.04798012819607430E+01
  2.54824432159977790E-01  2.41518597229476270E+01  3.40247840991424110E+00
  5.72142532162989690E-01  6.48982002029635300E+00  2.77492922333844940E+01
  2.77147605524350650E-01  5.18794184361031350E+00  2.65092242941239500E+01
  4.68364091588631840E-01  1.04837366555127860E+01  1.82175110304640630E+01
  4.82771447840326400E-01  2.90135546332598260E+01  2.58196920678809470E+01
  2.50971712925384870E-01  8.41000992030891400E+00  9.15659103391248230E+00
  5.38024295323284910E-01  1.09115885451606260E+01  1.92271682238257000E+01
  4.13050329149462850E-01  1.51902906765993710E+01  5.59665226475009000E+00
  4.86590143357422540E-01  1.87087986146060280E+01  1.52560516385442300E+01
  3.16148313226467530E-01  9.68514468744447580E+00  2.82239183671455510E+01
  3.81419328643079860E-01  2.50424666037643000E+01  1.93842504293051140E+00
  6.52911031193170470E-01  2.02912745168189270E+01  2.66955305923077690E+01
  4.49150663742554990E-01  1.77940250273754540E+01  1.45662856724068440E+01
  4.73113776075054650E-01  2.85279871983518160E+01  2.94829974707734870E+01
  3.65995101567518470E-01  1.17927737378389070E+01  2.93094450737724230E+01
  3.46028387031474870E-01  8.61942589110998550E+00  3.20907171834497350E+00
  4.23675716525973380E-01  2.38697556778851240E+01  1.05077114376574130E+01
  2.47261092463374420E-01  2.26605815383344120E+01  9.99696142019082500E+00
  2.63339374245984010E-01  8.41770697832527760E+00  1.52193315178176810E+01
  2.59062449636064510E-01  8.16560249476832030E+00  1.37138590799932650E+00
  5.77180454669814490E-01  5.41882611153583140E+00  2.46347181406186700E+01
  4.06599624824484800E-01  1.78871102022575810E+01  1.85094456815119270E+01
  4.65278877330243820E-01  2.34738082342404690E+01  2.63904092017262890E+01
  3.07263188066738420E-01  2.53499348916065910E-01  7.24767714598754780E+00
  3.88697647565240350E-01  2.86131710756004730E+01  1.84822756078107200E+01
  6.62122603690132470E-01  5.28881499383370460E+00  1.97736781113105880E+01
  3.79322922295397280E-01  1.78468404720307290E+00  9.01609218300544410E+00
  3.53063097104977870E-01  2.08905097867865840E+00  1.42812248085385000E+01
  6.88885956497308970E-01  2.77584780619544450E+01  6.87870797387344800E+00
  5.33066537704075310E-01  5.76674750326609600E+00  2.24551937239246900E+01
  3.42074681651230290E-01  8.69038650816797360E+00  4.31814863515528740E+00
  4.24351701398837560E-01  4.16079588890565780E+00  2.67442758594314150E+01
  2.92456502136063850E-01  1.20397048154921030E+00  8.67900675786988710E+00
  5.90639534364661320E-01  4.15848153060414560E+00  2.34295445325533010E+01
  4.09705559579089850E-01  2.88229666834698190E+01  2.26433796709560190E+01
  3.59079136884617700E-01  1.95937466525947600E+00  7.62692313049743650E+00
  5.27599340399055180E-01  2.13484667481794830E+01  2.09416019567847760E+01
  5.38382256471750510E-01  1.94915021055906090E+01  1.85755003136858400E+01
  5.96963967672292380E-01  1.97751948986329820E+01  1.61123961926596270E+01
  2.96503602823160150E-01  2.08313709148733930E+01  1.04687670576908200E+00
  3.64593218166308700E-01  2.92279300801467770E+01  1.54650838854228870E+01
  4.18947112612636110E-01  2.29068361038631170E+01  3.22509505830702770E+00
  5.40946473112310590E-01  6.51995269825662400E+00  4.40956170782293460E+00
  3.35017483125717060E-01  1.94267360295039460E+00  8.32017141780393390E+00
  4.75626642073745920E-01  2.25149933468377590E+01  5.22470265396576310E+00
  3.04461637453634990E-01  1.54820046528174370E+01  2.43812022762319990E+00
  4.36315933331792570E-01  2.08793970250555820E+01  9.06280100660251970E+00
  6.77666041374141330E-01  1.18322370644891350E+01  1.48204964711546230E+00
  5.67035311113654220E-01  2.69118373064985370E+01  1.54578241085943020E+01
  3.38650161839631010E-01  1.91673605139929320E+01  3.15016607689549620E+00
  6.94010183176834960E-01  3.09334720703583480E+00  2.70752041229301600E+01
  7.10410487391814980E-01  2.85147128308730020E+01  2.47371905081396900E+01
  4.54567147313974470E-01  3.55573750956221350E-01  2.60269598696864400E+01
  2.52169786807371790E-01  1.84483913974023820E+01  2.73033857073539470E+01
  3.01799748246536660E-01  2.37836222007464080E+00  4.13359636708246650E+00
  4.27719079604653450E-01  1.90770971429132170E+01  2.75590620107838760E+01
  3.87762191716535260E-01  2.65716191171575890E+01  1.45677735139164050E+01
  5.72951670348821020E-01  1.41031615150211210E+01  2.60608031788795240E+01
  5.09222041678605210E-01  1.01930760711936430E+01  4.40555758356934390E+00
  5.25993347610763350E-01  1.73677877065374030E+01  2.58867649259579410E+01
  3.12648490279368120E-01  1.08080647563161240E+01  2.02046701712081140E+01
  3.32399546609116130E-01  1.73025965021947710E+01  6.95319188151138330E+00
  4.43807889241729470E-01  1.20995768720174510E+01  1.10243825856853520E+01
  3.44170209092795430E-01  7.80487992756701840E+00  2.17671237998239630E+01
  2.54824432159977790E-01  2.91180538644445620E+01  9.58300445150401890E+00
  4.21963532045373490E-01  3.01704628000188670E+00  1.30491530403136230E+01
  4.11696508529454960E-01  2.85560172298939020E+00  2.19859076355059490E+01
  4.11346310528290360E-01  5.53544761108912820E-01  8.41079443323993740E+00
  6.16837537735261420E-01  9.78548515074918510E+00  2.04880677480620220E+01
  4.83570943621045310E-01  1.99689887257398660E+01  1.41109302962972460E+01
  4.32382463464541460E-01  2.66753794352907150E+01  7.16873340655359300E+00
  5.92513140571182980E-01  1.30857556712675310E+01  1.07100797034837020E+01
  3.55036581058269410E-01  2.58884506999326720E+01  1.42771596492429270E+01
  4.74581552528920360E-01  3.83627576289983100E+00  4.75450627910278900E+00
  3.44905765886116280E-01  2.87095610815613970E+01  2.02110429219813030E+01
  5.96963967672292380E-01  2.83675596729004620E+01  1.26778544422125710E+01
  2.68569610726517900E-01  1.98075426878306080E+01  2.18642612030861480E+01
  5.80290806494985740E-01  1.77012845811320960E+01  2.69390677913832380E+01
  6.25336422111717830E-01  2.21150232652583260E+01  7.43274611565151220E+00
  6.17452885167652710E-01  2.24031097977475970E+01  1.41011280201104370E+01
  3.29506256422424390E-01  6.62363672967451670E+00  1.59784361798587660E+01
  2.58355477869490890E-01  2.09001742993178220E+01  1.94455355246050880E+01
  4.69641390777102340E-01  1.87823934652428760E+01  1.64992951212898160E+01
  3.49095179616795370E-01  1.30539140738781300E+00  1.67400808870948040E+00
  3.27988333844876360E-01  2.28887462840849030E+01  2.90777744035128260E+01
  3.86383264228710210E-01  9.33463041440466410E+00  4.65488239509802430E+00
  4.75543307221801650E-01  4.32459775380123900E+00  7.61248790024543180E+00
  5.07815655211632320E-01  1.57565457563499920E+01  2.05628415428103180E+01
  6.08088426536500660E-01  2.35340573709604830E+01  1.14824611423363160E+01
  3.93024383017402490E-01  7.32902414588687280E+00  1.88767652761247610E+01
  7.48336469443998900E-01  2.50094106674798090E+01  2.67034332538976890E+01
  3.13454063710418570E-01  3.68406994692791610E+00  1.93140637414970660E+01
  4.43133439323318520E-01  2.53203374341182830E+01  4.07309126149391250E+00
  3.62493203924014780E-01  2.60519177148037500E+01  4.43189675474254050E-01
  5.72881440675418570E-01  1.88236917668721130E+01  9.57593255919609200E+00
  3.71299762957800540E-01  1.37053190288423800E+01  2.78928308756522120E+01
  5.13143010843963320E-01  2.42574388121441090E+01  1.57210601182506280E+01
  3.87533216804236250E-01  2.23955064262832980E+01  1.51054343793030390E+01
  3.90540239164096370E-01  7.84939002665960220E+00  2.04389326990150020E+01
  4.11696508529454960E-01  2.74596307151244150E+01  2.82331050379692390E+01
  4.19670751191123690E-01  6.89943363509090800E+00  2.44410384352491830E+01
  5.39922025342825940E-01  2.03728952051869820E+01  1.79561946714094950E+01
  3.73125396709624990E-01  2.53476276019965780E+01  2.36247482894172620E+01
  5.72628172168292430E-01  2.23621375677265060E+01  1.13459602482881440E+01
  5.63660960642019760E-01  4.86859912229263260E+00  4.65683057753955240E+00
  7.54397230300637300E-01  7.02814380533595000E+00  1.77696931198302120E+01
  4.07877171249442140E-01  1.68832909965724700E+01  3.38958791988440830E+00
  4.61178090502161720E-01  9.17127363210433270E+00  2.65217074280760700E+01
  3.50974061745161330E-01  2.67320818809605850E+01  1.91153217910502600E+01
  4.22541054278063120E-01  2.07361039649038370E+01  1.64514847127956470E+01
  3.25036994184950640E-01  4.98111636825491020E+00  8.99581046324404100E+00
  4.96042965314236020E-01  2.91448927433205500E+00  1.42492305100649700E-01
  3.04461637453634990E-01  8.36658287760064030E+00  2.46107611074575840E+01
  4.21290506291976640E-01  1.73333081658179500E+01  1.25340608368197230E+01
  4.26578460793149810E-01  8.25874574250554790E+00  2.11454603081422620E+01
  3.91816801400439550E-01  2.35600807516445270E+01  2.44212350905324730E+01
  5.32262962461145860E-01  9.80972409874219590E+00  2.90614722422678290E+01
  6.07718241283317260E-01  2.32361375731752420E-01  9.88401377754400380E+00
  5.13425754976809310E-01  6.76985177756358070E+00  2.21578508074763470E+01
  5.46829204411607870E-01  1.23701966152538320E+01  2.44478472842360830E+01
  2.99038091422116640E-01  2.76893915721083520E+01  1.88531143823065470E+00
  3.65374026971610010E-01  2.66019804165198010E+01  9.19313151581610020E-01
  3.46733456860136300E-01  2.08518631948537030E+01  1.72112876490268330E+01
  5.01833768532536340E-01  2.73693636882468390E+01  1.31364291547341650E+01
  2.88617724104866640E-01  2.39620772293931840E+01  4.58020707061430170E+00
  3.13454063710418570E-01  2.13651968547360940E+01  1.76261403532423420E+01
  4.43756654693070110E-01  2.60842470761800660E+01  2.32753527991613680E+01
  5.20369884994360540E-01  1.25450478014091600E+01  1.32193531322453310E+01
  7.41720708060832300E-01  2.73500333082740320E+01  2.15210529937350190E+01
  2.99038091422116640E-01  2.67932446640436480E+01  2.71275445076079040E+01
  3.93024383017402490E-01  2.48462936718519250E+01  7.61819090044508410E+00
  2.53364602799301860E-01  2.76979646389779570E+01  1.52299645547911910E+01
  5.48463672908306780E-01  1.74366825346081060E+00  4.69861562253957650E+00
