1
  1002  2.96924426640336700E+01  2.96924426640336700E+01  1.00000000000000000E+00
        0.00000000000000000E+00  0.00000000000000000E+00  0.00000000000000000E+00
  4.21603844523193420E-01  2.06929388504042460E+01  2.62679196123767550E+01
  2.62213147743524950E-01  1.05801053866165980E+01  2.23558131011850100E+01
  6.94903868090152520E-01  2.29962055766696310E+01  2.28257787275031700E+01
  6.31563936872940970E-01  5.13388856634071100E+00  1.88930122611878580E+00
  7.01778375544082420E-01  1.06348973022588320E+01  2.41497875149286790E+01
  3.46434506905438330E-01  2.55780088789825760E+01  9.15820143040928510E+00
  3.50662231740508900E-01  1.89161669312284460E+01  9.82943222606345660E+00
  3.01799748246536660E-01  1.03633664315634610E+01  8.12084268469451760E+00
  4.41298336829792340E-01  1.61876923772814400E+01  2.90198950164873540E+01
  3.39481361119070080E-01  2.38357280137927030E+01  1.02980714985683830E+01
  3.83181557852844270E-01  2.09306068970292180E+01  7.27018261933571530E+00
  6.75156127532392600E-01  1.14203325962266650E+01  2.06415741496501330E+01
  2.73281005279713530E-01  4.18272747733826660E+00  4.03719997409021850E+00
  6.65634982039605120E-01  9.10896058945592730E+00  2.28634969801930940E+00
  2.54824432159977790E-01  1.69181687151271550E+01  7.17511196937866290E+00
  2.84029264846615530E-01  2.94426904293183860E+01  1.42306482056805170E+01
  4.62836237406567810E-01  1.54926642759410370E+00  1.90517689870523480E+01
  3.33973424357718240E-01  1.26020897614080970E-01  1.46480547977047990E+00
  4.91872428060923640E-01  1.62227625563324760E+01  8.50688473980386740E+00
  5.52490392167627680E-01  5.96087080235723480E+00  1.13426333466042170E+01
  5.39466591144820300E-01  5.35367963042614560E+00  4.20003180081721350E+00
  5.65219172841477580E-01  2.25448299530874580E+01  1.33685439073944480E+01
  3.53776024442120150E-01  2.17053045708630600E+01  2.51424162415366400E+00
  5.54611473665029210E-01  2.66265609867108030E+01  1.51908149498915670E-01
  4.81368497469048420E-01  4.07520205688545900E+00  2.23109175105239510E+00
  2.84672167568555990E-01  7.43416255940292550E+00  2.03633432448434100E+01
  3.06898385793053400E-01  2.86635836809975650E+01  2.65510538848051250E+01
  4.49954956992444630E-01  2.15241617565668090E+01  7.96856275218248200E+00
  5.88686278844574580E-01  3.94688115567374530E+00  1.60723080821604750E+01
  4.36315933331792570E-01  2.06118599861203510E+01  2.04326109603549180E+01
  5.46155746035104350E-01  2.07440434643574460E+01  2.83567150939640560E+00
  4.11346310528290360E-01  7.40619062536078230E+00  2.37608090131436570E+01
  7.44650008855257360E-01  2.66355200847868860E+00  1.76120574251564260E+01
  4.68162992243922280E-01  1.97650004553498210E+00  1.59025237975892080E+01
  7.11073931023246340E-01  1.04673100203461720E+01  1.90020614111478490E+01
  3.02034441597155470E-01  2.50350132647713470E+01  1.31542691926015230E+01
  5.12509616084684260E-01  2.95344187753211430E+01  1.33169344968609330E+01
  3.40422717275118370E-01  4.93133228871049310E+00  1.41679653511602040E+01
  6.65634982039605120E-01  1.95394313792980330E+01  2.24360876291940700E+01
  3.75295693565172690E-01  2.34725632943290920E+01  1.32165868886651890E+01
  4.75626642073745920E-01  5.96603872819904970E+00  1.30371547744728460E+01
  4.72038094207023740E-01  1.67599984414657110E+00  2.46815171459382250E+00
  4.29902962432020440E-01  1.44479679108386170E+01  2.23515806407022630E+01
  5.68910711623079470E-01  1.66534703562287340E+01  5.30894151906919290E+00
  3.07263188066738420E-01  1.60588929188508690E+01  2.43850972831181250E+01
  6.10911033360540580E-01  2.58586961999361020E+01  1.10727901134560990E+01
  3.43353541919950760E-01  2.00458957330849690E+01  1.98972660516949840E+01
  3.15231116497538320E-01  2.51017059360548770E+01  1.96847847572130230E+01
  3.78068289465320630E-01  2.26038156065509060E+01  2.95753673552887050E+01
  2.54824432159977790E-01  8.96200305420853740E+00  2.41599869288031780E+01
  5.44558358435121190E-01  1.54623879825472170E+01  5.47579671657791160E+00
  3.56000803327192820E-01  2.25261368837040160E+01  1.13229352943775400E+01
  3.13454063710418570E-01  4.54008974728450450E-01  9.07985989844684300E-01
  6.12591031919131530E-01  1.96413277580943880E+01  2.64937301369497010E+01
  6.47236078597052340E-01  9.40690252639526040E+00  2.21981554420599210E+01
  2.65726189967390210E-01  1.30681183453426400E+01  2.28747822457039830E+01
  2.96653470797716330E-01  9.18972517645049790E+00  1.26460037078988670E+01
  3.45648959319623030E-01  2.36998167929269670E+01  1.38999476567838620E+01
  3.13454063710418570E-01  2.10293726896834960E+00  1.85090551608501560E+01
  3.39073066583844400E-01  1.04787624940551340E+01  1.74075486050592970E+01
  2.96256570285591500E-01  1.43196163917151580E+01  7.86100443650666580E+00
  4.19081387041561550E-01  8.94615269293956320E+00  3.35747626075624120E+00
  7.08391389715138510E-01  2.32062960627745380E+00  9.08322465336253690E+00
  7.16035261746952050E-01  1.25808474855144040E+01  1.75889167877890740E+01
  4.43133439323318520E-01  6.68179529434313140E+00  5.61147117781003320E+00
  2.73281005279713530E-01  1.59975700462499830E+01  4.78326266358519890E+00
  3.35017483125717060E-01  2.51335970802443360E+00  2.37618695503725250E+00
  5.09222041678605210E-01  1.79921268224972200E+01  9.83615923792642020E+00
  4.27719079604653450E-01  3.69576501581531640E+00  1.70566598838149410E+01
  5.81299825206354370E-01  2.63381299101881900E+01  5.11493810135644280E+00
  5.46155746035104350E-01  1.78342858592640920E+01  2.96660104248634690E+01
  3.05466220251299840E-01  8.06529642433988240E+00  1.29616616839154370E+01
  3.11838068626578210E-01  1.54959131662378200E+01  1.55566859883155360E+01
  6.27423008989955560E-01  8.96484114713047650E+00  1.66046517223620680E+01
  7.12424816007452400E-01  2.44221610894523560E+01  2.51212117506722380E+01
  4.41140732643827070E-01  2.78188461006407190E+01  1.58960724786312560E+01
  3.80273533482480450E-01  8.20843498958641860E+00  1.85537656086656990E+01
  3.29796701345061780E-01  1.61598324410699870E+01  1.28522737890155470E+01
  4.15252526658189590E-01  1.00681933796291510E+00  2.59506172994475830E+01
  2.59062449636064510E-01  3.17255742892726110E+00  1.57282514986796440E+01
  6.18419083689772810E-01  4.28118585744247420E+00  2.57838651018779710E+01
  5.04213456464067280E-01  1.53361733735468380E+01  1.96970406142088730E+01
  3.48156346672602490E-01  9.40830713028297620E-01  2.41203039449101480E+01
  2.89042915761794110E-01  2.39413297935768060E+01  1.27465420421614170E+01
  3.05466220251299840E-01  2.05260270284901410E+01  1.32909673807849420E+01
  6.49919166153384610E-01  4.78709309330366130E+00  1.51466433429292330E+01
  6.14379095469630790E-01  2.52725652128178670E+01  1.40386089430833250E+01
  7.00411917450214720E-01  2.73449282381553120E+01  1.87588702060396210E+01
  5.69344335137112000E-01  2.36374914760942080E+01  2.61313344158461650E+01
  2.57564851167384970E-01  2.11540584345288800E+00  2.87128933290310720E+01
  4.13050329149462850E-01  1.75221742294539030E+01  1.28205136188846860E+01
  6.18419083689772810E-01  1.98159988463132170E+01  1.38812596501885130E+01
  4.26523982883737140E-01  1.88138239565431640E+01  9.14727075811327950E-02
  3.78209123272245940E-01  1.33863450663274400E+01  1.07385384702612930E+01
  2.63055759251188670E-01  2.16142714438060250E+01  4.15259180889704900E+00
  5.00274833943758600E-01  1.17829387098983550E+01  2.61133025811785020E+01
  6.01687927537542500E-01  9.50960247061871480E+00  2.48331928954321380E+01
  4.86073626967704090E-01  1.29377535503709370E+01  7.39847658845644230E+00
  7.62474117278193650E-01  2.48663964525551930E+01  2.15034598628714270E+01
  4.87886881528419990E-01  6.63757653195045630E+00  1.84826815622055350E+01
  2.99038091422116640E-01  2.62247326725564990E+01  1.57878264663933780E+01
  3.50974061745161330E-01  4.49846724330295180E+00  2.94580109482928730E+00
  6.10572080928614460E-01  2.59765947737932310E+01  1.29945167499542720E+01
  3.01731430220296380E-01  2.84249701153587570E+01  1.01074480962830040E+01
  2.59062449636064510E-01  1.41610431749458830E+01  2.62224241305540640E+01
  6.99477888048091770E-01  1.21892566319476160E+01  4.54217387319590490E+00
  4.41666133880560000E-01  1.83706849904615160E+00  2.69989140370035050E+01
  6.86210935380316480E-01  1.61553882929695300E+01  2.78930121057801690E+01
  5.27425300578987690E-01  2.23393384432233370E+01  1.48992168307769250E+01
  7.54505484792745040E-01  5.60485098644068720E+00  2.90032072059150040E+01
  4.11696508529454960E-01  1.56224355202207600E+01  1.63536318834991050E+01
  6.26517897412854200E-01  1.31707936423810160E+00  2.32214188371121860E+01
  5.72142532162989690E-01  1.84957516339620080E+01  2.31859885298984880E+01
  3.47451934045076260E-01  4.68715812101855620E+00  3.61737705663508270E+00
  2.57564851167384970E-01  1.32337257902174500E+01  2.91996133764154710E+00
  5.33859136323620030E-01  1.67532189829230770E+01  6.40531246889719520E+00
  2.69169509893181310E-01  3.99554233019858320E+00  1.08669317472098790E+01
  4.24351701398837560E-01  2.59397785581344280E+01  2.37535484156101870E+01
  3.11762329988951370E-01  1.97664224756770710E+01  2.55785213630033080E+01
  3.50974061745161330E-01  3.09694541743512190E+00  2.94160745272789690E+01
  2.66929568161810020E-01  4.53007451794251900E+00  1.09088774868144010E+01
  7.20816873845379820E-01  4.14883727137466970E+00  2.92238863007176910E+01
  4.22201084465533680E-01  1.33217318538815630E+01  9.94130821868183820E+00
  3.09209541844886400E-01  1.55659756787511090E+01  2.16742937832657500E+01
  2.62213147743524950E-01  9.62508319314425440E-01  2.72184264751671600E+01
  7.60411681679863700E-01  1.06285447149560210E+01  2.56093299964450410E+01
  6.67521681419926690E-01  2.48396435828131640E+01  1.87393897637416910E+01
  4.37954134865551840E-01  2.77340620104482270E+01  9.64783919757541850E+00
  7.16654247500547470E-01  2.07507507925374310E+01  9.00681200888335630E-01
  7.12424816007452400E-01  1.45575542010594340E+01  1.59966407930801720E+01
  3.61198882346046800E-01  1.01254710393780470E+01  1.03822141558306510E+01
  3.82245446386266610E-01  2.63228205444132830E+01  3.15382787765615990E+00
  3.58737518624021320E-01  5.40559128852499530E+00  1.36547851145973490E+01
  5.81547682683179710E-01  1.73965768286103780E+01  1.53608624908787980E+01
  4.21963532045373490E-01  1.09684865508716400E+01  1.79888648271205900E+01
  3.12648490279368120E-01  6.82257781750429350E+00  2.43211307659108800E+01
  3.25036994184950640E-01  2.60751151410859540E+00  8.09141161852275910E+00
  3.83290088603488770E-01  2.68244670216975440E+01  1.77914913010194300E+01
  2.93443024193560210E-01  8.15378435421086500E+00  2.36412643788240740E+00
  2.66929568161810020E-01  2.00348910297204310E+01  8.42421746411089070E+00
  2.99038091422116640E-01  1.98222317206076610E+01  5.98172003852127610E+00
  6.00040109246873770E-01  2.41278568685903320E+00  5.37035432505345690E+00
  7.14535578675763720E-01  1.24473558906013140E+01  1.33459111189243060E+01
  3.06898385793053400E-01  1.03082979501515660E+01  3.38442320908732470E+00
  3.45648959319623030E-01  1.31904543215953610E+01  4.24855756214357960E+00
  3.87046365911375680E-01  1.05602757760250160E+01  2.67529609920415510E+01
  6.56539952722306990E-01  2.35192725033055010E+01  1.88191337396837070E+01
  5.07436062422724900E-01  1.28078824296364640E+01  1.87902469654666680E+01
  7.39270392714900380E-01  2.18473014864217740E+01  2.19683961308589910E+01
  5.38024295323284910E-01  3.56679409141639070E-01  2.92232159367101510E+01
  7.33199636544987770E-01  1.08418236075142400E+01  1.22483452962165650E+01
  6.31923671661538840E-01  7.69931194162582420E+00  1.38224342172378560E+01
  5.72951670348821020E-01  1.28439441337242550E+01  8.45228707948019140E+00
  6.40456937776772590E-01  2.55944015224340510E+01  7.11751958416498190E+00
  4.77241894706072770E-01  1.80016116901519150E+01  1.08217316482917670E+01
  7.64764367446448820E-01  8.47912845206512600E+00  2.32591725122212230E+01
  7.16535845940979770E-01  2.77345532731954630E+01  1.05643005673294590E+00
  3.10705613459761840E-01  7.89733913329171690E+00  1.79382935966031060E+01
  3.89901968262705180E-01  1.16498083026834500E+01  2.37345325437656630E+01
  7.15011499502423580E-01  1.81981907908657660E+01  1.85689935093469100E+01
  7.60297905848187840E-01  8.94001090122039340E+00  7.31792097261360470E+00
  2.65726189967390210E-01  2.88884118145153860E+01  2.32666143228335400E+01
  4.53492046339069340E-01  1.40899499900806760E+01  2.47445602774423140E+01
  5.18725390566230620E-01  1.25236339040733640E+01  2.68119084839905430E+01
  4.24020504903543660E-01  2.20668495842058410E+01  1.94874596728283220E+01
  5.17634268500846420E-01  1.20672567056482070E+01  2.28145625783597370E+01
  4.54567147313974470E-01  2.07489902955487220E+01  2.85339075279656100E+01
  3.65965634987757580E-01  2.51227384536802170E+01  2.62299642110941460E+00
  2.96256570285591500E-01  1.47752168119963210E+01  2.17040864581508260E+01
  5.50543265074639000E-01  1.46468771902987420E+01  2.68695655596996870E+01
  4.46540105696671490E-01  1.68018301141818900E+01  1.32870338160407610E+01
  6.47236078597052340E-01  1.32323442692412420E+01  1.98624115267488860E+01
  4.82769235883485770E-01  1.74618825767870440E+01  2.27153285606306450E+01
  2.97529618718302210E-01  2.08412417892364840E+00  7.75657873612290150E+00
  4.13811620468168510E-01  5.34359578841696690E+00  2.30990182991200540E+01
  4.87785457169642190E-01  3.89881839621311870E+00  2.80249989778660870E+01
  3.41778742319800830E-01  1.31826408104445230E+01  2.17002134523632040E+01
  4.05793634226126800E-01  7.05386785691174630E+00  1.52240247720582890E+01
  7.14516279726398110E-01  1.37909248890593590E+00  1.69198157544355610E+01
  3.71799304162545760E-01  1.36637977287508770E+01  7.98541636849727960E+00
  5.77820253962530560E-01  1.01786531820576980E+01  1.65417968321587380E+01
  4.75626642073745920E-01  8.49483183279009250E+00  1.23120056758702270E+01
  5.46562010559427060E-01  2.63917837114131010E+01  6.23964042796948970E+00
  3.29506256422424390E-01  2.22182110621076630E+01  2.86456309096976510E+01
  2.62213147743524950E-01  8.74436106063309460E+00  1.10731067277254030E+01
  3.63105686475124490E-01  1.53992453767295370E+01  4.57077394363908680E+00
  7.08391389715138510E-01  2.06490679851347560E+01  9.96716810520397980E+00
  4.26578460793149810E-01  1.96119237973390450E+01  8.09218010095183080E-01
  6.08873319065221350E-01  1.67238053255473820E+01  1.93540424296222220E+01
  5.39466591144820300E-01  1.13261079557406090E+01  2.20618773623189850E+01
  4.66553963192992600E-01  1.48633166232872740E+01  7.22394541449151630E+00
  4.82771447840326400E-01  1.06125299567669790E+01  5.83251274741711430E+00
  5.13004586318856950E-01  1.58345064841280280E+01  2.51734791700380710E+01
  3.17084428049163950E-01  1.40186840566253130E+01  1.32720079785771020E+01
  3.50974061745161330E-01  1.81535642157614950E+01  1.48194118323555890E+01
  3.82382183723224410E-01  2.50424992917282910E+01  2.84393200773808670E+01
  3.77759649416993960E-01  2.12815914298534570E+01  2.09594126821887880E+01
  5.74203886104520670E-01  2.34769934518798070E+01  7.16672108905052860E+00
  4.11346310528290360E-01  2.14582099920811340E+01  2.66791738961722620E+01
  5.06367095649294540E-01  8.12918657261198160E+00  9.48805424168623900E+00
  6.01687927537542500E-01  1.91033414719909020E+01  1.48708222246463220E+01
  2.49794182180603610E-01  1.70153382958821560E+01  4.15543559087831940E+00
  6.11481049571092420E-01  2.43527664462463030E+01  2.76565219519220660E+01
  5.03927515451986880E-01  6.40627164674739370E+00  2.78567270892153830E-01
  6.35485889077753010E-01  2.84206249013532780E+01  2.40359805915738680E+01
  2.99038091422116640E-01  2.15662844240515600E+01  1.44629943305342050E+01
  4.22541054278063120E-01  5.91742485210045820E+00  7.00928904818933240E+00
  3.05466220251299840E-01  2.13715492564057360E+01  6.08751743297724430E+00
  2.62213147743524950E-01  1.97078306808639820E+01  2.06569972408105950E+00
  3.61769499680632390E-01  7.26275848320301960E+00  1.71224744463970030E+01
  2.47647088603063280E-01  9.00673836776034700E+00  1.38006662287338350E+00
  3.11155895623034430E-01  4.43962146770855790E+00  1.69052039650940990E+01
  2.66929568161810020E-01  5.63757660780924310E+00  2.00474173467867840E+01
  6.90395435464654740E-01  2.82418452522646530E+01  2.36622565976648810E+00
  2.96503602823160150E-01  5.46482331402067880E+00  8.94863882592524540E+00
  6.57722721512726150E-01  8.14430404580316570E+00  2.18768455969967410E+01
  7.24777883420223110E-01  2.61651871979951570E+00  4.06409140899125100E+00
  5.48279863025970290E-01  1.83825170640645010E+01  1.99368932013470680E+01
  6.40748513009616880E-01  8.12150946367183300E+00  1.43226927162019830E+00
  2.56092450391898300E-01  1.67156833372927310E+01  2.33011472908403550E+01
  7.17499092254363010E-01  7.70475524585997820E+00  1.61384464222413690E+01
  4.66141488621800890E-01  1.97826340185157010E+01  3.33922252455960230E+00
  6.33759023001558490E-01  1.55455445891100880E+01  9.50225197438216010E+00
  5.48279863025970290E-01  1.35792906671746640E+01  5.05170801812660560E+00
  4.19081387041561550E-01  4.72686675562163390E+00  5.71166438569181350E+00
  5.70902198024309190E-01  2.43130821889216800E+01  1.19715627771154870E+01
  3.17950877609215300E-01  1.73206699355880640E+01  1.79764798837736170E+01
  5.96963967672292380E-01  1.96048855329108460E+01  9.17222693749683950E+00
  6.18832453479690690E-01  1.11132619262517700E+01  1.57952731978265280E+01
  2.63339374245984010E-01  5.01088235160131300E+00  1.88342303686029880E+01
  3.55036581058269410E-01  1.45984794434953590E+01  9.21661462662940250E+00
  5.84913004272127690E-01  1.77551446599898350E+01  1.18525549393445380E+01
  5.77235448209733180E-01  8.34755117948603950E+00  1.94982241096117690E+01
  5.01105313190319460E-01  5.01724741792732140E+00  1.62735165541668220E+01
  3.83598938984435380E-01  5.84161182051746500E+00  1.88328019683597070E+01
  5.98360795606824340E-01  2.82365053854038240E+01  2.16455766916831180E+01
  3.41778742319800830E-01  1.73801013202290660E+01  7.40824663175930100E-01
  3.29796701345061780E-01  1.78570498818171150E+01  2.49307042315094170E+01
  3.84420431658369740E-01  6.53893275912491580E-02  7.69651267317006390E+00
  4.91872428060923640E-01  2.80698457035227560E+00  1.63840343758399030E+01
  2.93443024193560210E-01  8.63588963048048800E+00  6.14797392440092680E-01
  5.81299825206354370E-01  6.96541510127847200E-01  2.88053734072483620E+00
  5.68243553274813350E-01  2.06597379465509370E+01  1.12431525885389690E+01
  5.39001667068871980E-01  2.95176566320206820E+01  2.11011713043715870E+01
  7.01587183784351610E-01  2.06033867644796590E+01  2.73880534044310200E+01
  4.45239477383046460E-01  2.91803264723245480E+01  2.70973903320699810E+01
  5.39001667068871980E-01  3.61073475395991220E+00  1.49963930812629370E+01
  2.86134314477376340E-01  2.78338106817785730E+01  1.51702530927461330E+01
  7.70254277643880240E-01  2.39827298916739280E+00  6.73782928863027040E+00
  3.45648959319623030E-01  1.26202760392895750E+01  4.48634123716443420E-01
  3.39481361119070080E-01  4.02311613701723130E+00  3.44559031014765620E+00
  3.04461637453634990E-01  9.77245706863232040E+00  4.78944679633325790E+00
  5.20369884994360540E-01  1.67448118253734710E+01  9.37306568847294490E+00
  2.65726189967390210E-01  1.11957995977284170E+01  2.66049248592962400E+01
  6.26908127420837150E-01  7.17871174008018720E+00  1.26773718244690400E+01
  3.48480710258510130E-01  1.27212795720424090E+01  5.44421787718439990E+00
  2.96653470797716330E-01  1.40365581670623690E+01  1.69088518008309520E+01
  6.31923671661538840E-01  7.18552910004461600E+00  2.27373418569917330E+01
  4.09705559579089850E-01  1.41299722053370060E+01  8.61211433062906020E+00
  6.72499163702481620E-01  2.56298057462485610E+01  2.75630554555957980E+01
  2.84029264846615530E-01  2.71594017932033190E+01  1.34311529051041650E+01
  5.34631033075580400E-01  1.34040188852284230E+01  4.99615239807020830E-02
  6.17076625982510940E-01  2.60167390864653890E+01  8.30009286125786260E+00
  6.55074006360275090E-01  1.02684734627154000E+01  2.86053684663500860E+01
  5.46562010559427060E-01  2.77746519607605290E+01  1.75886308177620700E+01
  5.17626013175185660E-01  2.96080512461106370E+01  1.82045458670591990E+01
  5.82207618145930890E-01  2.70672896739365210E+01  7.72428171683414360E+00
  5.98268629341587580E-01  2.15558564096712610E+01  9.01577417071470850E+00
  5.34553382826858140E-01  1.07160392610882230E+01  9.71025000938449520E+00
  3.76753951196820710E-01  1.51191752701842540E+01  2.76664266584461130E+01
  7.52518120402026810E-01  7.43049169508107090E+00  4.68062909547691760E+00
  4.81368497469048420E-01  2.79423160256057380E+01  1.22514886676899730E+01
  6.47413426355271770E-01  2.65344743654687890E+01  1.41192102712644020E+01
  3.05466220251299840E-01  8.48461013391716710E+00  2.05362617994426260E-02
  4.46689977500956030E-01  4.23739932799936360E-01  9.85628267560849910E+00
  6.18566685513849460E-01  2.35150633358993990E+01  2.01275783838892830E+01
  5.36592099856838090E-01  7.57067389867671010E+00  3.40050945383506600E+00
  5.09574347305064630E-01  5.09407478369553250E+00  9.66341344378274590E+00
  4.92328788949218680E-01  1.46066033364407840E+01  4.89075681840943140E+00
  4.83351594707823830E-01  1.19224850066186220E+00  2.50725631590962300E+01
  4.40650972415989980E-01  4.54065233847632130E+00  2.47586883869204830E+01
  6.10911033360540580E-01  2.78658179321938420E+01  8.60895082660196030E+00
  4.34172467284937990E-01  1.64106458365435370E+01  1.51216822255524970E+01
  7.03188417218805210E-01  2.53078969949353160E+01  1.61922757177975850E+01
  2.92799561075502800E-01  6.30010921874130680E+00  2.76427591643711070E+01
  5.68243553274813350E-01  2.93320293617841690E+01  3.32938551333879220E+00
  4.60682082706054620E-01  1.05247506399487350E+01  1.10996205652430490E+01
  6.41715074739605920E-01  1.83140120880381230E+01  2.19859891335813340E+01
  4.55206736325743130E-01  5.55963392042595040E+00  2.77493339807672830E+01
  4.22201084465533680E-01  2.37516290358663720E+01  2.36471012256622790E+01
  3.63079661055833470E-01  2.07157169199768950E+01  5.21722011621790040E+00
  2.63055759251188670E-01  9.90975777022027240E+00  9.72651376354131610E+00
  5.32877675645020420E-01  2.81588275543991670E+01  7.50401491114294570E+00
  5.77235448209733180E-01  2.28805446056323140E-01  1.51512592479828840E+01
  4.09775903561979240E-01  1.97914179889615020E+01  2.06273390495881190E+01
  6.93187364831086050E-01  2.23206836654408140E+01  6.39745613639484210E+00
  4.30054269381220950E-01  8.40573340584880140E+00  4.01213651126475670E+00
  5.07436062422724900E-01  2.70388132905499890E+01  1.26503346828328880E+01
  2.49948351789403130E-01  6.22692925702818110E+00  2.81806771309931460E+01
  3.16022212934137680E-01  4.69863315132105620E-01  2.01476278912230990E+00
  4.72818350263822220E-01  2.83241869847377000E+01  2.51390360405559970E+01
  4.46689977500956030E-01  1.22033428569134070E+01  2.94684754464566650E+01
  4.74581552528920360E-01  1.46360348302837800E+01  1.15208125754181020E+01
  4.86590143357422540E-01  3.34500362289744670E+00  8.42843076905124280E+00
  2.73281005279713530E-01  9.99766525948916750E+00  2.06046395674638030E+01
  5.20515140446715560E-01  3.80862435186416980E+00  2.68919791038301280E+01
  4.13811620468168510E-01  2.28428536545585890E+01  2.75423957803747040E+01
  3.81419328643079860E-01  1.50658060955721570E+00  2.85201333931158840E+01
  4.05593309893122810E-01  1.97531985171186370E+01  1.91935922340409380E+01
  5.85380732291966590E-01  1.35558551027888030E+01  2.56339938524871260E+01
  4.06599624824484800E-01  1.04734475650656320E+01  2.01193613094052530E+01
  6.40456937776772590E-01  3.06233470367829460E+00  1.10881720990176530E+01
  4.75626642073745920E-01  2.37319530054290020E+01  1.11052544707480260E+01
  5.09222041678605210E-01  1.72341758677030370E+01  2.63458741257734770E+01
  5.77820253962530560E-01  1.21419224638427610E+01  1.20915189061974950E+01
  3.80273533482480450E-01  2.80130787155968480E+01  1.66933252567201220E+01
  5.01406606281285510E-01  1.42618604261831780E+01  2.78483742674214380E+01
  3.59079136884617700E-01  7.38321974365683880E+00  2.10046729451347080E+01
  5.94092381958372510E-01  2.69614789456539440E+01  1.52830690504757050E+01
  2.54611020839302520E-01  2.86704883628852800E+01  5.78176360067097050E+00
  4.99223721401470310E-01  2.94321759559192560E+01  9.20323494520374300E+00
  2.54611020839302520E-01  2.95898936631653020E+01  2.76637925512093330E+01
  3.20574425314766210E-01  2.17695920841358250E+00  1.06907119967523950E+01
  2.85767805251094040E-01  9.63812581945308010E+00  1.82529459312594680E+01
  2.54611020839302520E-01  9.29774845293559870E+00  2.67424916481472900E+01
  4.12246671516209600E-01  2.30014947261512790E+01  1.42326097006169190E+01
  4.41298336829792340E-01  1.35782189248067090E+01  2.23754833082952230E+01
  7.09985914168247060E-01  1.90374219419861640E+01  5.34942584631268490E+00
  6.80956647410425740E-01  2.70884577496516280E+01  1.14643153259277670E+01
  4.75338540515479570E-01  1.71664583508319950E+01  2.73264031085451290E+01
  7.49588614928249000E-01  1.57480078198885050E+01  1.38492291248333390E+01
  4.74033319401206570E-01  3.87981550539553060E+00  1.29818386121618270E+01
  5.20515140446715560E-01  5.36531992867940840E+00  1.22341074930269060E+01
  5.48131117613959250E-01  2.48891768279165610E+01  8.58885734929761040E+00
  3.46733456860136300E-01  1.51415372316107780E+01  2.11768040448894790E+01
  6.97384645011991290E-01  7.02496064784882450E+00  2.87262648954391150E+01
  3.78209123272245940E-01  9.85077980410762070E+00  2.64381307545862860E+01
  3.82382183723224410E-01  1.95747732120911770E+01  1.01497778754115340E+01
  4.46537248270915300E-01  1.56985409380099060E+01  2.87411530893222210E+00
  6.08690451339190200E-01  2.37672501849498620E+01  8.31067035291886750E+00
  2.59062449636064510E-01  2.95265422495989790E+01  2.84651370842267680E+01
  4.43756654693070110E-01  1.88984535491473730E+01  1.06227028563683600E+01
  3.18942867500738640E-01  5.33274507333407490E+00  1.83496053511484010E+01
  7.16535845940979770E-01  9.50673344757296950E+00  1.16853672651662510E+01
  4.62836237406567810E-01  1.55743570271881800E+01  1.01135716526450860E+00
  6.97384645011991290E-01  6.03653748078386170E+00  1.56442915024262540E+01
  2.47647088603063280E-01  2.52157690981216370E+01  1.79057746058236340E+01
  4.05793634226126800E-01  4.53984976795285360E+00  6.51458151302685890E+00
  5.37364664263313330E-01  1.71601779380686150E+00  5.78075269754260820E-01
  5.72881440675418570E-01  2.61964085627244780E+01  2.16103641026166460E+01
  5.04213456464067280E-01  2.89151361310169680E+01  2.80087243929014880E+01
  3.86557871019070410E-01  1.33496754289615320E+01  6.63042066273527200E+00
  5.62178328188990490E-01  1.01505037621572730E+01  6.78591572049158560E+00
  6.41715074739605920E-01  2.67446150902547080E+01  1.01882488210096080E+01
  4.54567147313974470E-01  2.46497220828358290E+01  2.03068282861135250E+01
  3.97011970696729720E-01  2.19284251004142660E+01  2.61826245468853360E-01
  3.99477862283745790E-01  2.35169094077434690E+01  2.70906687860808900E+01
  5.15931587153482510E-01  1.89365904618274180E+01  8.27048710133647800E+00
  5.98026541173087530E-01  1.49171053361282660E+01  2.18314874851612300E+00
  5.94917806945655060E-01  1.12998729518337200E+01  6.66569744891123950E+00
  3.86557871019070410E-01  1.20237725979944320E+01  1.53716694030576730E+01
  5.52347772924787250E-01  1.41685142294667640E+00  9.96118358417131230E+00
  4.05793634226126800E-01  2.35299178743816310E+01  3.48948023997127480E-01
  4.66753989857397040E-01  2.56981365447845180E+00  2.10591899413172890E+01
  6.77666041374141330E-01  1.22318299324665710E+01  9.54068938848762470E+00
  3.23306573977224420E-01  1.61287761934767830E+00  4.91013623714538120E+00
  6.88340418185590860E-01  2.63665385342945870E+01  1.36697260525314190E+00
  4.11696508529454960E-01  1.69210684310886460E+01  1.13073176452099120E+01
  4.03052389307286420E-01  1.58508565472041560E+01  1.21891973647987180E+01
  2.97529618718302210E-01  2.87340540345598970E+01  1.18856327187447480E+01
  3.13090147150790890E-01  1.51783057256161540E+01  2.21605466863097650E+01
  5.01435669612667030E-01  1.20999322830996620E+01  1.96818387522268240E+01
  5.26482748420329030E-01  1.44792091180816610E+01  1.39774669949027590E+01
  6.75156127532392600E-01  2.81549910342883080E+01  3.72662730422135760E+00
  7.20816873845379820E-01  6.80342617440897520E+00  7.73182233112846000E+00
  5.30006102735105960E-01  2.35961353783497780E+01  1.37044552721356090E+00
  3.43353541919950760E-01  1.94889217377859650E+01  2.49849277714304810E+01
  5.32877675645020420E-01  1.10198091435820160E+00  1.45209502538469940E+00
  6.44956217916396120E-01  1.77625909231464480E+01  5.80186687347248940E+00
  3.55036581058269410E-01  1.88455206614734970E+01  1.39508607521286120E+01
  4.30054269381220950E-01  1.97068296607536980E+01  1.09500742541023630E+01
  4.93734512940847830E-01  1.40023030099920870E+01  2.15431742295499480E+01
  3.42409596243210680E-01  8.37799764599114560E+00  2.43590495022088480E+01
  5.58952633370732950E-01  1.51636069359897070E+01  2.30318469961603260E+01
  4.49954956992444630E-01  2.79834159161665990E+01  2.82108633208257590E+01
  4.11346310528290360E-01  6.70616992226465140E+00  2.50350778228940780E+01
  4.72818350263822220E-01  1.24126320919453410E+01  1.23895193031312220E+00
  5.00672486592370710E-01  6.41572733001609570E+00  1.75208713528025300E+01
  4.15334611176110170E-01  1.85947343336485000E+01  9.13564511177777840E+00
  7.70254277643880240E-01  1.57746350977787700E+01  1.10202473351967090E+01
  5.32262962461145860E-01  2.30215366039157740E+01  2.42602853929715890E+01
  4.01880163826280960E-01  6.67171349581274510E+00  2.18413914671844080E+01
  7.41720708060832300E-01  4.07964807587038520E+00  1.01043395949240260E+00
  3.01674668393272730E-01  2.87302552796852560E+01  9.58812044076520390E+00
  2.66929568161810020E-01  3.44915562510166440E+00  2.27445160735690880E-01
  4.15334611176110170E-01  7.68961447070326990E+00  1.03787470271836050E+01
  5.20369884994360540E-01  1.31271750351440910E+01  2.46154798681180370E+01
  2.84672167568555990E-01  9.83886418629798070E+00  1.67868120361228450E+00
  5.18912146576496980E-01  2.06697522933628050E+01  1.93029188614388440E+01
  3.90540239164096370E-01  2.72142636142686070E+01  2.03241460349353710E+00
  3.63079661055833470E-01  5.12948885693848220E+00  7.00789888791626940E+00
  4.73113776075054650E-01  1.56696794053147710E+01  8.06703930434160550E-02
  5.55687039951364880E-01  1.08303746186700130E+00  1.99562157299240540E+01
  6.97384645011991290E-01  4.15420653958581370E+00  7.54769089958475450E+00
  3.54092873053847420E-01  1.20623289192027340E+01  7.95631141851926320E+00
  7.37991961479508610E-01  6.14558196426966320E-01  1.10246809551989950E+01
  5.10790949981952740E-01  6.36241728863208960E+00  2.55383210029286280E+00
  7.03918080384424090E-01  1.63029407042733080E+01  1.81114752406247280E+01
  2.69326463995374250E-01  1.51674457767585840E+01  1.20529235281546490E+01
  5.39922025342825940E-01  1.12297518232930020E+01  2.93122539374752090E+01
  5.39922025342825940E-01  2.58117338099547280E+01  1.50582861644762380E+01
  3.52682444144397330E-01  1.71155669475676580E+01  3.56230592759624410E+00
  3.17084428049163950E-01  2.17278644787079360E+01  7.22965090102476000E+00
  3.92511582998476170E-01  1.25822073953354160E+01  2.57169016813536930E+01
  2.92799561075502800E-01  2.55069148157258740E+01  1.19043242151916340E+01
  3.63105686475124490E-01  2.18238593690570750E+01  1.01340803783793580E+00
  3.25036994184950640E-01  1.48292994123423260E+01  1.26587947328539730E+00
  5.70902198024309190E-01  1.39417061097383410E+01  1.38608316292374310E+00
  6.18138908065390960E-01  1.69147862546138900E+01  2.47301906038160410E+01
  3.10705613459761840E-01  3.68971610225716830E+00  1.03738744411578950E+01
  6.99092076263204730E-01  5.58884456069632220E+00  2.16531583212579260E+01
  4.40295189098215370E-01  2.42966950511197660E+01  5.53394822968441160E+00
  6.52034765531911640E-01  1.45564304172161450E+01  3.29258399843695320E-01
  5.12628979659419230E-01  1.16080749524193670E+01  5.60399905539944850E+00
  2.68569610726517900E-01  1.58636123608599000E+00  1.07630021296879650E+01
  4.41473589537221400E-01  9.13005827518980340E+00  8.59050762466988620E+00
  7.41623060643924430E-01  4.30408871061888740E+00  2.36013141652389070E+01
  2.49794182180603610E-01  1.78089394588905460E+01  1.76870837538200510E+01
  3.44856808658559500E-01  7.53130784867120620E-01  2.24307082717128950E+01
  6.83701617051292750E-01  2.89457546249589050E+01  1.72030165826036840E+01
  7.19599311285852310E-01  1.87650268973969040E+01  3.94702220944991030E+00
  6.67521681419926690E-01  2.96894785594138360E+01  2.37453149353940310E+01
  5.40946473112310590E-01  5.61677866128134440E-01  1.40838810163963830E+01
  3.83579206291793930E-01  4.72785707413271880E+00  2.82843320517613110E+01
  5.04339573614743570E-01  8.72916566487528560E+00  2.72431146929403880E+01
  6.35523375007872900E-01  2.68817530125697740E+01  4.02896547609926440E+00
  3.44905765886116280E-01  1.31545965432906350E+01  8.93872483994371160E-01
  2.65726189967390210E-01  2.76688213031194050E+01  1.96688511259680610E+01
  4.87785457169642190E-01  1.92292144721293780E+01  2.13256403540378660E+01
  3.71299762957800540E-01  7.22144272091248850E+00  1.78536632536434400E+01
  4.13811620468168510E-01  2.21471541496696670E+01  2.46207947191626180E+01
  5.69423614487483490E-01  2.41576964425236510E+01  2.36319828463260830E+00
  5.83429036676414100E-01  1.24287093908148430E+01  6.32874192411327920E+00
  5.30006102735105960E-01  1.76748691951576120E+01  6.97245231946731710E+00
  5.16710955738981780E-01  1.55915267475648720E+01  2.63753609049318630E+01
  2.65726189967390210E-01  1.99130057314686720E+01  1.16129268173407570E+01
  3.18942867500738640E-01  2.56109462925239770E+01  3.10294213177447450E+00
  3.23881608201221470E-01  1.38901491983052640E+00  2.76193512274869090E+01
  3.54092873053847420E-01  1.93493685342800670E+01  1.98918438758228820E+01
  5.12509616084684260E-01  2.16524071539107580E+01  3.37860629669951340E+00
  4.99223721401470310E-01  2.92402807227617850E+01  2.48201589915831530E+01
  2.56092450391898300E-01  1.22071393529415850E+01  2.76080536223156830E+01
  5.45765227979075810E-01  2.26376342958181240E+01  8.64581970278537780E+00
  6.94010183176834960E-01  1.54886451839104480E+00  1.48228051224244940E+01
  3.57201130995523370E-01  1.40751854306138280E+00  1.37821298501269090E+01
  5.25895496843049500E-01  1.00501307886177640E+01  8.88674190858634280E+00
  5.10790949981952740E-01  2.84385496983004330E+00  1.42803431521547940E+01
  4.89717368181109780E-01  3.17498483506221070E+00  1.84541423260328430E+00
  4.82769235883485770E-01  1.82215375883191730E+01  2.42044726824930660E+01
  6.93278360304079300E-01  2.63792283275882620E+01  2.64234333987213470E+01
  3.35017483125717060E-01  4.69710292621221550E+00  1.98571805792929470E+01
  3.26514001167033020E-01  9.55300401977274840E+00  2.57601429280418230E+01
  4.75880684447443510E-01  2.90652961236301190E+01  6.39542816687594500E+00
  4.22354771203238230E-01  1.20906201983662890E-01  6.89222767410663020E+00
  4.11966131227655820E-01  8.40696410167085870E-01  7.87641810228949700E+00
  7.30946391186454210E-01  1.18962887095704240E+01  2.48274817636643060E+01
  4.22201084465533680E-01  1.34466786762887020E+01  1.28051539237154620E+01
  5.15931587153482510E-01  2.73768921738851880E+00  2.66777246374285010E+01
  5.52347772924787250E-01  1.09309541908636690E+00  6.94584267350241370E+00
  2.49794182180603610E-01  8.54958070043287850E+00  1.15524076888590080E+01
  4.50103975287380020E-01  3.02816122362866210E+00  9.99907022952794120E+00
  3.61769499680632390E-01  2.03776727492728900E+01  2.00563222726123010E+00
  2.77147605524350650E-01  2.41069949877604410E+01  2.07967773827580550E+01
  7.64764367446448820E-01  1.86117034445932250E+01  2.86114027340592900E+01
  5.71326189973923350E-01  2.13513312951857940E+01  1.35835094386700260E+01
  4.07877171249442140E-01  2.09668966071008430E+01  1.26841403282168250E+01
  4.46540105696671490E-01  1.35508329764511630E+01  3.54553300822664230E+00
  5.07606992315717240E-01  2.71845696267499330E+01  2.92855155215881490E+00
  3.01731430220296380E-01  1.27835106422719810E+01  1.04243990305917770E+01
  4.32382463464541460E-01  1.83944648745249420E+01  2.09169743579112010E+01
  3.25762576013666160E-01  2.25996500738596420E+01  1.65055600213568310E+00
  6.24920360555607160E-01  2.72126617107628840E+01  2.09770040791010930E+01
  7.38532964590205680E-01  1.43366788969408050E+01  6.09125609130488050E+00
  3.92511582998476170E-01  2.44583266264731700E+01  1.68814833620365870E+01
  2.97561439636419770E-01  1.71877600876594380E+01  1.85770120510575010E+01
  3.46434506905438330E-01  2.33086044290071960E+00  3.03203111645087380E+00
  5.89502618647478990E-01  1.30281693134333260E+01  2.10077768471073330E+00
  3.32399546609116130E-01  1.63977314785917440E+01  4.84287481407836400E-01
  5.77649046292645880E-01  8.24824614981108970E+00  2.06470954050661600E+01
  4.31729360191427780E-01  1.69231141311020530E+00  2.07320009140077630E+01
  3.17950877609215300E-01  7.89508751778035740E-01  2.66651851667674150E+01
  4.75880684447443510E-01  2.20180495315241040E+00  1.35320445084071000E+01
  3.91816801400439550E-01  6.99013802823561740E+00  9.97792221594258950E+00
  2.50163292655703180E-01  7.83128058073147940E+00  2.60001249147757140E+01
  3.42074681651230290E-01  1.54321552965468050E+01  1.28045765787994410E+01
  3.50974061745161330E-01  1.76597884798771750E+01  4.03710234858304510E+00
  6.18566685513849460E-01  9.47607084354100770E+00  1.98830363069914390E+01
  3.24719866931951940E-01  8.73217185844054810E+00  6.25312231975144960E+00
  3.57201130995523370E-01  2.10731309190019690E+01  4.45312559947687260E+00
  3.13090147150790890E-01  1.62974961827625970E+01  1.00741738478094530E+01
  2.58355477869490890E-01  9.01544045734672930E+00  2.06775210387512230E-01
  4.83351594707823830E-01  2.94107169543646950E+01  2.28125871930193200E+00
  5.48463672908306780E-01  2.17692791530343400E+00  1.56060823886015450E+00
  4.24351701398837560E-01  1.64096428668036470E+01  2.59117690424651950E+01
  6.80557430527969220E-01  1.60018510057102570E+01  7.35590603658683760E+00
  3.73125396709624990E-01  4.88560669857776460E+00  2.24608979796579860E+01
  6.77808113742920780E-01  1.87715706651388260E+00  1.16621489080930390E+01
  7.67512613708393760E-01  1.47590658910070060E+01  3.64057530231192320E+00
  4.76544583128828500E-01  1.60521341045752660E+00  3.41855195350166110E+00
  6.97738347479756800E-01  2.77716308494800580E+01  2.93387316323243360E+01
  4.49545157175862540E-01  9.97941746368654670E+00  4.06439958605796560E+00
  6.25336422111717830E-01  2.03931281843730370E+01  2.14693629540916150E+01
  4.99487474973056500E-01  8.74932543218719870E+00  1.54989272967379450E+01
  6.67521681419926690E-01  1.50951224490021850E+01  2.42544731946470620E+01
  3.44170209092795430E-01  1.90386318323967880E+01  1.79272701908912500E+01
  4.01880163826280960E-01  1.96528192315450030E+01  1.75069904659412360E+01
  5.95035019805102560E-01  1.89192529727631930E+01  1.16609667389524530E+01
  5.20348764567513020E-01  2.21400376806639730E+01  2.36867989985011280E+01
  7.44845164893703690E-01  1.70396859753532000E+00  2.19063016750573110E+01
  6.94010688862415210E-01  1.66243288669906200E+01  1.49576689263384610E+00
  4.00156705760987560E-01  2.71472788311283540E+01  5.67030532384071330E+00
  6.57722721512726150E-01  1.17275157300134600E+01  2.13779119320078960E+00
  3.61198882346046800E-01  9.69178304715451940E+00  3.13068095464304360E+00
  6.07167866036927160E-01  3.88392674473806650E+00  9.37881185213697850E+00
  5.81677556670477180E-01  2.71931054070802030E+01  2.21883402921738660E+01
  3.17579752081870750E-01  1.56093506187297000E+00  2.43620015238412260E+01
  2.69169509893181310E-01  5.90485315520113560E+00  1.31775500098178240E+00
  5.36592099856838090E-01  9.29664912979736970E+00  2.10219109736830240E+01
  3.01799748246536660E-01  7.89097586227392700E+00  2.54518907329917640E+01
  4.05794678723965420E-01  2.73959434839424070E+01  2.38615397059490770E+01
  3.65995101567518470E-01  1.53431314374920460E+01  6.54371506881084650E+00
  3.39481361119070080E-01  1.93749184283569060E+01  2.34268131395627320E+01
  6.97384645011991290E-01  2.30711587503301560E+01  1.22223797876405090E+01
  6.82253548551889110E-01  2.48442919968953110E+01  2.64600606665165330E+01
  5.67035311113654220E-01  5.40874886330011420E+00  3.05554092177141800E+00
  6.47236078597052340E-01  1.08510304459815640E+01  4.72754626052570790E+00
  5.92513140571182980E-01  2.34306956955400810E+01  9.46059107791354140E+00
  4.71553509741754610E-01  2.04613495558610370E+01  2.52198634653756070E+01
  6.55885333720611730E-01  6.82831869640199240E+00  1.35734679621958290E+00
  2.83840017940612550E-01  1.29828532355663720E+01  1.22741028356402550E+01
  5.65219172841477580E-01  1.76717683366526830E+01  8.81120071335410590E+00
  3.48480710258510130E-01  6.79850849737815730E+00  1.17193468781005200E+01
  6.26908127420837150E-01  2.17394638273262050E+01  1.07354777525185640E+01
  2.62213147743524950E-01  4.68970215927281590E+00  1.27335234861701640E+01
  5.08737612195334600E-01  2.92084190616003700E+01  1.92215809861406020E+01
  4.59281804788439010E-01  1.60586027001562500E+01  2.10848337813723920E+01
  2.86550378078914000E-01  2.68783507401890920E+01  8.57203215321678510E+00
  2.99038091422116640E-01  1.92459494707835570E+01  1.49026179331075850E+00
  3.62493203924014780E-01  1.80763285275500040E+01  8.46985534842355390E-01
  5.64616421781660800E-01  7.91432010698556270E+00  5.90425059916232000E+00
  3.87533216804236250E-01  6.27058503037902780E+00  1.22299348271171090E+01
  3.90540239164096370E-01  5.31158194352257330E+00  2.44514103559991050E+01
  5.44640939783434240E-01  1.65406242173282080E+01  1.60904500728569780E+01
  3.84420431658369740E-01  8.30672828419063160E-01  3.21868192103588060E-01
  4.53492046339069340E-01  8.47055616598740180E-01  1.84671233930469930E+01
  6.38023782753992030E-01  7.13503961977384460E+00  1.94910002941218610E+01
  5.00672486592370710E-01  2.69342434081696390E+01  1.98868588254939380E+01
  6.08873319065221350E-01  2.47250235490649500E+01  1.06248386747107450E+01
  3.18942867500738640E-01  2.49150736429341460E+01  1.74258235587988430E+01
  2.65726189967390210E-01  6.20792404809060020E+00  8.51807428906935730E+00
  7.10410487391814980E-01  2.33944122490676460E+01  2.14794015160725320E+01
  4.66797018098134940E-01  2.25526436506469810E+01  2.99615326370135640E+00
  3.89889811574280460E-01  1.08220411729654450E+01  2.74831679050933810E+01
  2.92456502136063850E-01  2.26214235722808570E+00  1.00835205132395330E+01
  3.63079661055833470E-01  1.90380009438146660E+01  1.32605951364667710E+01
  4.13811620468168510E-01  4.38429501387340090E-01  1.92321011461804120E+01
  2.60417758313763680E-01  7.23741491644746040E+00  1.45844957388453360E+01
  4.41940562555082740E-01  9.21968098218037470E+00  1.88483142433537130E+01
  3.08418768867630710E-01  1.10019107451513080E+01  1.05008989413107110E+01
  3.04461637453634990E-01  2.45302726855356570E+01  1.28185678152205180E+01
  4.75626642073745920E-01  5.35478015045548440E+00  2.67667483389528830E+01
  4.19693779402500590E-01  1.78869078103915700E+01  1.62332544149930560E+01
  3.26514001167033020E-01  1.12738283461443740E+01  1.96518363894472080E+01
  3.55388479881239270E-01  1.32607185451673570E+01  5.89547132661509550E+00
  5.33859136323620030E-01  2.01930289007450520E+01  6.72583964319477090E+00
  3.39481361119070080E-01  1.90525067811799680E+01  2.05176279855371250E+01
  2.51153087880769550E-01  3.55672405669854050E+00  3.80617436827556950E+00
  4.21603844523193420E-01  1.35025323212094330E+01  1.38010870541629560E+01
  5.20348764567513020E-01  1.94031443506356850E+01  2.76008822157692290E+01
  6.86210935380316480E-01  2.21128724918218820E+01  1.60894897826219500E+01
  4.41140732643827070E-01  1.83835127505766070E+01  1.58818800031981070E+00
  6.26908127420837150E-01  1.51208438687683020E+01  8.31751811442985200E+00
  5.11871480770454750E-01  2.47615175936967660E+01  1.51073170712166540E+01
  4.70990686464341570E-01  8.28149376507579050E-01  2.09896405461290990E+01
  5.20369884994360540E-01  1.38314380607348500E+01  2.87783105527232370E+01
  3.04306421741581800E-01  1.99323003337505900E+01  2.58445158715868840E+00
  5.88333222664750720E-01  1.17208522632017510E+01  1.86609840567645050E+01
  6.64541222436485860E-01  1.28088682199943960E+01  1.46748093991559760E+01
  4.24351701398837560E-01  6.13830863359582150E+00  9.20436870627125890E+00
  5.55920758830291820E-01  2.44320464124392770E+01  6.79424466192385170E-01
  2.89042915761794110E-01  4.01919259159259390E+00  2.06700852818160750E+01
  2.47647088603063280E-01  1.35371648714289170E+01  8.88973826619652920E+00
  5.88686278844574580E-01  3.25883226561291870E+00  2.92024452369648520E+00
  3.53063097104977870E-01  4.75339501774384580E-01  2.46444162993101730E+01
  4.50600139601478670E-01  9.87819793220057110E+00  1.29322972479860090E+01
  6.65634982039605120E-01  1.30970182177377200E+01  2.78476811583148880E+01
  4.69750256464274060E-01  2.63433228952685820E+00  1.52374935289085760E+01
  6.13801455222646290E-01  1.03820381199594540E+01  2.14024125672035480E+01
  5.14582826754803690E-01  1.70483351496841640E+01  7.93189864514358510E+00
  3.81419328643079860E-01  2.28904958953561000E+01  2.88734488660041750E+01
  7.28196096543639280E-01  1.62912452459885060E+01  2.24132876478067150E+01
  7.33199636544987770E-01  1.89234039461051180E+01  6.78702705127992800E+00
  2.86550378078914000E-01  1.31505727126621220E+01  9.25492181447101280E+00
  2.52169786807371790E-01  2.08950447946010410E+01  6.37507543569732430E+00
  5.01406606281285510E-01  1.67517833463582800E+01  1.22687957282297000E+01
  4.18948713530687210E-01  8.03683179668018250E+00  1.72232419540624450E+01
  3.62620749938717070E-01  1.73351552294779230E+01  4.67602038362921670E+00
  3.15231116497538320E-01  2.20655174327136590E+01  1.41051757825357530E+01
  2.83840017940612550E-01  2.65156733859709060E+01  7.05919015443876140E+00
  4.72199721516180480E-01  2.31228942448874830E+01  2.25239312508645640E+00
  4.41666133880560000E-01  2.13551421387488140E+01  1.99734366335700000E+01
  3.39073066583844400E-01  2.43070820060680180E+01  1.95916865392857960E+01
  2.54831192030272870E-01  2.88923946409101650E+01  1.29013068508616530E+01
  6.65634982039605120E-01  5.44249824231118760E+00  7.98769413343923060E+00
  2.69326463995374250E-01  2.06650187325966570E+01  1.20792254539308410E+01
  3.08418768867630710E-01  2.63543766090442660E+01  1.93207330841953680E+01
  5.63324676144028570E-01  9.75502943380791800E+00  1.39368329490876950E+01
  2.49794182180603610E-01  1.33853717200304280E+00  2.65240300877727220E+01
  6.44956217916396120E-01  5.27860917879870680E+00  1.73879809997208380E+01
  4.26043897269923290E-01  2.75556889388569810E+01  2.46759804151045930E+01
  7.44533748089133770E-01  2.93600538425033050E+01  2.23741071646571010E+01
  2.47647088603063280E-01  1.97917489423931410E+01  2.38400744366034660E+01
  3.47451934045076260E-01  2.15435092618245320E+01  2.86285358622819500E+01
  4.83182858574677270E-01  2.13072576238773120E+01  1.81255233118335330E+01
  5.38382388131525950E-01  1.70927069046886150E+01  1.03729153555342800E+01
  6.08690451339190200E-01  9.82598139939934970E+00  2.74239908974497060E+01
  3.93024383017402490E-01  1.24862810678268570E+01  2.05854773828907330E+01
  2.54611020839302520E-01  8.93949263148378750E-01  1.77590599779826130E+01
  6.82253548551889110E-01  2.80527180565069220E+01  5.07853152011013980E+00
  7.67665169660178040E-01  2.84823662867916600E+01  2.03056017290410970E+01
  3.95839252948554370E-01  3.56087209906071280E+00  2.13554279114843130E+01
  5.15379284759350490E-01  2.92318606240442020E+01  1.02325084130489850E+01
  5.09222041678605210E-01  1.73682819565863050E+01  2.37004710141953790E+01
  4.72038094207023740E-01  2.77946451740432750E+01  1.05539428270701910E+01
  6.64541222436485860E-01  2.89432009749445530E+00  2.30619364578445950E+01
  4.84167632717154460E-01  1.10967396397125690E+01  2.30584246597001470E+01
  5.39922025342825940E-01  2.89520230910640170E+01  1.36179803966241960E+00
  3.77759649416993960E-01  1.88141590967252980E+01  8.94201698933222920E-01
  5.06367095649294540E-01  4.51459122170110040E+00  1.82466633662755340E+01
  3.05466220251299840E-01  2.50399907934078070E+01  1.14831340627819150E+01
  7.55604472483241980E-01  2.47415369051390500E+00  1.98414690857546600E+01
  7.68548325332126940E-01  5.64977423360305760E+00  2.55591873203187210E+01
  3.09209541844886400E-01  9.96908445005610490E+00  5.37076415849237330E+00
  4.71553509741754610E-01  8.15835701867226600E+00  2.90085730467086730E+01
  3.65995101567518470E-01  2.14826386831105300E+01  1.89561519028659120E+01
  6.26517897412854200E-01  1.47708832851554470E+01  2.55810920124086640E+01
  3.55388479881239270E-01  2.60903392052167900E+01  2.90901483405166520E+01
  3.90423892796942250E-01  1.83524592827865830E+01  1.55333975652536080E+01
  4.92172780862642510E-01  2.56279057188331660E+01  9.99484284940414370E+00
  6.66683478841499700E-01  1.04338374825999050E+01  2.41957856980162320E+00
  6.94903868090152520E-01  1.98354758682290860E+01  1.25685705624929390E+01
  7.65642972591057180E-01  1.38474446232182590E+01  2.35505590378645810E+01
  3.52682444144397330E-01  2.55709228870083900E+01  2.57241492991490370E+01
  5.39466591144820300E-01  5.18715567836321250E-01  6.01799153009367150E+00
  4.26043897269923290E-01  1.82504302585674440E+01  1.32360208405765130E+01
  2.53364602799301860E-01  1.01139700216859070E+01  1.54776095754833170E+01
  3.83290088603488770E-01  2.43185507944456420E+01  1.43302332810127260E+01
  5.55920758830291820E-01  1.69705931134052750E+01  1.43063684762273450E+01
  4.13050329149462850E-01  2.07910137085113580E+01  2.24270354321074090E+01
  5.20369884994360540E-01  2.46178174856550880E+01  3.35097057360261760E+00
  6.99477888048091770E-01  2.15758463662575900E+01  2.55759368858016740E+01
  3.59079136884617700E-01  1.47058240057593630E+00  4.24297487277445470E+00
  3.01799748246536660E-01  5.92071648172282840E+00  1.81520198884045350E+01
  5.28731261397185740E-01  1.24633369446182170E+01  3.06817521167376350E+00
  6.80338287111455390E-01  1.44205068566650390E+01  2.04478848485500750E+01
  4.74033319401206570E-01  2.91110909487385530E+01  1.12136573507803680E+01
  3.53302408788900560E-01  4.45684612969678810E+00  1.91042406351144830E+01
  4.03052389307286420E-01  7.86761341082235080E+00  6.86899608496737280E+00
  3.33973424357718240E-01  2.26086188029583010E+01  2.55757310588582100E+01
  4.68162992243922280E-01  9.55190418413674540E+00  1.49588319038164070E+01
  4.72192289519205580E-01  2.28167107162163560E+01  5.34307386734129700E+00
  6.73658304681401180E-01  1.89176320388936650E+01  2.56456157222893610E+00
  4.61178090502161720E-01  1.16217814322662410E+01  2.71938007113292210E+01
  4.18189647978318300E-01  4.73548699207652830E+00  8.80829130649481230E+00
  5.15379284759350490E-01  2.82333940129745710E+01  2.72516611067813060E+01
  5.34553382826858140E-01  1.43487306999387360E+01  1.24873004520609200E+01
  3.70336582810533970E-01  2.70595530293593460E+01  9.20317334773902830E+00
  6.42747544188997020E-01  1.84881293563555790E+01  1.71086357646370610E+01
  4.50600139601478670E-01  1.39472310875896640E+01  7.21440604003653880E+00
  3.55036581058269410E-01  2.43081235398434110E+01  1.58457136393367270E+01
  3.54092873053847420E-01  1.54481931362431820E+01  2.05479020667318900E+01
  5.13614394364816020E-01  8.73806576899817780E+00  1.78361946457033720E+01
  3.65995101567518470E-01  1.87251613024587440E+01  1.26020991686639940E+01
  5.25383403930900440E-01  7.57563319354934970E+00  2.46876104107450200E+01
  3.83598938984435380E-01  3.17975033178438070E-01  2.71844527067728910E+01
  4.86073626967704090E-01  2.87163486381802610E+01  3.62630772532395220E-01
  5.96963967672292380E-01  2.18526842000764890E+01  2.77369584656817950E+01
  4.66553963192992600E-01  2.89544341085829160E+01  2.58345751988756940E+01
  4.15252526658189590E-01  4.61270851995739850E+00  1.34838524270262120E+01
  6.36786611163594070E-01  1.10202654109384920E+01  1.36044694509320210E+01
  6.06760633376156730E-01  3.91902135414191090E+00  2.23106690767468830E+01
  5.25895496843049500E-01  2.40748189768396980E+01  4.25514911890729050E+00
  5.05409982910693060E-01  1.81023730112114440E+01  2.57290691850143420E+01
  5.18912146576496980E-01  5.73686894166824500E+00  1.44662756390183520E+01
  5.81677556670477180E-01  1.76454778162106680E+01  2.29339479376812740E+00
  2.50625569857546320E-01  1.08845164253065950E+01  4.21936567111085740E-01
  6.67521681419926690E-01  2.11178362531519990E+01  2.42897925991547650E+01
  6.52034765531911640E-01  7.56110589534611230E+00  2.69897625734085270E-01
  3.81419328643079860E-01  2.94968955561591030E+00  2.41055963769337470E+01
  3.18942867500738640E-01  2.00634797148665950E+01  5.41348512360116540E+00
  6.63973334543257470E-01  6.44646615839732990E+00  2.05948594560949520E+01
  4.05793634226126800E-01  1.57895184255788120E+00  1.80197296146455700E+01
  2.88617724104866640E-01  2.26640813129996270E+01  2.82202955837363660E+01
  3.17587838135982990E-01  1.58303089261433080E+01  2.12173672439658970E+00
  6.94010688862415210E-01  2.22947157982298660E+01  2.06077036744439500E+01
  3.25036994184950640E-01  3.81379806988798450E+00  1.77996880589028380E+01
  4.41940562555082740E-01  2.24077900835569040E+01  9.61006273130455040E+00
  3.05466220251299840E-01  1.58543235466749850E+01  1.90754693128824040E+01
  7.22984261441823330E-01  2.68142059146825820E+01  2.82945719962607530E+01
  4.60682082706054620E-01  1.34491281251699620E+00  2.93449775538325640E+01
  4.22201084465533680E-01  2.11601681377118920E+01  1.96240944933585460E+00
  6.24824560398126750E-01  1.72225334637586300E+01  1.70391879235911330E+01
  3.63079661055833470E-01  2.56817569741201160E+01  1.93324774234537880E+01
  3.25516939164680520E-01  1.45499683563208180E+01  1.83096402869479750E+01
  4.87886881528419990E-01  4.44284291622557340E+00  2.13511543286786460E+01
  4.34172467284937990E-01  9.54951314045826290E+00  2.37986088282862980E+01
  7.04082361725448710E-01  2.58387609172030570E+01  2.03869261736850400E+01
  4.40295189098215370E-01  2.66826882858619140E+01  2.43166698683481140E+01
  4.54567147313974470E-01  2.14013703138737910E+01  1.51983055124557700E+01
  4.89717368181109780E-01  1.01243404570765550E+01  2.30759221625029910E+01
  4.82771447840326400E-01  9.66117588895122910E+00  1.74672251598054590E+01
  3.54092873053847420E-01  7.47509846266801770E+00  1.85590925698816880E+01
  7.67457697882333090E-01  2.02345011406840990E+01  1.56389753757455510E+01
  4.43129600128677660E-01  1.87012629365734180E+01  2.49955018803030350E+01
  5.61514797181737530E-01  2.85468522080365900E+01  1.83806068785881640E+01
  5.82207618145930890E-01  2.02541292304387280E+01  1.82844450187641600E+01
  5.94092381958372510E-01  1.42706564613675720E+01  1.91837401994751920E+01
  5.64318884198494160E-01  8.14071601262947380E+00  8.41831995689067190E+00
  6.16837537735261420E-01  2.57004156387773750E+01  2.47636724831929090E+01
  4.20581746236023420E-01  8.52455941790545780E+00  2.51053842730111150E+01
  3.16022212934137680E-01  1.59300410854893960E+01  6.19748910378666020E+00
  4.59502380082057990E-01  2.13785100554855740E+01  2.30714684745735250E+01
  7.48336469443998900E-01  1.44298168503897110E+01  1.03158998688296940E+01
  6.90159994875631000E-01  2.55599458299449720E+01  4.10993152371575480E+00
  4.68364091588631840E-01  2.86337228391012390E-01  2.54423403685956050E+01
  4.05593309893122810E-01  4.39482384724183370E+00  1.02518814164233410E+01
  5.55687039951364880E-01  2.41093583008435280E+01  1.77615807860557630E+01
  2.83840017940612550E-01  3.44339473206258880E+00  6.87196457595321150E+00
  5.98280766214214580E-01  5.36562685516801970E+00  6.40459929745367340E-01
  5.84913004272127690E-01  6.04215973137749170E+00  1.02085278848256140E+01
  2.83840017940612550E-01  1.66859225686542350E+01  2.14821594004018940E+01
  2.83517655556827110E-01  2.06783391116082530E-01  3.97686865765642050E+00
  5.27599340399055180E-01  1.25670439084117650E+01  2.37312319261436140E+01
  6.24824560398126750E-01  2.96853248308573200E+00  1.23697435560262590E+01
  4.84167632717154460E-01  2.76216142654609130E+01  1.44308714721358020E+01
  5.66562802601083430E-01  1.07417305018562090E+01  1.22629539271686650E+00
  5.81213412342838430E-01  7.71913969043780050E+00  1.15973411482741260E+01
  5.13285974501586400E-01  3.05183327496039910E+00  2.85552191863545670E+01
  5.29625185962053640E-01  2.11713382420173880E+01  2.94216583503369230E+01
  3.30104909316010620E-01  1.98989391796116410E+01  1.50719786032382740E+00
  5.48174971142568520E-01  2.20886842362644490E+00  2.79135780925176710E+01
  4.72192289519205580E-01  2.34237686442973220E+01  2.82092567067719170E+01
  4.53126113496558960E-01  6.10313672828118920E+00  2.26834603364067710E+01
  5.25993347610763350E-01  2.34942915236472630E+01  6.06957792750547220E+00
  4.75338540515479570E-01  9.48763908244877110E+00  5.99022026113103760E+00
  4.30858982518450690E-01  1.28916442843887040E+01  2.89244685247415740E+01
  7.09741570678139940E-01  3.61335052562589040E+00  5.89331515568698090E+00
  5.05409982910693060E-01  7.91678878958163870E+00  1.49369864472777520E+01
  5.20369884994360540E-01  9.25012576487620920E+00  1.04763111170465370E+01
  2.73281005279713530E-01  6.03661550676314550E+00  1.84256523531422100E+00
  3.09574052588245370E-01  1.02375917345583540E+01  1.80090706638171980E+01
  3.18095930761502070E-01  5.92102958148348430E+00  5.58943084466342550E+00
  4.46537248270915300E-01  1.00146414384312200E+00  1.58225543126656250E+01
  6.38830345620663920E-01  2.17163374334644780E+01  5.21069450725460650E+00
  6.68397269451762100E-01  2.81093193255919970E+01  1.33878961321324660E+01
  5.32488384254616510E-01  7.95621880123103950E+00  2.79294217807095680E+01
  3.17579752081870750E-01  2.11241218431063050E+01  1.62567180665742510E+01
  5.16710955738981780E-01  2.24753523236304530E+01  7.59698531001253220E+00
  4.49545157175862540E-01  1.80573558600481160E+01  7.87323067431810570E+00
  3.20574425314766210E-01  2.36550709958343010E+01  1.45637424919096790E+01
  4.12246671516209600E-01  2.05607272669083440E+01  8.85162190606901510E+00
  4.94550785807675550E-01  1.39445939668788980E+01  2.67792069242145510E+00
  3.59079136884617700E-01  1.27822013522375620E+01  2.23093879473480610E+01
  6.10572080928614460E-01  9.64249161136734580E+00  8.06544499418111900E-01
  4.75338540515479570E-01  1.95045219138369640E+01  1.66438768319017390E+01
  5.09574347305064630E-01  1.15140440212245880E+01  1.12047879502805900E+01
  4.18189647978318300E-01  5.32098082538207250E+00  1.94401908836103310E+01
  3.76753951196820710E-01  1.20925781904614190E+01  7.22698589794810960E+00
  3.84533934306195220E-01  3.34517559580816880E+00  2.54254910245700890E+01
  6.60767019732147710E-01  6.32923188615568310E-01  4.82451408314058750E+00
  5.64318884198494160E-01  2.35347019814336920E+01  3.30854394871395300E+00
  4.69750256464274060E-01  2.91502291543316710E+00  2.19289546944589770E+01
  6.88340418185590860E-01  2.77538006372381640E+01  2.61478246162301600E+01
  5.93150731645016190E-01  2.45037564262586190E+01  6.54602164503871630E+00
  7.17499092254363010E-01  2.41818794275472760E+01  2.91242045804709770E+01
  3.79322922295397280E-01  2.08444081250410600E+01  3.75417757870597680E+00
  3.20574425314766210E-01  7.83440059013761570E+00  7.59006281160393300E+00
  7.17953871372127320E-01  2.25938963782949890E+01  4.17731790325413230E+00
  3.42409596243210680E-01  1.16349732494102560E+01  1.03634011934063800E+01
  4.43129600128677660E-01  6.64492623300481000E+00  1.66071713377636600E+01
  3.78068289465320630E-01  9.57208126983291230E+00  1.58039024148372800E+01
  4.75338540515479570E-01  6.59447317251886570E+00  1.37506832502382060E+01
  7.38532964590205680E-01  1.99049496694193490E+01  2.93762658572013780E+01
  5.07606992315717240E-01  1.50093230737962260E+01  1.48648949822110210E+01
  2.86134314477376340E-01  2.86704930700755720E+01  9.00439652769121680E+00
  5.07437626189109900E-01  6.90953944340817650E+00  1.08716375558739230E+01
  6.15073771326759470E-01  8.68636696117873440E+00  2.61259360011035040E+01
  3.30104909316010620E-01  8.42654658049792890E+00  1.02685398059205880E+01
  6.66683478841499700E-01  2.56272648379091060E+01  2.27099125881399110E+01
  7.49545055295440930E-01  9.73967653908914240E-01  1.27648966003496690E+01
  2.54824432159977790E-01  4.76256036964877700E-01  2.29601401384948180E+01
  5.72142532162989690E-01  3.51501099724335700E+00  1.86453184155602050E+01
  2.77147605524350650E-01  4.10279279995547870E+00  8.52075432855536090E+00
  4.68364091588631840E-01  9.10372215126435690E+00  9.49922891350338890E+00
  4.82771447840326400E-01  1.60385766992618950E+01  2.35965386831670860E+01
  2.50971712925384870E-01  1.36795355107397810E+01  1.73702668273439440E+01
  5.38024295323284910E-01  2.67251850707488640E+01  2.32019316511791020E+01
  4.13050329149462850E-01  1.33554302946609660E+01  1.66974837822119290E+01
  4.86590143357422540E-01  2.54703774209652710E+01  6.09262287682317800E-01
  3.16148313226467530E-01  5.88729212876879960E+00  1.66458155422859130E+01
  3.81419328643079860E-01  1.07461083858523260E+01  7.51766612791385750E+00
  6.52911031193170470E-01  1.61593407639961910E+01  3.87185857100918530E+00
  4.49150663742554990E-01  1.52630270500155130E+01  1.86085998317232640E+01
  4.73113776075054650E-01  1.91769507087777950E+01  2.42141593936768480E+01
  3.65995101567518470E-01  6.61184314549266180E+00  1.45917324474539210E+01
  3.46028387031474870E-01  1.48679972680011940E+01  1.31973820062601810E+01
  4.23675716525973380E-01  2.53195419199978740E+01  2.91962714260558410E+01
  2.47261092463374420E-01  1.56596374442568950E+00  7.58975768497741040E+00
  2.63339374245984010E-01  2.86614233687546080E+01  1.24400261138448210E+01
  2.59062449636064510E-01  1.28199970414846810E+01  3.77060753079806910E+00
  5.77180454669814490E-01  1.35955921952884680E+01  1.16701670381809490E+01
  4.06599624824484800E-01  1.90704129505114290E+01  1.58777283439089520E+01
  4.65278877330243820E-01  6.51800234238962780E+00  2.36063108035658970E+01
  3.07263188066738420E-01  2.65101333129698260E+00  1.87950563212757020E+01
  3.88697647565240350E-01  2.51292224744169450E+01  1.24705277825515300E+01
  6.62122603690132470E-01  2.00562153763225300E+01  4.43303096418682770E+00
  3.79322922295397280E-01  6.15788749953952670E+00  6.24498303334229550E+00
  3.53063097104977870E-01  3.67128687308320780E+00  4.39899985191386200E+00
  6.88885956497308970E-01  2.36091326827136960E+00  2.49988231173176980E+01
  5.33066537704075310E-01  1.33390786690103870E+01  1.57479314570052150E+01
  3.42074681651230290E-01  5.44127022511655590E+00  2.06232247500306190E+01
  4.24351701398837560E-01  1.78380732114337700E+01  3.27941546998564610E+00
  2.92456502136063850E-01  2.85466155450767510E+01  1.06944106708837250E+01
  5.90639534364661320E-01  2.53159591529317360E+01  5.68593421489722760E+00
  4.09705559579089850E-01  3.09569566484334490E+00  1.33956098964918130E+01
  3.59079136884617700E-01  3.10155639956606910E+00  7.61940066270571490E+00
  5.27599340399055180E-01  1.39767239824650300E+01  1.49021489452565770E+01
  5.38382256471750510E-01  2.26976316607048540E+01  7.93355501618819400E-01
  5.96963967672292380E-01  6.15980243425609510E-01  2.81185104291742680E+01
  2.96503602823160150E-01  2.42468696678307510E+01  9.81293351099118280E+00
  3.64593218166308700E-01  4.73880198493360980E+00  2.05537027994011230E+01
  4.18947112612636110E-01  5.19508459519010570E+00  1.07455222944050240E+01
  5.40946473112310590E-01  2.89521336622522370E+01  8.22768329303210950E+00
  3.35017483125717060E-01  3.39810493343000180E+00  2.61422158936717320E+01
  4.75626642073745920E-01  2.27457771153752470E+00  2.94274600406051970E+01
  3.04461637453634990E-01  5.17370629143725050E+00  1.30346811916799050E+01
  4.36315933331792570E-01  2.32764477041966270E+01  2.51935474472170360E+01
  6.77666041374141330E-01  2.48395853014642190E+01  2.37970816843476630E+01
  5.67035311113654220E-01  1.22921264442006740E+01  2.15247966097784590E+01
  3.38650161839631010E-01  9.72425713412274990E+00  8.08669866246834350E+00
  6.94010183176834960E-01  1.12356327132902360E+01  8.59926150920574450E+00
  7.10410487391814980E-01  1.50614460545564590E+01  2.87580812928539020E+01
  4.54567147313974470E-01  1.95230674294888460E+00  2.60822310051496550E+01
  2.52169786807371790E-01  2.61368526991677650E+01  2.55121167521815120E+01
  3.01799748246536660E-01  1.88423408959475330E+01  2.60501480810224210E+01
  4.27719079604653450E-01  1.61712147161427640E+01  1.69886086152609830E+01
  3.87762191716535260E-01  1.81158577444676500E+01  1.40830022345798940E+01
  5.72951670348821020E-01  2.81331747436828220E+01  2.28587424421896440E+01
  5.09222041678605210E-01  8.78521939327502640E+00  1.33410640771412600E+01
  5.25993347610763350E-01  1.66667172326765400E+01  2.80783402977400250E+00
  3.12648490279368120E-01  1.38600077552470430E+01  4.23849331479851620E+00
  3.32399546609116130E-01  3.23117248561024390E+00  4.92405893902941560E+00
  4.43807889241729470E-01  2.15463647799191630E+00  2.38860751430923660E+01
  3.44170209092795430E-01  2.70866621217530720E+01  6.79811174592905500E+00
  2.54824432159977790E-01  2.36489642403458330E+01  1.70964108693140700E+01
  4.21963532045373490E-01  2.96236675018683970E+01  3.91117172463683720E-01
  4.11696508529454960E-01  1.57512436762624400E+00  8.24820934749671690E+00
  4.11346310528290360E-01  6.11316379270886930E+00  2.44655991201069260E+01
  6.16837537735261420E-01  9.02413157684040000E+00  2.83502061468483010E+01
  4.83570943621045310E-01  2.93430619479927760E+01  5.47783083905853640E+00
  4.32382463464541460E-01  3.11592949344506430E+00  2.75456270196068620E+01
  5.92513140571182980E-01  7.70844273285651040E+00  2.68331947796005820E+01
  3.55036581058269410E-01  1.89983528880078900E+01  1.92768274684203400E+01
  4.74581552528920360E-01  7.13276740338687000E+00  2.58104324236546210E+01
  3.44905765886116280E-01  1.14686431339041950E+01  7.58853084493918570E+00
  5.96963967672292380E-01  1.23543832664306930E+01  1.62966023197914640E+01
  2.68569610726517900E-01  1.01035517181887740E+01  7.61389225776769860E+00
  5.80290806494985740E-01  2.23201663059258060E+01  1.85177665280575030E+01
  6.25336422111717830E-01  1.71997456725219070E+01  2.86835668574591050E+01
  6.17452885167652710E-01  2.79492730784342280E+01  6.37349417609070200E+00
  3.29506256422424390E-01  1.76407430311981630E+01  1.38307866378089050E+00
  2.58355477869490890E-01  1.57733404496051950E+01  1.48560344600687770E+01
  4.69641390777102340E-01  2.72521006192004260E+01  2.71889537025468900E+01
  3.49095179616795370E-01  1.77648990171367240E+01  2.78907470506568060E+01
  3.27988333844876360E-01  8.31442630319069130E+00  2.96250095989001320E+00
  3.86383264228710210E-01  2.61763363750938220E+01  1.20180523824547270E+01
  4.75543307221801650E-01  2.45934091864220970E+01  7.60977907947394620E+00
  5.07815655211632320E-01  1.16429338623950760E+01  1.45634124576307580E+01
  6.08088426536500660E-01  1.19729006167883160E+01  2.84398264337838850E+01
  3.93024383017402490E-01  3.33452594124180730E+00  2.06010603778300090E+01
  7.48336469443998900E-01  1.50580436242673910E+01  1.73664280285353140E+01
  3.13454063710418570E-01  2.19954651172772910E+01  2.92476085663453810E+01
  4.43133439323318520E-01  2.82077692019766960E+01  1.13673124063511410E+01
  3.62493203924014780E-01  1.92752976351840350E+01  1.85927849033286810E+01
  5.72881440675418570E-01  3.79754309122840450E+00  1.97541475915379150E+01
  3.71299762957800540E-01  8.58101499353274730E-01  3.81844283910571210E+00
  5.13143010843963320E-01  3.82029898186797610E+00  1.39665454427069250E+01
  3.87533216804236250E-01  2.63041254552646140E+01  9.26057422684508860E+00
  3.90540239164096370E-01  1.33984886525808200E+01  2.08940431992155910E+01
  4.11696508529454960E-01  5.33842174449509970E+00  5.15059172531428900E+00
  4.19670751191123690E-01  7.05954768088811590E+00  2.76100827665680700E+01
  5.39922025342825940E-01  2.94786614077866530E+01  1.22660871272153230E+01
  3.73125396709624990E-01  5.70297248836868140E+00  2.37974037824514570E+01
  5.72628172168292430E-01  2.42565320562494760E+01  2.26910936848830000E+01
  5.63660960642019760E-01  2.91610321228022680E+01  4.44764831406996030E+00
  7.54397230300637300E-01  1.72495619295206450E+01  2.06110715694320600E+01
  4.07877171249442140E-01  1.72745310666186250E+01  2.18446626024869840E+01
  4.61178090502161720E-01  2.29844248123971080E+01  1.68329041176085320E+01
  3.50974061745161330E-01  2.05195754206483980E+01  5.90361478229737010E+00
  4.22541054278063120E-01  2.43709108528227070E+01  1.35268486522008760E+01
  3.25036994184950640E-01  2.23258828799902850E+01  2.23975886980467950E+00
  4.96042965314236020E-01  6.18263493317919100E+00  4.81861096796522140E+00
  3.04461637453634990E-01  8.21767194642490570E+00  1.08667758958547030E+01
  4.21290506291976640E-01  2.06548931264230870E+01  8.02469862363019710E+00
  4.26578460793149810E-01  1.64250157485442680E+01  2.68141208287570480E+01
  3.91816801400439550E-01  1.80748666076124000E+01  4.81515425545863880E+00
  5.32262962461145860E-01  1.35719357395460280E+01  2.67499774185387090E+01
  6.07718241283317260E-01  2.60782251539266600E+01  1.84472072364063530E+01
  5.13425754976809310E-01  1.97835656554412790E+01  7.68759103079662510E+00
  5.46829204411607870E-01  2.89802583526975250E+01  2.90567177785209370E+01
  2.99038091422116640E-01  2.82606895292813930E+00  2.58690536599890170E+01
  3.65374026971610010E-01  1.99726696741871020E+01  2.82758385379364090E+01
  3.46733456860136300E-01  1.69116015256537690E+01  2.92208506106959210E-02
  5.01833768532536340E-01  7.35993234258345820E+00  2.38457604126693260E+00
  2.88617724104866640E-01  1.91674478077709160E+01  2.55582979535094240E+01
  3.13454063710418570E-01  2.89480596325661780E+01  1.38958480244583330E+01
  4.43756654693070110E-01  1.03275167921774290E+01  8.39142560379713130E-03
  5.20369884994360540E-01  7.01682761048800250E+00  6.51203147190026140E+00
  7.41720708060832300E-01  1.83239795608278230E+01  2.69549268526109880E+01
  2.99038091422116640E-01  4.59020446121965620E+00  2.66458895516840460E+01
  3.93024383017402490E-01  2.48755047952095830E+01  9.52981960480914840E+00
  2.53364602799301860E-01  2.16054348500355820E+01  9.86571692587179610E+00
  5.48463672908306780E-01  1.36844876913960590E+01  1.82030571268845660E+01
  5.63660960642019760E-01  2.29011540722468330E+01  1.04850777547815710E+01
  4.99487474973056500E-01  3.67530170372454280E-02  2.00846282521787710E+01
  5.32488384254616510E-01  2.78180967589520200E+00  6.65647535839154970E-01
  3.62493203924014780E-01  1.37283180821471130E-01  8.43912765044499120E+00
  3.90540239164096370E-01  6.11342072742253250E+00  1.95944363552215290E+01
  6.25248164210708260E-01  2.05451863016462430E+01  1.70007308151371640E+01
  3.93024383017402490E-01  2.47730495419938170E+01  4.85206825134463230E+00
  2.83517655556827110E-01  1.22204442504297970E+01  1.05815503857698730E+01
  5.16562546778196820E-01  2.87684551165969430E+01  1.60176809719889590E+01
  5.96777348356598920E-01  7.13898403095566890E+00  9.00330764017560800E+00
  3.35017483125717060E-01  2.82654786651165430E+01  1.92285182802356940E+01
  5.69344335137112000E-01  9.06164483932520780E-01  8.96349459445575470E+00
  5.55509338843663690E-01  2.03918429845211550E+01  2.33081113628765880E+01
  4.09775903561979240E-01  2.00266409003936940E+01  2.44536977386715010E+01
  3.20574425314766210E-01  2.13574504314972270E+01  6.71204874837913050E+00
  5.39466591144820300E-01  2.57676128236121830E+01  1.73452652354530840E+01
  5.18725390566230620E-01  8.76387412467264860E+00  1.43669146688354880E+01
  3.62493203924014780E-01  1.75488382140204880E+01  1.35943637821966750E+01
  4.23675716525973380E-01  1.61443446791563550E+01  2.02062907860875250E+01
  4.13050329149462850E-01  2.90767213616405300E+01  7.28304785577164270E+00
  3.01731430220296380E-01  2.57461976720806620E+01  2.85303185318180250E+01
  3.48156346672602490E-01  9.18370346315205670E+00  4.08431670853598220E+00
  6.83531487369900860E-01  8.81844846656489700E+00  5.04634718534936690E+00
  3.27197753470684690E-01  1.76526378033405570E+01  1.94561290924962830E+01
  3.50974061745161330E-01  2.12673130070010290E+01  1.19328165110560850E+01
  5.77649046292645880E-01  1.05713879210012290E+01  1.47314486904901240E+01
  5.13614394364816020E-01  2.68781978263839960E+01  2.53250207428076770E+01
  7.17953871372127320E-01  4.19666725549673810E+00  1.18333788908750200E+01
  3.01731430220296380E-01  2.42774883661077290E+01  9.17734979887014820E+00
  6.14584822297879540E-01  2.50950214891894770E+01  1.64336124259221950E+00
  4.69641390777102340E-01  1.26675126622986090E+01  1.11867798804446930E+01
  4.49154676673646060E-01  9.43803175086299720E+00  2.93324370948709650E+01
  4.82268891960512480E-01  2.30738048330695240E+01  1.77712073778782160E+01
  6.26908127420837150E-01  2.33474925270073040E+01  1.54586254748392270E+01
  2.50971712925384870E-01  7.27861365905724340E+00  2.16047583924403950E+01
  2.62213147743524950E-01  2.58337987769031230E+01  2.96496350266930440E+01
  6.45167794061425240E-01  6.43011432540988540E+00  3.70619027814189610E+00
  5.94931591270377070E-01  2.20754893098587600E+01  1.73696889067577940E+01
  7.68548325332126940E-01  2.68661736613401420E+01  1.66404082250869930E+01
  4.36195486319121350E-01  2.18108886166553120E+01  1.26876057333117970E+01
  5.33066537704075310E-01  4.46264444420874720E+00  4.79697192999115970E+00
  5.62178328188990490E-01  1.15788752326065690E-01  1.63044179868208270E+01
  2.97561439636419770E-01  1.73222927828411210E+01  2.55465071909056040E+01
  4.82771447840326400E-01  4.65895331923955780E+00  2.74231788797486970E+01
  6.61562106526255890E-01  2.87218403160169590E+01  1.48422017911338370E+01
  5.04339573614743570E-01  2.07631920622633250E+01  1.44831265135934420E+01
  3.45648959319623030E-01  2.06644807272288490E+00  1.27223827183952030E+01
  6.95947079841625180E-01  1.13062442241354580E+01  3.46424976194174490E+00
  4.75626642073745920E-01  3.63594336701312270E+00  2.46174958322350470E+01
  2.57534358191145160E-01  1.15804877121536510E+01  1.29075871149601800E+01
  6.30423428531534040E-01  1.13636693124851950E+01  1.70165708449639870E+01
  3.25516939164680520E-01  2.28133618904315650E+01  1.94990904594162590E+01
  3.14110289759674140E-01  1.11083648096303380E+01  2.81246327845056500E+01
  3.99477862283745790E-01  2.20152454904919320E+01  1.18780728996710550E+01
  6.47236078597052340E-01  6.47495382738254490E+00  2.67182277825547840E+01
  5.28731261397185740E-01  1.16418253558686150E+01  6.03530175197955110E-01
  4.43807889241729470E-01  2.59006101771021590E+01  2.39805161355612740E+00
  4.82268891960512480E-01  5.01848230186432430E-02  2.63615318785584520E+01
  4.30858982518450690E-01  2.37760692907421110E+01  1.64235038673808660E+01
  4.18947112612636110E-01  5.35987947324434270E+00  6.26066239802745630E+00
  3.50662231740508900E-01  2.18938331478799670E+01  1.72225562478523340E+00
  2.85767805251094040E-01  2.14268617868325640E+01  1.67770016709847520E+01
  3.45648959319623030E-01  5.71405818021801790E-01  2.17646714691324450E+01
  3.45648959319623030E-01  1.39107642603243760E+01  9.35116709699852500E+00
  6.42005949159872720E-01  2.25012770400901800E+01  2.65453697807272810E+01
  2.74003615458356760E-01  2.32385800371835240E+01  2.94279794905013150E+01
  3.87653287431749970E-01  2.36249510590587870E+01  5.05011147332490040E+00
  4.18948713530687210E-01  3.41689770102361920E-01  1.73717125494746120E+01
  4.53451232343747090E-01  1.50425861852139170E+00  5.90264748536598030E+00
