1
  1002  2.96924426640336700E+01  2.96924426640336700E+01  1.00000000000000000E+00
        0.00000000000000000E+00  0.00000000000000000E+00  0.00000000000000000E+00
  6.26908127420837150E-01  1.48551173192693590E+01  2.47433211620374320E+01
  2.50971712925384870E-01  1.57313660235003690E+01  2.47911099107007220E+01
  2.62213147743524950E-01  2.89488735926437110E+01  1.53143292828690290E+00
  6.45167794061425240E-01  7.54279309451548660E+00  2.59858202293442630E+01
  5.94931591270377070E-01  1.05930852580653770E+01  2.55574601160985930E+01
  7.68548325332126940E-01  2.48077619315170170E+01  1.25037558571451050E+01
  4.36195486319121350E-01  1.81518218373962630E+01  1.02329919733186680E+01
  5.33066537704075310E-01  9.78346639909280570E+00  1.06425536546670930E+01
  5.62178328188990490E-01  8.87247342758442240E+00  2.38075562194008940E+01
  2.97561439636419770E-01  2.86255657159613260E+01  1.34187882941137850E+01
  4.82771447840326400E-01  2.04878515011736690E+01  6.47942660917833900E+00
  6.61562106526255890E-01  1.19457798116633390E+01  1.89149656592834990E+01
  5.04339573614743570E-01  2.95389763093120280E+00  3.81315509014210930E+00
  3.45648959319623030E-01  9.67886241982911420E+00  1.41682731586933670E+00
  6.95947079841625180E-01  2.22304015833173380E+01  4.81976557956611360E+00
  4.75626642073745920E-01  2.76551495384109100E+01  1.02939989580745430E+01
  2.57534358191145160E-01  8.57594853536106780E-01  2.61867077629705100E+01
  6.30423428531534040E-01  2.54510127488212990E+01  4.55215918050486490E+00
  3.25516939164680520E-01  1.85607270486431730E+01  7.15069995804549840E+00
  3.14110289759674140E-01  4.31097474837922420E-01  1.24803867135339800E+01
  3.99477862283745790E-01  4.18374789477117300E+00  4.42858552594827870E-01
  6.47236078597052340E-01  2.12179557197239670E+01  1.74013308983430090E+01
  5.28731261397185740E-01  1.99139259667133860E+01  2.54226998114179010E+00
  4.43807889241729470E-01  2.74432044552798900E+01  5.08355772563882180E+00
  4.82268891960512480E-01  2.60689002266869840E+00  5.58007044933212630E+00
  4.30858982518450690E-01  5.33727905140114260E+00  2.22347245472396900E+01
  4.18947112612636110E-01  2.91424872206122810E+01  2.33998551858579870E+01
  3.50662231740508900E-01  2.69985354942916660E+01  1.82307218328191230E+00
  2.85767805251094040E-01  7.32602185518839820E+00  1.22085067400557770E+01
  3.45648959319623030E-01  2.05348954577722940E+01  2.01504051644276170E+01
  3.45648959319623030E-01  1.71181979916319160E+01  1.20677997416593260E+00
  6.42005949159872720E-01  9.57154577775584770E+00  2.48602807317247960E+01
  2.74003615458356760E-01  5.82763961980964850E+00  1.72266304011492650E+01
  3.87653287431749970E-01  2.82492280714846910E+01  1.72072538359763780E+01
  4.18948713530687210E-01  1.12967270461060090E+01  1.72312810751338010E+01
  4.53451232343747090E-01  2.67068894250363730E+01  1.81858243067200080E+01
  4.21603844523193420E-01  3.14070113514884540E+00  1.77402944255773820E+01
  2.62213147743524950E-01  2.47808912982091560E+00  1.32693934728922280E+01
  6.94903868090152520E-01  1.74315012910586450E+01  2.90738721754967530E+01
  6.31563936872940970E-01  2.66118134031820690E+01  1.92655548552076290E+01
  7.01778375544082420E-01  3.96962730191799820E+00  1.12777085669119560E+01
  3.46434506905438330E-01  4.69940296806363200E+00  2.37880945013196720E+00
  3.50662231740508900E-01  2.13893356449727250E+01  2.24228069987535220E+01
  3.01799748246536660E-01  1.40780775589157270E+01  7.77994598867906270E+00
  4.41298336829792340E-01  1.29929681592019680E+01  2.37099115343721540E+01
  3.39481361119070080E-01  1.94912284856017490E+01  1.65567076394471610E+01
  3.83181557852844270E-01  2.22351237699450730E+01  1.75642193331824320E+01
  6.75156127532392600E-01  2.62934821734508300E+01  1.31397767270889430E+01
  2.73281005279713530E-01  2.30589146931220550E+01  2.57925627473446400E+01
  6.65634982039605120E-01  8.18388645746744100E+00  2.48236045100054450E+01
  2.54824432159977790E-01  2.06178543863972190E+01  3.85618823957416000E+00
  2.84029264846615530E-01  2.41177078039556820E+01  9.28925732437408770E+00
  4.62836237406567810E-01  2.70266345658488870E+01  3.56746160265054790E+00
  3.33973424357718240E-01  1.91651861144307350E+01  1.59423975380433340E+00
  4.91872428060923640E-01  1.42304947933260790E+01  1.53796628031064770E+01
  5.52490392167627680E-01  1.36090677287361610E+01  1.62189462410661380E+01
  5.39466591144820300E-01  1.10526465655496330E+01  1.97174245639291460E+01
  5.65219172841477580E-01  2.09200158970832990E+01  1.62263351670461800E+01
  3.53776024442120150E-01  4.59292464109852890E+00  1.88651398328016560E+01
  5.54611473665029210E-01  1.31201258441967410E+01  1.85989290933170960E+01
  4.81368497469048420E-01  1.57897131885598050E+01  5.44812193585523290E+00
  2.84672167568555990E-01  1.53423931401982840E+01  2.34354909383095130E+01
  3.06898385793053400E-01  9.02734139816332260E-01  1.02143963303704300E+01
  4.49954956992444630E-01  1.65481607526788110E+01  1.49653998489517480E+01
  5.88686278844574580E-01  5.33913821936262960E+00  1.49913402279572860E+01
  4.36315933331792570E-01  1.59064795286687970E+01  1.19599612948210530E+01
  5.46155746035104350E-01  2.97313455150741480E+00  1.22217537502661840E+00
  4.11346310528290360E-01  1.59664010469826470E+01  6.65932124044995890E+00
  7.44650008855257360E-01  5.87939898567133310E+00  1.62096123015253750E+01
  4.68162992243922280E-01  2.63515989167632010E+01  2.92671040241983870E+00
  7.11073931023246340E-01  2.01237465367725040E+01  2.81717585138013110E+01
  3.02034441597155470E-01  1.05774243298134610E+01  2.24042405279136610E+01
  5.12509616084684260E-01  9.67335918793295950E+00  1.54292711537554350E+01
  3.40422717275118370E-01  4.77751612798816970E+00  2.57096369406144590E+01
  6.65634982039605120E-01  2.21857040156367840E+01  2.61347905185256940E+01
  3.75295693565172690E-01  2.68671366141157970E+01  1.40196781929924280E+01
  4.75626642073745920E-01  7.43646158022681100E+00  1.38421442662077180E+01
  4.72038094207023740E-01  1.68252845412579750E+01  1.21011278522249800E+01
  4.29902962432020440E-01  2.43719337695275980E+00  2.69556054749348950E+01
  5.68910711623079470E-01  6.47229163809757860E+00  9.17427657508051910E+00
  3.07263188066738420E-01  2.73016899279001600E+01  4.32086250824906060E+00
  6.10911033360540580E-01  1.19603204207527870E+01  2.14960753669657510E+01
  3.43353541919950760E-01  2.85332014135083970E+01  2.29421592103023320E+01
  3.15231116497538320E-01  2.78584720208971280E+01  1.66240524700662570E+01
  3.78068289465320630E-01  2.28070008058163760E+01  1.42842538446977320E+01
  2.54824432159977790E-01  5.60564936881559820E+00  1.23637928677550450E+01
  5.44558358435121190E-01  2.34909608357315990E+01  1.27608081516613470E+01
  3.56000803327192820E-01  2.17382458080711560E+01  2.34574498045185960E+01
  3.13454063710418570E-01  1.91515131282944470E+01  2.78506282888140010E+01
  6.12591031919131530E-01  3.80801063198700300E+00  2.02535719419613920E+00
  6.47236078597052340E-01  1.26020164796085880E+01  1.03044220932504160E+01
  2.65726189967390210E-01  2.26942457857962410E+01  1.25128321102704410E+01
  2.96653470797716330E-01  1.55625877996643740E+01  3.10336794967553950E+00
  3.45648959319623030E-01  9.63524461238827360E+00  8.18199877983642490E+00
  3.13454063710418570E-01  2.45750911849424970E+01  7.39027641931631860E+00
  3.39073066583844400E-01  9.15547579410879560E+00  9.75469853681479470E-01
  2.96256570285591500E-01  5.87501813078109960E+00  2.07786623988722000E+01
  4.19081387041561550E-01  1.32421766469225020E+01  6.58947756958721160E+00
  7.08391389715138510E-01  2.71309623131922490E+01  2.41232776896433270E+01
  7.16035261746952050E-01  5.51662992833468730E+00  1.94062942207169510E+01
  4.43133439323318520E-01  2.30675227462960490E+01  1.02089590743786860E+01
  2.73281005279713530E-01  2.87241595403936430E+01  4.49990435666157570E+00
  3.35017483125717060E-01  2.84510005265501320E+01  8.54267094136289270E+00
  5.09222041678605210E-01  6.68491256700878540E+00  1.02418171538040230E+01
  4.27719079604653450E-01  1.31311216267070990E+01  6.20501357042166470E-01
  5.81299825206354370E-01  1.13851046559549630E+01  5.40296503520629030E+00
  5.46155746035104350E-01  2.66838582669083590E+01  9.83380828978833320E-01
  3.05466220251299840E-01  1.46941559683472320E+01  2.95722702385931410E+01
  3.11838068626578210E-01  2.41704001116375840E+01  1.96936145014125900E+01
  6.27423008989955560E-01  7.48374562483265040E+00  1.84100101228272450E+00
  7.12424816007452400E-01  1.45742923380459680E+01  1.12403389786054420E+01
  4.41140732643827070E-01  2.47610147999488140E+01  1.92265824668230320E+01
  3.80273533482480450E-01  1.81612060283794430E+01  1.73195369332505570E+01
  3.29796701345061780E-01  3.51589256125750400E+00  2.91616391160762410E+01
  4.15252526658189590E-01  5.87642899115728670E+00  2.90315850358902560E+01
  2.59062449636064510E-01  2.02543709072134100E+01  7.21455519224331620E+00
  6.18419083689772810E-01  1.05558237546354070E+01  7.89632622284607160E+00
  5.04213456464067280E-01  2.52474552538531150E+01  2.12019099437967780E+01
  3.48156346672602490E-01  1.82405911362409010E+01  2.09789322190132770E+01
  2.89042915761794110E-01  2.89999120047998920E+01  1.58835440538445740E-01
  3.05466220251299840E-01  9.12364552304173770E+00  1.27244242997123320E+01
  6.49919166153384610E-01  1.41984986070076460E+00  2.29591217925091320E+00
  6.14379095469630790E-01  1.44795680572774440E+01  8.66332040775039400E+00
  7.00411917450214720E-01  1.78676722139050630E+01  2.43795104605114650E+01
  5.69344335137112000E-01  6.36776324358331000E+00  2.56804429863422610E+01
  2.57564851167384970E-01  1.01254565038838730E+01  1.84595541905002990E+01
  4.13050329149462850E-01  1.86253657467897930E+01  1.30261592737204190E+01
  6.18419083689772810E-01  2.29304302376459500E+01  1.16618912525229030E+01
  4.26523982883737140E-01  2.49010891461650560E+01  2.77863284011124490E+01
  3.78209123272245940E-01  1.22801842393516680E+01  2.05608137783753660E+01
  2.63055759251188670E-01  8.30823700405537120E+00  1.78059778187379970E+01
  5.00274833943758600E-01  2.35803180145833270E+01  6.11062527568316140E+00
  6.01687927537542500E-01  8.67672906796070540E+00  1.49070087957130040E+01
  4.86073626967704090E-01  1.38539159547049110E+01  2.13875215398590650E+01
  7.62474117278193650E-01  9.30899528683525370E+00  1.75860355552650130E+01
  4.87886881528419990E-01  9.60033979501310060E+00  2.59894720148180520E+01
  2.99038091422116640E-01  7.31695968153431410E+00  8.94208265042636440E+00
  3.50974061745161330E-01  2.71951363049398010E+01  1.65664732308074680E+01
  6.10572080928614460E-01  9.93024724147556980E+00  4.26750654588104790E-01
  3.01731430220296380E-01  1.66769209670622270E+01  6.70895222797293830E+00
  2.59062449636064510E-01  2.16430277388092630E+01  6.66848005028957490E+00
  6.99477888048091770E-01  1.76208278848090270E+00  6.40472230972003500E+00
  4.41666133880560000E-01  1.14557946863292040E+01  1.05039543604876860E+01
  6.86210935380316480E-01  1.29969886524964690E+01  2.20361054208299480E+00
  5.27425300578987690E-01  2.40642285294979390E+01  8.05748416370644630E+00
  7.54505484792745040E-01  1.18023850380715450E+01  2.38206954987629730E+01
  4.11696508529454960E-01  2.35949791483104040E+01  1.80067361334243540E+01
  6.26517897412854200E-01  1.46003776333720040E+01  2.22117274917191310E+01
  5.72142532162989690E-01  2.04090716338203890E+01  2.69208937222350930E+01
  3.47451934045076260E-01  7.88855697469875410E-01  3.06779253489741510E+00
  2.57564851167384970E-01  1.02746742549551740E+01  1.35893451398847680E+01
  5.33859136323620030E-01  7.69339731417492610E+00  1.05061111381340770E+01
  2.69169509893181310E-01  6.65859393673681770E+00  5.78681637916512500E+00
  4.24351701398837560E-01  2.60914910369879080E+00  4.67423728728071270E+00
  3.11762329988951370E-01  2.03996484393883430E+01  9.94417988355828090E+00
  3.50974061745161330E-01  8.87562884090960940E+00  2.55677940191470940E+01
  2.66929568161810020E-01  2.49293537477382470E+01  2.70947582578761580E+01
  7.20816873845379820E-01  3.00946223998924590E+00  2.41413465447742440E+01
  4.22201084465533680E-01  1.28004469605053080E+01  2.67001740265201200E+01
  3.09209541844886400E-01  1.68805697413472050E+01  1.35000058167952060E+01
  2.62213147743524950E-01  5.14408460954641540E+00  4.77060537914595530E+00
  7.60411681679863700E-01  2.95552386871433480E+01  2.45060693191739850E+01
  6.67521681419926690E-01  1.92247151108879210E+01  2.42088635044478440E+01
  4.37954134865551840E-01  1.35893897596506670E+01  2.77042847487330520E+01
  7.16654247500547470E-01  2.35217037377800580E+01  1.61117227305562520E+01
  7.12424816007452400E-01  9.59839142537535220E+00  2.26801061753619530E+01
  3.61198882346046800E-01  1.74322952566006960E+01  2.54667682080989910E+01
  3.82245446386266610E-01  2.20639847129236020E+01  7.15130698739463890E+00
  3.58737518624021320E-01  1.09102275634941460E+01  2.18333905790454920E+01
  5.81547682683179710E-01  2.16898513796336800E+01  2.49912570648785640E+01
  4.21963532045373490E-01  1.79055292821360260E+01  1.26035998229754820E+01
  3.12648490279368120E-01  1.40571198490787520E+01  1.83777985306592200E+01
  3.25036994184950640E-01  1.55760154774997460E+01  2.07877224703009420E+01
  3.83290088603488770E-01  5.03055079194064000E+00  6.75317018744130950E+00
  2.93443024193560210E-01  7.35541804980138900E+00  2.09458587305692100E+01
  2.66929568161810020E-01  4.66946719194134110E+00  2.79444806103205110E+01
  2.99038091422116640E-01  8.54008435280652730E+00  1.83176913713347030E+01
  6.00040109246873770E-01  8.76718710806596310E+00  1.01424726351590590E+01
  7.14535578675763720E-01  2.25470632858308790E-01  1.86306128247057250E+01
  3.06898385793053400E-01  9.09502178909455590E+00  8.54790747886735150E+00
  3.45648959319623030E-01  6.08991366792008650E+00  1.85133054494516710E+01
  3.87046365911375680E-01  5.84796816400830280E+00  1.31525395351122500E+01
  6.56539952722306990E-01  2.51237514146052020E+01  6.59078391562858010E+00
  5.07436062422724900E-01  2.13412880159415150E+01  2.81825683881035400E+01
  7.39270392714900380E-01  9.62784158942393200E+00  6.90676328170705570E+00
  5.38024295323284910E-01  1.32037769789652590E+01  4.48682478112944150E+00
  7.33199636544987770E-01  1.77670435472915290E+01  5.82227641180714880E+00
  6.31923671661538840E-01  1.70117012994713970E+01  3.50899132636861390E+00
  5.72951670348821020E-01  1.57932711409736780E+01  1.78974392492913350E+01
  6.40456937776772590E-01  1.35948489369903120E+01  2.46083630666085930E+01
  4.77241894706072770E-01  1.39807791266456380E+01  1.02103526434684840E+01
  7.64764367446448820E-01  1.38849111590707730E+01  5.59598284687378820E+00
  7.16535845940979770E-01  1.19512910479461740E+01  1.38262996280116890E+01
  3.10705613459761840E-01  2.01808545494787670E+01  1.77391872257713250E+01
  3.89901968262705180E-01  2.65575205790191480E+01  1.69696691334377440E+01
  7.15011499502423580E-01  2.16884404534572720E+01  1.99643433577371460E+01
  7.60297905848187840E-01  2.54196972162561180E+01  1.71353194540768920E+01
  2.65726189967390210E-01  1.70347092082179290E+01  8.81432135096911830E+00
  4.53492046339069340E-01  1.73494004505283500E+01  2.05857710547743230E+01
  5.18725390566230620E-01  1.16929977553492050E+01  9.57438225765138820E+00
  4.24020504903543660E-01  1.79034640181147750E+01  1.34494040657123040E+01
  5.17634268500846420E-01  1.26396169746139490E+01  7.30587999126388170E+00
  4.54567147313974470E-01  1.83318319758564170E+01  2.25307116921707870E+01
  3.65965634987757580E-01  8.61715149758399510E+00  3.74862493833087740E+00
  2.96256570285591500E-01  2.56817766037643590E+01  2.54163566747604650E+01
  5.50543265074639000E-01  2.46293578114713620E+01  1.81803270710820010E+01
  4.46540105696671490E-01  4.11992060086587400E+00  8.81601394810325270E+00
  6.47236078597052340E-01  2.48747503980119370E+01  3.27067379391788650E-01
  4.82769235883485770E-01  1.99619393701716670E+01  1.41856392369127240E+00
  2.97529618718302210E-01  6.45768082322956260E+00  1.14838051418165370E+01
  4.13811620468168510E-01  8.58740862467531760E+00  2.90631598873344360E+01
  4.87785457169642190E-01  5.99682269163860760E-01  1.74574679684984630E+01
  3.41778742319800830E-01  9.35859516618299380E-01  1.94106330329963940E+01
  4.05793634226126800E-01  2.64218981449608710E+01  4.19063406646587740E+00
  7.14516279726398110E-01  8.17754776209754300E+00  7.00031568255596070E+00
  3.71799304162545760E-01  1.08684499359168760E+01  1.65394225835567070E+01
  5.77820253962530560E-01  6.41917486510616260E+00  2.68251896057543430E+01
  4.75626642073745920E-01  2.09213389849881360E+01  2.08744172901204190E+01
  5.46562010559427060E-01  4.71391174013660220E+00  1.30230838231185910E+00
  3.29506256422424390E-01  2.43127985811210080E+01  2.22202593708665360E+01
  2.62213147743524950E-01  8.59523713562899340E+00  1.88758593201281070E+01
  3.63105686475124490E-01  1.86782281409557950E+01  5.21312932839265390E+00
  7.08391389715138510E-01  1.75321723153816220E+01  7.24447449189089900E+00
  4.26578460793149810E-01  1.87750980629721450E+01  1.11517627556611800E+01
  6.08873319065221350E-01  8.10322500481183110E+00  2.91017369219201960E+00
  5.39466591144820300E-01  2.84143339858683250E+01  1.25458143931547500E+01
  4.66553963192992600E-01  1.89571339413755490E+01  1.44264305173776090E+01
  4.82771447840326400E-01  1.52452870034582980E+01  9.44891456691046900E+00
  5.13004586318856950E-01  1.47080129548391840E+01  1.78703707347423660E+01
  3.17084428049163950E-01  2.76848953259846020E+00  1.84617988653521760E+01
  3.50974061745161330E-01  1.43907703433263910E+01  1.22868150130824210E+01
  3.82382183723224410E-01  1.77328372108767990E+01  8.38640022777770080E+00
  3.77759649416993960E-01  1.09044348103129850E+01  1.35102733603473480E+01
  5.74203886104520670E-01  6.77034485628337550E+00  1.71816842480814670E+01
  4.11346310528290360E-01  3.18451448741109640E+00  2.65699224771646240E+01
  5.06367095649294540E-01  2.82888250940863310E+01  2.37559147580852860E+01
  6.01687927537542500E-01  1.52804286357831090E+01  2.88803075359775650E+01
  2.49794182180603610E-01  2.19987921773439120E+01  2.40310659550022550E+01
  6.11481049571092420E-01  3.08545391539519360E+00  8.59860771779052510E+00
  5.03927515451986880E-01  4.13058580559813750E+00  2.15933882435067050E+01
  6.35485889077753010E-01  1.11018733801996920E+01  4.21972638027178880E+00
  2.99038091422116640E-01  2.73511305498024770E+01  4.34927827449804740E-01
  4.22541054278063120E-01  1.87461679961624130E+01  9.61384804748566960E+00
  3.05466220251299840E-01  2.12117279004577140E+01  2.30549849843480990E+01
  2.62213147743524950E-01  2.01526129160783650E+01  6.99089283773966750E-01
  3.61769499680632390E-01  2.56405411287080830E+01  2.80589663759051540E+01
  2.47647088603063280E-01  1.41539139847257590E+00  1.77782410404140130E+01
  3.11155895623034430E-01  1.09035499073606080E+00  8.54840267959804480E+00
  2.66929568161810020E-01  5.20969926983827490E+00  3.85285932945778920E+00
  6.90395435464654740E-01  9.29481352556994980E+00  4.65313639018123040E+00
  2.96503602823160150E-01  7.24618213611355520E+00  2.21724442996449480E+01
  6.57722721512726150E-01  5.70031268876741760E+00  2.45821630977759130E+00
  7.24777883420223110E-01  1.33448944583424610E+01  1.20387548587720870E+01
  5.48279863025970290E-01  3.79779344336682990E+00  3.18541808384335660E+00
  6.40748513009616880E-01  2.69339479957256330E+00  1.67775903977975460E+01
  2.56092450391898300E-01  6.37329300869846720E+00  4.70125911382944310E+00
  7.17499092254363010E-01  8.73441238783815880E+00  1.62234445387448470E+01
  4.66141488621800890E-01  1.11555768072092560E+01  1.47012181970606420E+01
  6.33759023001558490E-01  8.04644518173931540E+00  8.35221109585504880E+00
  5.48279863025970290E-01  2.09854930952135450E+01  2.59605377309441860E+01
  4.19081387041561550E-01  2.87272103592278290E+01  1.52211287736158610E+01
  5.70902198024309190E-01  2.11260794416284940E+01  7.31736586279609820E+00
  3.17950877609215300E-01  2.68703891916871100E+01  6.74597096708646670E+00
  5.96963967672292380E-01  1.05215835371961910E+01  1.83896454952436080E+00
  6.18832453479690690E-01  2.77071324124258460E+01  1.57030457945729880E+01
  2.63339374245984010E-01  2.96603440572494680E+01  1.70514288372427640E+01
  3.55036581058269410E-01  2.32390205619889090E+01  9.42940801004207070E+00
  5.84913004272127690E-01  2.25251814421821380E+01  1.33454506278441940E+01
  5.77235448209733180E-01  1.63084971175149280E+01  9.42770861396480340E+00
  5.01105313190319460E-01  1.58351555772500600E+01  2.40467649701469950E+01
  3.83598938984435380E-01  2.64349052676991200E+00  2.51826193575829790E+01
  5.98360795606824340E-01  2.93853657188643640E+01  1.19456634634344740E+01
  3.41778742319800830E-01  2.38461723344937190E+01  1.19496582151988560E+01
  3.29796701345061780E-01  3.83778990912085370E+00  1.08402706408267770E+00
  3.84420431658369740E-01  9.01952823442048230E+00  1.11499971237374820E+01
  4.91872428060923640E-01  1.67350641753385430E+01  1.91248185282139820E+01
  2.93443024193560210E-01  4.10943197758571180E+00  2.79516195090240170E+01
  5.81299825206354370E-01  4.84930225513274140E+00  7.70013725641312340E+00
  5.68243553274813350E-01  2.14401478859606090E+01  3.83477969886773240E+00
  5.39001667068871980E-01  5.44070710938203290E+00  2.62871385276332460E+01
  7.01587183784351610E-01  4.28462187408470110E+00  2.67357943207489370E+01
  4.45239477383046460E-01  5.72204145709699840E+00  6.21768785171969720E+00
  5.39001667068871980E-01  1.45075373518960830E+01  1.68378520250351860E+01
  2.86134314477376340E-01  1.66871136417345480E+01  1.59209328249548610E+01
  7.70254277643880240E-01  7.63875402556395500E+00  2.73979618617860080E+01
  3.45648959319623030E-01  2.75396824342893640E+01  2.26039683329900050E+00
  3.39481361119070080E-01  9.78032752524780590E+00  5.61381301511993150E+00
  3.04461637453634990E-01  2.44139283357549670E+01  2.13118093290283570E+01
  5.20369884994360540E-01  7.48757355606691280E+00  3.85609820733696650E+00
  2.65726189967390210E-01  2.66554698351172700E+01  2.76462889324360430E+01
  6.26908127420837150E-01  2.19629569689239940E+01  2.76176440450872280E+00
  3.48480710258510130E-01  8.83367372038289920E+00  6.16471433048209510E+00
  2.96653470797716330E-01  2.36785949759646290E+01  5.32043288500202220E+00
  6.31923671661538840E-01  2.87798750479932610E+01  2.04070540774445600E+01
  4.09705559579089850E-01  2.04331875540548540E+01  2.25900606033198630E+01
  6.72499163702481620E-01  2.35779321517143250E+01  1.16240935698225070E+00
  2.84029264846615530E-01  6.72550223523259130E+00  4.27857348599871120E+00
  5.34631033075580400E-01  2.80113522370004020E+01  1.45911704312003390E+01
  6.17076625982510940E-01  5.39663639771236530E+00  2.74422902882031430E+01
  6.55074006360275090E-01  1.70832925557371420E+00  2.56324937020653500E+01
  5.46562010559427060E-01  2.49418820556013830E+01  2.28289272550821640E+01
  5.17626013175185660E-01  1.22302475394749720E+01  2.74776063494162630E+01
  5.82207618145930890E-01  1.50709396923240140E+01  6.23133144814619830E+00
  5.98268629341587580E-01  6.45864513057598090E+00  1.23792024518764660E+01
  5.34553382826858140E-01  9.96843480350609390E+00  1.64337993108575410E+01
  3.76753951196820710E-01  9.89415428679578570E+00  2.87165025433577840E+01
  7.52518120402026810E-01  2.76428763037413390E+01  2.78944487411139870E+01
  4.81368497469048420E-01  3.32373309735956020E+00  2.57155691838313770E-01
  6.47413426355271770E-01  2.56711354563721490E+01  2.01313821014135890E+01
  3.05466220251299840E-01  1.34578046625884320E+01  2.30864979252052720E+01
  4.46689977500956030E-01  1.30893211428376470E+01  2.08436215333733550E+01
  6.18566685513849460E-01  1.34226595901228940E+00  7.65346084896830630E+00
  5.36592099856838090E-01  2.73555026515828850E+01  1.74390829434520890E+01
  5.09574347305064630E-01  1.48303274172340560E+01  2.78647461512720650E+01
  4.92328788949218680E-01  1.55780613628663960E+01  8.53249331905719010E+00
  4.83351594707823830E-01  2.89265211586427680E+01  1.93022016364304320E+01
  4.40650972415989980E-01  1.63214945558736420E+01  2.88361763347065510E+01
  6.10911033360540580E-01  1.03956830372805680E+01  2.67470121463372190E+01
  4.34172467284937990E-01  2.72427319609320190E+01  2.12622398863259790E+01
  7.03188417218805210E-01  2.78979447553433600E+01  1.27514326290009650E+00
  2.92799561075502800E-01  1.95273028385979880E+00  1.34483829220184110E+01
  5.68243553274813350E-01  7.19220893292292550E-01  2.83209419017778640E+01
  4.60682082706054620E-01  7.20314072988645380E+00  7.65558332366031990E+00
  6.41715074739605920E-01  3.13801784777608450E+00  1.39313907789730540E+01
  4.55206736325743130E-01  9.88903298332852640E+00  2.38109184611779270E+01
  4.22201084465533680E-01  2.16074133062736490E+01  1.55188635856700190E+01
  3.63079661055833470E-01  1.10595011500833100E+01  2.11276305884188600E+01
  2.63055759251188670E-01  1.82673591723210680E+01  8.74739182886650820E+00
  5.32877675645020420E-01  3.48203930511892870E+00  5.06669777574459170E+00
  5.77235448209733180E-01  1.48254354828651510E+01  1.70268782997607000E+00
  4.09775903561979240E-01  1.09037432426249530E+01  1.86663529999080640E+01
  6.93187364831086050E-01  6.09431926785132560E+00  7.97053976723501820E+00
  4.30054269381220950E-01  5.06359119863247020E+00  1.28042370814309000E+01
  5.07436062422724900E-01  2.28644793131297130E+01  8.47672059543735120E+00
  2.49948351789403130E-01  1.52737289272214620E+01  1.58232961945623420E+01
  3.16022212934137680E-01  8.40977743069267090E+00  2.01609506504241360E+00
  4.72818350263822220E-01  1.65928252120793400E+01  2.59925879923497690E+01
  4.46689977500956030E-01  2.14040366598054560E+01  5.71143044885145910E+00
  4.74581552528920360E-01  1.48068210195433050E+01  6.51591422751169700E-01
  4.86590143357422540E-01  1.84891617198443860E+01  7.95937886250026060E+00
  2.73281005279713530E-01  2.88260647304381590E+01  2.93166511648865260E+01
  5.20515140446715560E-01  2.10049936081309770E+01  4.83144359168285580E+00
  4.13811620468168510E-01  5.66816557203702680E+00  2.14578685397018310E+01
  3.81419328643079860E-01  5.80100195188796700E+00  1.16540206669362440E+01
  4.05593309893122810E-01  1.21044811992420380E+01  2.83183871604754920E+00
  5.85380732291966590E-01  6.66651462069038200E+00  2.14908575435106040E+01
  4.06599624824484800E-01  2.62483774483545100E+01  2.58304637857693390E+01
  6.40456937776772590E-01  1.61421788331099720E+00  5.05186007598605610E+00
  4.75626642073745920E-01  5.85306416957366520E-01  2.55070307275341510E+01
  5.09222041678605210E-01  2.30703643597195270E+01  1.72508502140333210E+01
  5.77820253962530560E-01  2.86457484178657680E+01  2.31448965769880300E+00
  3.80273533482480450E-01  2.01135497663968650E+01  1.29950591248995320E+01
  5.01406606281285510E-01  1.34303839663884880E+01  8.26767259773400200E+00
  3.59079136884617700E-01  2.92835019264078330E+01  6.93562434443519300E+00
  5.94092381958372510E-01  2.75967959239045230E+01  2.29009728268929570E+01
  2.54611020839302520E-01  1.52096375577248710E+01  2.72000382469188690E+01
  4.99223721401470310E-01  2.48934652032115730E+01  2.55180613851954520E+01
  2.54611020839302520E-01  2.19878043815652050E+01  8.81037048496071410E+00
  3.20574425314766210E-01  1.15613439904522510E+01  2.93935307930536070E+01
  2.85767805251094040E-01  9.15532531290713790E+00  5.61876436767227540E+00
  2.54611020839302520E-01  1.04823249178060860E+01  1.70325246059861580E+01
  4.12246671516209600E-01  5.07059980372581260E+00  1.19625502793419010E+01
  4.41298336829792340E-01  9.36117732890414620E-01  2.39657461031718170E+01
  7.09985914168247060E-01  7.32148813251466900E+00  1.60221546263377980E+01
  6.80956647410425740E-01  1.50337539011350780E+01  7.49331148762822790E+00
  4.75338540515479570E-01  2.78008336270930630E+01  3.03787129485305000E+00
  7.49588614928249000E-01  2.33211970207258720E+01  2.97873635331943020E+00
  4.74033319401206570E-01  1.94492017632378560E+01  7.94633414867460530E+00
  5.20515140446715560E-01  1.62521389235034870E+01  1.40415596540384620E+01
  5.48131117613959250E-01  1.52419030535923810E+00  1.69901830588230030E+01
  3.46733456860136300E-01  1.66910071409732480E+01  2.38918940353828550E+01
  6.97384645011991290E-01  1.23445530572106800E+01  1.76162664366758720E+01
  3.78209123272245940E-01  1.76375012257688370E+01  1.18500884372425030E+01
  3.82382183723224410E-01  2.80709574202662680E+01  4.54758714993937830E+00
  4.46537248270915300E-01  1.64480905169005350E+01  1.12638067038963210E+01
  6.08690451339190200E-01  2.05025971615195920E+01  2.49099063570839260E+01
  2.59062449636064510E-01  2.54607674535501470E+01  1.92497772688831500E+01
  4.43756654693070110E-01  2.54628779313099970E+01  2.72307475684479040E+00
  3.18942867500738640E-01  1.89361862300559450E+01  5.99750522444316660E+00
  7.16535845940979770E-01  2.06086731843236740E+01  1.49723101483933650E+01
  4.62836237406567810E-01  1.89924701018788080E+01  8.76395937878272240E+00
  6.97384645011991290E-01  1.43640676596944450E+01  2.35140428287060350E+01
  2.47647088603063280E-01  8.06490027021769150E+00  2.37520353856518970E+01
  4.05793634226126800E-01  1.41483393815438900E+01  2.54956722458540210E+01
  5.37364664263313330E-01  2.39291311976950320E+01  2.80164672058553600E+01
  5.72881440675418570E-01  8.80773715744907190E+00  2.16669049885231960E+01
  5.04213456464067280E-01  1.38697597849070480E+01  1.18869700904065060E+00
  3.86557871019070410E-01  9.16450237938480860E+00  1.97910666277645750E+01
  5.62178328188990490E-01  1.76828286248360800E+01  9.32945752914082860E+00
  6.41715074739605920E-01  1.56939772495041900E+01  1.04797716001851440E+01
  4.54567147313974470E-01  2.27180700548656280E+01  2.51497661808616540E+01
  3.97011970696729720E-01  1.25605110128080460E+01  2.46869262321114250E+01
  3.99477862283745790E-01  8.15336497623046870E-01  4.38638574152356500E+00
  5.15931587153482510E-01  4.23877505750919510E+00  1.32673667549913810E+01
  5.98026541173087530E-01  3.29884406801232680E+00  2.75813053770523350E+01
  5.94917806945655060E-01  4.32955896564919400E+00  1.43740864279645550E+01
  3.86557871019070410E-01  1.86431552998558630E+01  2.67323260244344180E+01
  5.52347772924787250E-01  1.28435637590812900E+01  2.83541169268430550E+01
  4.05793634226126800E-01  1.81943018191501980E+01  2.02265983091662850E+01
  4.66753989857397040E-01  2.92715391574545480E+01  8.55663895294078000E+00
  6.77666041374141330E-01  2.88306483143720020E+01  3.55540119995178160E+00
  3.23306573977224420E-01  1.74924958729761140E+01  6.52555288143534010E-01
  6.88340418185590860E-01  5.51935225247810470E-01  2.17428919488507470E+01
  4.11696508529454960E-01  8.95852358172346900E+00  7.84244859501679330E+00
  4.03052389307286420E-01  1.34554089157212410E+01  1.09165123213216330E+01
  2.97529618718302210E-01  2.69726972133404000E+01  1.13699846323786960E+01
  3.13090147150790890E-01  5.59854220229944750E+00  3.42337584938151670E+00
  5.01435669612667030E-01  1.67154611148843770E+01  1.72702657840244950E+01
  5.26482748420329030E-01  1.52972372573339510E+01  1.36139549595280920E+01
  6.75156127532392600E-01  1.47616689144293020E+01  2.63852365189214630E+01
  7.20816873845379820E-01  2.15951400610106960E+01  1.15613973741945200E+01
  5.30006102735105960E-01  1.82645957936183370E+01  2.89837974452390590E-01
  3.43353541919950760E-01  1.64129560350713180E+01  8.51380504889728580E+00
  5.32877675645020420E-01  1.06653121530501290E+01  2.44312556568257020E+01
  6.44956217916396120E-01  5.56208107268817640E+00  9.97694775313219220E+00
  3.55036581058269410E-01  2.77871344466944020E+01  3.86765479222150610E+00
  4.30054269381220950E-01  1.94705968176797450E+01  5.24015017924438450E+00
  4.93734512940847830E-01  1.12193043020557660E+01  2.74822259979180710E+01
  3.42409596243210680E-01  2.27745728420381650E+01  1.80493704940823460E+01
  5.58952633370732950E-01  2.25575922867850020E+01  1.52766213165465570E+01
  4.49954956992444630E-01  3.72065241846674020E+00  2.07330145036003020E+01
  4.11346310528290360E-01  2.54996823816091730E+01  5.59195800120757000E+00
  4.72818350263822220E-01  1.42107161784721580E+01  4.40253587384141020E+00
  5.00672486592370710E-01  1.05075237481580270E+01  6.03426169999307050E+00
  4.15334611176110170E-01  2.85538288269596040E-01  9.81548935203371010E+00
  7.70254277643880240E-01  4.63711859140652030E+00  5.66964968600603840E+00
  5.32262962461145860E-01  2.19273979997467450E+00  1.78379265352697480E+01
  4.01880163826280960E-01  1.65350350574472210E+01  2.08470663282470210E+01
  7.41720708060832300E-01  2.91267581280686730E+01  2.80665088456464780E+01
  3.01674668393272730E-01  5.68038392403655920E+00  1.41696832058187590E+01
  2.66929568161810020E-01  1.37067347716813700E+01  2.60025413520710100E+01
  4.15334611176110170E-01  6.06847319805268270E+00  2.82246881120502020E+01
  5.20369884994360540E-01  1.77668142365988770E+00  1.02518976511784100E+01
  2.84672167568555990E-01  6.51019405769098030E+00  2.76821009432320220E+01
  5.18912146576496980E-01  1.40047146291517120E+01  1.92070593538207670E+01
  3.90540239164096370E-01  3.99774079384144890E+00  2.86262901526005250E+01
  3.63079661055833470E-01  1.51598632933088840E+01  2.58135671074543450E+00
  4.73113776075054650E-01  1.84613913896306630E+00  2.38698352129257320E+01
  5.55687039951364880E-01  1.57051143310497160E+01  2.16584375055868320E+01
  6.97384645011991290E-01  1.78730313216952140E+00  1.57728986699850380E+01
  3.54092873053847420E-01  2.06408525440773370E+01  1.82188145076618430E+01
  7.37991961479508610E-01  1.88471950436533010E+01  2.88563768163202280E+01
  5.10790949981952740E-01  1.21671948166001000E+01  4.64172235428349380E+00
  7.03918080384424090E-01  1.80456867787047590E+01  4.35404709302363460E+00
  2.69326463995374250E-01  1.60904989159147820E+01  1.87196062614884970E+01
  5.39922025342825940E-01  2.41222874636728480E+01  1.72150180600903790E+01
  5.39922025342825940E-01  2.85995954254529320E+01  5.30315104607103740E+00
  3.52682444144397330E-01  2.94625884658426780E+01  1.86905609728053970E+00
  3.17084428049163950E-01  1.99277446824917350E+01  2.20682666065182040E+01
  3.92511582998476170E-01  2.42580912164919550E+01  3.63076396758860120E+00
  2.92799561075502800E-01  1.91929665048657900E+00  2.02394899036760660E+01
  3.63105686475124490E-01  8.76285205274563060E+00  2.75424607402019670E+01
  3.25036994184950640E-01  2.22997534833693010E+01  1.00779906134610280E+01
  5.70902198024309190E-01  1.52361329550106830E+00  1.87137457165246130E+01
  6.18138908065390960E-01  1.03008267973126650E+00  1.17667181499774070E+01
  3.10705613459761840E-01  1.44641843283453540E+01  9.58821866868717620E+00
  6.99092076263204730E-01  4.24192628787270020E+00  1.56648933532717950E+01
  4.40295189098215370E-01  8.12454518754493550E-01  5.77567896923416590E+00
  6.52034765531911640E-01  2.04611162290100740E+01  2.36507822972999480E+01
  5.12628979659419230E-01  2.38377063356690040E+01  2.56955770791461550E+01
  2.68569610726517900E-01  3.00453965527609460E-01  1.96111103852131240E+01
  4.41473589537221400E-01  1.23410885289974650E+01  2.58305153715369330E-01
  7.41623060643924430E-01  2.92446507242132460E+00  7.25534162661861790E+00
  2.49794182180603610E-01  2.46990086467974020E+01  4.09643683043707970E+00
  3.44856808658559500E-01  2.96289202332174750E+01  7.54882806306469690E+00
  6.83701617051292750E-01  1.73461863971523260E+01  2.30974503318612180E+01
  7.19599311285852310E-01  1.40974412104520520E+01  1.41042254408913370E+01
  6.67521681419926690E-01  5.22119679854069040E+00  1.99340329966798180E-01
  5.40946473112310590E-01  1.14584210290501430E+00  9.39869335843607350E+00
  3.83579206291793930E-01  8.77368916532787320E+00  9.15894603062707620E+00
  5.04339573614743570E-01  5.15352018912626870E+00  1.10504313577956680E+01
  6.35523375007872900E-01  1.65693500606199500E+01  3.93926935719813400E-01
  3.44905765886116280E-01  2.45733908179092990E+01  1.64090430777406130E+01
  2.65726189967390210E-01  2.10615798881136160E+01  2.74595080634411100E+01
  4.87785457169642190E-01  2.08781294444470760E+01  1.05847489312645620E+01
  3.71299762957800540E-01  2.17303276683611060E+01  1.04782455407725210E+01
  4.13811620468168510E-01  1.22350308248628150E+01  2.91030976920683880E+01
  5.69423614487483490E-01  2.60849978513807270E+01  1.92412747516014090E+00
  5.83429036676414100E-01  1.61852965729332890E+01  1.29402619938596160E+01
  5.30006102735105960E-01  2.45381386314022120E+01  2.04503309471013420E+01
  5.16710955738981780E-01  2.19378045489108650E+01  8.04101573860108760E+00
  2.65726189967390210E-01  2.96197406732442590E+01  1.99936372487446760E+01
  3.18942867500738640E-01  1.39817506518585720E+01  2.00405535342758650E+00
  3.23881608201221470E-01  2.19562162783157890E+01  2.28134489345454800E+01
  3.54092873053847420E-01  1.73977051521067770E+01  2.61807625898050920E+01
  5.12509616084684260E-01  5.85576529920324960E+00  5.26937644686460690E+00
  4.99223721401470310E-01  1.24303244423155060E+01  8.30052855404958830E+00
  2.56092450391898300E-01  1.29930518386695050E+01  2.73502019984205660E+01
  5.45765227979075810E-01  9.40296775111377410E+00  1.88902948865063750E+01
  6.94010183176834960E-01  4.89091027089523230E+00  2.06688871354524540E+01
  3.57201130995523370E-01  3.23587062463464070E+00  2.85343652575837970E+01
  5.25895496843049500E-01  4.12820906651462670E+00  6.86113429605192420E+00
  5.10790949981952740E-01  8.20583725818557320E+00  5.57919391759562710E+00
  4.89717368181109780E-01  1.24093062538113890E+01  1.18592090864732860E+00
  4.82769235883485770E-01  1.93789524206238360E+01  1.25426558308845880E+01
  6.93278360304079300E-01  1.91431673716471520E+01  3.49050939058566630E+00
  3.35017483125717060E-01  8.00020500242638020E+00  1.89455280437464070E+01
  3.26514001167033020E-01  7.05509440774253700E+00  1.16598957439198560E+01
  4.75880684447443510E-01  2.46555008415662800E+01  9.82583605998018330E+00
  4.22354771203238230E-01  1.40208038534505860E+01  1.29653379447239560E+01
  4.11966131227655820E-01  1.55475886914584280E+01  1.65314442484383760E-01
  7.30946391186454210E-01  2.33660522505117890E+01  2.68801087346426190E+01
  4.22201084465533680E-01  2.82894216529994790E+01  2.88745874024512720E+01
  5.15931587153482510E-01  1.15925674746857580E+01  2.50730252833024170E+01
  5.52347772924787250E-01  1.31078141564234640E+01  1.33053489333053640E+01
  2.49794182180603610E-01  5.00355122107455230E+00  2.16122455689146240E+01
  4.50103975287380020E-01  4.15405801960399050E-01  8.18314463819416100E+00
  3.61769499680632390E-01  1.90934240617834310E+01  4.54432059239668720E+00
  2.77147605524350650E-01  6.02548087917128420E+00  2.20679826047250000E+01
  7.64764367446448820E-01  1.40815206708428690E+00  2.94768368455466390E+01
  5.71326189973923350E-01  6.60582327766402870E+00  6.81428059242077300E+00
  4.07877171249442140E-01  2.18430841129981100E+01  1.82511583106663160E+01
  4.46540105696671490E-01  6.34380806940953690E+00  1.38251825827873810E+01
  5.07606992315717240E-01  1.58518334118821610E+01  2.05341049137253860E+00
  3.01731430220296380E-01  2.00536740812676190E+01  1.62035483517962150E+01
  4.32382463464541460E-01  1.82622530353658910E+01  1.81562417781167940E+01
  3.25762576013666160E-01  1.82189348289094110E+01  1.41394850775983480E+01
  6.24920360555607160E-01  2.27220381054616420E+01  2.35403452275221920E+01
  7.38532964590205680E-01  8.09339543360353630E+00  2.27664811856867220E+01
  3.92511582998476170E-01  1.44047472748121950E+01  2.57585342711977510E+00
  2.97561439636419770E-01  2.49257214357597260E+01  1.14448869363282920E+01
  3.46434506905438330E-01  5.99351980583217170E+00  4.23376744880426960E+00
  5.89502618647478990E-01  1.16932499491262330E+01  6.53245404292002620E+00
  3.32399546609116130E-01  2.92993188617770350E+01  9.49640183835427370E+00
  5.77649046292645880E-01  2.58470918270926120E+01  2.21635533018333570E+01
  4.31729360191427780E-01  9.36198409875624020E+00  2.68773335324938930E+01
  3.17950877609215300E-01  6.66282080211442910E+00  1.17889779233013400E+00
  4.75880684447443510E-01  7.76180124447958340E+00  2.15984487655876690E+01
  3.91816801400439550E-01  4.29117473516429020E+00  2.93514502070933720E+01
  2.50163292655703180E-01  2.20913283177297580E+01  2.80762390106271340E+01
  3.42074681651230290E-01  1.50151223963968300E+01  4.52865936542007310E+00
  3.50974061745161330E-01  2.01047136491564800E+01  2.57830210305636950E+01
  6.18566685513849460E-01  2.03200493491620620E+01  1.19708765214292840E+01
  3.24719866931951940E-01  2.49120342758389200E+01  2.19588723608591360E+01
  3.57201130995523370E-01  6.49991939128289080E+00  1.83401109096285510E+00
  3.13090147150790890E-01  1.04049715733088610E+01  3.57674428623282290E+00
  2.58355477869490890E-01  1.48456378645039230E+01  1.01735203593080530E+01
  4.83351594707823830E-01  2.00523885416887000E+01  2.12783934451173740E+01
  5.48463672908306780E-01  4.97095807232994510E+00  2.87019078320009160E+01
  4.24351701398837560E-01  1.25631029550505250E+01  9.21389940462660920E+00
  6.80557430527969220E-01  2.31128055135176990E+01  7.31576259200728970E+00
  3.73125396709624990E-01  1.04408868222697040E+01  1.29200013262848900E+01
  6.77808113742920780E-01  2.58538093242316260E+01  9.40570243090872890E+00
  7.67512613708393760E-01  8.82050740106198460E-01  1.34623385020917400E+01
  4.76544583128828500E-01  2.81511490144533280E+01  2.13196020684805840E+01
  6.97738347479756800E-01  1.75085370357121660E+01  2.17256257305489240E+01
  4.49545157175862540E-01  2.69383522188678130E+01  9.71025613904780190E+00
  6.25336422111717830E-01  1.69952440873439880E+01  2.23304763016197900E+00
  4.99487474973056500E-01  1.39508812928182360E+01  1.88401477737222030E-01
  6.67521681419926690E-01  4.36836086992089890E+00  4.25811606359204740E+00
  3.44170209092795430E-01  6.08277959720878770E+00  1.77893195030964080E+01
  4.01880163826280960E-01  6.24843424450347570E+00  2.39506218950311260E+01
  5.95035019805102560E-01  1.40215236288595640E+01  2.03202011928921530E+01
  5.20348764567513020E-01  2.66249571092731330E+00  2.91986351318919830E+01
  7.44845164893703690E-01  1.90712417603306260E+00  2.12766801879361650E+01
  6.94010688862415210E-01  1.00142392155510040E+01  2.12825294931149070E+01
  4.00156705760987560E-01  2.89477026177873590E+00  2.05281631432725790E+01
  6.57722721512726150E-01  1.93171918319001360E+00  1.44255274920038200E+01
  3.61198882346046800E-01  2.36512868274604560E+01  8.84396904013408220E+00
  6.07167866036927160E-01  1.11026165301255060E+01  2.97730461939286070E+00
  5.81677556670477180E-01  2.48649950015888520E+01  2.39528876701794000E+01
  3.17579752081870750E-01  2.39334218798556220E+01  2.10340466604808630E+00
  2.69169509893181310E-01  9.37713989759727080E-01  2.32555947307850880E+01
  5.36592099856838090E-01  2.65860056169012150E+01  1.06311141310888750E+01
  3.01799748246536660E-01  2.21326837065672810E+01  1.24312811230644440E+01
  4.05794678723965420E-01  4.35276943999170030E+00  1.23530326844608510E+01
  3.65995101567518470E-01  6.27969273902310120E+00  1.47125054265274710E+01
  3.39481361119070080E-01  1.04046183682720170E+01  1.49923979267303800E+01
  6.97384645011991290E-01  1.93124492444425220E+01  1.55343504193068130E+01
  6.82253548551889110E-01  2.47204034990874640E+01  1.53913835093437860E+01
  5.67035311113654220E-01  6.47670489614015740E+00  3.45884890634728710E+00
  6.47236078597052340E-01  1.89824886884527510E+01  2.16423712526778400E+01
  5.92513140571182980E-01  6.93603424828197120E+00  2.46679818097243990E+01
  4.71553509741754610E-01  1.41044046089992300E+01  6.81230739832932470E+00
  6.55885333720611730E-01  2.00957068510400670E+01  8.94458420067754470E+00
  2.83840017940612550E-01  1.67563618499762230E+01  1.64863615026727790E+01
  5.65219172841477580E-01  2.95596964310183170E+01  4.56108312436625060E+00
  3.48480710258510130E-01  1.09659333329000290E+01  1.18214565309975530E+01
  6.26908127420837150E-01  2.60971030343811530E+01  2.96608333393326400E+01
  2.62213147743524950E-01  2.35967219421688660E+01  1.96743239758397480E+01
  5.08737612195334600E-01  2.08654756693421180E+01  9.89170882256073370E-01
  4.59281804788439010E-01  1.65820906967940330E+01  5.95437553291602840E+00
  2.86550378078914000E-01  2.53910467710055520E+01  1.60895093287691570E+01
  2.99038091422116640E-01  2.94810503827783140E+01  1.54918346490469470E+01
  3.62493203924014780E-01  1.64420205781385710E+01  1.41471967460147940E+00
  5.64616421781660800E-01  2.00083863270877740E+01  4.40342287551142770E+00
  3.87533216804236250E-01  1.69456652874875000E+01  2.67765681381214550E+01
  3.90540239164096370E-01  1.02922520386862340E+01  1.91822877200116010E+01
  5.44640939783434240E-01  5.80428914423342320E+00  1.26090715251462430E+00
  3.84420431658369740E-01  2.66372361777944630E+01  2.27118295104202940E+01
  4.53492046339069340E-01  4.83119468170078650E+00  2.49154417241240050E+01
  6.38023782753992030E-01  1.20441489584160540E+01  1.53555070538790300E+01
  5.00672486592370710E-01  3.44100352310637850E+00  6.09925715451971410E+00
  6.08873319065221350E-01  1.40316822689757360E+00  2.68583990561483790E+01
  3.18942867500738640E-01  1.47374724401313520E+01  1.60118425775826300E+01
  2.65726189967390210E-01  1.17348194242741930E+01  3.57861920707042990E+00
  7.10410487391814980E-01  2.55955714973018680E+00  1.94674677435455760E+01
  4.66797018098134940E-01  2.08376044382566550E+01  2.18129574204474680E+01
  3.89889811574280460E-01  1.62099708754016700E+01  2.87609857743565640E+00
  2.92456502136063850E-01  2.70952434341527530E+01  2.72966027682962410E+00
  3.63079661055833470E-01  1.13826279389104880E+01  1.80600243578399960E+01
  4.13811620468168510E-01  2.03353165499580690E+01  7.90261120213946010E+00
  2.60417758313763680E-01  1.55386171104370430E+01  1.13683585521703170E+01
  4.41940562555082740E-01  1.79100695236085240E+01  1.10768656853479790E+01
  3.08418768867630710E-01  1.72006100342687630E+01  1.13206332990467950E+01
  3.04461637453634990E-01  7.87448387110575080E+00  1.44867908907927450E+01
  4.75626642073745920E-01  1.07108098438806770E+01  1.10382327651809360E+01
  4.19693779402500590E-01  1.75674174593676930E+01  1.87406061543344470E+01
  3.26514001167033020E-01  2.30625262844429460E+01  5.41382935477942700E+00
  3.55388479881239270E-01  1.79873015788559020E+01  2.81830844928185120E+01
  5.33859136323620030E-01  2.62829638977247410E+01  2.11418142279609250E+01
  3.39481361119070080E-01  2.04724914976369060E+01  1.88908947362065480E+01
  2.51153087880769550E-01  1.01176640358615180E+00  1.80706650784661420E+01
  4.21603844523193420E-01  2.42507704079674150E+00  9.56892115427021750E+00
  5.20348764567513020E-01  1.94009243007101410E+01  1.35453205080780080E+01
  6.86210935380316480E-01  1.92020066628204090E+01  1.75508136665723990E+01
  4.41140732643827070E-01  9.68341133011196400E+00  1.32178922745494120E+01
  6.26908127420837150E-01  1.54820745936818050E+00  2.26004134648944830E+01
  5.11871480770454750E-01  1.09349027347447820E+01  1.56583301219724070E+01
  4.70990686464341570E-01  2.42419738871211270E+01  2.47999521645182740E+01
  5.20369884994360540E-01  2.90524405505019910E+01  2.56837816169153680E+01
  3.04306421741581800E-01  2.12710701326546610E+01  2.67635377943363690E+01
  5.88333222664750720E-01  2.27510614549333390E+01  2.11061079374779580E-01
  6.64541222436485860E-01  1.85447405825762350E+01  1.92153333956422970E+01
  4.24351701398837560E-01  1.95509598774665460E+01  9.87695500134115710E+00
  5.55920758830291820E-01  1.48992323400064530E+01  3.63835655811805970E+00
  2.89042915761794110E-01  1.65404992294100880E+01  2.15377418911386020E+01
  2.47647088603063280E-01  2.61024557067594820E+01  6.95140069259243990E+00
  5.88686278844574580E-01  2.47587591033525670E+01  2.87902040278343850E+01
  3.53063097104977870E-01  2.76171177524975420E+01  2.19543630852838840E+01
  4.50600139601478670E-01  4.37547450171883940E+00  1.96470609634320930E+01
  6.65634982039605120E-01  2.91537784999158800E+01  1.42240134562349600E+01
  4.69750256464274060E-01  2.29923831355424970E+01  2.88738346854954390E+01
  6.13801455222646290E-01  2.17120894162015300E-01  1.08420030178483470E+01
  5.14582826754803690E-01  9.64965335828736140E+00  2.77784085347246580E+01
  3.81419328643079860E-01  3.52866918293042180E+00  2.22418210504741940E+01
  7.28196096543639280E-01  3.78597966549867100E-01  9.10296823740878480E-01
  7.33199636544987770E-01  2.08127407433373970E+01  2.94408853852529120E+01
  2.86550378078914000E-01  4.18112016195860560E+00  2.23813173675331570E+01
  2.52169786807371790E-01  2.78771034036325140E+01  5.62699529834837710E+00
  5.01406606281285510E-01  1.20432290189207070E-01  2.63658676745225970E+01
  4.18948713530687210E-01  3.92299055798314720E+00  2.34603560171724650E+01
  3.62620749938717070E-01  8.98432607159351630E+00  1.65557885494328810E+00
  3.15231116497538320E-01  7.56942559274203130E+00  2.40182807636327350E+01
  2.83840017940612550E-01  1.92079859379950160E+01  1.85370602265050550E+01
  4.72199721516180480E-01  1.05508433359775560E+01  2.81790920148059310E+01
  4.41666133880560000E-01  2.20883318421158560E+01  2.87668055889334080E+01
  3.39073066583844400E-01  1.29609671425860590E+01  1.41845916597798050E+01
  2.54831192030272870E-01  2.84957461500834660E+01  1.17509284250215560E+01
  6.65634982039605120E-01  1.40236538369143280E+01  2.87184552072871600E+01
  2.69326463995374250E-01  1.86285265455552110E+01  1.37083079161486290E+01
  3.08418768867630710E-01  8.35963714479825980E+00  2.82000193968943620E+01
  5.63324676144028570E-01  2.37064506664223630E+01  2.28752378029671060E+01
  2.49794182180603610E-01  5.40551073991180610E+00  4.33076002544730530E+00
  6.44956217916396120E-01  1.70803342710262600E+01  1.03749401522558690E+01
  4.26043897269923290E-01  1.23748002540207850E+01  1.26575392523047260E+01
  7.44533748089133770E-01  2.40482630070436830E+01  1.08832600823136420E+01
  2.47647088603063280E-01  1.83948214714204070E+01  1.57583351050093050E+01
  3.47451934045076260E-01  2.96098466932113380E+01  2.09252510759894860E+01
  4.83182858574677270E-01  2.07511742754109750E+01  1.97409661623058990E+00
  5.38382388131525950E-01  1.59199016729050220E+01  2.67473155467550790E+01
  6.08690451339190200E-01  7.16026797040723470E+00  5.05920815023851400E+00
  3.93024383017402490E-01  3.57227896142465530E+00  1.99042022170827760E+01
  2.54611020839302520E-01  1.25373099734833640E+01  6.54055912420694700E+00
  6.82253548551889110E-01  1.57123034604742940E+01  1.66449564519011370E+01
  7.67665169660178040E-01  3.19256813529990420E+00  1.25239297545869470E+01
  3.95839252948554370E-01  1.08043524351606020E+00  2.47900521713827400E+01
  5.15379284759350490E-01  2.87926961699021930E+01  1.10044207315479350E+01
  5.09222041678605210E-01  2.34996611971740350E+01  2.04385491176718650E+01
  4.72038094207023740E-01  4.77036973343474810E+00  1.67091865612603920E+01
  6.64541222436485860E-01  2.24173308214533440E+01  6.16604841768015440E+00
  4.84167632717154460E-01  1.56722021752506450E+01  1.06330049873616830E+00
  5.39922025342825940E-01  1.56690458794364440E+01  2.55790261245778050E+01
  3.77759649416993960E-01  3.50157637275021430E+00  1.48834090657343800E+01
  5.06367095649294540E-01  2.82069192020927630E+01  1.06540588905353670E-01
  3.05466220251299840E-01  1.30520433867974810E+01  1.68740990743643660E+01
  7.55604472483241980E-01  3.56016971311414250E+00  9.87964789516902190E+00
  7.68548325332126940E-01  2.20200079085494910E+01  2.14566337681238400E+01
  3.09209541844886400E-01  1.16374456611741110E+01  8.46546790851866860E+00
  4.71553509741754610E-01  1.64932125040059740E+01  2.23173179642700250E+01
  3.65995101567518470E-01  1.48033270753801140E+01  1.28720697060276200E+01
  6.26517897412854200E-01  9.73918072604689830E+00  1.42923041215979400E+01
  3.55388479881239270E-01  1.70255103327918600E+01  8.17931001570068440E+00
  3.90423892796942250E-01  1.15123874965985550E+01  2.05256890707029350E+01
  4.92172780862642510E-01  2.90702707084323890E+01  2.16244149257383110E+01
  6.66683478841499700E-01  2.68310503676873540E+01  2.67311982793876770E+01
  6.94903868090152520E-01  2.48478431564627090E+01  1.66772530936276820E+00
  7.65642972591057180E-01  2.03062707683705450E+00  2.80797351121095990E+01
  3.52682444144397330E-01  6.87795783961027940E+00  1.32315534827978850E+01
  5.39466591144820300E-01  1.35214069450367700E+01  9.30439357621697920E+00
  4.26043897269923290E-01  7.29901560170594350E+00  2.96489301359901700E+01
  2.53364602799301860E-01  2.12170063798443240E+01  6.38536637423263100E+00
  3.83290088603488770E-01  1.95150783396808190E+01  2.72569638639853480E+01
  5.55920758830291820E-01  1.87145726115241920E+00  1.25845834882569640E+01
  4.13050329149462850E-01  9.56697057917366320E+00  2.16720942835107170E+00
  5.20369884994360540E-01  8.29798151976473440E+00  1.03239649809624630E+00
  6.99477888048091770E-01  1.84743521596129340E+01  2.56597769984088520E+01
  3.59079136884617700E-01  8.52657729607053130E+00  2.61853023955541250E+01
  3.01799748246536660E-01  5.36483560837830180E+00  2.54498717865938140E+01
  5.28731261397185740E-01  1.25239845946373670E+01  3.66573603178373640E+00
  6.80338287111455390E-01  8.24357267444937850E+00  2.05478566027293970E+01
  4.74033319401206570E-01  2.70175784890977620E+01  1.48554469324464090E+01
  3.53302408788900560E-01  2.59141149852198080E+01  3.62254007092091750E+00
  4.03052389307286420E-01  1.07708610003948650E+01  6.89829772848009880E+00
  3.33973424357718240E-01  2.07460878038141030E+01  1.95051367381827530E+01
  4.68162992243922280E-01  3.87834450060976150E+00  1.70087624432739200E+01
  4.72192289519205580E-01  2.34893931036032770E+01  1.37771762489375560E+01
  6.73658304681401180E-01  1.51875385260834750E+01  1.89916213613598470E+01
  4.61178090502161720E-01  2.89942847943053260E+01  2.68713085417351930E+01
  4.18189647978318300E-01  2.57196983099276370E+01  9.75896745011391610E-01
  5.15379284759350490E-01  2.64837074550354960E+01  2.84076232972253390E+01
  5.34553382826858140E-01  7.87751688351793610E+00  1.71353010856221210E+01
  3.70336582810533970E-01  2.13824734187796470E+01  2.40910542527115940E+01
  6.42747544188997020E-01  1.66205721875358390E+01  2.48777979375606930E+01
  4.50600139601478670E-01  4.17067126942149800E+00  2.42934975071509780E+01
  3.55036581058269410E-01  8.07967941358309180E+00  2.96403375020161730E+01
  3.54092873053847420E-01  2.96257667615168500E+01  2.25873035372217360E+01
  5.13614394364816020E-01  1.94632988406920330E+01  2.63619420068758430E+01
  3.65995101567518470E-01  2.26273209376525840E+01  2.04988447491904820E+01
  5.25383403930900440E-01  1.97286772124230230E+01  1.93316681592481000E+01
  3.83598938984435380E-01  8.45031508820451900E+00  1.95048217887966860E+01
  4.86073626967704090E-01  1.23599224099593690E+01  1.64338277443718010E+01
  5.96963967672292380E-01  2.45440494597569660E+01  1.41245163500879390E+01
  4.66553963192992600E-01  1.75144085205274640E+01  1.96810068279832820E+01
  4.15252526658189590E-01  1.98947210334729370E+01  1.84061990111423840E+01
  6.36786611163594070E-01  1.29191375257205210E+01  1.97729019153729090E+01
  6.06760633376156730E-01  1.26183881123788990E+01  2.27314011972132450E+01
  5.25895496843049500E-01  2.77912442075978920E+01  1.12855874419644400E+01
  5.05409982910693060E-01  2.37782648178169400E+01  2.39412894678554590E+01
  5.18912146576496980E-01  4.72459202745670660E+00  2.29740755985535970E+01
  5.81677556670477180E-01  1.62916185782945780E+01  7.59712869014602620E+00
  2.50625569857546320E-01  1.80383591371658230E+01  1.46867565368757320E+01
  6.67521681419926690E-01  1.67656210968059760E+01  4.84291316437290310E+00
  6.52034765531911640E-01  2.70861648427104560E+00  2.68367238028560400E+00
  3.81419328643079860E-01  2.69622862038007540E+00  2.59456755602462470E+01
  3.18942867500738640E-01  7.00111250217100170E+00  1.10076713283047400E+01
  6.63973334543257470E-01  1.93902511221214060E+01  2.28882108724043010E+01
  4.05793634226126800E-01  2.40956380821790360E+01  6.85496478479150720E+00
  2.88617724104866640E-01  6.75448465811813570E-01  5.05991181943506960E+00
  3.17587838135982990E-01  6.55138447168581270E+00  1.53403469542911300E+01
  6.94010688862415210E-01  2.34704821650285100E+01  2.16404294250545210E+01
  3.25036994184950640E-01  2.18690768866206040E+01  2.94997650723687310E+01
  4.41940562555082740E-01  1.36640179863707870E+01  2.67096545481511600E+01
  3.05466220251299840E-01  6.86129586721709830E+00  1.43704909901809850E+01
  7.22984261441823330E-01  2.63764189267661000E+01  1.58723108015362900E+01
  4.60682082706054620E-01  1.59474507983510880E+01  3.75528803899435280E+00
  4.22201084465533680E-01  9.64037055565279390E+00  9.61263994739986670E+00
  6.24824560398126750E-01  3.13537676530876790E-02  2.92951604058685010E+01
  3.63079661055833470E-01  2.25096856711697870E+01  3.74318574026324360E+00
  3.25516939164680520E-01  2.34500774045003660E+01  2.48812717807475070E+01
  4.87886881528419990E-01  4.05377352054014750E-01  2.73128325393924850E+01
  4.34172467284937990E-01  2.62766957489223360E+01  2.49902270717314540E+01
  7.04082361725448710E-01  6.69210859853563100E+00  2.02017226608674570E+01
  4.40295189098215370E-01  2.24505593162652100E+01  9.32844349530494380E+00
  4.54567147313974470E-01  7.98342208268559880E+00  9.43802811191661380E+00
  4.89717368181109780E-01  1.30889196987038440E+01  2.93965391460505750E+01
  4.82771447840326400E-01  2.45401630074232560E+01  2.80306562467350200E+00
  3.54092873053847420E-01  7.11722798064741550E+00  1.49780956284859420E+01
  7.67457697882333090E-01  9.85646285748726750E+00  1.19409565213232510E+01
  4.43129600128677660E-01  1.00587728923783570E+01  2.86762486691214990E+00
  5.61514797181737530E-01  5.25615223058122890E+00  1.81565251940829770E+01
  5.82207618145930890E-01  5.14760394637388430E+00  8.82372156458551690E+00
  5.94092381958372510E-01  4.10664198328210170E+00  1.80503800976913030E+01
  5.64318884198494160E-01  2.45121733432905590E+01  5.53479606421611690E+00
  6.16837537735261420E-01  2.72807235386904060E+01  1.23068470520382750E+01
  4.20581746236023420E-01  2.41049834319870240E+00  4.17162691470435650E-01
  3.16022212934137680E-01  1.85601713361471570E+01  6.50916200448020990E+00
  4.59502380082057990E-01  1.89436423340594190E+01  2.35567859055015740E+00
  7.48336469443998900E-01  2.12416450570749620E+01  1.29869034026794030E+01
  6.90159994875631000E-01  2.60801292413876950E+01  1.17917219912270530E+01
  4.68364091588631840E-01  2.03515541553887620E+01  1.38159583244661500E+01
  4.05593309893122810E-01  9.68898411074968810E+00  3.63134280615994780E+00
  5.55687039951364880E-01  5.78955146921071860E+00  2.31111140908275200E+01
  2.83840017940612550E-01  7.21169799300724710E+00  3.02958368537692510E+00
  5.98280766214214580E-01  1.36383181152187550E+01  1.75694032962501050E+01
  5.84913004272127690E-01  1.13641335524531200E+01  1.26652147533124780E+01
  2.83840017940612550E-01  2.80637547268963880E+01  1.78523715602299720E+01
  2.83517655556827110E-01  8.38640727507850590E+00  1.09387971204033190E+01
  5.27599340399055180E-01  6.99704306337690960E+00  2.33997825307458990E+01
  6.24824560398126750E-01  2.53969019119581600E+01  7.84173665669018320E+00
  4.84167632717154460E-01  2.72361670360901690E+01  5.98885881490043910E+00
  5.66562802601083430E-01  2.90909426947204710E+01  1.76538440831815750E+01
  5.81213412342838430E-01  2.55943017202742240E+01  2.65695412378366530E+01
  5.13285974501586400E-01  2.68487834874730990E+01  8.75182230514289830E+00
  5.29625185962053640E-01  2.80251539126190820E+01  2.66676214581363490E+01
  3.30104909316010620E-01  2.82140656170193940E+01  6.10120959146337770E+00
  5.48174971142568520E-01  7.92834685870671580E+00  1.16317922234941000E+01
  4.72192289519205580E-01  2.17633698342555700E+01  5.95885863673753850E-01
  4.53126113496558960E-01  1.00709625615645390E+01  8.85130792065444360E+00
  5.25993347610763350E-01  1.00354295229963880E+01  2.00619385613659100E+01
  4.75338540515479570E-01  7.63738674593502510E+00  1.29025301549510210E+01
  4.30858982518450690E-01  8.43329628820503000E+00  1.24695125723939600E+01
  7.09741570678139940E-01  1.81246729740484620E+01  1.52159334797635860E+00
  5.05409982910693060E-01  1.05592063523245320E+01  1.77884422483300040E+01
  5.20369884994360540E-01  2.86023655887960510E+01  9.98780107564493670E+00
  2.73281005279713530E-01  5.28109819573324390E+00  1.72519323475769790E+01
  3.09574052588245370E-01  9.20892615885567880E+00  2.86943082593651300E+01
  3.18095930761502070E-01  7.77794347980128280E+00  1.51014603569513910E+01
  4.46537248270915300E-01  2.26887994487686590E+01  2.24703118954016890E+01
  6.38830345620663920E-01  2.54108054640551730E+01  1.06446602372826270E+01
  6.68397269451762100E-01  7.91895397815534090E-01  2.04089499443470070E+01
  5.32488384254616510E-01  3.01082088492990390E+00  1.56494053978848340E+01
  3.17579752081870750E-01  7.23503401808916810E+00  9.62525767416724780E+00
  5.16710955738981780E-01  1.16605054106710710E+01  7.63799851422458250E+00
  4.49545157175862540E-01  2.12613844526150470E+01  1.88809774231704530E+01
  3.20574425314766210E-01  1.15605967451528000E+01  1.65404709845061430E+01
  4.12246671516209600E-01  2.54680584776873250E+01  2.47416314656736810E+01
  4.94550785807675550E-01  1.56070171328157930E+01  2.27031773331889180E+01
  3.59079136884617700E-01  2.38193411657147680E+01  2.89059535812901740E+01
  6.10572080928614460E-01  1.60294020244767590E+01  1.99701691516106800E+01
  4.75338540515479570E-01  1.03838980973241630E+01  5.06660687432659000E+00
  5.09574347305064630E-01  1.96309639204702540E+01  1.32405286375514430E-01
  4.18189647978318300E-01  1.50268259035458180E+01  2.01982244137753000E+01
  3.76753951196820710E-01  2.21476470905994920E+01  1.89740845319970860E+01
  3.84533934306195220E-01  1.51197359740845770E+01  1.21918586137927020E+01
  6.60767019732147710E-01  1.75284021018447480E+01  1.54871197645424360E+01
  5.64318884198494160E-01  2.82713483410213510E+01  2.48258411469264680E+01
  4.69750256464274060E-01  8.13676575886298710E+00  4.60195493661292150E+00
  6.88340418185590860E-01  2.28056880855871440E+00  1.13892683446835770E+01
  5.93150731645016190E-01  1.59317968623985970E+01  2.78787461904210510E+01
  7.17499092254363010E-01  1.19971186033983310E+01  1.15277728315362720E+01
  3.79322922295397280E-01  1.60799354643506550E+01  1.56495375117145700E+01
  3.20574425314766210E-01  9.39527049094674280E+00  2.93129273605596980E+01
  7.17953871372127320E-01  6.51572301404384730E-01  1.49285669673230710E+01
  3.42409596243210680E-01  1.54042514373017240E+00  1.97299494210125490E+01
  4.43129600128677660E-01  2.10424529615915890E+01  8.38663068038476570E+00
  3.78068289465320630E-01  2.21887124208655220E+00  8.12403578906628000E+00
  4.75338540515479570E-01  8.86571819229376250E+00  2.14675024845789150E-01
  7.38532964590205680E-01  3.74326035264198340E+00  2.54024572779522940E+01
  5.07606992315717240E-01  1.06740228781158530E+01  2.32557299909622440E+01
  2.86134314477376340E-01  4.76463879790457770E+00  1.74665754484955260E+01
  5.07437626189109900E-01  1.48033984010923960E+01  2.10964168705328950E+01
  6.15073771326759470E-01  2.66201682536750790E+01  7.64436157894389010E+00
  3.30104909316010620E-01  2.43561295066615100E+01  2.72615254654558580E+01
  6.66683478841499700E-01  5.21962490562790560E-01  1.63056586758840110E+01
  7.49545055295440930E-01  1.70891434371500140E+00  3.66514294744493040E+00
  2.54824432159977790E-01  1.68915617331203480E+01  2.00449384713621730E+01
  5.72142532162989690E-01  1.66488008038566580E+00  1.09537547043377640E+00
  2.77147605524350650E-01  2.61594358600798640E+01  2.42887963204480220E+01
  4.68364091588631840E-01  2.01934239965256450E+01  1.69605214502671020E+01
  4.82771447840326400E-01  3.67133237134590700E+00  1.90347058898030710E+01
  2.50971712925384870E-01  3.33099013512974280E+00  1.83850947268066030E+01
  5.38024295323284910E-01  2.64635742503161920E+01  5.13340993762188000E+00
  4.13050329149462850E-01  2.89318236471886930E+01  8.56805802559965810E-01
  4.86590143357422540E-01  4.83121693760047590E+00  3.20130523687961640E+00
  3.16148313226467530E-01  8.78099924986184630E+00  1.18085424388439010E+01
  3.81419328643079860E-01  1.88756270696723870E+01  2.06199143125791160E+01
  6.52911031193170470E-01  2.72468278275959150E+01  2.54796378447400120E+01
  4.49150663742554990E-01  1.29902181279777590E+01  2.17436744953493390E+01
  4.73113776075054650E-01  7.38306735010484870E+00  6.11764018725621210E+00
  3.65995101567518470E-01  1.93519375129232040E+01  1.16948672417409640E+01
  3.46028387031474870E-01  1.42308863470468250E+01  2.72559900982580210E+01
  4.23675716525973380E-01  2.83550810359476520E+01  2.21963173678936840E+01
  2.47261092463374420E-01  2.90205081940712550E+01  2.25245208495197670E+01
  2.63339374245984010E-01  1.90427690824440890E+01  1.99975135173182360E+01
  2.59062449636064510E-01  1.25363899619826520E+01  1.46058963990038640E+01
  5.77180454669814490E-01  1.73254980318441550E+01  1.42664856222703700E+01
  4.06599624824484800E-01  2.29079865409630050E+01  1.87862672969863310E+01
  4.65278877330243820E-01  1.09884396555039260E+01  8.88881102401826160E+00
  3.07263188066738420E-01  1.96576616909394200E+01  5.95315215739645960E+00
  3.88697647565240350E-01  1.57434298237682630E+01  4.57948167487654520E+00
  6.62122603690132470E-01  2.35134443320808440E+01  4.37672876477838990E+00
  3.79322922295397280E-01  6.86209230824275810E+00  2.82445066345575460E+01
  3.53063097104977870E-01  4.65554618318799830E-01  1.98801772647670030E+00
  6.88885956497308970E-01  2.88594203465180680E+01  1.63209094028405520E+01
  5.33066537704075310E-01  2.47912745968138780E+01  8.82737137036151860E+00
  3.42074681651230290E-01  2.86737924172363560E+01  6.59090555343946070E+00
  4.24351701398837560E-01  7.30427138288625600E+00  8.05725060551834460E-01
  2.92456502136063850E-01  1.75404556035959110E+00  2.46315616790545280E+01
  5.90639534364661320E-01  5.23901565228274000E-01  6.76470168830930520E+00
  4.09705559579089850E-01  2.78026170924678300E-01  2.34142085258243780E+01
  3.59079136884617700E-01  9.28223272156779270E+00  2.05266957343526820E+01
  5.27599340399055180E-01  1.85754890629160170E+01  1.65119512788744770E+01
  5.38382256471750510E-01  5.10143916531526110E+00  2.39611565909622540E+01
  5.96963967672292380E-01  1.06218755457448670E+01  9.88547559682107570E+00
  2.96503602823160150E-01  1.06477095314941220E+01  1.41330884075281030E+01
  3.64593218166308700E-01  1.35160006532783220E+01  7.40608168267175950E+00
  4.18947112612636110E-01  2.20138487564173250E+01  1.42077483838007360E+01
  5.40946473112310590E-01  1.15201774286553920E+01  2.84716839553815360E+01
  3.35017483125717060E-01  2.44759420681779750E+01  4.63660466647721400E+00
  4.75626642073745920E-01  1.77988471574908470E+01  2.69063709600676160E+01
  3.04461637453634990E-01  1.84113157181440990E+01  1.50974597137692200E+01
  4.36315933331792570E-01  2.49144997311256770E-01  3.63557031853170810E+00
  6.77666041374141330E-01  1.36943019195978430E+01  3.37506585449798060E+00
  5.67035311113654220E-01  1.06912929695338550E+01  2.92208231036991530E+01
  3.38650161839631010E-01  2.38062731652729800E+01  9.82802521732796030E+00
  6.94010183176834960E-01  2.13285860879531730E+01  9.49221148224554770E+00
  7.10410487391814980E-01  8.59692721586522350E+00  1.35982646278893180E+01
  4.54567147313974470E-01  9.16527501013223930E+00  2.94983594623778380E+00
  2.52169786807371790E-01  3.83674046658497490E+00  2.27951993717858660E+01
  3.01799748246536660E-01  1.97492025527903050E+01  1.43949735753361100E+01
  4.27719079604653450E-01  1.95278305235049070E+01  2.52608048257542990E+01
  3.87762191716535260E-01  3.01290539417184530E-01  9.01289962299225070E+00
  5.72951670348821020E-01  2.57176369911491100E+01  1.84585335806489330E+01
  5.09222041678605210E-01  2.64080593526943820E+00  2.22933278323120980E+01
  5.25993347610763350E-01  2.93554320141846010E+01  6.05403668493608560E+00
  3.12648490279368120E-01  2.81368319290557660E+00  1.48284008154945650E+01
  3.32399546609116130E-01  2.87340145614420630E+01  9.14653660804109410E+00
  4.43807889241729470E-01  6.59195740370111060E+00  2.25170028369061230E+01
  3.44170209092795430E-01  5.71143601019962070E+00  7.00696812120246370E+00
  2.54824432159977790E-01  8.91068258086535710E+00  2.28824222488777500E+00
  4.21963532045373490E-01  3.87279224774321570E+00  7.92943240647709850E+00
  4.11696508529454960E-01  2.40654883587141780E+00  2.31836950584929510E+01
  4.11346310528290360E-01  2.67158447688761140E+01  2.03024848532491650E+01
  6.16837537735261420E-01  2.77830825413294850E+01  6.94430213382981250E+00
  4.83570943621045310E-01  2.28511911098321400E+01  1.96745593424221350E+01
  4.32382463464541460E-01  1.67508820567942820E+01  1.82022400674031740E+01
  5.92513140571182980E-01  2.78348014241892410E+01  1.93123685481140050E+01
  3.55036581058269410E-01  2.24676313383789400E+01  1.11077991322929770E+00
  4.74581552528920360E-01  3.11649509129951060E+00  2.14324664001688630E+01
  3.44905765886116280E-01  2.01798708355027190E+01  3.44696954181822070E+00
  5.96963967672292380E-01  1.25273526160460000E+01  5.68915695605551170E+00
  2.68569610726517900E-01  2.93760892127927100E+01  1.01395473911393990E+01
  5.80290806494985740E-01  1.80300181330104760E+01  2.85170585799366800E+00
  6.25336422111717830E-01  1.28847730217854930E+01  2.56561555077432960E+01
  6.17452885167652710E-01  1.94549454620918210E+01  6.85512042343306400E+00
  3.29506256422424390E-01  8.60175985806720430E+00  2.68690472294764650E+01
  2.58355477869490890E-01  2.63363225547353360E+01  1.75787112568381830E+01
  4.69641390777102340E-01  2.03173140751539410E+01  5.54296735242247610E+00
  3.49095179616795370E-01  2.27621542317852300E+00  1.78253205531916080E+00
  3.27988333844876360E-01  6.07075684993441910E-01  2.27561390456497040E+01
  3.86383264228710210E-01  2.60412734726052510E+01  2.74275110720077110E+01
  4.75543307221801650E-01  2.28052080302971020E+01  2.79476988513574160E+01
  5.07815655211632320E-01  6.38804018212668900E+00  3.52895673432899670E-01
  6.08088426536500660E-01  1.71254761593255400E+01  2.77552498207261530E+01
  3.93024383017402490E-01  2.24307455537700950E+01  1.07834146728220300E+01
  7.48336469443998900E-01  1.16896826019931550E+01  2.63329845904323850E+01
  3.13454063710418570E-01  7.00422670249907140E+00  8.40761481108830820E+00
  4.43133439323318520E-01  1.84617953727908390E+01  2.75415667114934770E+01
  3.62493203924014780E-01  6.69327893286650970E+00  1.81437959322878970E+01
  5.72881440675418570E-01  2.78315255416132960E+01  9.21343300225451320E+00
  3.71299762957800540E-01  1.49632769994319150E+01  5.23991156876181120E+00
  5.13143010843963320E-01  6.93286262793680930E+00  1.89917685698798630E+01
  3.87533216804236250E-01  4.60040100098493280E+00  1.03516022420011550E+01
  3.90540239164096370E-01  2.67919445480398900E+01  2.19526187687975780E+01
  4.11696508529454960E-01  3.21464733178583820E+00  2.30265775987069400E+01
  4.19670751191123690E-01  1.95045468159808970E+00  8.87470238833326340E+00
  5.39922025342825940E-01  7.59412315235917300E+00  1.81714140246844270E+01
  3.73125396709624990E-01  1.71592141584656020E+01  1.28773725107330610E+01
  5.72628172168292430E-01  2.87203456241441690E+01  7.67623079910003890E+00
  5.63660960642019760E-01  1.32290072550051540E+01  1.50484173766084590E+01
  7.54397230300637300E-01  2.58430810043487150E+01  1.44958291398430980E+01
  4.07877171249442140E-01  6.05394253466264410E+00  1.09066835647577830E+01
  4.61178090502161720E-01  2.84728712525695470E+01  1.84743732305003010E+01
  3.50974061745161330E-01  4.63498253130776660E+00  9.60468598597183740E+00
  4.22541054278063120E-01  1.90354832626299350E+01  8.49147039905556870E-01
  3.25036994184950640E-01  2.24062641022046730E+01  2.44359058423901840E+01
  4.96042965314236020E-01  2.08553570180391930E+01  2.94674092798228230E+00
  3.04461637453634990E-01  2.41223024605480770E+01  1.33282431139027620E+01
  4.21290506291976640E-01  7.65357756189251950E+00  1.96175399259039840E+01
  4.26578460793149810E-01  1.74944278555849840E+01  1.77731883819449730E+01
  3.91816801400439550E-01  1.84219807052209570E+01  2.34370563292131460E+01
  5.32262962461145860E-01  2.62380069580661900E+01  6.17900405185312260E+00
  6.07718241283317260E-01  2.72523385962321320E+01  2.92257700380367500E+01
  5.13425754976809310E-01  2.96776324107411260E+01  2.71747847724366040E+00
  5.46829204411607870E-01  2.76866691573068130E+01  8.10356313893615620E+00
  2.99038091422116640E-01  1.28546893652488980E+01  1.58250256844729050E+01
  3.65374026971610010E-01  1.89402248718546140E+01  1.03774033715655300E+01
  3.46733456860136300E-01  1.19363257553141690E+01  1.99228642229625910E+01
  5.01833768532536340E-01  2.45190170288428390E+01  2.64458249679322360E+01
  2.88617724104866640E-01  3.52184807410673260E+00  1.63411704893016040E+01
  3.13454063710418570E-01  1.68872866052257820E-01  5.38514202279653540E+00
  4.43756654693070110E-01  2.51066706429734230E+01  3.53549926862522130E+00
  5.20369884994360540E-01  1.75397866723813500E+01  1.66677706661317520E+01
  7.41720708060832300E-01  1.12506026209835780E+01  7.16465204663951830E-01
  2.99038091422116640E-01  2.16084725331949590E+01  1.47986451599075310E+01
  3.93024383017402490E-01  2.76016508176018720E+01  1.83495450979670200E+01
  2.53364602799301860E-01  4.66080107110871640E+00  2.21338655787577670E+01
  5.48463672908306780E-01  2.17172781907949820E+01  1.61398486247664850E+00
  5.63660960642019760E-01  7.66865280537169180E+00  2.87314486251562610E+01
  4.99487474973056500E-01  1.97156412522623160E+01  2.03559120058836700E+01
  5.32488384254616510E-01  2.38375770664149900E+01  1.89181723978379420E+01
  3.62493203924014780E-01  2.12402866158142950E+01  1.40976169326243270E+01
  3.90540239164096370E-01  6.74503527384694030E+00  2.54032425913552370E+00
  6.25248164210708260E-01  2.77048336089140470E+01  1.34732765104023130E+01
  3.93024383017402490E-01  1.62848420820608200E+01  2.32743865537556260E+01
  2.83517655556827110E-01  8.94983022341450330E+00  2.81612479545178190E+01
  5.16562546778196820E-01  2.93556836738703450E+01  1.30595365893879280E+01
  5.96777348356598920E-01  1.98291344071833000E+01  1.08591322581133040E+01
  3.35017483125717060E-01  2.61463049777642720E+00  1.04222824416591210E+01
  5.69344335137112000E-01  1.16817336999687940E+01  1.95407551902308100E+00
  5.55509338843663690E-01  1.14709448347365600E+01  2.25539915788012810E+01
  4.09775903561979240E-01  1.85686720455399940E+01  1.20513610502398530E+01
  3.20574425314766210E-01  1.07463110785694320E+01  2.05206926205506480E+01
  5.39466591144820300E-01  2.19153739193737170E+01  2.73077291879081870E+01
  5.18725390566230620E-01  5.79928858987621340E+00  2.47539085270148010E+01
  3.62493203924014780E-01  2.52928363642878940E+01  1.35247008874354290E+01
  4.23675716525973380E-01  6.71465546340867990E+00  2.90332174976941030E+01
  4.13050329149462850E-01  1.35745074117760040E+01  2.23775561295260490E+01
  3.01731430220296380E-01  2.60902413817759150E+01  8.45536554257497560E+00
  3.48156346672602490E-01  2.81928646542562720E+01  2.58061446995931510E+01
  6.83531487369900860E-01  2.21686652275312280E+01  1.64708130465104360E+01
  3.27197753470684690E-01  1.15777370712201400E+00  1.08303411570542900E+01
  3.50974061745161330E-01  2.56972405425926130E+01  2.87691553206190780E+01
  5.77649046292645880E-01  2.35980247314030330E+01  1.48203775716993280E+01
  5.13614394364816020E-01  2.76350640354106080E+01  2.03999552483965370E+01
  7.17953871372127320E-01  1.53213139775995600E+01  1.48574396713922000E+01
  3.01731430220296380E-01  2.30325787650021640E+01  2.44133117890899600E+01
  6.14584822297879540E-01  2.59382413123357230E+01  2.34250936334414100E+01
  4.69641390777102340E-01  2.37952109443460350E+01  4.14721085008094900E-02
  4.49154676673646060E-01  5.11041488114800480E+00  1.36816323642910400E+01
  4.82268891960512480E-01  2.27023743621791850E+01  1.91446256236627620E+00
