1
  1002  2.96924426640336700E+01  2.96924426640336700E+01  1.00000000000000000E+00
        0.00000000000000000E+00  0.00000000000000000E+00  0.00000000000000000E+00
  4.99487474973056500E-01  2.12335719962296420E+01  2.25125243746492670E+01
  5.32488384254616510E-01  1.05409839015224800E+01  2.60512509074241410E+01
  3.62493203924014780E-01  1.88431257416582160E+01  2.33132350560452610E+01
  3.90540239164096370E-01  9.22434110024538790E+00  3.44187166234732440E-01
  6.25248164210708260E-01  1.38628737580836750E+01  2.54367344570558560E+01
  3.93024383017402490E-01  2.79918134752029530E+01  1.39732270628308070E+01
  2.83517655556827110E-01  2.16162296864756590E+01  4.90030481874241100E+00
  5.16562546778196820E-01  1.07930729762217940E+01  9.66655513366187160E+00
  5.96777348356598920E-01  1.18405351864588710E+01  2.96415836996081690E+01
  3.35017483125717060E-01  2.72249367089537730E+01  1.51044738287343240E+01
  5.69344335137112000E-01  2.49505753133138800E+01  6.98821051938570910E+00
  5.55509338843663690E-01  1.46861405498105770E+01  2.15725743171233230E+01
  4.09775903561979240E-01  2.54090076505366680E+00  2.68002903284355260E+01
  3.20574425314766210E-01  6.42158046692160140E+00  2.70132577845339310E+00
  5.39466591144820300E-01  2.01772050891427350E+01  6.43022705276401930E+00
  5.18725390566230620E-01  2.91916532679493060E+01  1.05915441052365300E+01
  3.62493203924014780E-01  2.82913853627227570E+01  1.92601896360923700E+01
  4.23675716525973380E-01  2.66016971664315740E+01  3.36371392873805110E+00
  4.13050329149462850E-01  1.46072734157129280E+01  4.06911588755041540E+00
  3.01731430220296380E-01  4.89592254920188100E+00  1.94764973088075060E+01
  3.48156346672602490E-01  2.92144030524346260E+01  3.46529576570707350E+00
  6.83531487369900860E-01  2.34131689738082720E+01  1.22369969250182540E+01
  3.27197753470684690E-01  2.28737174369666260E+01  2.55581591516576690E+01
  3.50974061745161330E-01  2.89142978465875200E+01  7.30974742002871910E+00
  5.77649046292645880E-01  2.58219897111489960E+00  7.31605570002480300E+00
  5.13614394364816020E-01  5.83385787664597810E+00  2.12303444817994950E+01
  7.17953871372127320E-01  2.83380560541549360E+01  2.63587076716158820E+01
  3.01731430220296380E-01  2.60320427544677460E+01  8.74521187498061000E+00
  6.14584822297879540E-01  4.25403958880786700E+00  1.44738206082206910E+01
  4.69641390777102340E-01  1.99077689139874680E+01  2.03331838126780230E+01
  4.49154676673646060E-01  2.14980441466149870E+01  2.92364462402694300E+01
  4.82268891960512480E-01  9.24224054258277760E+00  2.49910018981034870E+01
  6.26908127420837150E-01  4.13764787925361870E+00  1.74497041867135750E+01
  2.50971712925384870E-01  2.79501365796970230E+01  1.87514115563001520E+01
  2.62213147743524950E-01  1.55978562165574490E+01  2.04042033337288410E+01
  6.45167794061425240E-01  2.63193715851917990E+01  1.54795476379113470E+01
  5.94931591270377070E-01  2.55104572286447340E+00  1.04738880864759610E+01
  7.68548325332126940E-01  2.88532802539161220E+01  1.82787528665912400E+01
  4.36195486319121350E-01  1.92759140302214650E+01  2.22190658492731070E+01
  5.33066537704075310E-01  9.81134528173226880E-01  1.61121007227736720E+01
  5.62178328188990490E-01  6.96736056914914940E+00  9.15586181071553900E+00
  2.97561439636419770E-01  1.66252291633631000E+00  2.57690078239451520E+01
  4.82771447840326400E-01  2.41542242837565160E+01  2.84495750956065620E+01
  6.61562106526255890E-01  1.34234514501578680E+01  8.35543154630489230E+00
  5.04339573614743570E-01  1.44857771599257550E+01  1.88215970184313690E+01
  3.45648959319623030E-01  2.14287002349970520E+01  1.98300764674300400E+01
  6.95947079841625180E-01  2.29336907866936630E+01  1.96803213104330720E+01
  4.75626642073745920E-01  2.54193263368073340E+01  9.29798828004006950E+00
  2.57534358191145160E-01  2.13584015309316970E+01  2.85439035307192450E+01
  6.30423428531534040E-01  5.56204576049092210E+00  2.58769459834200500E+01
  3.25516939164680520E-01  1.66797215603437510E+01  5.46449403727036740E+00
  3.14110289759674140E-01  2.57879096010683320E+01  7.26719133539760520E+00
  3.99477862283745790E-01  2.73157866203320620E+01  2.93625272659247220E+01
  6.47236078597052340E-01  1.81230969389136870E+01  3.09188737764833950E+00
  5.28731261397185740E-01  1.72043683185225650E+01  1.69525315510601120E+01
  4.43807889241729470E-01  1.27961524006586660E+01  1.77436518505270870E+01
  4.82268891960512480E-01  1.58451416266799220E+01  1.97028449601527210E+01
  4.30858982518450690E-01  2.14585253411090840E+01  1.15184322691816550E+01
  4.18947112612636110E-01  2.62474630117924780E+00  1.85583104484064060E+01
  3.50662231740508900E-01  1.61196240809966580E+01  1.55147904736684800E+01
  2.85767805251094040E-01  1.37413654033335360E+01  9.99365391304606730E+00
  3.45648959319623030E-01  8.57712805017017030E+00  2.44981509659162950E+01
  3.45648959319623030E-01  1.18014262613575500E+00  7.59462936684375480E+00
  6.42005949159872720E-01  1.81390464063223360E+01  1.76553289657835750E+01
  2.74003615458356760E-01  5.52296134544201770E-01  8.99131683703622460E+00
  3.87653287431749970E-01  1.73497048887836270E+01  7.26207368204486860E+00
  4.18948713530687210E-01  3.26565542234848350E+00  1.52722411367102210E+00
  4.53451232343747090E-01  1.61250948067255320E+01  1.15285502179648790E+01
  4.21603844523193420E-01  6.47302749730127490E+00  1.35763551853907140E+01
  2.62213147743524950E-01  1.94843564025292830E+00  8.83987280325863270E+00
  6.94903868090152520E-01  1.62015264425754890E+01  2.85958437236231510E+01
  6.31563936872940970E-01  1.03312135991508600E+01  1.35394950745881600E+01
  7.01778375544082420E-01  1.10362308144603160E+01  1.72541940173526170E+01
  3.46434506905438330E-01  6.13147029980254650E+00  1.55783696172294960E+01
  3.50662231740508900E-01  2.24810032242203060E+01  1.72969465749164540E+01
  3.01799748246536660E-01  2.82539476456284150E+01  1.33305593322126900E+01
  4.41298336829792340E-01  4.32072227025181380E+00  1.63975504019763820E+01
  3.39481361119070080E-01  2.08427544798995750E+01  1.56088338462102600E+01
  3.83181557852844270E-01  2.90587692014238640E+01  2.55274858316593620E+01
  6.75156127532392600E-01  2.92145342168840580E+01  1.47548040900504280E+01
  2.73281005279713530E-01  5.90892943088785570E+00  1.59809813660836890E+00
  6.65634982039605120E-01  1.54580002714434620E+01  2.31568249235303720E+01
  2.54824432159977790E-01  2.94179760902709160E+01  2.61962098063792150E+01
  2.84029264846615530E-01  2.68628870852809950E+01  1.98225118284449240E+01
  4.62836237406567810E-01  2.46402888299571040E+01  1.34871994904313240E+01
  3.33973424357718240E-01  1.08576094038765250E+01  1.62351512773655850E+01
  4.91872428060923640E-01  2.74332356653399960E+01  1.10525407822068440E+01
  5.52490392167627680E-01  2.41016299277624100E+01  2.46520605981558380E+01
  5.39466591144820300E-01  2.17948707761999860E+01  2.56213887120443430E+01
  5.65219172841477580E-01  5.91081856659922880E+00  3.55069062396672890E+00
  3.53776024442120150E-01  1.38654687825324490E+01  1.59661268355959740E+01
  5.54611473665029210E-01  2.12030931175721630E+01  9.89872348408695400E+00
  4.81368497469048420E-01  1.70994607194781240E+01  2.70166358683045050E+01
  2.84672167568555990E-01  8.50542001850316790E+00  6.43590234011799730E+00
  3.06898385793053400E-01  2.03675698581918850E+01  1.00989191883541520E+01
  4.49954956992444630E-01  1.34260668851144120E+01  2.87943109109351380E+01
  5.88686278844574580E-01  1.06393556153016890E+01  1.85712002804087040E+01
  4.36315933331792570E-01  1.02235448201693780E+01  8.13828338126903010E+00
  5.46155746035104350E-01  2.44075957014744600E+01  2.34283883215940070E+01
  4.11346310528290360E-01  2.10934288197907010E+00  1.93524335075717350E+01
  7.44650008855257360E-01  1.92879009650053630E+01  1.40482712642273600E+01
  4.68162992243922280E-01  5.79338352057962510E+00  8.65722447039677330E-01
  7.11073931023246340E-01  2.67176035320376390E+01  1.41839917680355100E+01
  3.02034441597155470E-01  1.91669269590343010E+00  1.11063395813273530E+01
  5.12509616084684260E-01  1.77850007492997230E+01  2.62988004806747710E+01
  3.40422717275118370E-01  3.96055348675918850E+00  3.65224512688528070E+00
  6.65634982039605120E-01  8.32727193090926040E-01  2.52726999273794920E+00
  3.75295693565172690E-01  1.23131081981145960E+01  2.65210274186243640E+01
  4.75626642073745920E-01  2.20549500375659870E+01  1.80039430811512060E+01
  4.72038094207023740E-01  2.46591180277021630E+00  1.13553239467473400E+00
  4.29902962432020440E-01  1.25718171395736660E+01  1.26147631400805410E+01
  5.68910711623079470E-01  3.41463245708241030E+00  2.01945666664103350E+01
  3.07263188066738420E-01  2.18499062175657630E+01  2.47765584384004570E+01
  6.10911033360540580E-01  4.48144214210226810E+00  2.52674907979213400E+01
  3.43353541919950760E-01  5.43788389156616430E+00  2.87229246262425200E+01
  3.15231116497538320E-01  2.19364834235151420E+01  8.97601682430640580E+00
  3.78068289465320630E-01  1.09357736560410110E+01  1.21184261224455470E+01
  2.54824432159977790E-01  2.90498654544881810E+01  2.22989967921071500E+01
  5.44558358435121190E-01  1.96198081241264500E+01  1.93616883903721690E+01
  3.56000803327192820E-01  2.81289182811150840E+01  2.94001919963689670E+01
  3.13454063710418570E-01  8.36467269557214620E+00  1.30332225495827280E+01
  6.12591031919131530E-01  2.77751350063059020E+01  1.87328152719861620E+00
  6.47236078597052340E-01  1.42981636206678710E+01  7.38165673073580120E+00
  2.65726189967390210E-01  1.08933472812349820E+01  2.27324826637180520E+01
  2.96653470797716330E-01  1.67190288430705140E+00  2.12154513758496890E+01
  3.45648959319623030E-01  8.59647029256807290E+00  2.21392215513312500E+01
  3.13454063710418570E-01  2.23455385697434250E+01  1.35436174644173700E+01
  3.39073066583844400E-01  2.46041739787059300E+01  7.82707423313684900E+00
  2.96256570285591500E-01  2.49637098504662410E+01  1.52436809991460500E+00
  4.19081387041561550E-01  1.15953109507648920E+01  2.27008352046192880E+01
  7.08391389715138510E-01  8.13425204262571630E+00  1.07173459694305770E+01
  7.16035261746952050E-01  2.52871754385320390E+01  5.74800604458795840E+00
  4.43133439323318520E-01  1.22262397394807520E+01  1.84793989123058110E+01
  2.73281005279713530E-01  1.78641229430225930E+01  1.57089248434955520E+01
  3.35017483125717060E-01  7.98840192892028790E+00  1.84104716346322310E+01
  5.09222041678605210E-01  7.79683744311112030E+00  2.18380457415093900E+01
  4.27719079604653450E-01  3.19823931399124860E+00  8.31997268081868850E+00
  5.81299825206354370E-01  2.79476728682838380E+01  2.15506480798995350E+01
  5.46155746035104350E-01  9.91675756895345730E+00  9.73662541197067100E-01
  3.05466220251299840E-01  1.73377198836093560E+01  8.57352961828272160E+00
  3.11838068626578210E-01  2.44147236787366140E+01  6.28988215632126570E+00
  6.27423008989955560E-01  2.72801299892232940E+00  9.26572346093034760E+00
  7.12424816007452400E-01  1.93429492905385100E+01  1.25935422215255940E+01
  4.41140732643827070E-01  1.23520931057602130E+01  9.56654490469067300E+00
  3.80273533482480450E-01  2.25019313292106600E+01  3.46191856341364000E+00
  3.29796701345061780E-01  1.09321701942061650E+01  2.52689864765542180E+01
  4.15252526658189590E-01  2.37782868258852180E+01  1.55743101636906420E+01
  2.59062449636064510E-01  1.30893583725819140E+01  2.01306363451549970E+01
  6.18419083689772810E-01  2.52085673352274070E+01  2.42734926825889200E+01
  5.04213456464067280E-01  2.49160836620618690E+01  2.78234096615057990E+01
  3.48156346672602490E-01  5.08679550306759690E+00  1.65822463371973540E+01
  2.89042915761794110E-01  3.35838489672628300E+00  1.43642093797598260E+01
  3.05466220251299840E-01  1.18411215924351030E+01  3.86595839087121100E+00
  6.49919166153384610E-01  3.10704855242076940E+00  2.58428595659511550E+00
  6.14379095469630790E-01  2.06887461019926420E+01  7.46417132604407210E+00
  7.00411917450214720E-01  8.09364871983462390E+00  1.50306130262325870E-01
  5.69344335137112000E-01  2.62031064508391970E+01  2.90771464082025870E+01
  2.57564851167384970E-01  3.83681212422537590E+00  2.73371042716456540E+01
  4.13050329149462850E-01  1.31854363652456370E+01  2.45710888336946920E+01
  6.18419083689772810E-01  1.71815427058339730E+01  1.37889226931975660E+01
  4.26523982883737140E-01  7.02094452727130490E+00  4.89898682659989860E+00
  3.78209123272245940E-01  2.96045358857281510E+01  2.19954624019283860E+01
  2.63055759251188670E-01  1.47516954738024510E+01  2.54037291397946840E+01
  5.00274833943758600E-01  1.29359873819531690E+01  2.96073220709599060E+01
  6.01687927537542500E-01  2.29629641285054650E+01  1.49673294533904890E+01
  4.86073626967704090E-01  9.51371658943543610E+00  2.18522426672588530E+01
  7.62474117278193650E-01  2.17724400853007650E+01  2.13725091246337190E+01
  4.87886881528419990E-01  2.41459821067079790E+01  5.19899015473578530E+00
  2.99038091422116640E-01  1.43253725306919740E+01  2.35011023993647720E+01
  3.50974061745161330E-01  1.58627786700341320E+01  1.88704688177770130E+01
  6.10572080928614460E-01  1.47173335645704470E+01  1.72227525239347620E+01
  3.01731430220296380E-01  1.48030362239116280E+01  2.38652776802458990E+01
  2.59062449636064510E-01  1.25669960023879760E+01  2.40095433118465670E+01
  6.99477888048091770E-01  2.69601164634841910E+01  6.61332253312414050E+00
  4.41666133880560000E-01  7.55573500500505800E+00  1.97899499117283640E+01
  6.86210935380316480E-01  4.43961807153278710E+00  2.65628128428929920E+01
  5.27425300578987690E-01  1.43107754700345370E+01  2.74553370782428520E+01
  7.54505484792745040E-01  7.32455637839827210E+00  1.69191771811378120E+01
  4.11696508529454960E-01  2.72511094874888220E+01  1.59753066990042200E+01
  6.26517897412854200E-01  1.01826332276864590E+01  7.07858961432953390E+00
  5.72142532162989690E-01  1.60121945237082950E+01  1.40124052468564160E+01
  3.47451934045076260E-01  3.76297310502950430E+00  1.36465549539563930E+01
  2.57564851167384970E-01  2.36895471958952300E+01  9.99874524392282280E+00
  5.33859136323620030E-01  2.08684216929714740E+01  3.42702547409346230E+00
  2.69169509893181310E-01  1.07027823950793050E+01  1.27206611227471970E+01
  4.24351701398837560E-01  1.41290236373472540E+01  6.32362774230313280E+00
  3.11762329988951370E-01  1.85373115559144570E+01  4.90064199525589220E+00
  3.50974061745161330E-01  2.25200481355183160E+01  2.61364247129960280E+01
  2.66929568161810020E-01  1.47932394060654990E+01  1.80994647662048750E+01
  7.20816873845379820E-01  8.71933891073418720E+00  2.02392526925724460E+01
  4.22201084465533680E-01  1.34161983243122300E+01  6.77950814676593970E+00
  3.09209541844886400E-01  1.72390203943069590E+01  5.76393407991133170E+00
  2.62213147743524950E-01  1.51966403408707330E+01  2.00675437873565770E+01
  7.60411681679863700E-01  1.97467717130111710E+01  1.56994543747873400E+01
  6.67521681419926690E-01  2.41055753676167620E+01  1.66060587262925520E+01
  4.37954134865551840E-01  1.95912376716757950E+01  2.62806313067978010E+01
  7.16654247500547470E-01  2.18913320968419710E+01  1.57336690771596360E+01
  7.12424816007452400E-01  2.29617344922329810E+01  8.90620249536372730E+00
  3.61198882346046800E-01  1.56699317380400790E+01  2.65701408521839080E+01
  3.82245446386266610E-01  9.98484197039517160E+00  1.00560900866180080E+01
  3.58737518624021320E-01  1.19956538386058630E+01  1.77041095331469940E+01
  5.81547682683179710E-01  1.18122532642368190E+01  2.13253601038072120E+00
  4.21963532045373490E-01  2.43983183440816870E+01  2.22217447634919730E+01
  3.12648490279368120E-01  1.16187780833741070E+01  9.73704158614578570E+00
  3.25036994184950640E-01  2.34532088362790710E+01  2.76678827720699050E+01
  3.83290088603488770E-01  2.20198384106278550E+01  2.02540324303416350E+01
  2.93443024193560210E-01  3.35331195549846100E+00  1.22516570662666610E+01
  2.66929568161810020E-01  2.50604119151758590E+01  1.28906264916513070E+01
  2.99038091422116640E-01  2.00812030515132280E+01  2.83027746409274310E+01
  6.00040109246873770E-01  6.03164904793093100E+00  1.65186043856040570E+01
  7.14535578675763720E-01  1.32825029095496420E+01  2.33497548369562440E+01
  3.06898385793053400E-01  4.53424943215627520E+00  1.35975348089497000E+01
  3.45648959319623030E-01  4.62535649111048210E+00  2.30601942585255200E+01
  3.87046365911375680E-01  2.77786683779580630E+01  5.17112132946468610E+00
  6.56539952722306990E-01  4.89689269434936940E+00  9.41043435418945150E+00
  5.07436062422724900E-01  1.23816361482071300E+01  2.04235055491303190E+01
  7.39270392714900380E-01  6.43653583242449830E+00  6.02314508885381090E+00
  5.38024295323284910E-01  1.89134299663943430E+01  1.85430216805458910E+01
  7.33199636544987770E-01  3.67883163727812650E+00  2.85177881025979650E+01
  6.31923671661538840E-01  2.15678911263557290E+01  2.38808129412266260E+01
  5.72951670348821020E-01  9.99536346893382090E+00  1.46946794437375580E+01
  6.40456937776772590E-01  1.51277236060851340E+01  3.15365330592301120E+00
  4.77241894706072770E-01  2.03521958426373320E+01  9.31532907730944080E+00
  7.64764367446448820E-01  1.73128918196225750E+01  9.64284199978669320E+00
  7.16535845940979770E-01  8.96447461421341530E+00  4.24501100995061000E+00
  3.10705613459761840E-01  2.09918827426772910E+01  1.62691702196546970E+01
  3.89901968262705180E-01  1.58463820250871700E+01  1.30654579566726330E+01
  7.15011499502423580E-01  1.19309403153478400E+01  1.16685244834585190E+01
  7.60297905848187840E-01  1.13165544766165170E+01  1.45234441776045780E+01
  2.65726189967390210E-01  3.34257977919827280E+00  2.13141245444427060E+01
  4.53492046339069340E-01  1.54125173508059420E+01  8.50460267975999610E+00
  5.18725390566230620E-01  2.14685488370728170E+01  8.28583049549322230E+00
  4.24020504903543660E-01  8.73420442606973250E+00  2.13829448516731160E+01
  5.17634268500846420E-01  2.01968273946291270E+00  1.62669815846174370E+01
  4.54567147313974470E-01  2.64720983174159400E+00  1.45789103945663460E+01
  3.65965634987757580E-01  2.93179207595153920E+01  2.68193519875488240E+01
  2.96256570285591500E-01  1.20647246880385490E+01  3.30759046794804010E+00
  5.50543265074639000E-01  2.31238527986059910E+01  2.84920254831915290E+01
  4.46540105696671490E-01  3.58147196049268810E+00  7.53462940693173080E+00
  6.47236078597052340E-01  1.59320435484264070E+00  2.02761927500295020E+01
  4.82769235883485770E-01  7.88042067043197210E+00  2.86801571025088650E+01
  2.97529618718302210E-01  2.74020580107124370E+01  1.04318238006481550E+00
  4.13811620468168510E-01  2.42651536393355580E+01  1.76753545551650110E+01
  4.87785457169642190E-01  2.54404715645066160E+01  2.31920594287604440E+01
  3.41778742319800830E-01  1.80507785884081460E+01  2.10559667226175270E+00
  4.05793634226126800E-01  2.77955555560335160E+01  2.87160548709476120E+01
  7.14516279726398110E-01  5.07283548804701830E+00  1.55200085557120850E+01
  3.71799304162545760E-01  2.87038669425910700E+01  1.53025244682447620E-01
  5.77820253962530560E-01  5.12157024268181440E+00  5.96035232355709430E+00
  4.75626642073745920E-01  7.84307989981575030E+00  3.84271153607540410E+00
  5.46562010559427060E-01  5.89119947134032170E+00  2.94885125328027830E+01
  3.29506256422424390E-01  3.86851097972417930E+00  1.97010829689583570E+00
  2.62213147743524950E-01  1.60755361495279380E+01  8.23715693369314830E+00
  3.63105686475124490E-01  9.72403757671147590E+00  2.56850137452954180E+01
  7.08391389715138510E-01  6.97939239337339320E+00  1.15352940333428240E+01
  4.26578460793149810E-01  1.32508186294179580E+01  3.45382920594752510E+00
  6.08873319065221350E-01  8.56846442520361330E+00  1.59154569690209970E+01
  5.39466591144820300E-01  2.85420334387111120E+00  2.20381215417416070E+01
  4.66553963192992600E-01  1.17168767048375030E+01  1.05080757802667060E+01
  4.82771447840326400E-01  2.71248111766936400E+01  2.78189561954793340E+01
  5.13004586318856950E-01  2.55888648288260080E+01  1.37132198733922530E+01
  3.17084428049163950E-01  2.06805168710553850E+01  2.35380349408903560E+00
  3.50974061745161330E-01  2.59100062129454400E+01  6.61380057199090570E+00
  3.82382183723224410E-01  1.25249001893183710E+01  3.80605655046629380E+00
  3.77759649416993960E-01  2.39268240643975720E+01  1.47956537610110410E+01
  5.74203886104520670E-01  2.75336088956513300E+01  1.80400596726486530E+01
  4.11346310528290360E-01  2.25932573448861010E+01  5.88420604003864780E+00
  5.06367095649294540E-01  2.64739129843941580E+01  7.71553300217105690E+00
  6.01687927537542500E-01  9.81179317986036990E+00  9.08929348262266860E+00
  2.49794182180603610E-01  1.24860782368532880E+01  2.79274486786764660E+01
  6.11481049571092420E-01  4.71784480555621500E+00  2.93712143753008480E+01
  5.03927515451986880E-01  2.74565093079158660E+01  1.32210390962688870E+01
  6.35485889077753010E-01  8.52442774385580120E-01  1.37152526639226820E+01
  2.99038091422116640E-01  1.73549411418922780E+00  8.89403306781149890E-01
  4.22541054278063120E-01  2.34914512877520430E+00  8.28683568916830640E+00
  3.05466220251299840E-01  2.59754942273968230E+01  1.85591767351195360E+01
  2.62213147743524950E-01  5.29057498576060770E+00  3.37314159595866410E-01
  3.61769499680632390E-01  5.03618848438910670E+00  5.02531715160068690E+00
  2.47647088603063280E-01  1.60122975256409710E+01  3.23176515818402210E+00
  3.11155895623034430E-01  2.08129887265835880E+00  2.91640527018177490E+00
  2.66929568161810020E-01  1.78766572419799010E+00  2.90562855484418210E+01
  6.90395435464654740E-01  4.57144506754208900E+00  8.08988785591003890E+00
  2.96503602823160150E-01  1.81513957065085060E+01  2.10949013838899690E+01
  6.57722721512726150E-01  2.69390815161281980E+01  1.21818881554036570E+01
  7.24777883420223110E-01  6.50860656621467810E+00  2.68448988797274450E+01
  5.48279863025970290E-01  2.03247602921135060E+00  2.05904419131741090E+00
  6.40748513009616880E-01  1.01115380235376550E+01  4.96715251824717360E+00
  2.56092450391898300E-01  2.09713735890381090E+01  2.32229835575020010E+01
  7.17499092254363010E-01  2.26565518930426490E+00  2.81938337462274720E+01
  4.66141488621800890E-01  2.20813395298980810E+01  2.85315763174274260E+01
  6.33759023001558490E-01  1.47648886260049590E+01  1.07497965845729590E+00
  5.48279863025970290E-01  1.03182808838727670E+01  3.79818976988847500E+00
  4.19081387041561550E-01  2.36084471457261170E+01  1.18082339980308130E+00
  5.70902198024309190E-01  2.49056184866417670E+00  1.75712744972463040E+01
  3.17950877609215300E-01  1.96229138894595360E+01  2.44946096914979810E+01
  5.96963967672292380E-01  2.37874055818743950E+01  2.94647792331651460E+01
  6.18832453479690690E-01  4.35936671381092640E+00  2.78011130428535490E+00
  2.63339374245984010E-01  2.32431110761739500E+01  2.07690148446342310E+01
  3.55036581058269410E-01  1.66866305698109600E+00  2.51001683541463940E+01
  5.84913004272127690E-01  2.90012245069151260E+01  1.92276482735543260E+00
  5.77235448209733180E-01  2.71078566599030740E+01  2.67607043279169580E+01
  5.01105313190319460E-01  1.17591157073699420E+01  2.71972552851419670E+01
  3.83598938984435380E-01  1.94136788845202770E+01  9.33291637390055230E+00
  5.98360795606824340E-01  7.80899596235022030E-01  1.49445515337801820E+01
  3.41778742319800830E-01  5.06823877805575580E+00  1.88580411841986190E+01
  3.29796701345061780E-01  1.05863489809299200E+00  2.56009941936530580E+01
  3.84420431658369740E-01  1.73236691116360040E+01  2.44088822932499920E+00
  4.91872428060923640E-01  2.40757135481232250E-01  2.55274703563990780E+01
  2.93443024193560210E-01  1.92368658130646960E+01  2.14914272004438440E+01
  5.81299825206354370E-01  1.27040366581872400E+01  1.93850658492475110E+01
  5.68243553274813350E-01  6.50983785693857890E+00  2.03858486269711460E+01
  5.39001667068871980E-01  1.95076744533525610E+00  1.19460451087357010E+01
  7.01587183784351610E-01  2.84371455362854700E+01  1.68692277670689070E+01
  4.45239477383046460E-01  1.52382939964562140E+01  2.79863632744442190E+01
  5.39001667068871980E-01  1.64065298653813300E+01  1.05784330520243000E+01
  2.86134314477376340E-01  4.63016791346605320E+00  2.06821899437034240E+01
  7.70254277643880240E-01  1.68719005823884030E+01  2.56831635911005660E-01
  3.45648959319623030E-01  1.02584275576770930E+01  2.52210778759914620E+01
  3.39481361119070080E-01  2.57796597265109000E+01  1.46563350189815240E+01
  3.04461637453634990E-01  1.81222640504394740E+00  7.74596190227726210E+00
  5.20369884994360540E-01  9.09150663310012420E+00  9.94925873200418920E+00
  2.65726189967390210E-01  2.88564695486251490E+01  2.35933819139853470E+01
  6.26908127420837150E-01  5.98064957671334700E+00  4.73789632777153890E+00
  3.48480710258510130E-01  9.29294494854122810E+00  1.52903339767795590E+01
  2.96653470797716330E-01  1.15271913500272800E+01  2.54649140990740650E+01
  6.31923671661538840E-01  2.49712887840233790E+01  1.97197713695411350E+01
  4.09705559579089850E-01  1.24206507021759250E+01  2.26281508354394630E+01
  6.72499163702481620E-01  2.33134043725257950E+01  2.79374510375048150E+00
  2.84029264846615530E-01  2.95692141015209200E+01  1.26759840295332180E+01
  5.34631033075580400E-01  1.87337621579183420E+01  2.67366642713268060E+01
  6.17076625982510940E-01  1.46695386682901320E+01  1.26088742491895380E+01
  6.55074006360275090E-01  4.09918258906613260E+00  1.12617938378755120E+01
  5.46562010559427060E-01  9.17282184174569440E+00  1.33259764529611500E+01
  5.17626013175185660E-01  2.29317976959142700E+01  1.01613580134999690E+01
  5.82207618145930890E-01  1.57705789232746320E+01  2.12295229480442130E+01
  5.98268629341587580E-01  5.58956311096305660E+00  2.77937015889439320E+01
  5.34553382826858140E-01  1.40918476583890960E+01  2.43009419764253810E+01
  3.76753951196820710E-01  2.25817220604831550E+01  1.28940873239911350E+01
  7.52518120402026810E-01  1.92551418640051320E+01  1.57627525573451650E+00
  4.81368497469048420E-01  1.66176310552693560E+01  7.72919751868190550E+00
  6.47413426355271770E-01  2.54453901706579200E+01  7.13525041985216650E-01
  3.05466220251299840E-01  2.22807152438036130E+01  8.15014972823177430E+00
  4.46689977500956030E-01  6.96380565958038740E+00  2.23064907063556990E+01
  6.18566685513849460E-01  8.83417741359463630E+00  1.44390377228987480E+01
  5.36592099856838090E-01  1.09484834778213430E+01  6.46945439344735540E-01
  5.09574347305064630E-01  7.74700552331585700E+00  2.28550858368590470E+01
  4.92328788949218680E-01  2.25767493547396860E+01  2.33849603574107730E+01
  4.83351594707823830E-01  3.45997797426390190E-01  3.56739823512771540E+00
  4.40650972415989980E-01  2.87865447094570040E+01  2.74261522834306780E+01
  6.10911033360540580E-01  2.63678141342768630E+01  2.26031733776775070E+01
  4.34172467284937990E-01  2.77329500331117420E+01  3.90674527453564340E-01
  7.03188417218805210E-01  1.75339994114739920E+01  1.10938722716155470E+01
  2.92799561075502800E-01  9.21439259594576400E+00  5.22208227580710990E+00
  5.68243553274813350E-01  2.63050968569369490E+01  1.02986123654679340E+01
  4.60682082706054620E-01  2.23913044161422730E+01  2.24272706367012160E+01
  6.41715074739605920E-01  2.60310784504705590E+01  2.75621174447384330E+01
  4.55206736325743130E-01  2.24949647889342760E+01  2.77096049125916010E+01
  4.22201084465533680E-01  1.40971225645277990E+01  3.40808033823825960E+00
  3.63079661055833470E-01  1.29236977877738650E+01  5.24830239562433580E+00
  2.63055759251188670E-01  1.14162575067370610E+01  9.20006135689746610E+00
  5.32877675645020420E-01  1.36297051216963960E+01  1.68711194050254680E+01
  5.77235448209733180E-01  2.86510537711324320E+01  8.19870185569248560E+00
  4.09775903561979240E-01  2.71633363564673760E+01  2.32407072394794940E+01
  6.93187364831086050E-01  9.71202864898073240E+00  1.76873090213091330E+01
  4.30054269381220950E-01  1.66097429540087590E+01  8.67700367799290010E+00
  5.07436062422724900E-01  2.58125784405001470E+01  2.87095401498906440E+00
  2.49948351789403130E-01  1.85974977728582220E+01  2.33153302154743040E+00
  3.16022212934137680E-01  2.02941895058164800E+01  4.56638385210884310E+00
  4.72818350263822220E-01  1.50416013718486350E+01  1.36323081981948030E+01
  4.46689977500956030E-01  1.74451680077901920E+00  1.53438061302218220E+01
  4.74581552528920360E-01  1.68058765344772780E+01  2.14402167470772720E+01
  4.86590143357422540E-01  1.18706121973374260E+01  2.18394062941137720E+01
  2.73281005279713530E-01  9.11551744917706050E+00  1.07424883648233750E+01
  5.20515140446715560E-01  1.76139089370344150E+00  4.40800771737425730E+00
  4.13811620468168510E-01  1.25841142470205710E+01  6.70727708401403340E+00
  3.81419328643079860E-01  1.52199029605980910E+01  2.71607944370646730E+01
  4.05593309893122810E-01  2.14054373693348550E+01  2.78790946604378400E+01
  5.85380732291966590E-01  2.25806489098064520E+01  1.07484354200614800E+00
  4.06599624824484800E-01  2.39676220042026560E+01  9.39566541495668340E+00
  6.40456937776772590E-01  2.15526823258206410E+01  1.42062990771415690E+01
  4.75626642073745920E-01  2.38413167926600520E+01  8.10904433453023900E+00
  5.09222041678605210E-01  1.30937015811799250E+01  1.55810882083657150E+01
  5.77820253962530560E-01  9.11548876235906390E+00  2.90762198287375890E+01
  3.80273533482480450E-01  1.06353406590314710E+01  2.39775247284198300E+01
  5.01406606281285510E-01  2.84500412244419960E+01  9.88292729355475790E-01
  3.59079136884617700E-01  1.84534166872424770E+00  2.63995154631091540E+01
  5.94092381958372510E-01  9.52550491340631740E+00  6.05197395676069760E+00
  2.54611020839302520E-01  8.13615764050582340E+00  1.93764764740104030E+01
  4.99223721401470310E-01  1.84088165975300200E+01  1.02713577991132750E+01
  2.54611020839302520E-01  1.50771666062626810E+01  1.18318392539118840E+01
  3.20574425314766210E-01  2.41101289833898030E+01  2.76486948132148560E+01
  2.85767805251094040E-01  7.15693220064287330E+00  2.60705377989486710E+01
  2.54611020839302520E-01  2.41183484813250430E+01  6.77279426865673530E+00
  4.12246671516209600E-01  2.88802140337170310E+01  1.29901200212732350E+01
  4.41298336829792340E-01  1.10490249646720430E+01  7.82119100804963810E+00
  7.09985914168247060E-01  4.28992798382100740E+00  1.26116848885349950E+01
  6.80956647410425740E-01  2.17659567429850080E+01  2.68408523877351470E+01
  4.75338540515479570E-01  9.99841864081321850E+00  2.96489188417926110E+01
  7.49588614928249000E-01  2.02753457707577990E+01  2.15812497201560450E+01
  4.74033319401206570E-01  2.11878272663875650E+01  6.49708107513665570E+00
  5.20515140446715560E-01  2.94229327925290600E+01  6.80608334923103090E-01
  5.48131117613959250E-01  1.61281198183330550E+01  2.73554715600713650E+01
  3.46733456860136300E-01  2.01472147737726100E+00  2.17586009953779930E+01
  6.97384645011991290E-01  5.89556477990614880E+00  8.49707214804277020E+00
  3.78209123272245940E-01  8.33921535063836040E+00  7.64087034127606920E+00
  3.82382183723224410E-01  2.65746587255495540E+01  1.12085609423432280E+01
  4.46537248270915300E-01  1.10727418576106870E+01  5.46954269771109210E+00
  6.08690451339190200E-01  2.03158137660128060E+01  1.69432444479307520E+01
  2.59062449636064510E-01  1.64489139737720540E+01  1.33063782906976390E+01
  4.43756654693070110E-01  1.42380328610922560E+01  2.84230256191235530E+01
  3.18942867500738640E-01  2.24040827912493010E+01  1.66326038827366210E+01
  7.16535845940979770E-01  1.84130988122029220E+01  2.91519547008536330E+01
  4.62836237406567810E-01  2.24108248748964800E+01  2.10823859291067840E+00
  6.97384645011991290E-01  1.25415156452970220E+01  2.54748472086094180E+01
  2.47647088603063280E-01  7.49536059209887640E-03  1.39707088591664000E+01
  4.05793634226126800E-01  2.58854075673890520E+01  3.78003182854987200E+00
  5.37364664263313330E-01  1.73936779140412700E+01  1.52186190352365200E+00
  5.72881440675418570E-01  1.01691458375928750E+01  2.86151530715253200E+01
  5.04213456464067280E-01  1.82335189243860190E+01  1.93310534672505380E+01
  3.86557871019070410E-01  2.95935516429356690E+01  1.33459098457355320E+01
  5.62178328188990490E-01  7.56364602498474880E+00  2.07931446264535640E+01
  6.41715074739605920E-01  1.99747699796859020E-01  7.47896697197583120E+00
  4.54567147313974470E-01  1.71520737939372410E+01  2.79498122292940290E+01
  3.97011970696729720E-01  9.42838164113362430E+00  7.89012174693215760E+00
  3.99477862283745790E-01  7.58123611195589580E+00  7.46910852147662130E+00
  5.15931587153482510E-01  1.18178186281222480E+01  7.23231227452809300E+00
  5.98026541173087530E-01  5.96481053874207050E+00  1.85806070933758500E+01
  5.94917806945655060E-01  1.75875560576285110E+01  2.21693831367075800E+01
  3.86557871019070410E-01  1.27338748572447740E+00  2.77122955771067010E+01
  5.52347772924787250E-01  6.33166102150868950E+00  1.26141699329653980E+01
  4.05793634226126800E-01  1.88136525210175910E+01  5.06634091959622170E-01
  4.66753989857397040E-01  2.66436375535785070E+01  2.58271453832781970E+01
  6.77666041374141330E-01  2.04038222420069150E+00  1.31589064277057000E+01
  3.23306573977224420E-01  3.50364680941285030E+00  2.39350621990068010E+01
  6.88340418185590860E-01  1.15771738650907880E+01  2.44812221820754980E+01
  4.11696508529454960E-01  4.43392931290844850E+00  2.76585793214824670E+01
  4.03052389307286420E-01  1.49960963982640860E+01  2.87985459026705290E+01
  2.97529618718302210E-01  1.22175567494569460E+00  2.16023351188461490E+01
  3.13090147150790890E-01  1.94139590342452020E+01  2.29542183901597100E+01
  5.01435669612667030E-01  1.35028725383550710E+01  1.26295810398774990E+01
  5.26482748420329030E-01  1.88273690261205500E+01  2.42015908301122240E+01
  6.75156127532392600E-01  2.06033679638649010E+01  1.11117945064337850E+00
  7.20816873845379820E-01  1.20454881320311100E+01  8.44622705451688380E+00
  5.30006102735105960E-01  1.50783880130275780E+01  6.41954108609397080E+00
  3.43353541919950760E-01  1.48060325379498640E+01  1.96057657976833110E+01
  5.32877675645020420E-01  2.33323863687933940E+01  1.75231342586844220E+01
  6.44956217916396120E-01  2.49977010212587340E+01  2.91948992270166450E+01
  3.55036581058269410E-01  2.35685815119008170E+01  7.03649664681051410E+00
  4.30054269381220950E-01  1.69634864357201810E+01  2.49485738413569540E+01
  4.93734512940847830E-01  2.19179213960162830E+01  4.11008819678131680E+00
  3.42409596243210680E-01  2.53329707778829860E+00  1.99739914200452450E+01
  5.58952633370732950E-01  1.55328967212529370E+01  2.56603941241861830E+01
  4.49954956992444630E-01  2.17695218414605160E+01  5.63487890770725920E+00
  4.11346310528290360E-01  2.93141711848941390E+00  1.93342402342379210E+01
  4.72818350263822220E-01  2.96345807831286760E+01  8.56297214992172860E+00
  5.00672486592370710E-01  8.84112075253200480E+00  8.56870441725417640E+00
  4.15334611176110170E-01  3.41460876552034340E+00  1.50657044214382290E+01
  7.70254277643880240E-01  7.52316060347308020E-01  2.66804557254553420E+01
  5.32262962461145860E-01  2.26046865559728760E+01  2.44090750566441840E+01
  4.01880163826280960E-01  2.75177199141293440E+01  2.39699717363873750E+01
  7.41720708060832300E-01  1.46948829996925740E+00  1.83953402880728620E+01
  3.01674668393272730E-01  1.52735592201132530E+01  1.91598541438666990E+01
  2.66929568161810020E-01  6.07526781700590930E-01  5.61782340144713110E+00
  4.15334611176110170E-01  2.44324994931485760E+01  1.05134819861706560E+00
  5.20369884994360540E-01  2.29498325915232150E+01  7.66723220916302580E+00
  2.84672167568555990E-01  2.03201420954211900E+01  1.86331667391840130E+01
  5.18912146576496980E-01  1.94047325593672010E+01  1.76075685302907770E+01
  3.90540239164096370E-01  6.57174852934947310E+00  2.57319426736200260E+01
  3.63079661055833470E-01  2.78366587789925290E+01  8.66776930531363020E+00
  4.73113776075054650E-01  7.00267493193944900E+00  8.12206556210693260E+00
  5.55687039951364880E-01  6.95102060081619030E+00  1.02725635784495410E+01
  6.97384645011991290E-01  1.90933692844973140E+01  2.79134364983702740E+01
  3.54092873053847420E-01  2.32648038384878330E+01  2.50004435408245980E+01
  7.37991961479508610E-01  1.87479757868082610E+01  2.54627613082198110E+01
  5.10790949981952740E-01  2.22072869283901720E+01  1.20894022171192890E+01
  7.03918080384424090E-01  1.82168211945844090E+01  6.02575933269286690E+00
  2.69326463995374250E-01  1.45097238642473730E+01  4.74424872537236020E+00
  5.39922025342825940E-01  2.81851549202436220E+01  6.79845900204157690E+00
  5.39922025342825940E-01  2.04428699774433620E+01  1.46026142109465730E+01
  3.52682444144397330E-01  2.28842741124679350E+01  2.12967804702641890E+01
  3.17084428049163950E-01  2.33174440993354570E+01  3.78302873250711920E+00
  3.92511582998476170E-01  2.66657267413714400E+01  1.84621262641765470E+01
  2.92799561075502800E-01  1.82192473638588870E+01  1.44370365509106140E+00
  3.63105686475124490E-01  2.39869045189242700E+01  1.95892291825541210E+01
  3.25036994184950640E-01  1.24314782839270230E+01  2.12533756527374820E+01
  5.70902198024309190E-01  5.56025116767132220E+00  2.47177680432553930E+00
  6.18138908065390960E-01  1.59590950399899680E+01  4.09583011859988750E+00
  3.10705613459761840E-01  1.75532835253779140E+01  2.11993948697988050E+01
  6.99092076263204730E-01  8.92823912750981740E+00  1.88360290479415830E+01
  4.40295189098215370E-01  2.89426879713458970E+01  2.13211506086652740E+01
  6.52034765531911640E-01  2.61123923722526420E+00  2.57410682455328730E+01
  5.12628979659419230E-01  5.32615532488869010E-01  1.74746222395507010E+01
  2.68569610726517900E-01  3.38301048432773980E+00  3.45956481045659730E+00
  4.41473589537221400E-01  9.94712102372366050E+00  2.76114377910793000E+01
  7.41623060643924430E-01  1.51533782637396490E+01  1.08338430218112870E+01
  2.49794182180603610E-01  1.89665655201850390E+01  4.53833451971093900E+00
  3.44856808658559500E-01  1.14925345783727270E+01  1.81953381909366490E+01
  6.83701617051292750E-01  5.57511703169410390E+00  7.15381827684145490E+00
  7.19599311285852310E-01  2.47846497966967300E+01  1.19434948019140790E+01
  6.67521681419926690E-01  1.85021534682609710E+01  1.63981127556542070E+01
  5.40946473112310590E-01  1.36286831152228110E+01  2.56480195755127660E+00
  3.83579206291793930E-01  2.57944180951781730E+01  2.57907402952628360E+01
  5.04339573614743570E-01  4.67400298028350210E+00  7.92258046002314220E-01
  6.35523375007872900E-01  1.66827087120583040E+01  2.59811057599811550E+01
  3.44905765886116280E-01  1.52117864854166140E+01  1.45342267519078390E+01
  2.65726189967390210E-01  1.50125903359472180E+00  2.20908251297987230E+01
  4.87785457169642190E-01  2.81979121008834890E+01  1.04427521785488440E+01
  3.71299762957800540E-01  1.59102464723529220E+01  9.40794517070717970E-01
  4.13811620468168510E-01  3.43012833637571820E+00  2.50527326464953750E+01
  5.69423614487483490E-01  2.16957428572567810E+00  1.37390491937921410E-01
  5.83429036676414100E-01  8.80103576632114230E+00  1.21983853391180830E+00
  5.30006102735105960E-01  2.06936892389435730E+01  1.93563316863210560E+01
  5.16710955738981780E-01  5.30345262223237590E+00  1.74187264080999710E+01
  2.65726189967390210E-01  1.89521095146670110E+01  2.70886918286458790E+00
  3.18942867500738640E-01  1.69304431934924930E+01  1.61515176107938710E+01
  3.23881608201221470E-01  2.25138899779481890E+01  1.41584443480629430E+01
  3.54092873053847420E-01  1.30220428397836300E+01  1.85077003915368290E+01
  5.12509616084684260E-01  1.96318619772616680E+01  2.89953562241542750E+01
  4.99223721401470310E-01  7.52629601161587920E-01  2.22458031952510420E+01
  2.56092450391898300E-01  1.25193855147904820E+01  2.45220399937739050E+01
  5.45765227979075810E-01  2.58471953974638320E+01  1.26873795510101000E+01
  6.94010183176834960E-01  6.95141895827489000E+00  9.48386120542014590E-01
  3.57201130995523370E-01  2.78197071793573200E+00  2.91359998624398350E+01
  5.25895496843049500E-01  2.81234452852564200E+01  1.24369739540790060E+01
  5.10790949981952740E-01  2.60611920975401540E+01  2.13426589368969250E+01
  4.89717368181109780E-01  8.16285652726129920E+00  2.37735409257821470E+01
  4.82769235883485770E-01  6.73998697203907680E+00  7.20489606669128960E+00
  6.93278360304079300E-01  1.00227015692814380E+01  1.96937566650632480E+01
  3.35017483125717060E-01  1.02241459780765740E+01  2.68864324976259610E+01
  3.26514001167033020E-01  2.82404812515574260E+01  2.38806326082890730E+01
  4.75880684447443510E-01  1.26382842223271010E+01  2.79153293979960490E+00
  4.22354771203238230E-01  1.85068996949491830E+01  2.26045438959874400E+01
  4.11966131227655820E-01  2.21414723429095480E+01  9.67363362348016230E+00
  7.30946391186454210E-01  2.81193501486597200E+01  2.49289705065177890E+01
  4.22201084465533680E-01  5.21571332568521840E+00  1.54219822370841750E+00
  5.15931587153482510E-01  8.50097349144763110E+00  2.27559762378745710E+00
  5.52347772924787250E-01  2.19343992653333440E+01  7.32221100333913450E+00
  2.49794182180603610E-01  2.24441233083221120E+01  2.51737371193815380E+01
  4.50103975287380020E-01  8.85138873599247590E-01  2.48407401718110920E+01
  3.61769499680632390E-01  1.40911239423824990E+01  1.05375454563594810E+01
  2.77147605524350650E-01  2.41353881437165930E+01  7.36654414938487530E+00
  7.64764367446448820E-01  1.23572000410259900E+01  1.66191771682612170E+01
  5.71326189973923350E-01  2.69037704961803570E+01  8.70218161862464610E+00
  4.07877171249442140E-01  3.22691439138316480E+00  1.29554211084059500E+01
  4.46540105696671490E-01  4.08298767829063980E-01  2.40190873185495090E+01
  5.07606992315717240E-01  2.08734794770305210E+01  2.04762800082830300E+01
  3.01731430220296380E-01  2.06961990289567340E+01  8.56090749533468730E+00
  4.32382463464541460E-01  1.65361971156813180E+01  2.79839981487532130E+00
  3.25762576013666160E-01  1.67226780994488710E+01  2.06371966499801340E+00
  6.24920360555607160E-01  4.83536854813358110E+00  4.05968969395355470E+00
  7.38532964590205680E-01  1.29175791361494830E+01  1.06014278459422420E+01
  3.92511582998476170E-01  3.65074045878059780E+00  2.58282088082388550E+01
  2.97561439636419770E-01  1.63773778660725530E+01  1.75950102121997780E+01
  3.46434506905438330E-01  3.99897845938949280E+00  1.30839208130654710E+00
  5.89502618647478990E-01  2.48587306695325980E+01  1.45382120445587390E+01
  3.32399546609116130E-01  9.96174329843404040E+00  2.46121709182308090E+01
  5.77649046292645880E-01  5.37335779208820610E+00  2.02423577502474110E+01
  4.31729360191427780E-01  2.97462030092664730E+00  1.37554931857712880E+01
  3.17950877609215300E-01  2.10957278070982640E+01  9.03390546377514880E+00
  4.75880684447443510E-01  9.50257858730511270E+00  3.18150679066368360E+00
  3.91816801400439550E-01  2.83083281947168680E+01  2.81065721496672400E+01
  2.50163292655703180E-01  2.11359363183585000E+01  2.69156262976864100E+00
  3.42074681651230290E-01  6.22028463313609330E+00  2.19925595713599230E+01
  3.50974061745161330E-01  2.72210978830930060E+00  1.23896611575861700E+01
  6.18566685513849460E-01  2.05109681488084160E+01  1.34462922366813680E+01
  3.24719866931951940E-01  2.76609646048037310E+01  1.46093818245455510E+01
  3.57201130995523370E-01  4.58518674840763470E+00  1.03745268769549740E+01
  3.13090147150790890E-01  5.49868347045778980E+00  1.93615484737855890E+01
  2.58355477869490890E-01  1.75912705046852760E+01  1.29878681138774930E+01
  4.83351594707823830E-01  1.72461018032595530E+00  1.44144636296860330E+01
  5.48463672908306780E-01  1.07271219535445720E+01  1.70860108459981480E+00
  4.24351701398837560E-01  1.62311917329259860E+01  2.21313111791527530E+01
  6.80557430527969220E-01  9.93923755357651120E+00  2.29383658453939350E+01
  3.73125396709624990E-01  1.30515448522514370E+01  6.07459297481048480E+00
  6.77808113742920780E-01  1.84056494813859360E+01  7.39292928481070350E+00
  7.67512613708393760E-01  1.59526393340115750E+01  1.66192779000612490E+01
  4.76544583128828500E-01  2.73592054087958870E+01  2.87892106015120410E+00
  6.97738347479756800E-01  9.84285234924375810E+00  1.22792888881236180E+01
  4.49545157175862540E-01  2.74254323736217530E+01  4.41387961788102250E+00
  6.25336422111717830E-01  2.15447126206012530E+01  1.70288738175635640E+01
  4.99487474973056500E-01  1.79788151570225420E+01  2.74736620456569620E+01
  6.67521681419926690E-01  1.97533135195413830E+01  8.34035317269286120E+00
  3.44170209092795430E-01  2.93868924561134080E+01  1.73037264813863770E+01
  4.01880163826280960E-01  3.26972455172690070E-01  1.83643532426337220E+01
  5.95035019805102560E-01  1.46340687470248160E+01  2.63811461942614900E+01
  5.20348764567513020E-01  2.24672759216167360E+01  4.96171849193186890E+00
  7.44845164893703690E-01  1.34982919325541390E+01  2.10462230928820300E+01
  6.94010688862415210E-01  9.81179110534057310E+00  1.63041853175794390E+01
  4.00156705760987560E-01  8.62771749152701870E+00  3.18187965926927060E+00
  6.57722721512726150E-01  2.50218666683192050E+01  1.84322739051846010E+01
  3.61198882346046800E-01  3.93508633896936080E+00  2.44648655862490580E+01
  6.07167866036927160E-01  1.55493696980368380E+01  7.45439738715711630E+00
  5.81677556670477180E-01  2.92472454426918280E+01  6.43957431996077200E+00
  3.17579752081870750E-01  2.71053205254298850E+01  2.51938804566639970E+01
  2.69169509893181310E-01  9.56125066154876540E+00  1.10514544122546430E+01
  5.36592099856838090E-01  1.09079827672707770E+01  2.77886949203297390E+01
  3.01799748246536660E-01  1.44136829046903170E+00  2.26543849596562410E+01
  4.05794678723965420E-01  1.34830088059862310E+01  2.21965976804779640E+01
  3.65995101567518470E-01  1.83091715515283970E+01  4.08660861737128300E+00
  3.39481361119070080E-01  2.31619262132717940E+01  1.79370344481248930E+00
  6.97384645011991290E-01  1.33747904861569240E+01  2.66656204403965660E+01
  6.82253548551889110E-01  1.56760067427764900E+01  5.36502255705481270E+00
  5.67035311113654220E-01  1.12099975159377740E+01  4.46647866443347220E+00
  6.47236078597052340E-01  1.88751834741244090E+01  1.13174581683569360E+01
  5.92513140571182980E-01  1.80799941603769380E+01  1.22660786440221140E+01
  4.71553509741754610E-01  6.28091129482255180E+00  1.75601999862996830E+01
  6.55885333720611730E-01  1.58999630850899900E+01  9.49870275782327770E+00
  2.83840017940612550E-01  1.79750276925698170E+01  1.85816195823424120E+01
  5.65219172841477580E-01  2.54693356305419170E+01  8.08663705356403820E+00
  3.48480710258510130E-01  2.27589476969027980E+01  4.14375982355035170E+00
  6.26908127420837150E-01  2.34748134313740520E+01  2.27173337411348120E+01
  2.62213147743524950E-01  2.48388624521319200E+01  2.27447643491656630E+01
  5.08737612195334600E-01  1.49801774259219480E+00  1.71472010698581520E+01
  4.59281804788439010E-01  4.74270489517726370E-01  1.06524675766281370E+01
  2.86550378078914000E-01  1.43147333682608920E+01  1.64215735043336930E+01
  2.99038091422116640E-01  1.87586547033930840E+01  2.10191198637871320E+01
  3.62493203924014780E-01  8.08758613615867180E+00  1.50721926405763720E+01
  5.64616421781660800E-01  2.58698427458272120E+00  2.09680007410577110E+01
  3.87533216804236250E-01  8.93581515091982230E+00  1.69371512537529620E+01
  3.90540239164096370E-01  2.61662059476798100E+01  2.65388638544970200E+01
  5.44640939783434240E-01  2.61617025050986920E+01  2.49391628291495950E+01
  3.84420431658369740E-01  1.76273985435580550E+01  2.54174877906795730E+01
  4.53492046339069340E-01  2.33866396976924340E+01  4.64272263716161060E+00
  6.38023782753992030E-01  2.37406103472140830E+01  1.86193272800452010E+01
  5.00672486592370710E-01  2.30440653143548600E+01  1.61210812880613470E+01
  6.08873319065221350E-01  7.83743998351235230E+00  2.67579184763614640E+01
  3.18942867500738640E-01  1.49102647834260420E+01  1.63136126255931410E+01
  2.65726189967390210E-01  2.77497262464517790E+01  1.17399961249936540E+01
  7.10410487391814980E-01  2.46588358598821810E+01  2.48308756508439910E+00
  4.66797018098134940E-01  1.32102698923983920E+00  2.40344493062217060E+01
  3.89889811574280460E-01  3.97552004582935370E+00  1.56422246072306980E+01
  2.92456502136063850E-01  1.84469843646314560E+00  9.69084002759200480E+00
  3.63079661055833470E-01  2.07624898120103900E+01  2.83730777283155430E+01
  4.13811620468168510E-01  2.96319192682398020E+01  5.48698930217361710E+00
  2.60417758313763680E-01  7.07800893741712930E+00  2.44657581047802850E+01
  4.41940562555082740E-01  6.86974148348383550E+00  1.92331369927603500E+01
  3.08418768867630710E-01  3.94495622925369900E+00  4.33890731696941940E+00
  3.04461637453634990E-01  2.55886037244704450E+01  2.84186500529251480E+01
  4.75626642073745920E-01  9.12099316898865100E+00  2.38837262403168570E+01
  4.19693779402500590E-01  1.53726628619233910E+00  1.04738969460434030E+01
  3.26514001167033020E-01  2.74527208121897890E+01  2.57784830231309670E+01
  3.55388479881239270E-01  4.63551062371228450E+00  2.43143046535248930E+01
  5.33859136323620030E-01  7.47392556828767330E+00  2.05851986661004820E+00
  3.39481361119070080E-01  8.44155521366238480E+00  2.51686090790709290E+01
  2.51153087880769550E-01  2.56322196573916480E+01  1.91332368876835520E+01
  4.21603844523193420E-01  1.08551164455091290E+01  2.93859689620283220E+01
  5.20348764567513020E-01  2.57126342722401090E+01  1.84949353423917840E+00
  6.86210935380316480E-01  1.68135910849234770E+01  1.24354239919178920E+01
  4.41140732643827070E-01  2.59189664355611880E+01  1.17038742412369120E+01
  6.26908127420837150E-01  1.20950749693017880E+01  5.78947790246561130E+00
  5.11871480770454750E-01  2.07682086414227920E+01  1.08725106224155380E+01
  4.70990686464341570E-01  1.21011271684819430E+01  2.34478475327194570E+01
  5.20369884994360540E-01  2.37079991218312750E+01  2.15813909190158670E+01
  3.04306421741581800E-01  2.82403666882848230E+01  2.66307116161760190E+00
  5.88333222664750720E-01  2.07671910897815480E+01  1.22670893191955660E+01
  6.64541222436485860E-01  1.45809917142273200E+01  9.55017102736758080E+00
  4.24351701398837560E-01  2.46163696449064280E+01  1.55351935703232550E+01
  5.55920758830291820E-01  2.19857956268032310E+01  1.06845206970967990E+01
  2.89042915761794110E-01  2.72509318589122780E+01  2.24256594004391410E+01
  2.47647088603063280E-01  2.39424470127466020E+01  6.02595562764375360E-01
  5.88686278844574580E-01  1.78988157675089390E+01  2.34121190620328860E+01
  3.53063097104977870E-01  8.11950619210551140E+00  6.94341253603222160E+00
  4.50600139601478670E-01  6.77690629075683850E+00  2.14291773509704060E+01
  6.65634982039605120E-01  1.36118208825882210E+01  4.48376121213233690E+00
  4.69750256464274060E-01  1.14912559655578090E+01  1.57410158049236150E+01
  6.13801455222646290E-01  2.81166998842112790E+01  1.54285109236030440E+01
  5.14582826754803690E-01  6.95057380112525800E+00  2.94324609923756990E+01
  3.81419328643079860E-01  2.87759432146327330E+01  1.37769066957779000E+01
  7.28196096543639280E-01  2.82224166783310470E+01  2.28284166053375940E+01
  7.33199636544987770E-01  3.99513650159093370E+00  1.89133556901376560E+01
  2.86550378078914000E-01  2.62710327920810900E+01  1.26935056998443500E+00
  2.52169786807371790E-01  1.24768572360941250E+01  5.10688867605355950E-01
  5.01406606281285510E-01  1.32578339658730990E+01  2.78583628729484900E+01
  4.18948713530687210E-01  9.26132152845353400E-01  9.90076408964664620E+00
  3.62620749938717070E-01  2.70314434906226140E+01  2.86566283016910150E+01
  3.15231116497538320E-01  1.92030822236552190E+01  1.00914453413603410E+01
  2.83840017940612550E-01  2.43015776459988970E+01  1.28220822908248770E+01
  4.72199721516180480E-01  2.46722522889146600E+01  2.13537810419728690E+01
  4.41666133880560000E-01  1.45211473553380940E+01  8.44652575881484680E+00
  3.39073066583844400E-01  2.26139432496482260E+01  2.06626441566565830E+01
  2.54831192030272870E-01  1.67154558438442640E+01  1.56206323416482660E+01
  6.65634982039605120E-01  1.15722995572665500E+01  1.30627696387692410E+01
  2.69326463995374250E-01  1.88373119010935710E+01  9.63598584115760740E+00
  3.08418768867630710E-01  1.05992913561747170E+01  2.46645025340177670E+01
  5.63324676144028570E-01  2.30666371540092210E+01  2.68680397733425020E+01
  2.49794182180603610E-01  2.65183856450885780E+01  2.83119925939816990E+01
  6.44956217916396120E-01  2.25493598344573380E+01  2.95383875654238250E+01
  4.26043897269923290E-01  9.74428099304093820E-01  2.32121232762429380E+01
  7.44533748089133770E-01  5.43442744451246100E+00  1.16790747768430470E+01
  2.47647088603063280E-01  1.33879786453261770E+01  7.44783337192321420E+00
  3.47451934045076260E-01  4.32462015259578170E+00  2.36844830240094990E+01
  4.83182858574677270E-01  2.57940338489424230E+01  4.66252768743126380E+00
  5.38382388131525950E-01  2.09957945556718430E+01  2.48999397274716760E+01
  6.08690451339190200E-01  7.48137601737648430E+00  1.27700826912875200E+01
  3.93024383017402490E-01  1.38650294179407330E+01  1.66210699396282190E+00
  2.54611020839302520E-01  1.28075919454060310E+01  8.94261593667350320E-01
  6.82253548551889110E-01  2.04277726430078520E+01  2.73840100952121080E+01
  7.67665169660178040E-01  8.75142750895302160E+00  2.77835949960373160E+01
  3.95839252948554370E-01  1.81824385398336310E+00  2.71532745413272990E+01
  5.15379284759350490E-01  1.12537136681105420E+01  3.29374978546391620E+00
  5.09222041678605210E-01  6.32954087245868370E+00  2.46439528612054740E+01
  4.72038094207023740E-01  2.64737689742374240E+00  1.55050057985709930E+01
  6.64541222436485860E-01  2.82163025095254910E+01  3.63143047055722820E+00
  4.84167632717154460E-01  1.45754348778749330E+01  2.17553838358392280E+00
  5.39922025342825940E-01  2.40448591959567710E+01  2.05528958825487180E+01
  3.77759649416993960E-01  3.31925250874211470E+00  1.80321444102836570E+01
  5.06367095649294540E-01  1.66719538240717110E+01  1.48615586604846930E+01
  3.05466220251299840E-01  1.58308137932928050E+01  1.48943638195873970E+01
  7.55604472483241980E-01  2.50416335496119970E+00  2.43386090748792480E+01
  7.68548325332126940E-01  3.49421524504895630E+00  3.15287235112510930E-01
  3.09209541844886400E-01  2.32874218973994010E+01  5.27333830673461000E-01
  4.71553509741754610E-01  1.70634643390059110E+01  1.79414817850113800E+01
  3.65995101567518470E-01  2.02847354908210700E+01  1.79167452365047670E+01
  6.26517897412854200E-01  1.62299808695988230E+01  2.41900289778352540E+01
  3.55388479881239270E-01  2.60810991508329250E+00  2.28984066442941270E+01
  3.90423892796942250E-01  4.79222357057170620E+00  2.83745463421218420E+01
  4.92172780862642510E-01  2.34522633798329490E+01  2.38350295291020200E+01
  6.66683478841499700E-01  2.06709812905864470E+01  2.60580925028549260E+01
  6.94903868090152520E-01  2.60563363041720530E+01  1.75621611697165460E+01
  7.65642972591057180E-01  1.69745706441781440E+01  1.91738317041950810E+01
  3.52682444144397330E-01  6.13861515721816800E+00  1.95434017012855430E+01
  5.39466591144820300E-01  1.51081022700991420E+01  2.46483396305279960E+01
  4.26043897269923290E-01  2.32399381177083520E+01  1.39780535984653210E+01
  2.53364602799301860E-01  2.08755378108154940E+01  1.75975752824611040E+01
  3.83290088603488770E-01  2.52242802743730440E+01  2.07023373594729240E+01
  5.55920758830291820E-01  1.65829132346032680E+01  2.04345230249807340E+01
  4.13050329149462850E-01  1.12174061706361210E+01  2.34405925025292170E+01
  5.20369884994360540E-01  6.03591004373328130E+00  9.70649903544057400E+00
  6.99477888048091770E-01  2.38490395195299920E+01  2.58771685961266300E+01
  3.59079136884617700E-01  9.72335652279693190E+00  2.64065159462301860E+01
  3.01799748246536660E-01  1.51501425001423570E+01  4.53365413806161930E+00
  5.28731261397185740E-01  1.78239967552888350E+01  2.45264716446186100E+01
  6.80338287111455390E-01  1.57215086659302050E+01  1.97514539675893290E+00
  4.74033319401206570E-01  1.50378185104266750E+00  3.44788460047488200E+00
  3.53302408788900560E-01  1.00302586978980200E-01  2.82417361083728550E+01
  4.03052389307286420E-01  7.50380267681113280E+00  6.45541790576198600E+00
  3.33973424357718240E-01  1.71646273496082240E+01  2.39704027677761570E+01
  4.68162992243922280E-01  2.74595427589770360E-01  1.50560565842567320E+00
  4.72192289519205580E-01  1.21246536306801640E+00  1.45584777411321610E+00
  6.73658304681401180E-01  7.14811429076758210E+00  1.55042046169146350E+01
  4.61178090502161720E-01  1.99227837220550090E+01  2.52141303225273250E+01
  4.18189647978318300E-01  2.65800586399799140E+01  4.22192609492851110E+00
  5.15379284759350490E-01  7.16240552189589860E+00  2.36962059129312760E+01
  5.34553382826858140E-01  2.94150000749547760E+00  1.15327722916545930E+01
  3.70336582810533970E-01  2.40311834943460630E+01  1.40551403413469150E+01
  6.42747544188997020E-01  1.98517015324001920E+01  2.83663755293894050E+00
  4.50600139601478670E-01  1.09033359223523510E+01  8.70573444282830520E+00
  3.55036581058269410E-01  2.88718709472740470E+01  2.85212506464557160E+00
  3.54092873053847420E-01  1.65249904642094090E+01  1.32545249071708900E+00
  5.13614394364816020E-01  1.97138720122618170E+01  3.24631002250157510E-01
  3.65995101567518470E-01  2.69838573283403350E+01  2.45215963907316340E+01
  5.25383403930900440E-01  2.14331398134670290E+01  1.97667155537570200E+00
  3.83598938984435380E-01  5.23287472114727680E+00  1.42930704732711650E+01
  4.86073626967704090E-01  2.18412889739931590E+01  2.90194383258120240E+00
  5.96963967672292380E-01  3.67639421342427040E+00  1.00850468618079640E+01
  4.66553963192992600E-01  1.15240712822739920E+01  2.62280817098383570E+01
  4.15252526658189590E-01  2.51100345596683460E+01  3.51373099014107690E+00
  6.36786611163594070E-01  6.20365295519010740E+00  1.45986635014918050E+01
  6.06760633376156730E-01  8.10807071698155650E+00  9.40314316306995930E+00
  5.25895496843049500E-01  1.24548299116899010E+01  2.87021434938442570E+01
  5.05409982910693060E-01  8.75458534842539570E+00  2.29743463950169510E+01
  5.18912146576496980E-01  2.96852143891768170E+01  1.15033776753065420E+01
  5.81677556670477180E-01  7.09052667216699820E+00  1.82337332198150720E+01
  2.50625569857546320E-01  2.17704344152046120E+01  1.27877423830487700E+00
  6.67521681419926690E-01  2.51062208033931500E+01  1.05943228664320120E+01
  6.52034765531911640E-01  2.95008760507070280E+01  2.92031287790657290E+01
  3.81419328643079860E-01  1.62746450364057440E+01  1.82655592218198030E+01
  3.18942867500738640E-01  1.65259167152012940E+01  4.83943742783512310E+00
  6.63973334543257470E-01  1.39471703598556190E+01  1.15525320722556670E+01
  4.05793634226126800E-01  2.90738539458250610E+01  1.21962557591364500E+01
  2.88617724104866640E-01  1.98203685212787980E+01  9.86635262299450840E+00
  3.17587838135982990E-01  7.89874312664930760E+00  1.30947659527446620E+00
  6.94010688862415210E-01  1.06920239565702000E+01  2.17900768814880980E+01
  3.25036994184950640E-01  1.04471749956855790E+01  5.92726383131004210E+00
  4.41940562555082740E-01  1.56107595493418980E+01  1.77789003153065860E+01
  3.05466220251299840E-01  1.75519843627128190E+01  1.61952193156154390E+01
  7.22984261441823330E-01  4.83445785561388240E-01  1.94768997923743260E+01
  4.60682082706054620E-01  7.90443892344090490E+00  8.35676307225061340E+00
  4.22201084465533680E-01  5.41865849668796870E+00  2.48352894683989900E+01
  6.24824560398126750E-01  9.75654699495560430E-01  2.86773023984058070E+01
  3.63079661055833470E-01  2.68910247584591810E+01  1.46169599456809410E+00
  3.25516939164680520E-01  2.93809260357429810E+01  2.01588222238820260E+01
  4.87886881528419990E-01  2.49361554915798540E+01  2.53748351333798930E+01
  4.34172467284937990E-01  2.37640361157365770E+01  1.32970597018575630E+01
  7.04082361725448710E-01  1.58838903855028590E+00  5.61942778537252250E+00
  4.40295189098215370E-01  2.10277242270335840E+01  4.38623065859074400E+00
  4.54567147313974470E-01  8.99379424832774890E+00  1.15004954876947420E+01
  4.89717368181109780E-01  1.97885435108601650E+01  1.06432303017887780E+01
  4.82771447840326400E-01  8.14971293625405480E+00  1.19078342452880150E+01
  3.54092873053847420E-01  7.63003034623035870E+00  1.89982428538089250E+01
  7.67457697882333090E-01  1.05973755723738690E+01  1.10251363671612540E+01
  4.43129600128677660E-01  1.06127617126039730E+01  1.54987871892277730E+01
  5.61514797181737530E-01  1.70505188475962970E+01  3.64875644558171210E+00
  5.82207618145930890E-01  1.28841250062938620E+01  1.45104051711523280E+01
  5.94092381958372510E-01  2.73445282605273010E+01  9.77981495635693850E+00
  5.64318884198494160E-01  4.79476849331610030E+00  2.15151760262492540E+01
  6.16837537735261420E-01  9.61928146724812370E+00  2.09648067645918610E+00
  4.20581746236023420E-01  1.27248141708830750E+01  7.52933044771661560E+00
  3.16022212934137680E-01  1.93612881068245710E+01  2.08962139492465050E+01
  4.59502380082057990E-01  1.27656311044777480E+00  9.09687384291657430E+00
  7.48336469443998900E-01  3.86205667647777910E-01  2.09742233029291330E+01
  6.90159994875631000E-01  3.19790279224061450E+00  1.65278649032451740E+01
  4.68364091588631840E-01  5.40504281303962130E+00  1.04670182892257570E+01
  4.05593309893122810E-01  1.36283293069126930E+01  5.55402666677198730E+00
  5.55687039951364880E-01  1.88764600524157910E+01  2.01726680264612420E+01
  2.83840017940612550E-01  1.72883547410166580E+01  1.56685161073785080E+01
  5.98280766214214580E-01  2.63329738521382990E+01  2.38105822387064520E+01
  5.84913004272127690E-01  1.37960991550049940E+01  1.79796336556123890E+01
  2.83840017940612550E-01  2.02079835076461050E+01  1.98302746533737630E+00
  2.83517655556827110E-01  7.86008120166905840E+00  1.78067407151440950E+01
  5.27599340399055180E-01  1.11416651622081350E+01  6.43948724622786100E+00
  6.24824560398126750E-01  2.07212962855212450E+01  5.40398606723951950E+00
  4.84167632717154460E-01  1.46163695395834100E+01  2.05360679226143650E+01
  5.66562802601083430E-01  2.18563814887020800E+01  1.90258691951259850E+01
  5.81213412342838430E-01  1.39903202274477610E+01  1.35953479913153680E+01
  5.13285974501586400E-01  1.86175643637996620E+01  1.51122761546727990E+01
  5.29625185962053640E-01  2.93758359668514900E+01  2.46722004060749210E+01
  3.30104909316010620E-01  6.75581347388333150E+00  4.17247266702569770E+00
  5.48174971142568520E-01  2.69702768352293320E+00  6.19791054673381230E+00
  4.72192289519205580E-01  1.13922258369866630E+01  2.86723977498787550E+01
  4.53126113496558960E-01  1.32383768996385100E+01  9.45377010898652160E+00
  5.25993347610763350E-01  1.52444567923197900E+01  1.55378426578084420E+01
  4.75338540515479570E-01  7.80721626849116660E+00  2.56763762915791920E+01
  4.30858982518450690E-01  4.39370750373595160E+00  2.00066961043085140E+01
  7.09741570678139940E-01  2.83611586732851360E+01  2.03294148573694390E+01
  5.05409982910693060E-01  2.16321303330115810E+01  5.36182598127963410E-01
  5.20369884994360540E-01  6.54947326818275060E-01  6.41013240001804440E+00
  2.73281005279713530E-01  2.87865434052190420E+01  2.41276551891047610E+01
  3.09574052588245370E-01  2.04080599846106340E+00  2.24527906586484890E+01
  3.18095930761502070E-01  1.35944697597637050E+01  1.88592796212154030E+01
  4.46537248270915300E-01  2.27656744606383190E+01  1.13121294039980340E+01
  6.38830345620663920E-01  1.54827332072863730E+01  2.59860536410592150E-02
  6.68397269451762100E-01  2.38186503506181030E+01  1.09476993087304740E+01
  5.32488384254616510E-01  1.91491076125686060E+01  3.77543176840307430E+00
  3.17579752081870750E-01  2.46720686753940870E+01  9.56272948931195900E+00
  5.16710955738981780E-01  1.59772614480895300E+00  6.84014079324374170E+00
  4.49545157175862540E-01  1.85355653314643480E+01  2.17335588005366560E+01
  3.20574425314766210E-01  2.38147465568186300E+01  1.89112209936804160E+00
  4.12246671516209600E-01  2.79169994253634710E+01  2.74055450533020490E+01
  4.94550785807675550E-01  1.82790887519165610E+01  1.33310137660512210E+01
  3.59079136884617700E-01  4.46203197608391910E+00  2.23756081184943480E+01
  6.10572080928614460E-01  5.40647899485965410E+00  1.33155178072503380E+01
  4.75338540515479570E-01  2.66172331467069510E+01  2.28124310519634980E+00
  5.09574347305064630E-01  5.36560958298157240E+00  2.24234083749208640E+01
  4.18189647978318300E-01  3.33634993616674970E+00  2.65750803508269050E+01
  3.76753951196820710E-01  6.18185261333878970E+00  1.07995889881902620E+01
  3.84533934306195220E-01  2.08650895432402660E+01  8.56164828904655730E-02
  6.60767019732147710E-01  2.95951819584388820E+01  2.30343083317793250E+01
  5.64318884198494160E-01  1.43447313316167500E+01  2.26383763525395350E+01
  4.69750256464274060E-01  7.90937654303684210E+00  4.78530855524943100E+00
  6.88340418185590860E-01  1.84629683985687620E+01  8.75608144879158520E+00
  5.93150731645016190E-01  1.42510958141544130E+01  2.94598269113643380E+01
  7.17499092254363010E-01  2.50609712240478690E+01  2.66106571795105360E+01
  3.79322922295397280E-01  2.90612837439752950E+01  2.82702481628126310E+01
  3.20574425314766210E-01  1.62373379621697040E+01  2.51358835172187690E+01
  7.17953871372127320E-01  1.14324671214933970E+01  1.96487454552125980E+01
  3.42409596243210680E-01  2.66146061684823930E+01  1.31345205263937590E+01
  4.43129600128677660E-01  2.69378356432020890E+01  2.17184536039837820E+01
  3.78068289465320630E-01  8.78721716313102340E+00  1.24858483724109970E+01
  4.75338540515479570E-01  1.95437034039543820E+01  7.21950408817570820E+00
  7.38532964590205680E-01  1.65095186922921510E+01  6.51423948361557950E+00
  5.07606992315717240E-01  6.67881085321871740E-01  4.83317229934129240E+00
  2.86134314477376340E-01  2.74518426846835370E+01  1.99237006059483090E+01
  5.07437626189109900E-01  2.48237762603297620E+01  4.47083701086376980E+00
  6.15073771326759470E-01  2.53439418974818230E+01  1.62772928262095640E+01
  3.30104909316010620E-01  2.82550320401345230E+01  4.62615046144065370E+00
  6.66683478841499700E-01  2.92417577971713990E+01  4.47918319256121130E+00
  7.49545055295440930E-01  5.53281692989554410E+00  2.36705656394919540E+01
  2.54824432159977790E-01  2.92811794648670620E+01  2.38939739337481290E+01
  5.72142532162989690E-01  2.96710365400271880E+01  9.61229061956034060E+00
  2.77147605524350650E-01  5.14210406725632920E+00  3.21158053542257970E+00
  4.68364091588631840E-01  1.88124253343395510E+00  2.32857527803530320E+01
  4.82771447840326400E-01  1.29388838239342250E+01  1.34478874747039240E+01
  2.50971712925384870E-01  6.47990300696459000E+00  2.33517554229467770E+01
  5.38024295323284910E-01  8.48280528764643730E+00  5.61377472095190290E+00
  4.13050329149462850E-01  1.22299658966252400E+01  1.52594736167014310E+01
  4.86590143357422540E-01  1.45170162847572650E+01  5.49988926031224160E+00
  3.16148313226467530E-01  1.94090332723412440E+01  1.67730098183665040E+01
  3.81419328643079860E-01  1.09399642634833840E+01  2.68719955782411940E+01
  6.52911031193170470E-01  2.67451892732953280E+01  5.28017353869559970E+00
  4.49150663742554990E-01  1.79915805096745560E+01  7.37777012718410670E-01
  4.73113776075054650E-01  1.76386863053515980E+01  1.49995274509224470E+01
  3.65995101567518470E-01  2.85591036860788280E+01  2.88208646046017200E+01
  3.46028387031474870E-01  1.18994287295486160E+01  2.80312993878416920E+01
  4.23675716525973380E-01  1.03576580524854090E+01  2.82813696000060770E+00
  2.47261092463374420E-01  2.31417977067292070E+01  5.35094846132674730E+00
  2.63339374245984010E-01  2.30668922406110820E+01  1.33110179447206680E+01
  2.59062449636064510E-01  8.40995850539470170E+00  1.36127841778885510E+01
  5.77180454669814490E-01  1.28953163748789660E+01  1.72114318472264300E+00
  4.06599624824484800E-01  3.17739715216230060E+00  2.74163909626284300E+01
  4.65278877330243820E-01  1.15592364295067260E+01  2.09410059283482290E+01
  3.07263188066738420E-01  2.18781445818343730E+01  2.29962763921384300E+01
  3.88697647565240350E-01  2.78189667418817980E+01  5.94543283057383310E+00
  6.62122603690132470E-01  3.62376566579251190E+00  2.29583621735890270E+01
  3.79322922295397280E-01  4.83011954744504820E+00  1.81786063837774630E+01
  3.53063097104977870E-01  3.40273606451705570E+00  6.75628892194666710E+00
  6.88885956497308970E-01  8.07654643676727700E-01  1.23937036022826630E+01
  5.33066537704075310E-01  2.86321624590847530E+01  5.51154553999351830E+00
  3.42074681651230290E-01  1.25887771464751200E+01  2.73449431701579220E+01
  4.24351701398837560E-01  7.84020077179145320E+00  2.94300357193505850E+00
  2.92456502136063850E-01  9.24172462716338930E+00  2.68444363670955400E+01
  5.90639534364661320E-01  4.34277696541313940E+00  6.83029400942343660E+00
  4.09705559579089850E-01  6.22703077214358110E+00  2.27428186583618800E+01
  3.59079136884617700E-01  1.94948443566713290E+01  2.36207672628805130E+01
  5.27599340399055180E-01  9.02927410434110910E+00  7.05646088993967350E+00
  5.38382256471750510E-01  2.02598936152752530E+01  2.28684594324786550E+01
  5.96963967672292380E-01  1.77283470720860880E+01  2.03087737933156270E+01
  2.96503602823160150E-01  2.11466930789245500E+01  1.50502180076266290E+01
  3.64593218166308700E-01  2.00748739592295740E+01  3.85172441037042020E+00
  4.18947112612636110E-01  2.90251075467226440E+01  1.59169200399049430E+01
  5.40946473112310590E-01  2.41654262724683340E+01  3.65606136534843040E+00
  3.35017483125717060E-01  4.51985131004041920E+00  1.83993409157588840E+00
  4.75626642073745920E-01  1.16089751596205940E+00  1.12855953429837650E+01
  3.04461637453634990E-01  1.96958279779042340E+01  4.40711235382245190E+00
  4.36315933331792570E-01  1.73086118231744490E+01  2.88256163629857090E+01
  6.77666041374141330E-01  1.94204356864957720E+01  5.34894148876086730E+00
  5.67035311113654220E-01  1.36138283684486510E+01  7.36797023339541650E-01
  3.38650161839631010E-01  2.53491620105714900E+01  1.53244821502651800E+01
  6.94010183176834960E-01  1.75356406815602380E+01  4.80664262469778600E+00
  7.10410487391814980E-01  9.04599098009464870E-01  3.16598516281310080E-01
  4.54567147313974470E-01  3.83202900601586020E+00  2.18613343409849610E+01
  2.52169786807371790E-01  2.86741594923828980E+01  2.19588658598889170E+01
  3.01799748246536660E-01  2.72520363879157940E+01  3.68326119568722540E+00
  4.27719079604653450E-01  7.51903726746972010E+00  5.59269957382936680E+00
  3.87762191716535260E-01  2.05268706754740540E+01  2.90849837695174040E+01
  5.72951670348821020E-01  2.71675491824028480E+01  1.69548236729084780E+01
  5.09222041678605210E-01  1.19397412692073990E+01  1.05004042286585220E+00
  5.25993347610763350E-01  6.97851525499330270E+00  3.33874921174933090E+00
  3.12648490279368120E-01  1.78629647496168220E+01  2.82813898218073590E+01
  3.32399546609116130E-01  9.92470277718013350E+00  2.39498501758066060E+01
  4.43807889241729470E-01  2.27680053143400340E+01  6.72113859530160340E+00
  3.44170209092795430E-01  1.75580701414878140E+01  7.96315295923491820E+00
  2.54824432159977790E-01  6.84082088870055040E+00  2.29968317189498140E+01
  4.21963532045373490E-01  8.17751829172208210E-01  8.34445010174465550E+00
  4.11696508529454960E-01  2.90435544887744470E+01  1.94419828089157600E+01
  4.11346310528290360E-01  3.96335049782768000E+00  2.10058242464520820E+01
  6.16837537735261420E-01  2.85052214401828150E+01  9.38305444036896400E+00
  4.83570943621045310E-01  9.75192805513524160E+00  2.08798422865922040E+01
  4.32382463464541460E-01  1.81289705600752670E+01  1.42428282114378440E+01
  5.92513140571182980E-01  2.75718914879022310E+01  7.75001461168149500E+00
  3.55036581058269410E-01  1.22105019857724390E+01  1.38589193877528040E+01
  4.74581552528920360E-01  9.45221220437989020E-02  1.65904202273863390E+01
  3.44905765886116280E-01  1.58454560148726140E+00  8.35392351313769050E+00
  5.96963967672292380E-01  2.60845982772881690E+01  2.02353260163068210E+01
  2.68569610726517900E-01  2.82904584649102730E+01  1.45634854478694710E+01
  5.80290806494985740E-01  2.03603554123329000E+01  2.39816546572659280E+01
  6.25336422111717830E-01  1.67423017116882700E+01  2.30480419237530080E+01
  6.17452885167652710E-01  2.66856078580464380E+01  4.67732495104871490E-01
  3.29506256422424390E-01  1.97634255367073240E+01  1.83761451417600980E+01
  2.58355477869490890E-01  8.32063457648033020E+00  1.67456700080854510E+01
  4.69641390777102340E-01  1.99591926382528160E+01  1.15858295963943690E+01
  3.49095179616795370E-01  1.52731408199882890E+01  1.84937660248841280E+01
  3.27988333844876360E-01  9.87901265774433310E-01  4.06175200259681630E+00
  3.86383264228710210E-01  2.40116874877592320E+01  2.69499244961060780E+01
  4.75543307221801650E-01  3.69732474506927080E+00  5.98205132072473680E+00
  5.07815655211632320E-01  4.17341232026090040E+00  5.12230296122295490E+00
  6.08088426536500660E-01  1.38649631772727400E+01  1.97442609183393250E+01
  3.93024383017402490E-01  1.92454228965067240E+01  6.40476744121781480E+00
  7.48336469443998900E-01  7.50487980522300190E+00  1.41265233497328020E+01
  3.13454063710418570E-01  2.45093309233338270E+01  3.26863732766637320E-01
  4.43133439323318520E-01  8.57612860476606360E+00  1.76858096214591280E+01
  3.62493203924014780E-01  2.62535604666885970E+01  9.37078152223931940E+00
  5.72881440675418570E-01  2.35565596674166360E+01  6.08028964453251410E+00
  3.71299762957800540E-01  1.29841559501506080E+01  1.19284260834764540E+01
  5.13143010843963320E-01  1.22714426438711450E+01  4.66391702908646440E+00
  3.87533216804236250E-01  2.63172306673919460E+01  1.65117363956681520E+01
  3.90540239164096370E-01  2.27126646556470280E+01  1.85836670167014230E+01
  4.11696508529454960E-01  7.10683119319850580E+00  2.51356884493054910E+01
  4.19670751191123690E-01  6.49676990287216240E+00  1.96497358472970320E+00
  5.39922025342825940E-01  6.49579755836417760E+00  2.84815722371994050E+01
  3.73125396709624990E-01  1.54339030204153570E+01  2.21211652246004570E+01
  5.72628172168292430E-01  2.71434770910268630E+01  2.07249442964879620E+01
  5.63660960642019760E-01  2.16488317874881280E+01  1.30070017335245010E+01
  7.54397230300637300E-01  2.92890465550759150E+00  4.91792024117916250E+00
  4.07877171249442140E-01  1.31085463076264120E-01  1.57097854926043110E+01
  4.61178090502161720E-01  1.06857176435814750E+01  2.06362267101749490E+01
  3.50974061745161330E-01  5.43344740617494360E+00  2.68575573236076760E+01
  4.22541054278063120E-01  2.49843830063937060E+01  1.72501491013178590E+01
  3.25036994184950640E-01  2.42685031600407620E+01  1.00623743878950480E+01
  4.96042965314236020E-01  3.81889038625828050E+00  9.00348045241618780E+00
  3.04461637453634990E-01  1.10123064155537980E+01  2.51133786253313170E+00
  4.21290506291976640E-01  7.75123815144165460E+00  2.45867953046552190E+01
  4.26578460793149810E-01  1.56565008702121510E+01  1.22721025907681330E+01
  3.91816801400439550E-01  1.27457332799207990E+01  2.18967127848047130E+01
  5.32262962461145860E-01  2.53436352189961450E+01  2.20994372898901330E+01
  6.07718241283317260E-01  8.82423558948545050E+00  2.60472038872844960E+01
  5.13425754976809310E-01  2.46070357767498140E+01  8.73435224170581750E+00
  5.46829204411607870E-01  7.34399711390088770E+00  2.78025184104364910E+01
  2.99038091422116640E-01  1.95197392091315610E+01  2.70135040239176690E+01
  3.65374026971610010E-01  2.20219094892796510E+01  6.40944540585210730E+00
  3.46733456860136300E-01  2.95731206622277650E+01  2.87034500609771290E+00
  5.01833768532536340E-01  2.10460898524868330E+01  1.83321241167387860E+01
  2.88617724104866640E-01  3.44530179506512320E+00  4.01259730739428560E+00
  3.13454063710418570E-01  5.77838325470902350E-01  2.77774273634152640E+01
  4.43756654693070110E-01  2.63215249148601130E+01  1.92232375887819740E+01
  5.20369884994360540E-01  2.72815734845243900E+01  1.91356642268695720E+01
  7.41720708060832300E-01  1.41465994926864660E+01  1.49075164156778220E+01
  2.99038091422116640E-01  2.29726725807657670E+01  2.19407919991723690E+01
  3.93024383017402490E-01  2.96144745265469140E+01  2.75173287304438930E+01
  2.53364602799301860E-01  2.40641285409364020E+01  4.44365417671789940E+00
  5.48463672908306780E-01  2.85033326984555090E+01  1.14321724143363020E+01
  5.63660960642019760E-01  2.54385212303372120E+00  3.65829845898002540E+00
