1
  1002  2.96924426640336700E+01  2.96924426640336700E+01  1.00000000000000000E+00
        0.00000000000000000E+00  0.00000000000000000E+00  0.00000000000000000E+00
  3.93024383017402490E-01  1.51347213542805430E+01  2.32122132962270310E+01
  2.53364602799301860E-01  7.67172420490809870E+00  1.94167281598844000E+01
  5.48463672908306780E-01  1.79628405643023860E+01  2.33240667058129430E+01
  5.63660960642019760E-01  4.10178857770068640E+00  1.03292946746246540E+00
  4.99487474973056500E-01  1.12656387743598320E+01  2.67613742248500440E+01
  5.32488384254616510E-01  2.91532319903169680E+01  9.15392515582714240E+00
  3.62493203924014780E-01  2.28429559560621520E+01  6.84534794699200780E+00
  3.90540239164096370E-01  1.19219592031206910E+01  9.10938649963182100E+00
  6.25248164210708260E-01  9.71982064910466900E+00  2.59118259339913490E+01
  3.93024383017402490E-01  2.77962331049033540E+01  1.41911613813375940E+01
  2.83517655556827110E-01  2.73067992857083080E+01  4.99413761459339160E+00
  5.16562546778196820E-01  1.21662695315209500E+01  1.95093671440229560E+01
  5.96777348356598920E-01  9.16362859559385790E+00  1.77844022651766530E+00
  3.35017483125717060E-01  1.12512359000985760E+01  4.76786313135146140E+00
  5.69344335137112000E-01  1.71264841836625980E+01  5.02526928784972780E+00
  5.55509338843663690E-01  4.13947611490147340E+00  9.40910956516256290E+00
  4.09775903561979240E-01  2.86385855298138560E+01  1.70043178519374900E+01
  3.20574425314766210E-01  2.84481264993295580E+01  5.42728770265957560E-01
  5.39466591144820300E-01  1.47955370747247810E+01  8.32105238339641140E+00
  5.18725390566230620E-01  4.84805080845781160E+00  1.82571040086366490E+01
  3.62493203924014780E-01  2.01139094802587600E+00  2.24983184025343790E+00
  4.23675716525973380E-01  2.51570444196678020E+01  1.88760601541585050E+01
  4.13050329149462850E-01  2.25624331832385110E+01  2.63102031499358770E+01
  3.01731430220296380E-01  2.85041825979914660E+01  2.54527297021243020E+00
  3.48156346672602490E-01  3.64311591622724460E+00  4.69890905847527840E+00
  6.83531487369900860E-01  6.82236603079897550E+00  1.90265355860359660E+01
  3.27197753470684690E-01  1.30456340586958010E+00  2.60412906753627520E+01
  3.50974061745161330E-01  2.26716988153735210E+01  5.58212513530335560E+00
  5.77649046292645880E-01  8.29022776467846080E-01  2.03476533870757560E+01
  5.13614394364816020E-01  1.78405519508907990E+01  2.06134636581784600E+01
  7.17953871372127320E-01  2.11188017208327490E+01  2.92680951383089720E+01
  3.01731430220296380E-01  1.07487327903185360E+01  2.33492645609734520E+01
  6.14584822297879540E-01  3.13263042606860780E+00  1.59649849496336710E+01
  4.69641390777102340E-01  1.23396706787897940E+00  1.58440139771937500E+01
  4.49154676673646060E-01  1.24474941779741500E+01  1.78931600352884350E+01
  4.82268891960512480E-01  2.74018902202988920E+01  1.59361116726727210E+01
  6.26908127420837150E-01  6.20676347958697950E+00  1.73290303327355990E+01
  2.50971712925384870E-01  1.19775374187606690E+00  1.65622498988865130E+01
  2.62213147743524950E-01  2.05197882321832670E+01  2.44912196922437710E+01
  6.45167794061425240E-01  2.82923970854179390E+01  1.51017629607074490E+01
  5.94931591270377070E-01  4.87785522014836030E+00  1.58166867287110190E+01
  7.68548325332126940E-01  1.07674145599878250E+00  2.91683680356407540E+01
  4.36195486319121350E-01  2.63889974056096860E+01  2.26624654264665290E+01
  5.33066537704075310E-01  1.33945633547695500E+01  6.43683566209598630E+00
  5.62178328188990490E-01  1.42418982418759490E+01  2.21580533059318330E+01
  2.97561439636419770E-01  1.79716849005408220E+01  1.43531698450905320E+01
  4.82771447840326400E-01  2.03457047712014970E+01  1.81286115242279810E+01
  6.61562106526255890E-01  2.92208024636696780E+01  1.60755456058185400E+01
  5.04339573614743570E-01  2.44599734624736630E+01  2.91390258077243910E+01
  3.45648959319623030E-01  7.97592584518373650E+00  2.89155369990997780E+01
  6.95947079841625180E-01  2.02032065780862240E+01  7.43080178378779180E+00
  4.75626642073745920E-01  2.52627664142062650E+01  1.25853385845068840E+01
  2.57534358191145160E-01  1.78407316074968490E+00  2.84059016100482700E+00
  6.30423428531534040E-01  1.97715903972279920E+01  1.32335661927117680E+00
  3.25516939164680520E-01  7.15163105411300750E+00  1.72111773523619290E+01
  3.14110289759674140E-01  1.67754568469042980E+01  1.76224947719197580E+01
  3.99477862283745790E-01  1.31465130428446400E+01  1.74122003546186620E+01
  6.47236078597052340E-01  1.65884877609204540E+01  1.12250872252540950E+01
  5.28731261397185740E-01  2.94563580617605570E+01  2.06446535283294920E+01
  4.43807889241729470E-01  1.46980343184725580E+01  1.75168044102304460E+01
  4.82268891960512480E-01  1.02612335845173470E+01  6.68249228424847350E+00
  4.30858982518450690E-01  1.23729670068651740E+01  2.83357424873704780E+01
  4.18947112612636110E-01  3.99504256673080160E+00  1.10819891639730330E+01
  3.50662231740508900E-01  1.68075257343336450E+01  1.82860160114934760E+01
  2.85767805251094040E-01  7.49969171562021140E+00  9.92003579089871220E+00
  3.45648959319623030E-01  1.74783539149626570E+01  1.07846795382944300E+01
  3.45648959319623030E-01  2.79700081888129970E+01  2.81241103805035380E+01
  6.42005949159872720E-01  2.16695477348655740E+01  1.15118651748223650E+01
  2.74003615458356760E-01  4.25710979633092100E+00  1.77292912534440070E+01
  3.87653287431749970E-01  2.72087475037626090E-01  7.50548560375739800E+00
  4.18948713530687210E-01  1.46352813389268630E+01  2.72943651784659420E+01
  4.53451232343747090E-01  5.69362752837545560E+00  2.06764867350467690E+01
  4.21603844523193420E-01  1.28123554748893230E+01  1.61687441028367190E+01
  2.62213147743524950E-01  9.17979299946189720E+00  2.52075846031824930E+01
  6.94903868090152520E-01  2.53721639446359110E+01  1.99735534486417910E+01
  6.31563936872940970E-01  2.64015989740850370E+01  1.80013030927146860E+01
  7.01778375544082420E-01  8.18835982591650510E+00  1.86147516227214280E+01
  3.46434506905438330E-01  1.48130569442299990E+01  1.60162023569691170E+01
  3.50662231740508900E-01  2.19528991065903330E+00  2.91723795865773500E+01
  3.01799748246536660E-01  6.14843501554595130E+00  1.24998221744808420E+01
  4.41298336829792340E-01  6.04583611293291590E+00  2.67624102962219510E+01
  3.39481361119070080E-01  1.07739749518710790E+01  2.40259250197338650E+01
  3.83181557852844270E-01  1.99054146328288580E+00  2.84685508981120420E+01
  6.75156127532392600E-01  2.67279624852155320E+01  2.01679203841541220E+01
  2.73281005279713530E-01  2.25838906559490380E+01  1.15879565436718990E+01
  6.65634982039605120E-01  5.58408148736142000E+00  1.17000333073655280E+01
  2.54824432159977790E-01  8.29907943982187390E-01  1.70367402178952080E+01
  2.84029264846615530E-01  2.59858233905796540E+01  2.46713932632875410E+01
  4.62836237406567810E-01  2.61112724023562390E+01  2.08497334217597090E-01
  3.33973424357718240E-01  1.02292144950154870E+01  2.78285428176461560E+01
  4.91872428060923640E-01  1.17361089069998150E+01  1.07238141759052790E+01
  5.52490392167627680E-01  2.44014919377288780E+01  1.40993371058384460E+01
  5.39466591144820300E-01  1.86846116179759000E+01  8.94107114897736820E-01
  5.65219172841477580E-01  1.12370055626880120E+01  9.77518057603303880E+00
  3.53776024442120150E-01  1.99217328520138710E+01  8.44195509037424150E+00
  5.54611473665029210E-01  9.41350014874878300E+00  2.86373147921637890E+01
  4.81368497469048420E-01  1.23885947635126960E+01  1.69649674743789730E+01
  2.84672167568555990E-01  1.78833701350179910E+01  6.51215175853578730E+00
  3.06898385793053400E-01  2.21155739464317950E-01  2.52759002360602170E+01
  4.49954956992444630E-01  1.02746687818969920E+01  1.71581819750101660E+01
  5.88686278844574580E-01  2.03137430224358760E+01  9.47437934645628310E+00
  4.36315933331792570E-01  7.45902539344882600E-02  1.33788639110491260E+00
  5.46155746035104350E-01  2.62745894629298280E+01  1.04106481642735190E+01
  4.11346310528290360E-01  4.88318242005908590E+00  1.25169197774045440E+01
  7.44650008855257360E-01  1.51992515598945100E+01  2.83101488133983530E+01
  4.68162992243922280E-01  1.02279835125691210E+01  9.10397918158554730E+00
  7.11073931023246340E-01  2.73215644871616230E+00  6.21338614587597960E+00
  3.02034441597155470E-01  1.57605895777294300E+01  2.73897459353699300E+01
  5.12509616084684260E-01  2.44986745731234410E+01  2.08960189348363490E+01
  3.40422717275118370E-01  3.44423170427828260E-01  3.87998599264688070E+00
  6.65634982039605120E-01  1.40005325900151170E+01  1.46412745723312590E+01
  3.75295693565172690E-01  6.97940453639773750E-02  1.35721830949817090E+01
  4.75626642073745920E-01  2.38580220521705400E+01  2.32976309510008370E+01
  4.72038094207023740E-01  5.70290015526103740E+00  2.45552068259397450E+01
  4.29902962432020440E-01  1.09727863664276800E+01  2.96048547532063110E+00
  5.68910711623079470E-01  1.82543775506073760E+01  4.88432658620292410E+00
  3.07263188066738420E-01  1.16565151734686890E+01  1.15189014823685750E+01
  6.10911033360540580E-01  2.60854270895688280E+01  2.60048639922843210E+01
  3.43353541919950760E-01  2.01175027749663440E+01  2.40392681946152460E+01
  3.15231116497538320E-01  6.33077916781213100E+00  2.60616500940294070E+01
  3.78068289465320630E-01  8.25318459036735600E+00  7.32410454023625410E+00
  2.54824432159977790E-01  2.95884065661557760E+01  2.89290223532175830E+01
  5.44558358435121190E-01  1.27883236575214120E+01  1.08085747846995410E+01
  3.56000803327192820E-01  1.25795969956858290E+01  2.12181423851814050E+01
  3.13454063710418570E-01  2.89658548343806470E+00  2.46546530656854020E+01
  6.12591031919131530E-01  1.25255692844040230E+01  2.21844793753215940E+01
  6.47236078597052340E-01  2.21950983435826000E+01  1.26888803908339530E+01
  2.65726189967390210E-01  2.57147742014776170E+01  3.15222579545238620E+00
  2.96653470797716330E-01  2.33211656672316070E+01  2.46764467182913950E+01
  3.45648959319623030E-01  1.47951107445872530E+01  1.31309608103083400E+01
  3.13454063710418570E-01  8.31175775642830670E+00  1.19935981069206670E+01
  3.39073066583844400E-01  6.42518672813974410E-01  8.12250141071888090E-01
  2.96256570285591500E-01  1.44321906326859570E+01  1.54998192154745130E+01
  4.19081387041561550E-01  1.30842786364757250E+01  1.93346372581165940E+01
  7.08391389715138510E-01  1.10600380012722380E+01  1.47328146704619090E+01
  7.16035261746952050E-01  5.33705992174800680E+00  2.57897661441849020E+01
  4.43133439323318520E-01  4.42583538944618840E+00  5.08335503339532920E+00
  2.73281005279713530E-01  2.60624801688551000E+01  1.71640192903977640E+01
  3.35017483125717060E-01  8.56512509219198040E+00  1.06633408771863310E+00
  5.09222041678605210E-01  1.57463346865275380E+01  5.50591273143150950E+00
  4.27719079604653450E-01  1.63385222702606860E+01  7.01411866549109410E+00
  5.81299825206354370E-01  2.90103449644026450E+01  3.79100182898167000E+00
  5.46155746035104350E-01  1.66602714779748670E+01  9.41355995121697120E+00
  3.05466220251299840E-01  1.09822109279047080E+01  9.98615306695712950E-01
  3.11838068626578210E-01  2.66903782421989360E+01  4.80955466391766700E+00
  6.27423008989955560E-01  7.14444413926453590E+00  2.84100950699556660E+01
  7.12424816007452400E-01  2.09253619676830030E+01  2.11798948428880390E+01
  4.41140732643827070E-01  9.09244045636989460E+00  1.54726837276917040E+01
  3.80273533482480450E-01  2.55500984291882250E+01  2.51724037315999320E+01
  3.29796701345061780E-01  5.04970088391243090E+00  4.62758531056176010E+00
  4.15252526658189590E-01  9.58416267012871080E+00  1.33283893928117600E+01
  2.59062449636064510E-01  6.47493910433975640E+00  1.64849612913010720E+01
  6.18419083689772810E-01  1.11254687375750140E+01  8.49199667068589290E+00
  5.04213456464067280E-01  2.47812858516683260E+01  7.86501937178854770E+00
  3.48156346672602490E-01  1.62386120621569780E+01  8.09754950031786610E+00
  2.89042915761794110E-01  8.57243090607742530E+00  2.86987365039081940E+01
  3.05466220251299840E-01  2.44041619637235300E+00  2.77815712576858690E+01
  6.49919166153384610E-01  8.58675848169952620E+00  2.45145553159952390E+01
  6.14379095469630790E-01  1.38172019149074630E+01  2.66663167171661540E+01
  7.00411917450214720E-01  1.78166926530042670E+01  1.70961815724362120E+01
  5.69344335137112000E-01  6.22812814850449390E+00  8.74715387996280390E+00
  2.57564851167384970E-01  2.17229248088906910E+00  2.20909932879366120E+01
  4.13050329149462850E-01  1.34052960516537730E+01  2.16587514344683180E+01
  6.18419083689772810E-01  1.08866012209723010E+01  1.91743704719178430E+00
  4.26523982883737140E-01  1.76521493842974520E+01  1.59820884282637630E+01
  3.78209123272245940E-01  1.16389603503080470E+01  2.96476693801871780E+01
  2.63055759251188670E-01  1.87731108829197450E+01  2.32942283530144890E+01
  5.00274833943758600E-01  2.15567835905318930E+01  2.08714296322196670E+00
  6.01687927537542500E-01  1.31343520775000280E+01  2.41153703025847720E+01
  4.86073626967704090E-01  1.98495605476965620E+01  2.48222057285885040E+01
  7.62474117278193650E-01  1.78465522496635560E+01  1.87515964929655010E+01
  4.87886881528419990E-01  8.30490488949176250E+00  1.97982726392304330E+01
  2.99038091422116640E-01  1.98357178370733320E+01  2.34642522763632900E+01
  3.50974061745161330E-01  2.84430651425585270E+01  7.90933198389399280E+00
  6.10572080928614460E-01  3.10815251474051820E+00  2.09521315402193840E+01
  3.01731430220296380E-01  5.52763923024478920E+00  4.13631879898224850E-01
  2.59062449636064510E-01  7.96298039910175430E+00  1.64732911922303910E+01
  6.99477888048091770E-01  9.37792009336426880E+00  1.78762256661686830E+01
  4.41666133880560000E-01  2.43858242663661640E+01  1.08230674363874900E+01
  6.86210935380316480E-01  1.38892102221553180E+01  4.58201815801750900E+00
  5.27425300578987690E-01  9.27393729628198750E+00  1.05820097615753000E+01
  7.54505484792745040E-01  5.49781733269608970E+00  1.42117711906841020E+01
  4.11696508529454960E-01  2.82416669761659340E+01  9.39608239779392380E+00
  6.26517897412854200E-01  2.55619557587262350E+01  2.88931161619934900E+01
  5.72142532162989690E-01  1.22834205017325680E+01  8.21734979293523080E+00
  3.47451934045076260E-01  1.26554366347958440E+01  5.95863586524736810E+00
  2.57564851167384970E-01  1.65094476943790980E+01  5.57423212252088440E+00
  5.33859136323620030E-01  1.71882090380872090E+01  2.54911782638207960E+01
  2.69169509893181310E-01  1.42487202223551730E+01  1.62621055754530560E+01
  4.24351701398837560E-01  1.30914759117793910E+01  2.30525793323326770E+01
  3.11762329988951370E-01  1.56972762283801610E+01  1.08713106636767770E+01
  3.50974061745161330E-01  1.35466454322213540E+01  5.56615533121144690E+00
  2.66929568161810020E-01  1.39600469861912910E+01  1.77620132822119740E+01
  7.20816873845379820E-01  2.50761956706029710E+01  1.72831661098770050E+01
  4.22201084465533680E-01  2.53356645473854060E+01  1.61709231787189620E+01
  3.09209541844886400E-01  2.03304715249565650E+01  2.31147156000337190E+01
  2.62213147743524950E-01  1.70675717696522040E+01  2.47045755528746440E+01
  7.60411681679863700E-01  1.90931106490710150E+01  6.49209226688714570E+00
  6.67521681419926690E-01  2.22052411537594770E+01  2.84091678202176820E+01
  4.37954134865551840E-01  1.27494169179362520E+01  9.11341014697107350E+00
  7.16654247500547470E-01  2.12787019863665280E+01  1.46198825519220890E+01
  7.12424816007452400E-01  6.34289795095351040E+00  5.60467336995057860E+00
  3.61198882346046800E-01  2.14285914248185810E+01  2.47400922086924380E+01
  3.82245446386266610E-01  5.60522063955371050E+00  7.66418330988345260E+00
  3.58737518624021320E-01  2.65127243210068850E+01  2.86362557597207040E+01
  5.81547682683179710E-01  2.10116601602931540E+01  1.72739714777423640E+01
  4.21963532045373490E-01  4.40613980005130300E+00  1.03494262625305120E+01
  3.12648490279368120E-01  2.12660780063313090E+01  1.24493250565262970E+01
  3.25036994184950640E-01  1.72244922531579370E+01  6.91920948726982220E+00
  3.83290088603488770E-01  6.59506738103589020E+00  1.19771698497514230E+01
  2.93443024193560210E-01  6.80257803877530430E+00  2.36359294108257990E+01
  2.66929568161810020E-01  1.07405046155208410E+01  1.38121852181201260E+01
  2.99038091422116640E-01  4.10730784607953140E-01  2.47007979477001850E+01
  6.00040109246873770E-01  2.25285058816048540E+01  2.60026491632732300E+00
  7.14535578675763720E-01  8.67548110295387080E+00  6.31723282855750940E+00
  3.06898385793053400E-01  5.66166040052883270E+00  1.81167685456747980E+01
  3.45648959319623030E-01  3.61506285679223850E+00  1.80055352382079300E+00
  3.87046365911375680E-01  1.74179080667510640E+01  1.98181812066663310E+01
  6.56539952722306990E-01  2.22620951724401550E-02  4.83984827543629860E+00
  5.07436062422724900E-01  2.65629902473518020E+01  2.70136413470447110E+01
  7.39270392714900380E-01  4.00737282610493570E+00  1.41175480291239700E+01
  5.38024295323284910E-01  1.41681995179860250E+01  2.90730643002861090E+01
  7.33199636544987770E-01  1.78828257065678570E+01  9.78325250021478430E+00
  6.31923671661538840E-01  1.92248774328686030E+01  1.00200318915420060E+01
  5.72951670348821020E-01  7.62691943643380550E+00  5.57224297098025100E+00
  6.40456937776772590E-01  2.70269798403360110E+01  1.48786011672035560E+01
  4.77241894706072770E-01  1.94311576856580860E+01  1.60482632536181380E+01
  7.64764367446448820E-01  1.39365776582913110E+01  9.30006029388101400E+00
  7.16535845940979770E-01  7.79575903481371140E+00  1.28897209436901680E+01
  3.10705613459761840E-01  3.91502831712575490E-01  1.11111452554677720E+01
  3.89901968262705180E-01  1.69724167318743260E+01  1.21874402793357820E+01
  7.15011499502423580E-01  2.04011685634597950E+01  1.07741090635787430E+01
  7.60297905848187840E-01  9.46169990618043320E+00  1.93325198653903350E+01
  2.65726189967390210E-01  7.02147941374590450E+00  1.01947331461845230E+01
  4.53492046339069340E-01  6.60404421148127700E+00  2.43533135273960260E+01
  5.18725390566230620E-01  4.59830859835176660E+00  2.71173740446383530E+01
  4.24020504903543660E-01  1.15770460223881620E+01  2.80280732525898880E+01
  5.17634268500846420E-01  2.28604717816866160E+01  2.53901744018128710E+01
  4.54567147313974470E-01  7.09027696130938170E+00  9.29873482193019640E+00
  3.65965634987757580E-01  2.68468151150858780E+00  1.69854225485792970E+01
  2.96256570285591500E-01  9.20138853945745620E+00  3.01898867456338090E+00
  5.50543265074639000E-01  2.51012510922279160E+01  2.82454533955313280E-01
  4.46540105696671490E-01  1.61141388784618940E+01  1.02403007116064360E+01
  6.47236078597052340E-01  2.89394798146309820E+01  2.37305463317729850E+01
  4.82769235883485770E-01  2.31790342198702250E+01  6.91279194646639180E-01
  2.97529618718302210E-01  5.48782360916471660E+00  2.72465242226177970E+01
  4.13811620468168510E-01  6.28188691264313090E-02  1.97192740366552430E+01
  4.87785457169642190E-01  7.53902170177802590E-02  3.03809920801174820E+00
  3.41778742319800830E-01  1.34917367085600490E+00  5.60917530701656020E+00
  4.05793634226126800E-01  8.62341182728233410E+00  2.62057003602260120E+00
  7.14516279726398110E-01  7.25384898586705250E+00  2.27374822233045930E+01
  3.71799304162545760E-01  8.51333854023531880E+00  5.24370315995766840E+00
  5.77820253962530560E-01  2.11534384569961670E+01  1.33323847562027420E+01
  4.75626642073745920E-01  9.45069654801435450E+00  2.76081240167922100E+01
  5.46562010559427060E-01  2.24152130256791700E+00  1.52216971830188220E+01
  3.29506256422424390E-01  1.29349351587723880E+01  2.78244959818258690E+01
  2.62213147743524950E-01  1.03237346374509400E+01  1.87851416964471840E+01
  3.63105686475124490E-01  8.14589332959355340E-01  1.76571518751049370E+01
  7.08391389715138510E-01  1.16964960364498940E+01  1.59976475971345740E+01
  4.26578460793149810E-01  1.78817895121329860E+01  2.90963018310414480E+01
  6.08873319065221350E-01  2.31570279836662250E+00  1.92548416948104020E+01
  5.39466591144820300E-01  1.87257115789004020E+01  1.97137034742971550E+00
  4.66553963192992600E-01  2.93074116869398330E+01  1.10786773318406940E+01
  4.82771447840326400E-01  1.50792829132242550E+01  2.95305205974138620E+01
  5.13004586318856950E-01  2.36593663448986330E+01  1.95018172963180840E+01
  3.17084428049163950E-01  1.70064743289380260E-01  2.30442408128924610E+01
  3.50974061745161330E-01  2.30211121970102110E+01  7.53524658043287590E+00
  3.82382183723224410E-01  2.23062448420502340E+01  7.37204614445646020E+00
  3.77759649416993960E-01  1.17466513693368490E+01  1.22060338271887490E+01
  5.74203886104520670E-01  1.88500026629795240E+01  2.88478342370998500E+01
  4.11346310528290360E-01  5.68306650454179700E+00  2.93671567795068210E+01
  5.06367095649294540E-01  2.72736661357371090E+01  1.07396274156611400E+01
  6.01687927537542500E-01  2.63201216124468650E+01  1.58972518071926760E+01
  2.49794182180603610E-01  6.39001357563863070E+00  4.61414513925103090E+00
  6.11481049571092420E-01  8.33135596379224270E+00  8.33220959081430660E+00
  5.03927515451986880E-01  2.30806623766531340E+01  1.53805593151638520E+01
  6.35485889077753010E-01  7.60450664197467320E+00  2.82997115769832920E+00
  2.99038091422116640E-01  6.24829793723525030E+00  7.88057031691477320E+00
  4.22541054278063120E-01  1.51028452836037510E+01  4.79667564364862020E+00
  3.05466220251299840E-01  5.17210490474099860E+00  2.39871271428887030E+01
  2.62213147743524950E-01  1.13417422036918740E+01  2.32264227845463400E+01
  3.61769499680632390E-01  7.97664422799272280E+00  1.58536189445813830E+01
  2.47647088603063280E-01  1.30962262515140200E+01  1.44693329085557160E+01
  3.11155895623034430E-01  2.22316424133200390E+01  1.54796258732099010E+01
  2.66929568161810020E-01  6.93071889007894980E+00  2.75422742850027230E+01
  6.90395435464654740E-01  5.32088569076887200E-01  6.23878296682952090E+00
  2.96503602823160150E-01  1.16186448958378680E+01  2.62828917953254450E+00
  6.57722721512726150E-01  2.42264978315224650E+01  2.80026825817333100E+01
  7.24777883420223110E-01  3.36186542709942550E+00  2.72455584025051290E+01
  5.48279863025970290E-01  2.06671789075557230E+01  2.60618235169526290E+01
  6.40748513009616880E-01  1.80493677609086700E+01  7.42230311871799130E+00
  2.56092450391898300E-01  9.08182197729580840E+00  8.76750782478861620E+00
  7.17499092254363010E-01  2.07031024931983830E+01  2.95238349822341240E+00
  4.66141488621800890E-01  5.23949268105885670E+00  2.14751651554742220E+01
  6.33759023001558490E-01  1.38335370478293970E+01  2.54187193278951860E+01
  5.48279863025970290E-01  2.58488531571179610E+01  7.64058372464377730E+00
  4.19081387041561550E-01  1.02615157454656760E+01  2.91148406719397100E+01
  5.70902198024309190E-01  2.96837517523833410E+01  1.72165968792859870E+01
  3.17950877609215300E-01  4.43043186212402240E+00  2.52972512231773620E+01
  5.96963967672292380E-01  2.05039007431150420E+00  2.54985789449031870E+01
  6.18832453479690690E-01  2.90947334029501510E+01  2.58090261297877920E+01
  2.63339374245984010E-01  1.00064244848385720E+01  1.94461308218605730E+00
  3.55036581058269410E-01  1.69144027403281530E+01  1.02779443226662880E+01
  5.84913004272127690E-01  6.55864724534656230E+00  1.32919096587665900E+01
  5.77235448209733180E-01  1.23996384008246670E+01  1.49230742425417730E+01
  5.01105313190319460E-01  2.97917170105899310E+00  2.60826742150300850E+01
  3.83598938984435380E-01  2.32553160424209370E+01  2.83768935206678740E+01
  5.98360795606824340E-01  3.14598070425921430E+00  3.89498525785860130E+00
  3.41778742319800830E-01  2.59961102847104790E+01  2.19923366386745730E+01
  3.29796701345061780E-01  1.13364206642918890E+01  1.93494429736079070E+01
  3.84420431658369740E-01  1.62366352956853110E+01  2.14271562710178960E+01
  4.91872428060923640E-01  5.44305260320716310E+00  1.05512053435225980E+01
  2.93443024193560210E-01  2.69385077687048560E+01  8.61103802624115570E+00
  5.81299825206354370E-01  1.13272979313191760E+01  2.47612848064436940E+01
  5.68243553274813350E-01  1.49017367294919010E+01  1.04974981497340440E+01
  5.39001667068871980E-01  2.70236416826415540E+01  1.89920529557893580E+01
  7.01587183784351610E-01  1.25090878962027090E+01  2.52575036093336710E+01
  4.45239477383046460E-01  6.34231953877978950E+00  2.52123342638777860E+01
  5.39001667068871980E-01  2.43789904260537470E+01  1.62340250453275910E+01
  2.86134314477376340E-01  2.89518546626175920E+01  2.92598715641739600E+00
  7.70254277643880240E-01  2.96515558366687950E+01  1.47117616560812450E+01
  3.45648959319623030E-01  1.32894648610680790E+00  2.43738931289109350E+00
  3.39481361119070080E-01  3.66718255713630280E+00  7.63290902810669540E+00
  3.04461637453634990E-01  8.36439007042905300E+00  1.53118720258806980E+01
  5.20369884994360540E-01  7.57482363562048630E+00  2.39281387586155030E+01
  2.65726189967390210E-01  2.54790588261641840E+01  1.82127393840167430E+01
  6.26908127420837150E-01  8.47797383459439930E+00  2.57858252056044570E+01
  3.48480710258510130E-01  2.18688429935915140E+01  6.78658589650772190E+00
  2.96653470797716330E-01  2.34365969105571900E+00  4.28630492340746820E+00
  6.31923671661538840E-01  1.61655268908861240E+01  2.92896885974615130E+01
  4.09705559579089850E-01  1.77357419943536310E+01  1.19536388962378890E+01
  6.72499163702481620E-01  1.47970940363425770E+00  9.44619032405711860E+00
  2.84029264846615530E-01  1.32319252443561980E+01  1.67348270766380300E+01
  5.34631033075580400E-01  2.31970943528843100E+01  9.98587646008520120E+00
  6.17076625982510940E-01  1.37490219877039250E+01  2.01281323363853490E+01
  6.55074006360275090E-01  4.30740415422341360E+00  2.82539673716048620E+01
  5.46562010559427060E-01  1.21483172728435350E+01  2.32793209858598830E+01
  5.17626013175185660E-01  1.73326282304046550E+01  1.38479159416988190E+01
  5.82207618145930890E-01  1.95424900317255880E+01  1.33155583499405590E-01
  5.98268629341587580E-01  2.16139586703821180E+01  1.02729018771294170E+01
  5.34553382826858140E-01  2.09097508331638070E+00  3.57616433395897150E-01
  3.76753951196820710E-01  2.30158937338478960E+01  1.20778380686983480E+01
  7.52518120402026810E-01  4.38848783124104450E+00  1.94421594753786060E+01
  4.81368497469048420E-01  9.56606647865342730E+00  1.62643273353521710E+01
  6.47413426355271770E-01  1.25262022656386570E+01  2.88747712873125410E+00
  3.05466220251299840E-01  2.48421986886107590E+00  2.40536477026551370E+01
  4.46689977500956030E-01  2.17037993990596550E+01  2.63497451504225460E+01
  6.18566685513849460E-01  2.87766597150679000E+00  2.70981126528134950E+00
  5.36592099856838090E-01  3.93442962574630290E+00  2.93854383146025420E+01
  5.09574347305064630E-01  2.17277515678752700E+01  1.95733021678630190E+01
  4.92328788949218680E-01  2.70196719583796110E+01  2.96066223449583820E+01
  4.83351594707823830E-01  1.72460662549221060E+01  6.08377617538656690E+00
  4.40650972415989980E-01  9.03758411317406280E+00  7.55488507535303010E+00
  6.10911033360540580E-01  2.37182577981586180E+01  8.19772056362439020E+00
  4.34172467284937990E-01  2.25434808954889900E+01  2.17465320980431260E+01
  7.03188417218805210E-01  2.30562556044278640E+01  2.73096006223141430E+01
  2.92799561075502800E-01  2.21356403302100480E+01  2.57500060952638880E+01
  5.68243553274813350E-01  1.91974765486601700E+01  1.12181146209919870E+01
  4.60682082706054620E-01  1.07768161796514570E+01  2.84034705352275940E+01
  6.41715074739605920E-01  1.21876990993637410E+01  6.82958931945916350E+00
  4.55206736325743130E-01  1.25812147946651260E+01  1.39083001728347110E+01
  4.22201084465533680E-01  1.62421513407883800E+00  6.44804272742963660E+00
  3.63079661055833470E-01  2.81729660462239520E+01  2.74465740319991300E+01
  2.63055759251188670E-01  4.38834505012885150E+00  2.04703916238006830E+01
  5.32877675645020420E-01  1.55458378077438850E+01  7.55605536116110880E+00
  5.77235448209733180E-01  5.92730344924697230E-01  8.56764059787993130E+00
  4.09775903561979240E-01  2.67338970360337140E+01  6.97024139468344030E+00
  6.93187364831086050E-01  1.94965017469087950E+01  5.09914683930826130E+00
  4.30054269381220950E-01  1.32597364984079460E+01  1.54461802844808210E+01
  5.07436062422724900E-01  3.10075036058440510E+00  1.13190119270849130E+01
  2.49948351789403130E-01  1.23108786309732960E+01  2.02616040879482040E+01
  3.16022212934137680E-01  1.28226454629184980E+01  2.00213388085414760E+01
  4.72818350263822220E-01  9.94244014492058170E+00  1.13253167243046190E+01
  4.46689977500956030E-01  3.63545485956575300E+00  5.49191174782304970E+00
  4.74581552528920360E-01  1.07859361168280420E+01  1.08952278667129580E+01
  4.86590143357422540E-01  1.92309807736603380E+01  2.66393058434385210E+01
  2.73281005279713530E-01  2.31097655087939810E+01  2.33288528705820110E+01
  5.20515140446715560E-01  2.47557117233794020E+01  1.29468993325434360E+00
  4.13811620468168510E-01  2.45711615032164300E+01  4.92776033216951510E+00
  3.81419328643079860E-01  2.32613769205746690E+01  1.13615629603315520E+01
  4.05593309893122810E-01  2.72459090201749740E+01  6.28341603928916830E+00
  5.85380732291966590E-01  1.33643852825344140E+01  1.83712821002475050E+01
  4.06599624824484800E-01  1.06532887223421630E+01  2.54800320289248750E+01
  6.40456937776772590E-01  1.41119614863511500E+01  2.33520845085457080E+01
  4.75626642073745920E-01  2.88628743603695240E+01  1.22237609753110710E+00
  5.09222041678605210E-01  3.60730891951910280E+00  2.28467232041403180E+01
  5.77820253962530560E-01  1.17911357234735980E+01  5.50357659154109680E+00
  3.80273533482480450E-01  6.63157395790122720E+00  1.42535119613537620E+01
  5.01406606281285510E-01  1.50249973282052580E+01  1.39708238425071580E+01
  3.59079136884617700E-01  1.82009496428606000E+01  1.37385783776191380E+01
  5.94092381958372510E-01  2.48855423557166090E+01  2.35927723917623310E+01
  2.54611020839302520E-01  1.05832989786611350E+01  2.10946880527465730E+01
  4.99223721401470310E-01  2.11354215442976520E+00  3.52486668880108670E+00
  2.54611020839302520E-01  2.90676809473662910E+01  1.99648921179210180E+01
  3.20574425314766210E-01  1.02512612973053280E+01  3.16341717710751970E+00
  2.85767805251094040E-01  4.00731866042698210E+00  1.61784220179939060E+01
  2.54611020839302520E-01  1.77078483659301110E+01  2.25632123912037560E+01
  4.12246671516209600E-01  1.17079334717133660E+01  2.88534041926815660E+01
  4.41298336829792340E-01  2.20655088169184130E+01  2.10046860608433090E+01
  7.09985914168247060E-01  2.56664214327226040E+01  2.12002386056917210E+00
  6.80956647410425740E-01  2.65768681002807220E+00  1.43098105216416350E+00
  4.75338540515479570E-01  1.84323836218450910E+01  2.71717473845482150E+01
  7.49588614928249000E-01  1.30294533002254420E+00  2.15857377293530380E+01
  4.74033319401206570E-01  3.81638094791846340E+00  8.43178715961478890E+00
  5.20515140446715560E-01  1.01996555765527720E+01  1.00921945168843070E+01
  5.48131117613959250E-01  2.82978116020119080E+01  1.09887164508627590E+01
  3.46733456860136300E-01  6.15708608703499570E+00  2.66120413234645530E-01
  6.97384645011991290E-01  1.54847925836790650E+01  1.83443348110747980E+01
  3.78209123272245940E-01  1.55911564853821680E+01  1.15509454521131780E+01
  3.82382183723224410E-01  1.31011739757172200E+01  1.28353791566588880E-02
  4.46537248270915300E-01  1.85114179514776640E+01  1.61312057526995890E+01
  6.08690451339190200E-01  1.38614709175253190E+01  2.79684310022268430E+01
  2.59062449636064510E-01  2.17233866665119030E+01  2.90738379675495080E+00
  4.43756654693070110E-01  1.28351696084146990E+01  2.70582199763284380E+01
  3.18942867500738640E-01  4.69361731600811980E+00  1.49222872320688960E+01
  7.16535845940979770E-01  2.94750284202384450E+01  2.01096857742164040E-01
  4.62836237406567810E-01  1.68315465325418430E+01  2.89673438172675550E+00
  6.97384645011991290E-01  1.46072303589180720E+01  9.17091536069453820E-01
  2.47647088603063280E-01  1.55378191710772650E+01  1.93744134478212050E+01
  4.05793634226126800E-01  1.71508879188309880E+00  1.29205587556187250E+01
  5.37364664263313330E-01  5.60314050086211870E+00  1.89934027393832850E+01
  5.72881440675418570E-01  2.03753862357866250E+01  6.12676012567375850E+00
  5.04213456464067280E-01  1.11463806570216750E+01  7.36060035673912960E+00
  3.86557871019070410E-01  1.38871089678401260E+01  8.15035797491146670E+00
  5.62178328188990490E-01  7.47573243343507080E-01  1.29231214660196280E+01
  6.41715074739605920E-01  1.20632846724062630E+01  4.22720884854916170E+00
  4.54567147313974470E-01  1.06255159789447920E+01  1.96783669799327110E+01
  3.97011970696729720E-01  1.21422761179905230E+01  2.42221558872827850E+01
  3.99477862283745790E-01  2.79460919985320970E+01  2.08701772426384200E+01
  5.15931587153482510E-01  1.01542522668135020E+00  1.05690127192324700E+01
  5.98026541173087530E-01  1.07723354312911470E+01  3.96776869822541800E+00
  5.94917806945655060E-01  4.07326864762997240E+00  2.61357337504913300E+01
  3.86557871019070410E-01  1.29531927155067140E-01  1.03992508726640120E+01
  5.52347772924787250E-01  6.14728731302247770E+00  2.77808271521347120E+01
  4.05793634226126800E-01  7.22873914556665740E+00  2.16186314137429320E+01
  4.66753989857397040E-01  5.56198061618900490E-01  2.18771022182283350E+00
  6.77666041374141330E-01  1.49864596029324720E+01  3.70312411853614430E+00
  3.23306573977224420E-01  2.04365200954907070E-01  2.14410725920140980E+01
  6.88340418185590860E-01  1.73006502795087580E+01  2.17135590482280950E+01
  4.11696508529454960E-01  3.30745258324217990E+00  1.90123094458470340E+01
  4.03052389307286420E-01  2.07489338799327360E+01  2.51147196762602650E+01
  2.97529618718302210E-01  1.61584118983483940E+01  8.73780579279342360E+00
  3.13090147150790890E-01  7.45403083997071650E+00  8.62316847728107660E+00
  5.01435669612667030E-01  2.25721689280108610E+01  1.08111780245193220E+01
  5.26482748420329030E-01  1.48121234506394530E+01  2.12320688893647580E+01
  6.75156127532392600E-01  1.54143046695523280E+01  9.36500210002885680E+00
  7.20816873845379820E-01  2.42717807024776810E+01  2.43704575525818080E+00
  5.30006102735105960E-01  2.72940259732518450E+01  4.18151747298240210E+00
  3.43353541919950760E-01  1.49170470927873480E+01  2.39146963321836450E+01
  5.32877675645020420E-01  1.16497532623146620E+00  7.28511237844704150E+00
  6.44956217916396120E-01  1.56290094221887800E-01  1.84199562529699960E+01
  3.55036581058269410E-01  1.29635624353055650E+01  2.62101834912532290E+01
  4.30054269381220950E-01  1.69452967115400880E+01  3.78166023054420550E+00
  4.93734512940847830E-01  6.49682108455218540E+00  1.57327807378743250E+01
  3.42409596243210680E-01  5.53214498570407190E+00  9.33530524586748810E+00
  5.58952633370732950E-01  8.34150325058850410E+00  1.00257656534256440E+01
  4.49954956992444630E-01  3.96766441924060680E+00  1.53055359519257180E+01
  4.11346310528290360E-01  2.57380917399970780E+01  1.00180116641104000E+00
  4.72818350263822220E-01  2.12863619892059930E+01  1.82901007136961730E+01
  5.00672486592370710E-01  2.81831825069044940E+01  2.64570992890121840E+01
  4.15334611176110170E-01  5.51525141052746190E-01  1.64060248099814600E+01
  7.70254277643880240E-01  9.72483546371363340E+00  2.36667352643740150E+01
  5.32262962461145860E-01  2.80647342241997060E+00  4.97286991358894430E+00
  4.01880163826280960E-01  2.23269672124291850E+01  1.61950964284186300E+00
  7.41720708060832300E-01  2.48059427255260840E+01  3.79641051316179560E+00
  3.01674668393272730E-01  1.72023409756363680E+01  2.40018992784223850E+01
  2.66929568161810020E-01  1.26956153897933530E+01  2.06061867206717930E+01
  4.15334611176110170E-01  5.40025825281540950E+00  2.84385612463285430E+01
  5.20369884994360540E-01  2.92889226784154030E+01  8.11121495010956290E+00
  2.84672167568555990E-01  9.60760412799654340E+00  8.63891803236006160E+00
  5.18912146576496980E-01  8.36682732986833420E+00  1.11026643592553090E+01
  3.90540239164096370E-01  1.80720292722494840E+01  1.96717387632851180E-01
  3.63079661055833470E-01  1.66022183613278320E+01  2.42874573892985200E+01
  4.73113776075054650E-01  2.01424269043874060E+01  2.69369714394567910E+01
  5.55687039951364880E-01  2.25832854480221390E+01  1.63137950379112130E+01
  6.97384645011991290E-01  1.99869381993865150E+01  1.28190212907570180E+01
  3.54092873053847420E-01  1.71081310255845440E+01  2.90053303374565520E+01
  7.37991961479508610E-01  2.83246309478791610E+01  4.91644506728851650E+00
  5.10790949981952740E-01  1.51077895965629860E+01  1.22951551419355450E+01
  7.03918080384424090E-01  2.13568020953834790E+01  1.60375985804688350E+01
  2.69326463995374250E-01  2.29020466032365460E+01  4.51728721672486880E+00
  5.39922025342825940E-01  2.51622136278426040E+01  2.17114513477708360E+01
  5.39922025342825940E-01  1.58262002994594740E+01  7.18448074657442600E-01
  3.52682444144397330E-01  2.43282862217457070E+01  2.00488705876998100E+01
  3.17084428049163950E-01  1.16308304513200990E+01  2.24428498798117780E+01
  3.92511582998476170E-01  7.07557418745750950E+00  4.77996589618831450E+00
  2.92799561075502800E-01  5.29157265301822120E+00  2.74836472314164570E+00
  3.63105686475124490E-01  1.39339470647448830E+01  2.10906151298071370E+01
  3.25036994184950640E-01  9.54987275775176410E+00  2.47516197583461870E+01
  5.70902198024309190E-01  4.55343441708752380E+00  2.33664931043562270E+01
  6.18138908065390960E-01  1.19121397141949360E-01  2.70688041169320640E+01
  3.10705613459761840E-01  4.33781715788608400E+00  7.72028686229588690E+00
  6.99092076263204730E-01  5.57046226978086080E+00  3.69909333705046970E+00
  4.40295189098215370E-01  6.67039080585580550E+00  2.93645196538211980E+01
  6.52034765531911640E-01  1.39777871999640340E+01  1.25596515492262170E+01
  5.12628979659419230E-01  1.85173017728412290E+01  3.00179051328257840E+00
  2.68569610726517900E-01  6.21005792270468500E+00  1.82911920774385410E+01
  4.41473589537221400E-01  5.57107116881878280E+00  1.30183969047752690E+01
  7.41623060643924430E-01  2.54288239022130500E+01  1.13809272046308470E+01
  2.49794182180603610E-01  1.39078004581083970E+01  1.56506878668862960E+01
  3.44856808658559500E-01  1.38460943141200910E+01  1.62899992843399470E+00
  6.83701617051292750E-01  2.72792453700268320E+01  2.22120574523662610E+00
  7.19599311285852310E-01  1.36440473968671210E+00  4.54815118362070780E+00
  6.67521681419926690E-01  1.82843203426506520E+01  2.59807033763637070E+01
  5.40946473112310590E-01  1.20288950328427280E+01  1.30799173282223760E+01
  3.83579206291793930E-01  7.39331094214931280E+00  1.78772280683311420E+01
  5.04339573614743570E-01  2.89607232340660910E+01  1.01720103214354920E+01
  6.35523375007872900E-01  1.60890156951761260E+01  4.41446255599239110E+00
  3.44905765886116280E-01  4.28281721612385620E+00  2.23243009746734100E+01
  2.65726189967390210E-01  2.91001750428661270E+01  2.87485760487598550E+01
  4.87785457169642190E-01  8.07991373125701170E+00  1.81231818911475550E+00
  3.71299762957800540E-01  1.99244634336960010E+01  1.67381493226101200E+01
  4.13811620468168510E-01  6.21425668476945960E+00  1.99385861958259700E+01
  5.69423614487483490E-01  1.79658201279289180E+01  2.81050738689885800E+01
  5.83429036676414100E-01  1.88150836067888710E+01  1.23034713506530020E+01
  5.30006102735105960E-01  2.29469584531814800E+01  1.87427234706485280E+01
  5.16710955738981780E-01  1.09154775573159920E+01  1.18774456157670340E+01
  2.65726189967390210E-01  2.02227959805450440E+01  2.09619408712505480E+00
  3.18942867500738640E-01  2.85999317474564020E+01  2.49862664408135980E+01
  3.23881608201221470E-01  1.06548220275366300E+01  2.62097966404211280E+01
  3.54092873053847420E-01  2.61845867940553350E+01  1.43523860558731610E+01
  5.12509616084684260E-01  5.17169241295263580E+00  1.14497609395615220E+00
  4.99223721401470310E-01  6.38797277980120270E+00  2.82400343036559140E+00
  2.56092450391898300E-01  3.32325422450709950E+00  1.33552741695166560E+01
  5.45765227979075810E-01  2.70971415153285450E+01  2.79469205625259360E+01
  6.94010183176834960E-01  8.29205685437494110E+00  2.77586987817914090E+01
  3.57201130995523370E-01  6.01958928468598400E+00  9.55626506715683990E-01
  5.25895496843049500E-01  9.33427529005153470E+00  2.24326951077084720E+01
  5.10790949981952740E-01  1.07399186731477060E+01  2.19281047419471520E-01
  4.89717368181109780E-01  4.88810385117796380E-01  2.60253929147044790E+01
  4.82769235883485770E-01  1.11687663415768480E+01  6.36161182259108230E+00
  6.93278360304079300E-01  2.08078612665582630E+01  2.78936718543702790E+01
  3.35017483125717060E-01  1.67584183962645130E+01  8.53868960538685150E+00
  3.26514001167033020E-01  1.25485178923508080E+00  5.55953070627221990E-01
  4.75880684447443510E-01  3.24996353274435100E+00  4.38226655500271530E-01
  4.22354771203238230E-01  9.77834023355173440E+00  2.59098288344878960E+00
  4.11966131227655820E-01  1.81106122682515540E+01  5.85381904301306030E+00
  7.30946391186454210E-01  2.22172405266675420E+01  2.28648695297953890E+01
  4.22201084465533680E-01  6.88656234981007030E+00  5.06237686673038920E-01
  5.15931587153482510E-01  7.51638262018406600E+00  1.16907373374927360E+01
  5.52347772924787250E-01  2.15079267893915610E+01  5.91343534419861430E+00
  2.49794182180603610E-01  6.89957697992174170E+00  1.25308383306722670E+01
  4.50103975287380020E-01  2.76460286736526690E+01  8.32557982300646770E+00
  3.61769499680632390E-01  3.03799805204117580E+00  8.73211029064400710E+00
  2.77147605524350650E-01  2.31220965852111600E+00  2.13965941149900980E+01
  7.64764367446448820E-01  1.86646824966740250E+01  2.22144234082362220E+01
  5.71326189973923350E-01  2.23075341748338760E+01  9.33201753902766740E+00
  4.07877171249442140E-01  2.07474956758871480E+01  1.67649518390094680E+00
  4.46540105696671490E-01  1.45133985845963540E+01  2.05435303513340940E+00
  5.07606992315717240E-01  5.65963530187959750E+00  2.03946099299931080E+00
  3.01731430220296380E-01  1.13313771529644690E+01  1.37598702956378580E+01
  4.32382463464541460E-01  1.03148624021793670E+01  2.47134502017084610E+01
  3.25762576013666160E-01  1.67970008960945270E+01  1.69843469595115510E+01
  6.24920360555607160E-01  2.05153196088888330E+00  2.67202909012450260E+01
  7.38532964590205680E-01  2.77705541790336490E+01  1.79579011083670750E+01
  3.92511582998476170E-01  1.16690405491454450E+01  2.02693975997722800E+01
  2.97561439636419770E-01  1.51323424037499090E+00  1.96754303624825720E+01
  3.46434506905438330E-01  2.65106492089489550E+01  1.12708865212918000E+01
  5.89502618647478990E-01  2.32790849050122940E+01  1.43069651681755430E+01
  3.32399546609116130E-01  6.41284316707561430E+00  6.86467237943645260E+00
  5.77649046292645880E-01  2.49043211594025560E+01  2.58787379134124290E+01
  4.31729360191427780E-01  2.04751795959167320E+01  5.28033858706247900E-01
  3.17950877609215300E-01  4.18865492089366410E+00  2.41763836358751050E+01
  4.75880684447443510E-01  2.68515128589542160E+01  7.84726396851986330E+00
  3.91816801400439550E-01  1.55468530339134650E+01  1.59428978686128580E+01
  2.50163292655703180E-01  1.56463564831969500E+00  1.41614692549516730E+01
  3.42074681651230290E-01  6.33962819020019810E+00  1.49132614334018050E+01
  3.50974061745161330E-01  1.33838381435695640E+01  1.38336906852218750E+01
  6.18566685513849460E-01  1.85441176902975760E+01  1.50673887590684680E+01
  3.24719866931951940E-01  2.75958373077348010E+01  1.15051856625737780E+01
  3.57201130995523370E-01  9.23618137748032810E+00  5.33716832828769050E+00
  3.13090147150790890E-01  1.55630855307683280E+01  2.16055489364285340E+01
  2.58355477869490890E-01  6.80600987478006210E+00  2.57411897005372050E+01
  4.83351594707823830E-01  1.69573250999387280E+01  7.68217333037929520E+00
  5.48463672908306780E-01  2.41707374873239300E+01  5.88683194303145460E+00
  4.24351701398837560E-01  1.95417321873295260E+01  1.77105373274643370E+01
  6.80557430527969220E-01  2.71623965671178380E+01  9.55830051361920140E+00
  3.73125396709624990E-01  1.36097206023875130E+01  1.61974090111602220E+01
  6.77808113742920780E-01  2.15152242401525450E+01  9.11220818898213910E-01
  7.67512613708393760E-01  2.23204806035714110E+01  1.76077726190595460E+01
  4.76544583128828500E-01  1.74839573659459260E+01  2.71077855574677000E+01
  6.97738347479756800E-01  1.45722924345949250E+01  5.78254758391399190E+00
  4.49545157175862540E-01  2.78110613074834280E+01  1.67727226027179480E+01
  6.25336422111717830E-01  1.72034315297895470E+00  1.72628720332584430E+01
  4.99487474973056500E-01  1.31616373930989760E+01  2.88264485236696540E+01
  6.67521681419926690E-01  2.50499564753927220E+01  6.72585156710410730E+00
  3.44170209092795430E-01  1.32155869691700280E+01  2.09265546453226610E+01
  4.01880163826280960E-01  7.33109673116011960E+00  1.39046900934703540E+01
  5.95035019805102560E-01  4.32715750781273560E+00  4.05105186223613160E+00
  5.20348764567513020E-01  2.45100672903037880E+01  2.25451687976129090E+01
  7.44845164893703690E-01  6.85557358831965400E+00  1.67220892284117720E+00
  6.94010688862415210E-01  1.43861709940633080E+01  7.15929737969655640E+00
  4.00156705760987560E-01  3.01105014952171630E+00  7.97222571675227700E+00
  6.57722721512726150E-01  2.68653939728327310E+01  2.50054838128867340E+01
  3.61198882346046800E-01  1.46901065372487750E+01  1.67121318245825990E+01
  6.07167866036927160E-01  1.23567588496107310E+01  6.64419328335334570E-01
  5.81677556670477180E-01  1.44959808462623640E+00  1.84383796106645690E+01
  3.17579752081870750E-01  1.51144295634022030E+01  2.20484615731954250E+01
  2.69169509893181310E-01  1.29655654376179740E+01  4.34224861022272800E+00
  5.36592099856838090E-01  2.92461369587006420E+01  2.15805377698857900E+00
  3.01799748246536660E-01  1.14509669701280680E+01  6.08733048019185930E-01
  4.05794678723965420E-01  1.42910428342637990E+01  2.87404711173065980E+00
  3.65995101567518470E-01  1.31957451136602620E+01  8.44624540990070650E+00
  3.39481361119070080E-01  2.02678714314521140E+01  1.59324110033310230E+01
  6.97384645011991290E-01  2.34925700892921830E+01  1.30397737108697580E+01
  6.82253548551889110E-01  7.40247397485519620E+00  1.49842391164875280E+01
  5.67035311113654220E-01  9.94895393959301090E+00  1.23645645543674170E+01
  6.47236078597052340E-01  1.65805187299521930E+01  1.60372104281732350E+01
  5.92513140571182980E-01  2.07794831068256690E+01  5.03177791599776110E+00
  4.71553509741754610E-01  2.11789596618856630E+01  4.04139344301333200E+00
  6.55885333720611730E-01  2.91008854164114260E+01  2.24389392052278610E+01
  2.83840017940612550E-01  2.58542512962192710E+01  1.66487514657054480E+01
  5.65219172841477580E-01  2.75431753712397160E+01  1.32682584078965110E+01
  3.48480710258510130E-01  4.76095626071267120E+00  1.10408988351005920E+01
  6.26908127420837150E-01  1.73018683179415900E+01  1.49896647429055340E+01
  2.62213147743524950E-01  2.06569828324465770E+01  1.53749771224505840E+01
  5.08737612195334600E-01  1.00391366024337480E+01  1.53950299599503760E+01
  4.59281804788439010E-01  2.60268451308473170E+01  1.90246419805851090E+01
  2.86550378078914000E-01  6.74997324649600030E+00  1.80610127681143670E+01
  2.99038091422116640E-01  2.42953600199079600E+01  2.17144757866064500E+01
  3.62493203924014780E-01  4.04491338473984110E-01  2.22378866793411910E+01
  5.64616421781660800E-01  1.91746375154598140E+01  2.40177251136360890E+01
  3.87533216804236250E-01  1.76929746522913300E+01  4.11075310906811710E+00
  3.90540239164096370E-01  2.09882634716770550E+01  2.00821042192860160E+01
  5.44640939783434240E-01  1.76365346467144340E+01  8.53129120056855150E+00
  3.84420431658369740E-01  1.09123153629544320E+01  2.75705847545993060E+01
  4.53492046339069340E-01  1.86776696283784530E+01  1.78642395128856110E+01
  6.38023782753992030E-01  2.41417193219384920E+01  1.18743351217650730E+01
  5.00672486592370710E-01  2.60533348383036480E+01  2.78808584851718460E+01
  6.08873319065221350E-01  1.08842224155828850E+00  2.29263346692121420E+01
  3.18942867500738640E-01  4.96718319799608390E+00  2.04147071362589400E+01
  2.65726189967390210E-01  2.30627989864885440E+00  8.03263584792034280E+00
  7.10410487391814980E-01  1.80319295252448660E+01  2.45798092837471880E+01
  4.66797018098134940E-01  2.51432275975916680E+01  5.59680754481542580E+00
  3.89889811574280460E-01  4.93064148208547340E+00  2.90922143312805200E+01
  2.92456502136063850E-01  1.08473408227396500E+01  1.89654885316946390E+01
  3.63079661055833470E-01  2.02371638651710480E+00  5.40654190617566850E+00
  4.13811620468168510E-01  1.96272866766843350E+01  3.31410896231015120E+00
  2.60417758313763680E-01  5.41951574798849570E+00  2.21789940508449130E+01
  4.41940562555082740E-01  4.38418594940292830E+00  5.96614818903114760E+00
  3.08418768867630710E-01  4.02679210365860650E+00  2.09775382240899050E+01
  3.04461637453634990E-01  2.28123929522712880E+00  2.46286856378560550E+01
  4.75626642073745920E-01  9.94064922862482450E+00  4.64579989226541200E+00
  4.19693779402500590E-01  1.20077552871667060E+01  2.73034824845478140E+01
  3.26514001167033020E-01  2.33203939530689690E+01  2.38917959767499180E+01
  3.55388479881239270E-01  1.15935702151516440E+01  1.24941285452772920E+00
  5.33859136323620030E-01  2.34325778133798760E+01  2.92757675994868480E+01
  3.39481361119070080E-01  1.83399349522588440E+01  1.15132055479937120E+01
  2.51153087880769550E-01  2.70251511317199230E+01  1.15730470600044000E+01
  4.21603844523193420E-01  1.32185059591016090E+01  3.70052942086958230E+00
  5.20348764567513020E-01  2.22507361475383830E+01  1.38548699879970150E+01
  6.86210935380316480E-01  1.14515582940395330E+01  2.14557008730633210E+01
  4.41140732643827070E-01  2.34058386693763330E+01  2.61781358998592490E+01
  6.26908127420837150E-01  2.61668980488965380E+01  3.92854656703808340E+00
  5.11871480770454750E-01  1.66942448260739620E+01  1.30437990623713540E+01
  4.70990686464341570E-01  9.10528612296818450E+00  1.17607568295326640E+01
  5.20369884994360540E-01  1.50381002128975640E-01  1.19064095772600090E+01
  3.04306421741581800E-01  1.60408247106441880E+01  1.52541246127422840E+01
  5.88333222664750720E-01  2.09581646322702650E+01  2.24765240718367600E+01
  6.64541222436485860E-01  2.20157741585442150E+01  4.80833664550726870E+00
  4.24351701398837560E-01  1.90049663562147980E+01  2.51606561826767390E+01
  5.55920758830291820E-01  1.08300017301022250E+00  3.30446445508904980E+00
  2.89042915761794110E-01  2.35325704038832750E+00  1.64210087227135660E+01
  2.47647088603063280E-01  9.25548785354468960E+00  8.28768674753136740E-01
  5.88686278844574580E-01  1.46199887374583690E+01  1.92949793320293420E+01
  3.53063097104977870E-01  1.36913182197086900E+00  1.35934146500928020E+01
  4.50600139601478670E-01  3.60196586582561820E+00  2.18892785060492120E+01
  6.65634982039605120E-01  2.19645720642229450E+00  1.05742372335140880E+01
  4.69750256464274060E-01  2.79802388653594360E+01  2.23538334928216390E+01
  6.13801455222646290E-01  3.66036294324207300E+00  1.70724985023907290E+01
  5.14582826754803690E-01  2.14536234942008690E+01  7.65037043848777110E+00
  3.81419328643079860E-01  1.52857139292711710E+01  2.68317120384086390E+01
  7.28196096543639280E-01  8.70335225757968090E+00  1.30100404655166810E-02
  7.33199636544987770E-01  2.77713526093614900E+00  1.25144520387868750E+01
  2.86550378078914000E-01  2.72073365280347660E+01  2.87832346067989170E+01
  2.52169786807371790E-01  1.21789553845720490E+01  1.13208655231161420E+01
  5.01406606281285510E-01  2.65103930981426790E+00  9.50105083033859370E+00
  4.18948713530687210E-01  2.14647059047514620E+01  2.55179522553279840E+01
  3.62620749938717070E-01  1.61952770710147010E+01  3.42226614470040720E+00
  3.15231116497538320E-01  2.16226432596354710E+01  2.03913673920517800E+01
  2.83840017940612550E-01  1.37608017203484230E+01  1.91446981283225670E+01
  4.72199721516180480E-01  8.96540791323027620E+00  1.26932429533774340E+01
  4.41666133880560000E-01  2.41474604846197530E+01  9.76973832537060720E+00
  3.39073066583844400E-01  1.06190143459983940E+01  2.20531780714070110E+01
  2.54831192030272870E-01  2.63737857840119400E+01  2.92333749080846420E+01
  6.65634982039605120E-01  2.61370370079349640E+01  2.37341609020464900E+01
  2.69326463995374250E-01  2.20706321451672200E+01  2.51921694628111900E+01
  3.08418768867630710E-01  2.75073706443876190E+00  2.95268501356728910E+01
  5.63324676144028570E-01  6.25510639896343170E+00  9.87850897715635940E+00
  2.49794182180603610E-01  1.34679070822718520E+01  1.03979931682376050E+01
  6.44956217916396120E-01  7.42308512792037960E+00  2.50822155928028500E+01
  4.26043897269923290E-01  2.32260753811016020E+01  6.12551248604831860E+00
  7.44533748089133770E-01  1.66561897732436960E+01  2.80047088666970400E+01
  2.47647088603063280E-01  5.65438744521067530E+00  1.53900972074611940E+01
  3.47451934045076260E-01  1.39723859983611960E+01  3.55378954631030860E+00
  4.83182858574677270E-01  8.98971279658539580E+00  4.53398118117342810E+00
  5.38382388131525950E-01  1.99601032395430770E+01  2.87866091008440430E+01
  6.08690451339190200E-01  1.36925121866220150E+00  1.48397599857098750E+00
  3.93024383017402490E-01  4.39026687022198820E+00  2.15943835152692000E+01
  2.54611020839302520E-01  1.81766703031595930E+01  3.68892311715987240E+00
  6.82253548551889110E-01  8.29822633634458210E+00  2.18141537397998490E+01
  7.67665169660178040E-01  1.43127796326921870E+00  1.17833450345954770E+01
  3.95839252948554370E-01  2.64465146064328000E+01  6.21855025960185510E+00
  5.15379284759350490E-01  1.28104381532039930E+01  5.11045863847078770E+00
  5.09222041678605210E-01  1.90154999059437700E+01  1.69418756852053390E+01
  4.72038094207023740E-01  2.94147194662115260E+01  1.28003677934148210E+01
  6.64541222436485860E-01  1.98227048138453550E+01  1.49770792753518090E+01
  4.84167632717154460E-01  1.61007020969487160E+01  1.22455484646193080E+01
  5.39922025342825940E-01  4.24189512588813860E-01  2.38626201479349900E+01
  3.77759649416993960E-01  1.04122268594225020E+00  2.66939762649645830E+01
  5.06367095649294540E-01  2.18473981369945280E+01  2.72917545854599060E+01
  3.05466220251299840E-01  1.18422235126617090E+01  1.40879510765606760E+01
  7.55604472483241980E-01  1.93575100458830460E+01  1.88743107883658040E+01
  7.68548325332126940E-01  1.63893187497155250E+01  2.65166709687938390E+01
  3.09209541844886400E-01  2.92782858495224650E+00  2.52753319881088920E+01
  4.71553509741754610E-01  4.77427801128532360E+00  2.46309954315915290E-01
  3.65995101567518470E-01  2.17530947601338910E+01  2.18710336135727130E+01
  6.26517897412854200E-01  2.36277365210849660E+01  1.71246597176675620E+01
  3.55388479881239270E-01  7.27138995998833250E-01  1.38901587138458030E+01
  3.90423892796942250E-01  1.09679183457042870E+01  2.26927307350327330E+01
  4.92172780862642510E-01  8.71516841502145740E+00  1.45966447727837120E+01
  6.66683478841499700E-01  4.93920869105103130E+00  1.70762092274930810E+01
  6.94903868090152520E-01  1.61952879948426830E+01  1.42672583690462140E+01
  7.65642972591057180E-01  2.70214866972799860E+01  2.15771383142502980E+01
  3.52682444144397330E-01  2.45159718785071270E+01  1.93689340319481640E+01
  5.39466591144820300E-01  1.96961889796235320E+01  2.14165992128110010E+01
  4.26043897269923290E-01  1.00696155514138020E+01  2.03602972348694560E+01
  2.53364602799301860E-01  3.71509967002513260E+00  6.24038201147032190E+00
  3.83290088603488770E-01  2.72057133556729480E+01  2.27099795861351480E+01
  5.55920758830291820E-01  8.47693544415466600E+00  2.30975369518689040E+01
  4.13050329149462850E-01  2.11073939446795860E+01  6.79043166189658810E+00
  5.20369884994360540E-01  1.85248629309543100E+01  1.98397261026721030E+01
  6.99477888048091770E-01  1.70562236824225910E+01  5.85120512354008420E-01
  3.59079136884617700E-01  5.23621475194819920E+00  5.36832342402953970E+00
  3.01799748246536660E-01  4.67069168263512320E+00  2.09593916098983900E+01
  5.28731261397185740E-01  4.13489819625826180E+00  6.90311903028075860E+00
  6.80338287111455390E-01  1.65020847790083670E+01  1.92700050095515540E+01
  4.74033319401206570E-01  2.79966783797690050E+01  3.12956461439954660E+00
  3.53302408788900560E-01  5.72295260778096270E+00  4.73940958292088690E+00
  4.03052389307286420E-01  7.58343761107777500E+00  1.06169806359870440E+01
  3.33973424357718240E-01  1.93316358701710880E+01  2.30850857760243570E+01
  4.68162992243922280E-01  2.40849351283221010E+01  3.42661537132603210E-01
  4.72192289519205580E-01  9.02498843745915560E+00  2.67612867898689050E+01
  6.73658304681401180E-01  4.96074102695143800E+00  8.49684671809019680E+00
  4.61178090502161720E-01  2.77738617343395970E+01  1.22694680338317180E+01
  4.18189647978318300E-01  2.17061035497514930E+01  8.54768865695935530E+00
  5.15379284759350490E-01  1.55419064181305660E+01  6.50939513524997440E+00
  5.34553382826858140E-01  4.59225855202297590E+00  2.01522066019263810E+00
  3.70336582810533970E-01  1.56713841111520880E+01  2.90993754628493130E+00
  6.42747544188997020E-01  1.93853575803808730E+01  2.77562218435727990E+01
  4.50600139601478670E-01  3.88397129920365240E+00  1.83503842565594190E+01
  3.55036581058269410E-01  2.38949347112928300E+01  1.14176333493154700E+00
  3.54092873053847420E-01  1.14399594463558040E+01  2.38340049864957780E+01
  5.13614394364816020E-01  2.25984281474023160E+01  8.28739841596968670E+00
  3.65995101567518470E-01  7.90496091576497140E+00  9.21098828553685320E+00
  5.25383403930900440E-01  1.47898626014994740E+01  2.60733951886831190E+01
  3.83598938984435380E-01  2.71536745617031840E+01  3.28043306122332500E+00
  4.86073626967704090E-01  1.05323450897150170E+01  1.62587890312662180E+01
  5.96963967672292380E-01  9.76937763491649850E+00  1.43231302928449220E+01
  4.66553963192992600E-01  1.21738486289926780E+01  2.64334059506604680E+01
  4.15252526658189590E-01  1.08975618692548350E+01  2.05040615268088760E+01
  6.36786611163594070E-01  1.00882792152273580E+01  7.78756944344905210E+00
  6.06760633376156730E-01  2.01009630495558600E+00  2.04300950045980190E+01
  5.25895496843049500E-01  2.32451047962659450E+01  1.73313912616981770E+00
  5.05409982910693060E-01  2.45729157734571580E+01  8.92204096971630990E+00
  5.18912146576496980E-01  3.68033521168578350E+00  2.49315459326713980E+01
  5.81677556670477180E-01  1.51809894389973990E+01  1.50418833355311210E+01
  2.50625569857546320E-01  1.89646689816471120E+01  7.55686643644250380E+00
  6.67521681419926690E-01  1.27747393359693810E+01  1.20202828677975870E+01
  6.52034765531911640E-01  2.86947445382802190E+01  1.36609565105433110E+01
  3.81419328643079860E-01  1.83489491730977040E+01  1.07936627382183410E+01
  3.18942867500738640E-01  1.10353560088260580E+01  2.91378898457505320E+01
  6.63973334543257470E-01  9.03191814624456950E+00  2.06889177582740620E+01
  4.05793634226126800E-01  9.82967071796794300E+00  1.23844904440765900E-01
  2.88617724104866640E-01  1.34305157163024200E+01  2.24232715343492150E+01
  3.17587838135982990E-01  1.56466085604370910E+01  8.39998549303406430E+00
  6.94010688862415210E-01  2.78313816794986040E+00  1.80404158659323070E+01
  3.25036994184950640E-01  9.50083280269210210E+00  6.94741061151916290E+00
  4.41940562555082740E-01  4.79441899072038780E+00  2.46320109726319600E+01
  3.05466220251299840E-01  2.80815476412737690E+01  3.90306356098795690E+00
  7.22984261441823330E-01  2.33516389298995580E+01  3.63382670861647710E+00
  4.60682082706054620E-01  2.93459850798650590E+01  2.47599493287969100E+01
  4.22201084465533680E-01  2.74892405703010180E+01  2.70627672532270400E+01
  6.24824560398126750E-01  2.54935194828914650E+01  1.36602370290496840E+01
  3.63079661055833470E-01  2.83641866336352320E+01  1.89627852563579820E+00
  3.25516939164680520E-01  2.37218961405702520E+01  9.13317170513975540E+00
  4.87886881528419990E-01  1.22807724751522920E+01  9.91054403258577740E+00
  4.34172467284937990E-01  2.54384272952171320E+01  8.53311503785066170E+00
  7.04082361725448710E-01  7.21782134457133570E+00  7.63407529969924070E+00
  4.40295189098215370E-01  7.41518896910428800E+00  2.00602071565100740E+01
  4.54567147313974470E-01  1.30225529412336250E+01  1.31142077199365530E+01
  4.89717368181109780E-01  7.21870791434511540E+00  1.63992604811263830E+01
  4.82771447840326400E-01  1.78348087243910630E+01  1.47316872181883890E+00
  3.54092873053847420E-01  1.24861663394835890E+01  1.87005811661421790E+01
  7.67457697882333090E-01  2.64977032660912710E+01  1.24436391067252910E+01
  4.43129600128677660E-01  8.64343766265679750E+00  1.63018705726247080E+01
  5.61514797181737530E-01  8.55632961377612840E+00  3.58405584222878780E+00
  5.82207618145930890E-01  1.06328108281804270E+01  5.44356610922269010E+00
  5.94092381958372510E-01  2.53483722740334580E+01  2.70315188753764200E+01
  5.64318884198494160E-01  2.87620973505296260E+01  1.19977168147376060E+01
  6.16837537735261420E-01  1.56248107396439360E+00  2.40558051946912880E+01
  4.20581746236023420E-01  3.18195415088035820E+00  1.49319458438291280E+01
  3.16022212934137680E-01  2.60301707464148360E+01  6.79562514949505480E+00
  4.59502380082057990E-01  7.12671911118923960E+00  6.47491205563691710E+00
  7.48336469443998900E-01  1.60578473056705810E+01  2.25440774829243510E+01
  6.90159994875631000E-01  1.99159701080518770E+01  2.02068659398830550E+01
  4.68364091588631840E-01  2.40378072036278320E+01  2.42329267386018440E+01
  4.05593309893122810E-01  1.42018641115718580E+01  1.35912016677640410E+01
  5.55687039951364880E-01  1.89301772916050620E+01  3.98656895049083960E+00
  2.83840017940612550E-01  1.78481600161591190E+00  1.63566003452118060E+01
  5.98280766214214580E-01  6.86120674848312360E+00  3.81382334135655030E+00
  5.84913004272127690E-01  1.68363493857960900E+01  1.84984801808827210E+00
  2.83840017940612550E-01  1.21303823674812290E+01  2.07634039793877430E+01
  2.83517655556827110E-01  2.01510660753471420E+01  1.73520762338138330E+01
  5.27599340399055180E-01  1.77503527596035050E+01  1.28903187037714100E+01
  6.24824560398126750E-01  1.38526941404637580E+01  1.12912609664466570E+01
  4.84167632717154460E-01  1.01079767640900410E+00  2.52034338331344930E+01
  5.66562802601083430E-01  1.31788718557755280E+01  7.51493591565089950E+00
  5.81213412342838430E-01  3.40597648005283740E+00  1.02751951378968090E+01
  5.13285974501586400E-01  9.62281259803911130E+00  3.71014832337417520E+00
  5.29625185962053640E-01  9.32096361734320670E+00  9.51913030719767940E+00
  3.30104909316010620E-01  1.85029367515441050E+01  2.11336049109453870E+01
  5.48174971142568520E-01  9.90706925345612000E+00  2.15254482561774910E+01
  4.72192289519205580E-01  8.42744251996131940E-01  1.92992100370918610E+01
  4.53126113496558960E-01  2.36350313334542790E+01  2.04661677204239680E+01
  5.25993347610763350E-01  2.34175469465246380E+01  5.12188948719928750E+00
  4.75338540515479570E-01  1.61170278039315370E+00  8.30666488422416550E+00
  4.30858982518450690E-01  2.48921396340576260E+00  7.32734037160192210E+00
  7.09741570678139940E-01  2.40223668468780760E+00  2.30292831864375420E+01
  5.05409982910693060E-01  1.56763785017502640E+01  2.01197477118872820E+01
  5.20369884994360540E-01  1.23964785701128940E+00  1.48567601924805430E+01
  2.73281005279713530E-01  1.87007296402840770E+01  2.96812839235663830E+01
  3.09574052588245370E-01  2.75771676204863960E+01  5.64959265245395860E+00
  3.18095930761502070E-01  2.31074836656375450E+01  8.94437788035709860E+00
  4.46537248270915300E-01  2.65741475678968940E+01  1.36540463822409650E+01
  6.38830345620663920E-01  2.77560545887243820E+01  7.20003676536279260E+00
  6.68397269451762100E-01  1.56794952830243610E+01  1.69939926309275680E+01
  5.32488384254616510E-01  2.01765719753876130E+01  4.08316476899965510E+00
  3.17579752081870750E-01  5.14085849071080330E+00  2.77535852477970730E+01
  5.16710955738981780E-01  2.40646639487098110E+01  1.51138609365164080E+01
  4.49545157175862540E-01  5.77909322365227940E+00  1.63423754201217870E+01
  3.20574425314766210E-01  3.81779613536714670E+00  2.03503832087054160E+01
  4.12246671516209600E-01  2.64421423869882770E+01  2.92780573358215470E+00
  4.94550785807675550E-01  2.72007155187929970E+01  2.61690092928991720E+01
  3.59079136884617700E-01  3.82553931107003860E+00  2.47261428355729200E+00
  6.10572080928614460E-01  6.63988313580087740E+00  1.09852040825224750E+01
  4.75338540515479570E-01  2.38455050620014680E+01  2.52743410626162190E+01
  5.09574347305064630E-01  2.79313614797051210E+01  2.54802250281747540E+01
  4.18189647978318300E-01  1.47701199545990660E+01  2.02897130152483420E+01
  3.76753951196820710E-01  4.98535635107641810E+00  9.80089368654090800E+00
  3.84533934306195220E-01  1.63873379856307220E+01  6.20385249859163500E+00
  6.60767019732147710E-01  1.50233322242275840E+01  2.49112843501478060E+01
  5.64318884198494160E-01  2.42085711180947350E+01  2.67824758903447240E+01
  4.69750256464274060E-01  2.54851175263674780E+01  2.27141606249715230E+01
  6.88340418185590860E-01  2.11045323290271090E+01  2.37432485936171210E+01
  5.93150731645016190E-01  1.15718532557000980E+01  1.84574451551725110E+01
  7.17499092254363010E-01  2.41356314334513340E+01  1.83686192247703560E+01
  3.79322922295397280E-01  2.53659289625969680E+01  2.44371994445665090E+01
  3.20574425314766210E-01  1.30863803585438150E+01  9.97432051454662630E+00
  7.17953871372127320E-01  1.88854426411891940E+01  8.71370357567056430E+00
  3.42409596243210680E-01  1.16453939254955030E+01  3.33740581079594900E+00
  4.43129600128677660E-01  2.54938081385686570E+01  4.75879975147280200E+00
  3.78068289465320630E-01  5.42509899797918570E+00  1.98903480840275360E+01
  4.75338540515479570E-01  2.91398605202406780E+01  5.81429999331445660E+00
  7.38532964590205680E-01  2.53146924152362870E+01  1.50114610907095880E+01
  5.07606992315717240E-01  2.82185023001715580E+01  6.15448533054504580E+00
  2.86134314477376340E-01  2.76427362418510260E+01  3.79044436412302410E-01
  5.07437626189109900E-01  7.76319419708663180E+00  8.12078694067877290E-01
  6.15073771326759470E-01  6.24139634490472160E+00  2.18780222762040780E+01
  3.30104909316010620E-01  3.22433687177102660E+00  7.13079755965864860E+00
  6.66683478841499700E-01  3.03096121459120700E+00  2.85941120944788660E+01
  7.49545055295440930E-01  5.86110746630825740E+00  2.31882581599379880E+01
  2.54824432159977790E-01  1.62203776303300560E+01  1.77414743981198480E+01
  5.72142532162989690E-01  3.34654459598520980E+00  2.38938970771983610E+01
  2.77147605524350650E-01  7.73183821728444350E+00  3.73273799952007620E+00
  4.68364091588631840E-01  1.39241709965984310E+01  1.70280271286179040E+01
  4.82771447840326400E-01  1.34348903160145670E+01  8.09931475765954900E-01
  2.50971712925384870E-01  1.77874512781628200E+01  1.12949883149154500E+01
  5.38024295323284910E-01  1.02261322576458050E+01  2.69569063940723300E+01
  4.13050329149462850E-01  2.60539952862240050E+01  5.40439326915566820E+00
  4.86590143357422540E-01  1.96744733213136060E+01  2.57764943030873680E+01
  3.16148313226467530E-01  1.85491486641177590E+01  1.31613849885296030E+01
  3.81419328643079860E-01  2.88142808513169690E+01  2.70716845768885330E+01
  6.52911031193170470E-01  1.55997703423646590E+01  1.88930913048994050E+00
  4.49150663742554990E-01  7.53371881045364940E+00  2.95759553172970800E+01
  4.73113776075054650E-01  2.02998002119194720E+01  1.39453758722357470E+01
  3.65995101567518470E-01  1.99573690217326070E+01  1.17582345346092850E+01
  3.46028387031474870E-01  8.05943119761408510E+00  1.40745729403015890E+01
  4.23675716525973380E-01  1.35362102002875450E+01  2.53221968328479190E+00
  2.47261092463374420E-01  5.26907559701235680E+00  2.67490548233725460E+01
  2.63339374245984010E-01  1.72820730394904170E+01  1.78968644898420270E+01
  2.59062449636064510E-01  2.52685138674700480E+01  2.09206804768923500E+01
  5.77180454669814490E-01  2.51069988707888250E+01  1.01045253168752680E+01
  4.06599624824484800E-01  2.89051789769207590E+01  1.78065745186060090E+01
  4.65278877330243820E-01  3.18851571393521650E+00  1.98802436720245730E+01
  3.07263188066738420E-01  2.57618352651630470E+01  6.06175087000601120E+00
  3.88697647565240350E-01  4.79454861498333870E+00  1.33110645118184720E+01
  6.62122603690132470E-01  2.90744831060341720E+01  6.94963189810704130E+00
  3.79322922295397280E-01  2.77304710457875860E+00  2.18831325502867170E+01
  3.53063097104977870E-01  3.77427906896105150E+00  3.18214642079582340E+00
  6.88885956497308970E-01  7.16654880664133120E+00  2.66167334609386400E+01
  5.33066537704075310E-01  3.99859559430408890E+00  1.28456711856012880E+01
  3.42074681651230290E-01  4.93570640245419230E+00  2.25376299321650680E+01
  4.24351701398837560E-01  2.36756453222537150E+01  2.13411974522543560E+01
  2.92456502136063850E-01  8.56281303846918900E+00  9.20455687431935670E+00
  5.90639534364661320E-01  2.06720296821120510E+01  1.91556267014730470E+01
  4.09705559579089850E-01  1.66813542275488480E+01  2.35189480597851740E+01
  3.59079136884617700E-01  1.89485402594786300E+01  2.06096716253105750E+01
  5.27599340399055180E-01  2.78629300795258490E+01  1.16089260593689510E+00
  5.38382256471750510E-01  2.68341864612540950E+01  1.69145016526711520E+01
  5.96963967672292380E-01  2.23722510329023410E+01  2.96623279561740390E+01
  2.96503602823160150E-01  7.79902980492986760E+00  6.82016411700967670E+00
  3.64593218166308700E-01  3.71178836395665400E+00  1.19405931652861440E+01
  4.18947112612636110E-01  1.76273377866245330E+01  3.27635376226540580E+00
  5.40946473112310590E-01  1.57994856068034440E+01  2.38724663210416030E+01
  3.35017483125717060E-01  1.50053060633010840E+01  2.67822553146809070E+00
  4.75626642073745920E-01  1.14701129690428920E+01  2.58085101782813910E+01
  3.04461637453634990E-01  2.83564282408829590E+01  1.27662783328606210E+01
  4.36315933331792570E-01  1.77595982172984140E+01  2.40814040424599570E+00
  6.77666041374141330E-01  1.23083348420718200E+00  2.77311718064493460E+01
  5.67035311113654220E-01  2.79314192006713320E+01  2.44048472217179050E+01
  3.38650161839631010E-01  2.52219481079728820E+01  2.79899282598277570E+01
  6.94010183176834960E-01  2.23776950049125640E+01  2.42798192313131980E+01
  7.10410487391814980E-01  5.33791987404655280E+00  6.60816307939691860E+00
  4.54567147313974470E-01  1.95961147445085620E+01  2.44792309975746300E+00
  2.52169786807371790E-01  2.71804374434042620E+01  1.40000448157986080E+01
  3.01799748246536660E-01  1.39200987593194230E+01  1.91681620115495830E-01
  4.27719079604653450E-01  9.74929874239801110E+00  5.93072886500622860E+00
  3.87762191716535260E-01  1.71447372834149120E+01  2.28705071454048510E+01
  5.72951670348821020E-01  6.71300213066275560E+00  2.07886374859524250E+01
  5.09222041678605210E-01  2.07833313570668420E+01  8.48438458002370410E+00
  5.25993347610763350E-01  1.56652483353989670E+01  1.31681132570404960E+01
  3.12648490279368120E-01  9.09754085868349090E+00  1.69048660867189430E+01
  3.32399546609116130E-01  2.36167586307952920E+01  1.07434854175335150E+01
  4.43807889241729470E-01  2.59668447543561630E+01  2.09873822192916680E+01
  3.44170209092795430E-01  2.71049310550347510E+01  2.40215428499982090E+01
  2.54824432159977790E-01  1.87380029738696690E+00  7.62639229465620170E+00
  4.21963532045373490E-01  1.43679727262416520E+01  1.83167465567340390E+01
  4.11696508529454960E-01  2.23949408156124330E+01  1.47754382686341860E+01
  4.11346310528290360E-01  2.68672719707114350E+01  5.53089847865527060E+00
  6.16837537735261420E-01  1.13350717151225290E+01  1.72713253178914950E+01
  4.83570943621045310E-01  2.87525780605437010E+01  1.86832288728691690E+01
  4.32382463464541460E-01  4.48966364187417890E+00  1.17726956147887840E+01
  5.92513140571182980E-01  2.34215433125319980E+01  2.23234335600049750E+01
  3.55036581058269410E-01  2.80244498657314340E+01  1.01300259434659350E+01
  4.74581552528920360E-01  1.98960051442452900E+01  2.24364606258190980E+01
  3.44905765886116280E-01  1.55932532714598950E+01  2.57391212824499360E+01
  5.96963967672292380E-01  2.67440120120340980E+01  1.05813158791900990E+00
  2.68569610726517900E-01  2.05406985387227440E+01  1.65662731701778370E+01
  5.80290806494985740E-01  1.09132742148610260E+01  1.29833544268923320E+01
  6.25336422111717830E-01  1.91763123268254320E+01  1.38628073607707630E+01
  6.17452885167652710E-01  1.67132427399752960E+01  2.05482190790331880E+01
  3.29506256422424390E-01  2.39798705860003560E+01  4.47780298983945530E+00
  2.58355477869490890E-01  2.40737647535461040E+01  2.59712375708226130E+01
  4.69641390777102340E-01  4.57970709094765560E+00  3.01821725766416900E+00
  3.49095179616795370E-01  2.32762413447538470E+00  8.71467081462111180E+00
  3.27988333844876360E-01  1.56902663132821690E+01  2.09592938651324020E+01
  3.86383264228710210E-01  2.23797759564680940E+01  6.25848921562470920E+00
  4.75543307221801650E-01  8.74107414796394440E+00  1.36159606070362930E+01
  5.07815655211632320E-01  2.88225311103921410E+01  2.80266096318462130E+01
  6.08088426536500660E-01  8.20266063398031160E+00  1.73053527524940700E+01
  3.93024383017402490E-01  2.62639295744974780E+01  8.48425828934613690E+00
  7.48336469443998900E-01  2.81893478007158120E+01  2.91942833745399500E+01
  3.13454063710418570E-01  1.40300870501132950E+01  1.03720031094406040E+01
  4.43133439323318520E-01  1.19460481106944660E+01  1.96515759001053600E+00
  3.62493203924014780E-01  2.34840862207625240E+01  1.61463364466384930E+01
  5.72881440675418570E-01  2.27091127454073670E+01  2.00265914005680620E+01
  3.71299762957800540E-01  1.02086853736338380E+01  2.26329273538053110E+01
  5.13143010843963320E-01  1.36222653018419290E-01  2.81998120962672410E+01
  3.87533216804236250E-01  6.15166098178217520E+00  2.87202429001304080E+01
  3.90540239164096370E-01  2.20286333293852790E+01  1.87272664657735820E+01
  4.11696508529454960E-01  2.29181389748221310E+01  2.09883688671037160E+01
  4.19670751191123690E-01  2.07128451265312950E+01  1.19703727606833840E+01
  5.39922025342825940E-01  7.96782773358205710E+00  4.51391510393887070E+00
  3.73125396709624990E-01  2.84137629479694520E+01  8.63155563267784840E+00
  5.72628172168292430E-01  1.29352412952149600E+01  1.73834664622711530E+00
  5.63660960642019760E-01  1.00737034342235000E+01  1.06095104047086350E+00
  7.54397230300637300E-01  2.80874730654356170E+01  1.97262605730959460E+01
  4.07877171249442140E-01  2.45910433860591060E+01  1.31583026754336170E+01
  4.61178090502161720E-01  3.55659195013630750E-01  9.58298664404181720E+00
  3.50974061745161330E-01  8.20017376371773390E+00  2.67205358018893690E+01
  4.22541054278063120E-01  7.91281006239516140E+00  2.07732305999239060E+01
  3.25036994184950640E-01  1.48342457728615540E+01  1.14261730352803600E+01
  4.96042965314236020E-01  1.05568725689370280E+01  1.80647429158788310E+01
  3.04461637453634990E-01  2.70375536950768880E+01  2.33764451228356900E+01
  4.21290506291976640E-01  1.23910726453545920E+01  2.93295762395974930E+01
  4.26578460793149810E-01  2.13114169796697690E+01  9.29395244474891410E+00
  3.91816801400439550E-01  1.41078937148774220E+01  2.43916021424134290E+01
  5.32262962461145860E-01  1.62021842287969090E+01  2.50882047187585830E+01
  6.07718241283317260E-01  2.38028564617886610E+01  6.98259787967704870E+00
  5.13425754976809310E-01  2.78530581564091190E+01  2.33281524137763300E+01
  5.46829204411607870E-01  2.59516522840408610E+01  9.36779215446320460E+00
  2.99038091422116640E-01  4.49548920843136730E-01  1.56988015562328500E+01
  3.65374026971610010E-01  2.10836716078712670E+01  2.68731499279380590E+01
  3.46733456860136300E-01  2.82150928552181770E+01  1.60890842678831730E+01
  5.01833768532536340E-01  2.87071081751726100E+01  2.13513180667877940E+01
  2.88617724104866640E-01  1.02525494787414630E+01  1.35475222517293560E+01
  3.13454063710418570E-01  2.91033988933834320E+01  1.93981773019135310E+01
  4.43756654693070110E-01  2.46762242158640920E+01  2.48837633014603090E+01
  5.20369884994360540E-01  2.20792362096993390E+01  3.62574924349189680E+00
  7.41720708060832300E-01  2.53521368308876700E+00  1.39675961743327690E+01
  2.99038091422116640E-01  4.91542214995280350E+00  7.52494118189002140E+00
