1
  1002  2.96924426640336700E+01  2.96924426640336700E+01  1.00000000000000000E+00
        0.00000000000000000E+00  0.00000000000000000E+00  0.00000000000000000E+00
  2.57534358191145160E-01  1.65329025589425310E+01  2.38494798553519200E+01
  6.30423428531534040E-01  1.60686372195941660E+01  2.57563203730954410E+01
  3.25516939164680520E-01  1.87774398051590840E+01  2.74827486949637820E+01
  3.14110289759674140E-01  5.27951680436563380E+00  2.08584874806476890E+01
  3.99477862283745790E-01  1.36593882020458430E+01  2.90860676890129960E+01
  6.47236078597052340E-01  2.54459376792784970E+01  1.32416695815204710E+01
  5.28731261397185740E-01  2.14032088028180280E+01  7.22333598229171870E+00
  4.43807889241729470E-01  1.50662401775190840E+01  1.30269070426651420E+01
  4.82268891960512480E-01  1.37655519841380370E+01  2.26301962433665620E+01
  4.30858982518450690E-01  2.73935749416374960E+01  1.44933271150414810E+01
  4.18947112612636110E-01  2.08283972411217350E+01  4.34799124428991490E+00
  3.50662231740508900E-01  1.25968435184919850E+01  1.37161663099580530E+01
  2.85767805251094040E-01  3.67078839190549640E+00  2.88529685774848410E+01
  3.45648959319623030E-01  5.21926228619082800E+00  4.34075710313841330E+00
  3.45648959319623030E-01  1.74996995516791430E+01  5.61285233663518390E+00
  6.42005949159872720E-01  2.37165244229865170E+01  1.28280434323255900E+01
  2.74003615458356760E-01  2.53258013717053170E+00  1.75522400616900750E+01
  3.87653287431749970E-01  2.20096634928057600E+01  2.96101609286480280E+01
  4.18948713530687210E-01  1.24126720139767080E+01  7.50895584031278850E+00
  4.53451232343747090E-01  5.80243989271872880E+00  1.46906211508068730E+01
  4.21603844523193420E-01  3.96831437940163630E+00  1.87828404666785060E+00
  2.62213147743524950E-01  1.82653266724688560E+01  1.38413081401096430E+01
  6.94903868090152520E-01  1.89733164289553070E+01  2.44588286315006040E+00
  6.31563936872940970E-01  2.80242957307293710E+01  6.41592504490654920E+00
  7.01778375544082420E-01  8.40053393600875790E+00  6.74514973637103040E+00
  3.46434506905438330E-01  9.61526864140717660E+00  2.02045006160173270E+01
  3.50662231740508900E-01  2.95400041753204830E+01  2.44744989167894360E+01
  3.01799748246536660E-01  2.64498443945945600E+01  3.85536584667415880E+00
  4.41298336829792340E-01  5.89632103726261820E+00  1.62195804509401890E+01
  3.39481361119070080E-01  1.96296904872088830E+01  2.11590304070687730E+01
  3.83181557852844270E-01  1.85477334866446490E+01  4.88473656010624070E+00
  6.75156127532392600E-01  6.33511020992606260E+00  2.53466615001824350E+01
  2.73281005279713530E-01  6.60939538763928260E+00  1.61861674552101180E+01
  6.65634982039605120E-01  5.36178300824217760E+00  1.81705498171465010E+01
  2.54824432159977790E-01  1.03545804361397260E+01  2.04711497614627550E+01
  2.84029264846615530E-01  2.55788054349127060E+01  1.46389162330000780E+01
  4.62836237406567810E-01  4.42359894216829460E+00  1.24728260842764200E+01
  3.33973424357718240E-01  2.51454510298552810E+00  1.65513518249805070E+01
  4.91872428060923640E-01  2.05954625952583790E+01  2.77095393628919170E+01
  5.52490392167627680E-01  2.31397322797232760E+01  1.87774626472262900E+01
  5.39466591144820300E-01  4.01160975631991160E+00  1.48145500772325710E+01
  5.65219172841477580E-01  1.04230883617833170E+00  8.39544034558896970E-01
  3.53776024442120150E-01  2.33330093997798970E+01  2.32749620516632590E+01
  5.54611473665029210E-01  1.43043317849054430E+01  7.27621162867798250E+00
  4.81368497469048420E-01  1.49789861860577260E+01  2.43512684473742600E+01
  2.84672167568555990E-01  1.88043396017244360E+01  1.39334872836983090E+01
  3.06898385793053400E-01  2.27028897247674660E+01  1.95163913185403680E+01
  4.49954956992444630E-01  2.33818317527187920E+01  1.47523662373297970E+01
  5.88686278844574580E-01  2.65361257274058850E+01  2.96560154942043180E+01
  4.36315933331792570E-01  7.44244611105321670E+00  2.52552256522360740E+01
  5.46155746035104350E-01  2.13058736861810800E+01  1.12174777251310440E+01
  4.11346310528290360E-01  2.06805952007865270E+01  1.64130183563364050E+01
  7.44650008855257360E-01  2.85675882392191940E+01  2.08342332763953350E+00
  4.68162992243922280E-01  1.90848193197765670E+01  6.47693679648769470E+00
  7.11073931023246340E-01  1.06696781236313920E+01  1.39700901588295250E+01
  3.02034441597155470E-01  1.69776301345271430E+01  2.05902204456574650E+01
  5.12509616084684260E-01  1.23776318551296760E+01  1.66734306333785300E+01
  3.40422717275118370E-01  2.51524288823391120E+01  1.41843222759783640E+01
  6.65634982039605120E-01  5.04531676220315360E+00  1.55136511978961010E+01
  3.75295693565172690E-01  1.02913667884368570E+01  2.24707424695413710E+01
  4.75626642073745920E-01  1.26971341765094190E+01  9.52773663350262010E+00
  4.72038094207023740E-01  5.63273278763501570E+00  2.44401766332267800E+01
  4.29902962432020440E-01  2.93419012197836050E+01  1.16250146645839700E+01
  5.68910711623079470E-01  1.51248862580443840E+01  1.80985124814534970E+01
  3.07263188066738420E-01  7.97678160644972860E-01  1.24782805314644990E+01
  6.10911033360540580E-01  1.00626127438376170E+01  2.58647946220349970E+00
  3.43353541919950760E-01  2.75657037277539450E+01  2.50589629264083770E+00
  3.15231116497538320E-01  1.99044520299583350E+01  9.79976112567683800E+00
  3.78068289465320630E-01  7.28535593162082850E+00  1.41169916051541900E+01
  2.54824432159977790E-01  2.39654919140182440E-01  1.00704179936411590E+00
  5.44558358435121190E-01  2.10737130853040320E+01  2.40702143681834710E+01
  3.56000803327192820E-01  9.16729374167870500E+00  2.07555151807132570E+01
  3.13454063710418570E-01  1.21448632827079470E+01  1.58823237867829530E+01
  6.12591031919131530E-01  9.05761346217437870E+00  1.94261272772173360E+01
  6.47236078597052340E-01  2.64854083935181170E+01  2.17714331320921810E+01
  2.65726189967390210E-01  2.67136486223448410E+01  1.70834836948677380E+01
  2.96653470797716330E-01  3.28142127518866240E+00  2.20019792152178790E+01
  3.45648959319623030E-01  1.85306352696729560E+01  1.52962806291898300E+01
  3.13454063710418570E-01  1.71357601605148420E+00  2.31911134565649770E+01
  3.39073066583844400E-01  5.01265389774010920E+00  8.89343620832710260E+00
  2.96256570285591500E-01  4.07685095812431180E+00  2.92693941737072020E+01
  4.19081387041561550E-01  9.45597024808147780E+00  2.39039834312659100E+01
  7.08391389715138510E-01  2.62769815890285050E+00  2.84312692405791410E+01
  7.16035261746952050E-01  2.90602315053474630E+01  1.77383994431589970E+01
  4.43133439323318520E-01  1.93020525635744060E+01  1.19769499454049250E+01
  2.73281005279713530E-01  8.52028640624231670E+00  1.39402628542677400E+01
  3.35017483125717060E-01  2.57269934148162920E+01  1.52382634339220870E+01
  5.09222041678605210E-01  2.20937238031831490E+01  1.86065050235969840E+01
  4.27719079604653450E-01  2.42221797958187570E+01  2.63877542711370770E+01
  5.81299825206354370E-01  5.26259256428919380E+00  5.26472559442205770E+00
  5.46155746035104350E-01  1.64284447349794540E+01  1.50554574104912470E+01
  3.05466220251299840E-01  1.98540787016399850E+01  1.46686092729428540E+01
  3.11838068626578210E-01  2.00271214126029020E+01  2.59737973744239630E+01
  6.27423008989955560E-01  1.55290178340623480E+01  5.56605388258515180E+00
  7.12424816007452400E-01  2.02636374173107540E+01  6.42085045069021910E+00
  4.41140732643827070E-01  1.08838475406707980E+01  1.93033512098059940E+00
  3.80273533482480450E-01  5.88118454902548040E+00  1.90761134494235770E+01
  3.29796701345061780E-01  2.00697756787696800E+01  2.45182967296660250E+00
  4.15252526658189590E-01  5.05218572150671450E-01  1.97617531460449460E+01
  2.59062449636064510E-01  4.56749696022410490E+00  1.86406964039324660E+01
  6.18419083689772810E-01  2.35982662215972990E+01  1.04665179215896900E+01
  5.04213456464067280E-01  2.55458129996584700E+00  1.99628515151084860E+00
  3.48156346672602490E-01  2.12822138869899650E+01  1.28117895073474400E+01
  2.89042915761794110E-01  8.15744892233680650E+00  8.80501606019749870E+00
  3.05466220251299840E-01  1.29627892860176280E+01  2.91844649427416730E+01
  6.49919166153384610E-01  6.03973712142146900E+00  6.21665702515684690E+00
  6.14379095469630790E-01  2.81163772339922960E+01  5.17534932087584740E+00
  7.00411917450214720E-01  1.27612543550283990E+01  2.50070808517602750E+01
  5.69344335137112000E-01  2.53486218884197110E+01  1.60581480477549510E+01
  2.57564851167384970E-01  5.72585823533186120E+00  1.40421875702583580E+00
  4.13050329149462850E-01  1.39020767870527390E+01  1.28665742902528630E+01
  6.18419083689772810E-01  3.69254346405030720E+00  1.86599196049306250E+01
  4.26523982883737140E-01  2.61047422780586910E+01  1.67045571987175310E+01
  3.78209123272245940E-01  3.30265869359723220E+00  2.58495468952675150E+01
  2.63055759251188670E-01  8.45330464652163900E+00  4.32012007187593030E+00
  5.00274833943758600E-01  1.79451810156875350E+01  1.10120488601585630E+01
  6.01687927537542500E-01  1.01651390267832300E+01  7.87325311834502810E+00
  4.86073626967704090E-01  2.72027439671143800E+01  2.40712177974643820E+01
  7.62474117278193650E-01  2.06725388754086870E+01  1.92721648546971240E+01
  4.87886881528419990E-01  6.56059174425741350E+00  2.42064877779537290E+01
  2.99038091422116640E-01  9.01898965214271440E+00  7.53200801539553670E+00
  3.50974061745161330E-01  5.83569507229414520E-01  2.89266025074898290E+01
  6.10572080928614460E-01  1.16493843211604190E+01  9.24499908709285020E+00
  3.01731430220296380E-01  1.88867354877387470E+01  1.90447897692009820E+01
  2.59062449636064510E-01  1.14739868278051170E+01  2.42532758403146640E+01
  6.99477888048091770E-01  9.36495658605082150E+00  2.17917161367787880E+01
  4.41666133880560000E-01  1.95776644364449620E+01  1.87716061789900980E+01
  6.86210935380316480E-01  2.34069913670098870E+01  8.14784767420433550E+00
  5.27425300578987690E-01  2.17623095425600040E+01  2.48904194108210820E+01
  7.54505484792745040E-01  1.87114435912334830E+01  2.17501416146467400E+01
  4.11696508529454960E-01  9.54301181550050790E+00  1.25237137668842050E+01
  6.26517897412854200E-01  2.62766389906946360E+01  4.76732334451301830E+00
  5.72142532162989690E-01  1.13859382545054540E+01  1.76435429203525200E+01
  3.47451934045076260E-01  1.58404145766286300E+01  1.57259008558248490E+01
  2.57564851167384970E-01  5.92503748821039980E+00  1.74407931617621370E+01
  5.33859136323620030E-01  8.39301180365355930E+00  1.84940037125251170E+01
  2.69169509893181310E-01  3.52535394968466510E+00  7.01725940705377750E+00
  4.24351701398837560E-01  2.89166380372947850E+01  2.06584304104305230E+01
  3.11762329988951370E-01  9.83425612559055650E+00  3.48038318535270590E+00
  3.50974061745161330E-01  1.55766918936960650E+01  8.35597576984820910E+00
  2.66929568161810020E-01  2.45374694295707520E+01  1.05961687675276540E+01
  7.20816873845379820E-01  2.93634268807765470E+01  6.22951938511909020E+00
  4.22201084465533680E-01  1.71116125092591530E+01  1.05687741397414070E+01
  3.09209541844886400E-01  1.27429803751054800E+01  6.86097587999979460E+00
  2.62213147743524950E-01  1.93229507604676410E+01  3.36477776089191180E+00
  7.60411681679863700E-01  5.15674115304874370E+00  2.80912123734959810E+01
  6.67521681419926690E-01  2.50664787359046170E+01  2.46338157216333120E+01
  4.37954134865551840E-01  1.41506920311473080E+01  1.83487166637959690E+01
  7.16654247500547470E-01  2.30871026844176410E+01  2.65107690605713340E+01
  7.12424816007452400E-01  2.61147006041486220E-01  4.09073530135909100E+00
  3.61198882346046800E-01  1.22234514478979650E+01  1.12194762029028720E+01
  3.82245446386266610E-01  9.83907170117315740E+00  1.32598052758168040E+01
  3.58737518624021320E-01  8.27488195229243220E+00  1.48664872368881870E+00
  5.81547682683179710E-01  2.86913618462198810E+01  8.22725306187728120E+00
  4.21963532045373490E-01  1.71156520627075040E+01  1.14112237503632490E+01
  3.12648490279368120E-01  8.31503388424855670E+00  2.84045388176856330E+01
  3.25036994184950640E-01  2.89441540896312440E+01  2.96316556262786680E+01
  3.83290088603488770E-01  9.17747907777900810E+00  2.61676978497499990E+01
  2.93443024193560210E-01  1.43710623864139390E+01  2.52615297505891800E+01
  2.66929568161810020E-01  9.86462768201090510E+00  1.62558187380839070E+01
  2.99038091422116640E-01  1.18129768464350030E+01  8.34950406772948740E+00
  6.00040109246873770E-01  2.84009463709928980E+01  2.67992322734829820E+01
  7.14535578675763720E-01  2.08823541235173810E+01  2.65401342154265090E+01
  3.06898385793053400E-01  1.46712677160822680E+01  2.70451537731954590E+01
  3.45648959319623030E-01  2.45077036295733850E+01  1.46232108481079890E+01
  3.87046365911375680E-01  6.11305076729693480E+00  2.27272976814230530E+01
  6.56539952722306990E-01  1.92215926626169280E+01  2.65079795721448330E+01
  5.07436062422724900E-01  2.91185967724042070E+01  3.20566092885336800E+00
  7.39270392714900380E-01  1.25706858725701130E+01  2.28833242099738640E+01
  5.38024295323284910E-01  2.19758348831895200E+01  2.59325043254817480E+01
  7.33199636544987770E-01  1.75302381169497000E+01  1.57045783074911930E+01
  6.31923671661538840E-01  1.20305007335290260E+01  2.16262626568803360E+01
  5.72951670348821020E-01  1.39376554411500190E+01  2.45135314624074920E+01
  6.40456937776772590E-01  2.26116052627344290E+00  9.07637905232373400E+00
  4.77241894706072770E-01  6.16046181119129970E+00  1.98853218902785360E+01
  7.64764367446448820E-01  6.11691015409004810E+00  2.92699960887005230E+01
  7.16535845940979770E-01  1.18828074945944610E+01  1.97824494077822130E+01
  3.10705613459761840E-01  9.40546893559660190E+00  1.72115582853541800E+01
  3.89901968262705180E-01  1.12098762822824800E-01  1.23534987420800460E+01
  7.15011499502423580E-01  1.27508523021540280E+01  2.63933886542898400E+00
  7.60297905848187840E-01  1.07114766459055840E+01  1.25013185969740340E+01
  2.65726189967390210E-01  5.20555292288496130E+00  1.30860571693694330E+01
  4.53492046339069340E-01  2.13492369232180610E+01  8.20283728226374360E+00
  5.18725390566230620E-01  1.86044486624396900E+01  1.23345529896947470E-01
  4.24020504903543660E-01  8.12042898406241420E+00  1.14714605139482590E+01
  5.17634268500846420E-01  1.10467737424463350E+01  4.50892492474271030E+00
  4.54567147313974470E-01  2.24745967158984710E+01  6.92959900398570830E+00
  3.65965634987757580E-01  1.82861802440872940E+01  9.63303755617707940E-01
  2.96256570285591500E-01  1.78070765551064590E+01  1.90326328582942780E+01
  5.50543265074639000E-01  1.13207457306135610E+01  2.25718420956557080E+01
  4.46540105696671490E-01  1.29210102791066160E+01  1.16232954423958790E+01
  6.47236078597052340E-01  1.28484107403437560E+01  4.00665037180772200E+00
  4.82769235883485770E-01  6.13645671814294770E+00  2.08437831197732920E+01
  2.97529618718302210E-01  2.09590249598286640E+01  1.46128717118966630E+01
  4.13811620468168510E-01  2.80967442319390380E+01  1.83265512471106110E+01
  4.87785457169642190E-01  2.44429555310509910E+01  2.07155110119850110E+01
  3.41778742319800830E-01  2.36195584719702720E+01  2.06186304635320960E+01
  4.05793634226126800E-01  2.29602694997838410E+01  1.21033641404250340E+01
  7.14516279726398110E-01  1.98509398791293850E+01  1.34627122748494530E+00
  3.71799304162545760E-01  9.54241434822649740E+00  7.11242561240214770E+00
  5.77820253962530560E-01  1.53682920719855890E+01  1.12977095410552110E+01
  4.75626642073745920E-01  1.13948874396717410E+01  1.16984702089432260E+00
  5.46562010559427060E-01  2.00177906403119470E+01  1.78872967445994710E+01
  3.29506256422424390E-01  2.44050624007369390E+00  7.26791220221074050E+00
  2.62213147743524950E-01  2.60388996210470830E+01  2.48435907541891620E+01
  3.63105686475124490E-01  2.24593809535146320E+01  2.17947057490076330E+01
  7.08391389715138510E-01  7.14058008222037440E+00  8.37214022066338260E+00
  4.26578460793149810E-01  2.09392819344446150E+01  1.21185168313686110E+01
  6.08873319065221350E-01  2.12643932204065610E+01  2.74209387382998540E+00
  5.39466591144820300E-01  4.51682321333694150E+00  1.35018395136402450E+01
  4.66553963192992600E-01  1.21552704958312850E+01  2.40121893220854470E+01
  4.82771447840326400E-01  3.12856684740066670E+00  1.70885632533001230E+01
  5.13004586318856950E-01  2.53841518355260920E+00  2.63064301216839450E+01
  3.17084428049163950E-01  2.36313585291796570E+01  2.79166674858064920E+01
  3.50974061745161330E-01  5.04123684305207220E+00  6.16918147340545800E+00
  3.82382183723224410E-01  1.29522006158670990E+01  1.95322224006510010E+01
  3.77759649416993960E-01  2.67552536080129060E+00  2.54283309546017020E+01
  5.74203886104520670E-01  1.85391788500703780E+01  2.31337446765166770E+01
  4.11346310528290360E-01  2.23470686587441230E+00  3.49275595700391860E+00
  5.06367095649294540E-01  2.18964026266599530E+01  1.96017112420710120E+01
  6.01687927537542500E-01  1.19866130782490800E+01  1.44472394765685270E+01
  2.49794182180603610E-01  2.09636774837892580E+01  5.76175092843840450E+00
  6.11481049571092420E-01  1.72259931795131320E+01  8.52484295638507560E+00
  5.03927515451986880E-01  1.69645454088952160E+01  9.65547072616330840E+00
  6.35485889077753010E-01  5.79819644918800580E+00  8.31766678717765550E+00
  2.99038091422116640E-01  2.40543539437017200E+01  1.50806769792008950E+01
  4.22541054278063120E-01  1.44110103019066500E+01  1.10084423193806330E+01
  3.05466220251299840E-01  1.62257440211528880E+01  1.10856455255501030E+01
  2.62213147743524950E-01  1.03112302687363600E+01  1.65391480694247620E+01
  3.61769499680632390E-01  3.04315018778319280E+00  1.79283020961722670E+01
  2.47647088603063280E-01  1.67832171680263790E+01  7.78999297377459500E+00
  3.11155895623034430E-01  1.53116379082752610E+01  6.83185873332836020E+00
  2.66929568161810020E-01  7.35166223517527670E+00  2.15928613034554290E+01
  6.90395435464654740E-01  5.51095144357365550E+00  2.18347526667857960E+01
  2.96503602823160150E-01  4.01367719154092660E+00  2.18359009488798960E+01
  6.57722721512726150E-01  2.70674948136825150E+01  2.29372214948653440E+01
  7.24777883420223110E-01  1.07535156071712290E+01  2.71669315455211770E+01
  5.48279863025970290E-01  2.41369127559013140E+01  2.54161968945371480E+01
  6.40748513009616880E-01  1.59079405174960580E+00  5.50413925345513990E+00
  2.56092450391898300E-01  1.73612710342833140E+00  2.10294334769705740E+01
  7.17499092254363010E-01  7.54078167256411640E+00  2.77265113343751180E+01
  4.66141488621800890E-01  2.74657549686951190E+01  4.56926592534935860E-01
  6.33759023001558490E-01  2.24872932623698180E+01  1.10423441095663830E+01
  5.48279863025970290E-01  2.53818686610308470E+01  2.22235792398258920E+01
  4.19081387041561550E-01  1.70443040093464160E+01  2.79433742148501810E-01
  5.70902198024309190E-01  2.93810791803053380E+01  2.87073567777770790E+01
  3.17950877609215300E-01  1.25582132314390370E+00  1.29036641196055510E+01
  5.96963967672292380E-01  2.67931161045017810E+01  1.07192689084675960E+01
  6.18832453479690690E-01  2.98215734579293680E+00  8.04475386232886610E+00
  2.63339374245984010E-01  1.43785255953605890E+01  8.69121412055983100E-01
  3.55036581058269410E-01  5.44013555396208660E-01  2.45853646299794870E+01
  5.84913004272127690E-01  9.28816740614211510E+00  4.19061152059339030E+00
  5.77235448209733180E-01  2.06467897233200870E+01  1.03097815158442150E+01
  5.01105313190319460E-01  5.29643319119300320E+00  5.40726075741565280E-01
  3.83598938984435380E-01  6.16564409722607820E+00  1.54433015905191840E+01
  5.98360795606824340E-01  1.50238656627691580E+01  4.39610158742371130E+00
  3.41778742319800830E-01  1.07012966196998500E+01  1.82590772609705140E+01
  3.29796701345061780E-01  5.41290413123075710E+00  2.28797880951567370E+01
  3.84420431658369740E-01  7.16305313930775340E+00  1.33666438512663430E+01
  4.91872428060923640E-01  2.00629455322803630E+01  2.85360891546694650E+01
  2.93443024193560210E-01  2.68367710865251970E+00  1.10463854564591100E+01
  5.81299825206354370E-01  1.76868347979806870E+01  2.92092418950305830E+01
  5.68243553274813350E-01  1.06459541021337500E+00  9.23176084672041950E+00
  5.39001667068871980E-01  1.20390478028119770E+01  4.87052650488373300E+00
  7.01587183784351610E-01  2.64509838880894180E+01  1.97285515533398590E+01
  4.45239477383046460E-01  2.71294538262335720E+01  1.88043805223421220E+01
  5.39001667068871980E-01  2.78786177956563780E+01  1.03970327688682290E+01
  2.86134314477376340E-01  2.42933986133572260E+01  1.01552368482677720E+00
  7.70254277643880240E-01  1.43097305205094510E+01  1.39750374822943950E+01
  3.45648959319623030E-01  1.27224885257191680E+01  2.74110984820677750E+01
  3.39481361119070080E-01  5.75939465141238930E+00  2.71729154133580270E+01
  3.04461637453634990E-01  4.08681106528209790E+00  1.56549617267086030E+01
  5.20369884994360540E-01  2.27388968989149450E+01  1.54814168606300410E+01
  2.65726189967390210E-01  4.39810827982520620E+00  2.74039840343015050E+01
  6.26908127420837150E-01  9.08507683035463740E+00  8.45559270799461160E+00
  3.48480710258510130E-01  2.21758124467639810E+01  1.42501790197742350E+01
  2.96653470797716330E-01  5.67233119276601180E+00  2.65435016352907560E+01
  6.31923671661538840E-01  4.18270759011967910E+00  8.39158542335759710E+00
  4.09705559579089850E-01  1.54482109620895330E+01  1.80286986077870320E+00
  6.72499163702481620E-01  6.37608586537731890E-01  2.79062246803647230E+01
  2.84029264846615530E-01  3.29170129156757700E+00  2.51878350159024650E+01
  5.34631033075580400E-01  5.40917253433654550E+00  7.21594932490171460E+00
  6.17076625982510940E-01  1.90540363070300240E+01  1.71719637444997450E+01
  6.55074006360275090E-01  2.75580171947463130E+01  1.55653559319335970E+01
  5.46562010559427060E-01  8.37447187766455060E+00  5.32904025052162030E-01
  5.17626013175185660E-01  4.32262033493706800E+00  6.65379688249518610E+00
  5.82207618145930890E-01  1.26875351898486670E+01  8.47077823471138740E+00
  5.98268629341587580E-01  1.71112701175807050E+01  2.51111595037639970E+01
  5.34553382826858140E-01  6.08206940439233360E+00  4.50779835335676450E+00
  3.76753951196820710E-01  2.14531985227942030E+01  2.75769205806598270E+01
  7.52518120402026810E-01  1.83789042346993410E+01  3.76274729475766010E+00
  4.81368497469048420E-01  9.12061669707983390E+00  3.13805528259486350E+00
  6.47413426355271770E-01  2.26292615698280490E+01  5.20340940359848330E+00
  3.05466220251299840E-01  2.81744181133112690E+01  1.33826836038076350E+01
  4.46689977500956030E-01  1.51097763801197940E+01  2.52693108506343090E+01
  6.18566685513849460E-01  1.78523746989807690E-01  8.44344280318370540E+00
  5.36592099856838090E-01  7.20739202367637070E+00  6.41916419184330780E+00
  5.09574347305064630E-01  2.27205883180561760E+01  1.78036686049065760E+01
  4.92328788949218680E-01  4.86201168385291820E+00  2.93398019900252150E+01
  4.83351594707823830E-01  2.75480105181049420E+01  1.40163599990832370E+00
  4.40650972415989980E-01  2.63700424825276300E+01  2.75493704289456960E+01
  6.10911033360540580E-01  1.64413052092319310E+01  2.91388291624526520E+01
  4.34172467284937990E-01  1.62946848457660390E+01  9.00146720897823900E+00
  7.03188417218805210E-01  6.63650913822644740E+00  1.05987213925239200E+01
  2.92799561075502800E-01  7.51417029922500750E+00  1.48971276984049940E+01
  5.68243553274813350E-01  3.83255475732879560E+00  2.80153137889966320E+01
  4.60682082706054620E-01  2.19891224174902110E+01  2.69338154621809700E+01
  6.41715074739605920E-01  3.31286219307860060E+00  6.08988755099373160E+00
  4.55206736325743130E-01  2.18070445644968420E+01  2.13032353942126560E+01
  4.22201084465533680E-01  1.28792997165986180E+01  2.03330648197393520E+01
  3.63079661055833470E-01  9.87726527925986810E+00  2.08621496181504260E+01
  2.63055759251188670E-01  4.94484399205242480E+00  1.89998414529037270E+01
  5.32877675645020420E-01  2.64890660335347760E+01  1.48242780271553980E+01
  5.77235448209733180E-01  1.60790786474069380E+01  2.45499475756223050E+01
  4.09775903561979240E-01  1.46113644295712600E+01  1.51146948645602440E+01
  6.93187364831086050E-01  1.31834307492944110E+00  1.90093404038834420E+01
  4.30054269381220950E-01  1.10691368347051410E+01  2.48080267458442880E+01
  5.07436062422724900E-01  9.55687197521269030E+00  2.29831107146781550E+01
  2.49948351789403130E-01  1.45842424031439040E+00  1.80766884570168290E+01
  3.16022212934137680E-01  3.33344387231510140E+00  2.25258423509439480E+00
  4.72818350263822220E-01  8.18878804427855830E+00  1.05784636339676720E+01
  4.46689977500956030E-01  1.49639311732107330E+00  2.86691533619399870E+01
  4.74581552528920360E-01  1.36985353286157370E+00  3.67520897678858650E+00
  4.86590143357422540E-01  1.04695068500186070E+01  1.58078982759733830E+01
  2.73281005279713530E-01  1.16658467406777790E+01  2.33377760812519770E+01
  5.20515140446715560E-01  2.44019324630700720E+01  1.37646262707526240E+01
  4.13811620468168510E-01  4.88938541230852760E+00  1.44462344251525640E+01
  3.81419328643079860E-01  2.35568108446743700E+01  9.22634001925690760E+00
  4.05593309893122810E-01  4.88900095117536630E+00  1.17401744792316280E+01
  5.85380732291966590E-01  2.30196249553069410E+01  2.01124691630300130E+00
  4.06599624824484800E-01  1.59015889264425320E+01  1.28694801260167980E+01
  6.40456937776772590E-01  7.58231111947279320E+00  9.64547455506625970E+00
  4.75626642073745920E-01  1.03932569660298150E+01  1.73158171380743190E+01
  5.09222041678605210E-01  2.22478159383703300E+01  7.86448792930306070E+00
  5.77820253962530560E-01  1.60942601034991380E+01  2.23436884545902470E+01
  3.80273533482480450E-01  1.24056560117219640E+01  2.67600871579043340E+01
  5.01406606281285510E-01  1.51245260351466640E+01  2.18740219895144430E+01
  3.59079136884617700E-01  2.06951354581250260E+01  1.32050437584496620E+01
  5.94092381958372510E-01  1.80280753254903030E+01  6.38852795538412990E+00
  2.54611020839302520E-01  2.04131348909430270E+01  1.46930650531675710E+01
  4.99223721401470310E-01  4.72440205042800180E-01  5.28324134187888110E+00
  2.54611020839302520E-01  2.23627375250397090E+01  1.01632798160477390E+01
  3.20574425314766210E-01  1.18196815141979850E+01  1.24087712134768320E+01
  2.85767805251094040E-01  5.83176812894277500E+00  1.00257243511978210E+01
  2.54611020839302520E-01  1.52346380824839900E+01  2.60477921132143320E+01
  4.12246671516209600E-01  8.01911687847228020E+00  1.44061562170987680E+01
  4.41298336829792340E-01  2.75568580635906740E+01  2.19548812822589560E+01
  7.09985914168247060E-01  6.99521617969215730E-01  7.22291138782307130E+00
  6.80956647410425740E-01  3.90267979596785610E-02  2.54875583028075000E+01
  4.75338540515479570E-01  2.45476481911122660E+01  1.67279553356335280E+01
  7.49588614928249000E-01  1.30985245286002480E+00  2.65888505563574180E+01
  4.74033319401206570E-01  1.89088983660379170E+01  1.11494557533796270E+01
  5.20515140446715560E-01  1.06620250643315590E+01  3.54570864695098860E+00
  5.48131117613959250E-01  2.72442230100112650E+01  9.51158847934242860E+00
  3.46733456860136300E-01  2.47293675711690640E+01  2.36776635989468150E+01
  6.97384645011991290E-01  1.92458292564379930E+01  2.51549338648426430E+01
  3.78209123272245940E-01  2.34945127323766450E+01  2.95950153504391230E+01
  3.82382183723224410E-01  1.53912823738075030E+01  1.22682901794112440E+01
  4.46537248270915300E-01  1.36933801324207330E+01  3.31618104598594820E+00
  6.08690451339190200E-01  1.13869472649481480E+01  7.54194110524645290E+00
  2.59062449636064510E-01  1.36181346824606870E+01  1.78994965953373820E+01
  4.43756654693070110E-01  5.57759595630566540E-01  1.03959118154288750E+01
  3.18942867500738640E-01  2.89630856284245580E+01  2.48290157468322160E+01
  7.16535845940979770E-01  7.42785536028095360E+00  1.77015895312837120E+01
  4.62836237406567810E-01  1.52661860396878030E+01  7.60397444537493610E+00
  6.97384645011991290E-01  1.69449688667827110E+00  1.03291419731856950E+01
  2.47647088603063280E-01  2.48083591091135180E+01  7.27848018559166650E-01
  4.05793634226126800E-01  1.78194016687501180E+01  9.34897468020926860E+00
  5.37364664263313330E-01  1.06732216006931270E+01  1.12059743407803580E+01
  5.72881440675418570E-01  1.99047801204305850E+00  1.15639435318280180E+01
  5.04213456464067280E-01  1.36765309124883120E+01  2.08163822857707860E+01
  3.86557871019070410E-01  9.56282810496695570E+00  1.56780599118624300E+01
  5.62178328188990490E-01  1.17564272997011980E+01  1.33083918105385520E+01
  6.41715074739605920E-01  2.53715043098428050E+01  7.38101499746625040E+00
  4.54567147313974470E-01  1.60269792080616930E+01  9.84865072571112240E+00
  3.97011970696729720E-01  1.81007968283181920E+01  2.77347710827177320E+01
  3.99477862283745790E-01  2.29796823350825580E+01  2.76198821800055010E+01
  5.15931587153482510E-01  2.66083558713663740E+01  1.06318598284993530E+00
  5.98026541173087530E-01  1.93496847266919900E+01  5.44635122645631140E+00
  5.94917806945655060E-01  2.01856739741837540E+01  1.14330318734119540E+01
  3.86557871019070410E-01  2.26803499925001400E+01  8.93622890846661730E+00
  5.52347772924787250E-01  1.47306384086094190E+01  2.08790945350382450E+01
  4.05793634226126800E-01  1.22573486098423780E+01  2.59898817922394580E+01
  4.66753989857397040E-01  1.37005707290206050E+01  1.91321225341170160E+01
  6.77666041374141330E-01  2.82136903443878920E+01  2.55360602550947890E+01
  3.23306573977224420E-01  2.80099053681231100E+01  2.40223583408228340E+01
  6.88340418185590860E-01  1.35565785477316060E+01  6.28467242450804520E+00
  4.11696508529454960E-01  7.24361943039505630E+00  1.64442087656483270E+01
  4.03052389307286420E-01  1.35162800535134800E+01  9.21754635493938320E+00
  2.97529618718302210E-01  1.63952954942264240E+01  1.05042715843614860E+01
  3.13090147150790890E-01  2.77429450356024250E+01  2.46601309044533750E+01
  5.01435669612667030E-01  9.45678013370506320E+00  2.53289694280296050E+01
  5.26482748420329030E-01  2.91525295996467650E+01  9.56355478057647450E-01
  6.75156127532392600E-01  7.45460657980358830E-01  1.14974512035510440E+01
  7.20816873845379820E-01  4.07739185515736850E+00  5.93769192653102440E-01
  5.30006102735105960E-01  2.91950161934558780E+01  1.37020616280951270E+01
  3.43353541919950760E-01  1.49828471885537570E+01  2.27067622347017950E+01
  5.32877675645020420E-01  1.15369233462624110E+01  2.96437970280100560E+00
  6.44956217916396120E-01  2.25873170534750290E+01  2.05245736693221770E+01
  3.55036581058269410E-01  2.32605988816883950E+01  7.11729117887791580E+00
  4.30054269381220950E-01  2.37081148086197400E-01  2.73824103732561410E+00
  4.93734512940847830E-01  1.73968452196099790E+01  2.68978533469510380E+01
  3.42409596243210680E-01  3.45570576149176830E-01  2.17046835036592680E+01
  5.58952633370732950E-01  6.36178511607087850E+00  9.36915873579318870E+00
  4.49954956992444630E-01  1.29735823104714890E+01  1.07287026988425680E+01
  4.11346310528290360E-01  1.11570194581061740E+00  1.43354416909821830E+01
  4.72818350263822220E-01  2.89844833390034180E+00  2.91005853492223530E+00
  5.00672486592370710E-01  1.61628946750906510E+01  1.78484987482888260E+01
  4.15334611176110170E-01  1.48113299335512000E+01  8.35320846618947680E+00
  7.70254277643880240E-01  1.59498656290812130E+01  7.37014155044853500E-01
  5.32262962461145860E-01  2.00870113106783850E+01  1.25548683028939950E+01
  4.01880163826280960E-01  2.05855940775283090E+01  2.96508096413622580E+01
  7.41720708060832300E-01  2.20726917112815000E+01  1.08181986588999620E+00
  3.01674668393272730E-01  1.22663029050853540E+01  2.07239491782851530E+01
  2.66929568161810020E-01  2.01105248972186070E+00  1.62239696183544950E+01
  4.15334611176110170E-01  2.78120056784869050E+01  8.69518092070696010E+00
  5.20369884994360540E-01  2.04384991796525770E+01  5.20086437556995400E+00
  2.84672167568555990E-01  9.78905399487823220E+00  2.68716130170075080E+01
  5.18912146576496980E-01  1.47276178541188030E+01  1.91109066823480700E+01
  3.90540239164096370E-01  2.68072919956772250E+01  1.62907889767737370E+01
  3.63079661055833470E-01  6.90478865006935470E+00  1.56241003790333370E+01
  4.73113776075054650E-01  2.42734825019128630E+01  2.44729842699733520E-01
  5.55687039951364880E-01  1.43691150501018510E+01  5.34547323099816830E+00
  6.97384645011991290E-01  1.69345704347129350E+01  3.85784388211053120E+00
  3.54092873053847420E-01  4.56577979667799030E+00  7.48759518674969100E+00
  7.37991961479508610E-01  1.01666317109706890E+01  9.28646947885417440E+00
  5.10790949981952740E-01  1.10800768510294480E+01  1.66064122639819590E+01
  7.03918080384424090E-01  1.74941133122399040E+01  2.38681408651881310E+01
  2.69326463995374250E-01  2.84041638841434010E+01  2.11248674173807270E+01
  5.39922025342825940E-01  3.43239856037688810E+00  1.23213957356257140E+01
  5.39922025342825940E-01  1.39758813612492720E+01  2.37190418168536700E+00
  3.52682444144397330E-01  3.29574385492733630E+00  2.36220349374406560E+01
  3.17084428049163950E-01  2.91237993956850470E+01  1.02211487245034400E+01
  3.92511582998476170E-01  8.64966269215430830E+00  2.77320423052779400E+01
  2.92799561075502800E-01  1.27693386723453290E+01  2.10388441757639800E+01
  3.63105686475124490E-01  2.93062081396894170E+01  2.77484654505056450E+01
  3.25036994184950640E-01  1.45241576845743300E+01  1.70380710760415170E+00
  5.70902198024309190E-01  2.96556108270209510E-02  1.88987406927089270E+01
  6.18138908065390960E-01  1.43723330527038280E+01  2.61715881379260900E+01
  3.10705613459761840E-01  2.91380323108335520E+00  1.91618348691367540E+01
  6.99092076263204730E-01  2.33934631661731270E+01  1.65131263167268900E+01
  4.40295189098215370E-01  1.16422520864104210E+01  2.89383357155816070E-01
  6.52034765531911640E-01  1.22398990685131380E+01  6.04336635309465910E+00
  5.12628979659419230E-01  1.84495433441522470E+01  8.68225563688835500E+00
  2.68569610726517900E-01  1.44706113918695320E+01  2.23722679920445520E+01
  4.41473589537221400E-01  1.95077630150545080E+01  1.53297157852816620E+01
  7.41623060643924430E-01  2.27720395763791500E+01  2.87403196804322400E+01
  2.49794182180603610E-01  2.82690832887128350E+01  1.09631611984679320E+00
  3.44856808658559500E-01  1.73600626753541970E+01  2.77346936616922510E+01
  6.83701617051292750E-01  1.97353682559770400E+01  4.22437073446389810E+00
  7.19599311285852310E-01  2.70925535231491700E+00  2.10756982017749940E+01
  6.67521681419926690E-01  1.37267881113158960E+01  2.72813457393819620E+01
  5.40946473112310590E-01  1.83182580486494260E+01  1.19840505268964780E+01
  3.83579206291793930E-01  2.05486715687095020E+00  2.25846591451032170E+01
  5.04339573614743570E-01  2.82818694142657210E+01  1.41853289861468850E+01
  6.35523375007872900E-01  8.85664959914383590E+00  9.69579085468547670E+00
  3.44905765886116280E-01  8.46521762336431570E+00  1.60549930950418090E+01
  2.65726189967390210E-01  4.31736301421385260E+00  2.87458204692848120E+01
  4.87785457169642190E-01  1.89498418859098230E+01  1.60722057392550720E+01
  3.71299762957800540E-01  2.56400657704434490E+01  2.71977291394353070E+01
  4.13811620468168510E-01  3.03274155293582480E-01  1.41983680637132550E+01
  5.69423614487483490E-01  1.55175426073502600E+01  2.68214131732098760E+01
  5.83429036676414100E-01  2.70418032681205670E+01  5.70334334271786590E+00
  5.30006102735105960E-01  2.43182283219568410E+01  2.61958516598728690E+00
  5.16710955738981780E-01  2.86818282660990750E+01  4.16850328074999780E+00
  2.65726189967390210E-01  1.77123144200027520E+01  2.15471729486012930E+01
  3.18942867500738640E-01  1.09255876858086830E+01  2.04219855505340780E+01
  3.23881608201221470E-01  4.92743150196516310E+00  2.03274805443833840E+01
  3.54092873053847420E-01  1.76239080652886780E+00  7.18540636583131760E+00
  5.12509616084684260E-01  1.10072578299101900E+01  1.02112146982968480E+01
  4.99223721401470310E-01  5.51564349680234400E+00  1.37841382292799710E+01
  2.56092450391898300E-01  1.78100007092059410E+01  2.83554770802032900E+01
  5.45765227979075810E-01  2.02131369791395020E+01  2.04960680886627880E+01
  6.94010183176834960E-01  1.74580913736388900E+01  2.24723754646700160E+01
  3.57201130995523370E-01  1.43034689688271670E+00  1.59954627344579380E+01
  5.25895496843049500E-01  2.19096584387375440E+01  1.34183812075749760E+01
  5.10790949981952740E-01  1.59648784964470560E+01  2.56333090277699860E+00
  4.89717368181109780E-01  2.92088304121966370E+01  5.03081474754569240E+00
  4.82769235883485770E-01  1.37203157733322350E+01  1.50781298092194440E+01
  6.93278360304079300E-01  2.03395218951180010E+01  2.30767232973550660E+01
  3.35017483125717060E-01  2.20039260998737700E+01  2.15592173343892140E+00
  3.26514001167033020E-01  2.78675574280658540E+01  1.90281518929002760E+01
  4.75880684447443510E-01  2.14262876530430790E+01  5.07789746124707180E+00
  4.22354771203238230E-01  2.49621510346247280E+01  1.86817291516567640E+01
  4.11966131227655820E-01  1.66138582191989170E+01  2.31850102015942450E+01
  7.30946391186454210E-01  4.16527687611842980E+00  4.54776020634831650E+00
  4.22201084465533680E-01  7.74523119080438160E+00  2.08642685436804240E+00
  5.15931587153482510E-01  1.31941617952829960E+01  2.61657955183430530E+01
  5.52347772924787250E-01  1.32055934991596790E+01  2.17610105419126220E+01
  2.49794182180603610E-01  3.56077925479758050E+00  2.15339302881890400E+01
  4.50103975287380020E-01  4.09577075528878170E+00  2.60844450768082150E+01
  3.61769499680632390E-01  8.07403793751527490E+00  1.22543448705953320E+01
  2.77147605524350650E-01  2.50184174870986540E+00  5.65290295154716200E+00
  7.64764367446448820E-01  8.04148528478285480E+00  2.63327281060893660E+01
  5.71326189973923350E-01  1.38274823518306050E+01  8.29571823571083830E+00
  4.07877171249442140E-01  2.41696362725132660E+01  4.58255340868433160E+00
  4.46540105696671490E-01  6.72823942414095550E+00  2.32884847917844450E+01
  5.07606992315717240E-01  2.22668529929797380E+00  6.45965204493330080E+00
  3.01731430220296380E-01  2.17350254936311130E+01  1.04866323549328260E+01
  4.32382463464541460E-01  1.54503906973747700E+01  1.50509401591193370E+01
  3.25762576013666160E-01  1.17015539082056520E+01  2.67153084961599880E+01
  6.24920360555607160E-01  2.41361860313226690E+01  2.87114484443656540E+01
  7.38532964590205680E-01  7.61618731715321040E+00  2.91885679847853150E+01
  3.92511582998476170E-01  1.82792467959498420E+01  2.69662003124709170E+01
  2.97561439636419770E-01  1.22580952864879080E+01  1.19604087964695350E+01
  3.46434506905438330E-01  6.37624104536537390E+00  1.78605631172976160E+01
  5.89502618647478990E-01  2.74941730294495950E+01  1.28011031672189510E+01
  3.32399546609116130E-01  2.06219405468423000E+01  2.05432549634056590E+00
  5.77649046292645880E-01  2.33711875724328740E+00  1.98346437323921340E+01
  4.31729360191427780E-01  2.83608904478170880E+01  4.21004498978006310E-01
  3.17950877609215300E-01  9.64209434394317810E+00  1.49474102493455030E+00
  4.75880684447443510E-01  2.41349549540650340E+01  1.90266525569923320E+01
  3.91816801400439550E-01  7.76761994010889810E+00  1.98205572624681990E+01
  2.50163292655703180E-01  1.41094349964959620E+01  1.30580497003348840E+00
  3.42074681651230290E-01  2.19186624082899610E+01  1.74228897672430600E+01
  3.50974061745161330E-01  2.24571145758305310E+01  1.69865575097405320E+01
  6.18566685513849460E-01  1.72059195514314210E+01  1.74453987310658220E+01
  3.24719866931951940E-01  1.49775411452609150E+01  1.23947081096185690E+00
  3.57201130995523370E-01  4.86263988366687010E+00  2.47408232331643030E+01
  3.13090147150790890E-01  8.89215835339841480E+00  1.21886088934263430E+00
  2.58355477869490890E-01  2.50138401632054650E+01  4.12140599388027700E+00
  4.83351594707823830E-01  7.31682039332998180E+00  2.88377587767979550E+00
  5.48463672908306780E-01  7.89094577870324710E+00  3.73834317548244990E+00
  4.24351701398837560E-01  2.62869362988258500E+01  9.00526785749442030E+00
  6.80557430527969220E-01  2.64019722778757140E+01  2.64302520502610640E+01
  3.73125396709624990E-01  4.52644311760454170E+00  2.53861424067649610E+01
  6.77808113742920780E-01  1.29380068306433000E+00  2.05672385606202470E+00
  7.67512613708393760E-01  1.04366680854821650E+01  1.94526231617426540E+01
  4.76544583128828500E-01  8.82458053556567460E+00  2.93074255452849140E+01
  6.97738347479756800E-01  2.52873536280406200E+01  2.93592631894643890E+01
  4.49545157175862540E-01  1.17701296557684320E+01  2.01309414828501780E+00
  6.25336422111717830E-01  1.56111647166659400E+01  2.34438106405445340E+01
  4.99487474973056500E-01  1.95880886264411240E+01  1.39095110446406060E+01
  6.67521681419926690E-01  2.69157271660722660E+01  2.51866654615970940E+01
  3.44170209092795430E-01  3.27637641636114600E+00  1.55069597212064350E+00
  4.01880163826280960E-01  1.03327141507216070E+01  1.29271521335065030E+00
  5.95035019805102560E-01  2.17359625302994640E+01  9.59030826647650870E+00
  5.20348764567513020E-01  2.08376448012053110E+01  2.14079854856499880E+01
  7.44845164893703690E-01  4.10434801433543850E+00  3.07347343642091800E+00
  6.94010688862415210E-01  1.49037970783816330E+01  1.61777711100303700E+01
  4.00156705760987560E-01  1.95050576589978240E+01  7.23433358085177770E+00
  6.57722721512726150E-01  7.12302990251668430E+00  1.18875514067875590E+01
  3.61198882346046800E-01  2.84253194548037200E+01  1.50374863078546340E+01
  6.07167866036927160E-01  5.21148012969224880E+00  1.06663445037618490E+01
  5.81677556670477180E-01  2.27903409595192840E-01  2.07188605744202480E+01
  3.17579752081870750E-01  1.81272109809014310E+01  1.72856631440768570E+01
  2.69169509893181310E-01  2.46119563864811610E+01  1.14445670411159010E+01
  5.36592099856838090E-01  1.96595591520423870E+01  1.09905393799227370E-01
  3.01799748246536660E-01  1.48855182253830240E+01  6.20317103103815270E-01
  4.05794678723965420E-01  8.65987392757434190E+00  5.66956326512188810E+00
  3.65995101567518470E-01  7.85960981625031610E+00  1.36447733858935240E+01
  3.39481361119070080E-01  8.96568577610483250E+00  2.83909794514101000E+01
  6.97384645011991290E-01  1.35055387929544110E+01  1.62367151863083630E+01
  6.82253548551889110E-01  2.08288855012238460E+00  1.62562581220448980E-02
  5.67035311113654220E-01  1.30658119065605560E+00  2.03280900076258670E+01
  6.47236078597052340E-01  1.12117551601175230E+01  2.58748694833295580E+01
  5.92513140571182980E-01  3.29048086243537830E-01  2.36635892697324410E+01
  4.71553509741754610E-01  2.93167882079185100E+01  1.98573435721229540E+01
  6.55885333720611730E-01  1.86024969599520880E+01  1.00622760653544370E+01
  2.83840017940612550E-01  1.01962831309196690E+01  2.95545765848462590E+01
  5.65219172841477580E-01  2.88793458345665460E+01  2.38414447554951640E+01
  3.48480710258510130E-01  2.19911287709326860E+01  8.68251151836232360E+00
  6.26908127420837150E-01  4.19604870733026750E+00  2.09321198177652260E+01
  2.62213147743524950E-01  2.68950413098613480E+01  1.15717246287975630E+01
  5.08737612195334600E-01  1.73231132578484370E+01  1.23172359658388210E+01
  4.59281804788439010E-01  2.15894492172305340E+00  1.81818244563937200E+01
  2.86550378078914000E-01  1.48381225461744260E+00  1.49268292827691000E+01
  2.99038091422116640E-01  1.34181083935569170E+01  1.84203391335443140E+01
  3.62493203924014780E-01  1.52632574713043940E+01  1.71774442428303120E+01
  5.64616421781660800E-01  2.44928440295023010E+01  9.69440049057287640E+00
  3.87533216804236250E-01  5.42382267411897170E+00  9.49131074898437180E+00
  3.90540239164096370E-01  1.85628050696296580E+01  2.41038363270800100E+01
  5.44640939783434240E-01  7.55382089353564990E+00  2.07770517329159250E+01
  3.84420431658369740E-01  1.62906686663680490E+01  8.18470330484633560E+00
  4.53492046339069340E-01  2.64526980867103700E+01  1.27996775841968110E+01
  6.38023782753992030E-01  1.69450652405116000E+01  1.86743041234475840E+01
  5.00672486592370710E-01  2.59685964670323310E+01  5.85043357413140530E+00
  6.08873319065221350E-01  8.72771740484096270E+00  1.51389760946249030E+01
  3.18942867500738640E-01  2.38724619483574510E+01  6.32725558102332730E+00
  2.65726189967390210E-01  2.11486985940660790E+01  1.36328982455370390E+01
  7.10410487391814980E-01  1.63096957091433690E+01  2.78256153769259030E+01
  4.66797018098134940E-01  1.32918950777162000E+01  7.40826390322013940E+00
  3.89889811574280460E-01  2.50063922989522890E+01  1.51627181536249540E+01
  2.92456502136063850E-01  3.38830874371342050E+00  1.95339509632970130E+01
  3.63079661055833470E-01  1.37361956235419740E+01  2.54270275903818330E+01
  4.13811620468168510E-01  2.34251929610601760E+01  2.92373245252594280E+00
  2.60417758313763680E-01  8.62449985203615550E+00  2.10476566170677800E+01
  4.41940562555082740E-01  1.32040776361770150E+01  1.73343073004880810E+01
  3.08418768867630710E-01  1.14779569038896410E+01  1.09511913432766010E+01
  3.04461637453634990E-01  2.49690762581674690E+01  2.55993492815680740E+01
  4.75626642073745920E-01  3.21284625194627530E+00  2.94603385600120940E+01
  4.19693779402500590E-01  1.00999606211560880E+01  1.04411072636084320E+01
  3.26514001167033020E-01  9.46128011688948160E-01  2.99766290213495430E+00
  3.55388479881239270E-01  2.63485802036074330E+01  2.07793297445645140E+01
  5.33859136323620030E-01  5.28520312893468520E+00  1.69754410767401890E+01
  3.39481361119070080E-01  1.03265135051228130E+01  2.81401774541273750E+01
  2.51153087880769550E-01  2.79542172918805680E+00  1.85824866794457150E+01
  4.21603844523193420E-01  1.65022565654255300E+01  2.67120735791727630E+01
  5.20348764567513020E-01  1.93615105334242760E+01  9.16555383561746590E+00
  6.86210935380316480E-01  2.50876637051937590E+01  1.64543424987957690E+00
  4.41140732643827070E-01  1.33033301634367550E+01  1.54957080382867930E-01
  6.26908127420837150E-01  1.68109986529828750E+01  6.29729582743534790E+00
  5.11871480770454750E-01  1.44290326743566320E+01  9.19613192245749110E+00
  4.70990686464341570E-01  1.96232619017562190E+01  1.05317964317531240E+01
  5.20369884994360540E-01  1.79665160481396880E+01  1.31181003172473130E+01
  3.04306421741581800E-01  6.36126355519373910E-01  1.70523439604989560E+01
  5.88333222664750720E-01  1.47209879662716490E+01  3.21868020613537100E+00
  6.64541222436485860E-01  1.83499157779649590E+01  1.82416385082708640E+01
  4.24351701398837560E-01  2.06029146576066290E+01  3.53545958985690410E+00
  5.55920758830291820E-01  1.73188029327314510E+01  1.21251105288207110E+00
  2.89042915761794110E-01  1.11854902085775020E+00  2.32755140820413190E+01
  2.47647088603063280E-01  2.45924858361752640E+01  1.29765654518917820E+01
  5.88686278844574580E-01  2.95925472103262020E+01  1.65479035293263510E+01
  3.53063097104977870E-01  7.69507564785369520E+00  1.28585674155168390E+01
  4.50600139601478670E-01  2.05332468845421660E+01  1.39982676019754000E+01
  6.65634982039605120E-01  1.61688724534833810E+01  1.66831976051409820E+01
  4.69750256464274060E-01  8.85642236104039070E+00  1.19746686218979870E+01
  6.13801455222646290E-01  2.93901964822154510E+01  2.26366860558636920E+01
  5.14582826754803690E-01  6.67983596943794390E+00  1.86771084213814480E+01
  3.81419328643079860E-01  2.43552268913945160E+01  1.98527919728900630E+01
  7.28196096543639280E-01  2.57761739060778900E+01  2.34349807180823820E+01
  7.33199636544987770E-01  1.88412303579276780E+01  2.85875068603221790E+01
  2.86550378078914000E-01  1.88558864867238260E+01  1.45490696373292040E+00
  2.52169786807371790E-01  2.06745943102293880E+01  2.21926468246753110E+01
  5.01406606281285510E-01  1.86077920783351480E+01  7.32059348533091110E+00
  4.18948713530687210E-01  1.37108818960902620E+01  4.62973721167803460E+00
  3.62620749938717070E-01  1.14988674004495510E+01  2.07884193693146780E+01
  3.15231116497538320E-01  2.68702828128751920E+01  1.21479942775730580E+01
  2.83840017940612550E-01  2.87675771602512390E+01  2.81068164568727210E+01
  4.72199721516180480E-01  2.53078575235701030E+01  1.78586715883882830E+01
  4.41666133880560000E-01  3.42107578124320620E+00  2.66664442418142790E+01
  3.39073066583844400E-01  1.40714723610245820E+00  1.22645892543954690E+01
  2.54831192030272870E-01  2.00107929914414090E+01  2.69632115673845050E+01
  6.65634982039605120E-01  2.75925533512224990E+01  7.63744558829459130E+00
  2.69326463995374250E-01  8.09857001820819990E+00  2.49968293675918080E+01
  3.08418768867630710E-01  5.36742043237276430E+00  2.51736809970758840E+01
  5.63324676144028570E-01  2.80534433399663390E+01  3.28592736910151380E+00
  2.49794182180603610E-01  1.66065568832992310E+01  2.97006414220747460E+00
  6.44956217916396120E-01  4.46374086468098150E+00  2.26596055168350750E+01
  4.26043897269923290E-01  2.54824912921764300E+01  9.68491611686294900E+00
  7.44533748089133770E-01  2.74534287740703990E+01  2.07742072012893500E+01
  2.47647088603063280E-01  4.57706811743196520E+00  2.17465158477034140E+01
  3.47451934045076260E-01  1.02128393830708860E+01  4.28677299551056380E+00
  4.83182858574677270E-01  8.84079859396879540E+00  2.45625146869167530E+01
  5.38382388131525950E-01  2.12947867718984970E+01  2.04534710048646850E+01
  6.08690451339190200E-01  1.18857053738645230E+01  2.78694773972152490E+01
  3.93024383017402490E-01  2.22001561408269050E+01  2.77608283319560240E+01
  2.54611020839302520E-01  1.65527196486005650E+01  1.58468017808282600E+01
  6.82253548551889110E-01  4.37323198539953230E+00  9.68964046466983930E+00
  7.67665169660178040E-01  1.26380385856157340E+01  1.16237576714246240E+00
  3.95839252948554370E-01  1.99753408899860430E+01  1.60222446260211520E+01
  5.15379284759350490E-01  6.69808780104193160E+00  2.20404228628148320E+01
  5.09222041678605210E-01  1.96019780135003000E+01  2.76081583134408960E+01
  4.72038094207023740E-01  2.90833434505205410E+00  8.22372003183313540E-01
  6.64541222436485860E-01  1.28352650487074790E+01  1.27294390217085610E+01
  4.84167632717154460E-01  7.75104874725957060E+00  1.56364086465426680E+01
  5.39922025342825940E-01  2.66737816154880960E+01  1.37677056787421570E+01
  3.77759649416993960E-01  1.37101589837819730E+01  1.13922704778658550E+01
  5.06367095649294540E-01  2.28242008526987730E+01  2.25827448062017240E+01
  3.05466220251299840E-01  1.89502935745790710E+01  8.70495601608741150E-01
  7.55604472483241980E-01  2.23297154475234020E+01  2.37421750318546250E+01
  7.68548325332126940E-01  5.60070298272355150E+00  3.29694718119382650E+00
  3.09209541844886400E-01  6.82893507745340680E+00  2.12269421786024600E+01
  4.71553509741754610E-01  1.30120205943725050E+01  5.18163123720610660E+00
  3.65995101567518470E-01  1.35698446754766060E+01  1.99537276336480640E+01
  6.26517897412854200E-01  2.83781808044371790E+01  1.65489659775802310E+01
  3.55388479881239270E-01  8.60206471247579250E+00  2.53651778622623000E+01
  3.90423892796942250E-01  5.27579340789654960E+00  1.24350516346704150E+01
  4.92172780862642510E-01  2.83579773292083350E+01  1.99323182989711080E+01
  6.66683478841499700E-01  6.23815706672143740E+00  1.28721417006373640E+01
  6.94903868090152520E-01  2.05691503769134130E+01  9.04154417437839260E+00
  7.65642972591057180E-01  1.75145881047366810E+01  2.51671340267428880E+00
  3.52682444144397330E-01  1.48637990751266140E+01  2.28987427385024840E+00
  5.39466591144820300E-01  4.76749087839717500E-01  1.32613718093455100E+01
  4.26043897269923290E-01  2.59070660573681690E+01  2.39678306037437850E+00
  2.53364602799301860E-01  1.70820352581357260E+01  1.65828031399559210E+01
  3.83290088603488770E-01  7.68235884043444450E-01  6.11404303082429570E+00
  5.55920758830291820E-01  1.57960861253739680E+01  1.89983405668203640E+01
  4.13050329149462850E-01  1.17900268654679030E+01  3.95180094954882540E+00
  5.20369884994360540E-01  1.94750250691083410E+01  1.97279597840381200E+01
  6.99477888048091770E-01  1.57781021628786160E+01  1.39678945590207990E+01
  3.59079136884617700E-01  8.83078068666168650E+00  1.11444932336119340E+01
  3.01799748246536660E-01  1.76466214063975570E+01  1.00823328417212840E+01
  5.28731261397185740E-01  8.14326751438146700E+00  2.16730937890324140E+01
  6.80338287111455390E-01  2.29454783439011080E+01  2.51218569301546030E+01
  4.74033319401206570E-01  6.35049820991994100E+00  2.77783908512630690E+01
  3.53302408788900560E-01  1.82574323891646880E+01  1.68100667496914260E+00
  4.03052389307286420E-01  2.81614591351716650E+01  2.77836413430969810E+01
  3.33973424357718240E-01  3.10315542631036760E+00  1.15120440874842490E+01
  4.68162992243922280E-01  1.54071562963159450E+01  9.15687174630423510E+00
  4.72192289519205580E-01  4.96812393926115630E+00  2.68737107833833060E+01
  6.73658304681401180E-01  2.18661001250174040E+01  4.01720949232504050E+00
  4.61178090502161720E-01  1.81337802066076460E+01  2.48395190848753810E+01
  4.18189647978318300E-01  6.41935439451232880E+00  1.39406118251960220E+01
  5.15379284759350490E-01  1.42569512976178780E+01  1.00272088336950560E-01
  5.34553382826858140E-01  8.01786353572520840E+00  4.98525750600404650E+00
  3.70336582810533970E-01  1.93596385243623030E+01  2.26677005362793090E+01
  6.42747544188997020E-01  9.56227315677405980E+00  5.37515810034324560E-01
  4.50600139601478670E-01  5.26832159930681780E+00  1.96344029440885100E+01
  3.55036581058269410E-01  1.71960211909849260E+01  2.84141833576077330E+01
  3.54092873053847420E-01  2.64781064810910130E+00  2.21472723122837290E+01
  5.13614394364816020E-01  2.12365025098711290E+00  1.43922657181002100E+01
  3.65995101567518470E-01  1.06831579764739030E+00  2.94532280683905690E+01
  5.25383403930900440E-01  1.73788468341725030E+01  7.29919113191874040E+00
  3.83598938984435380E-01  2.75306211824446590E+01  1.96502810452231240E+01
  4.86073626967704090E-01  2.90190276490033550E+01  1.56401186224141660E+01
  5.96963967672292380E-01  2.19595551947976870E+01  1.21528994270669130E+01
  4.66553963192992600E-01  1.30953621643322720E+01  1.43636708433212660E+01
  4.15252526658189590E-01  2.29983935895120870E+00  2.72019627120116430E+01
  6.36786611163594070E-01  2.96344335618165570E+01  2.68002476331874430E+01
  6.06760633376156730E-01  2.51801010116481870E+01  2.80596130485311550E+01
  5.25895496843049500E-01  1.27352348414776240E+01  1.52879920250087660E+01
  5.05409982910693060E-01  1.67644822446305070E+01  1.31633719231706220E+01
  5.18912146576496980E-01  1.53203888413670870E+01  1.99621595266017560E+01
  5.81677556670477180E-01  4.24102887574337740E+00  1.97257126476531890E+01
  2.50625569857546320E-01  5.46442165185295890E+00  2.26197623763666970E+00
  6.67521681419926690E-01  2.06077927225517000E+01  2.51872383275450350E+01
  6.52034765531911640E-01  2.38442198006981310E+01  2.41396910201767980E+01
  3.81419328643079860E-01  2.53567098450903930E+01  1.70079091367411870E+01
  3.18942867500738640E-01  1.32867802903339220E+01  1.36023529163685950E+01
  6.63973334543257470E-01  4.20326156385940220E+00  1.74850708166722130E+01
  4.05793634226126800E-01  8.65291927017740470E+00  2.26337285968276800E+01
  2.88617724104866640E-01  2.26473401616396540E+01  1.46779143169981130E+01
  3.17587838135982990E-01  2.13299364325015690E+01  1.71183090279384660E+01
  6.94010688862415210E-01  2.17651333601434370E+01  1.62062567546189450E+01
  3.25036994184950640E-01  1.69672961943563150E+01  2.61088749361402320E+01
  4.41940562555082740E-01  1.41964540084964190E+01  2.17169080347033020E+01
  3.05466220251299840E-01  7.54949759623662240E+00  1.10212221587815300E+01
  7.22984261441823330E-01  2.81193670192799270E+01  2.89856870162434710E+01
  4.60682082706054620E-01  5.85521824014668990E+00  2.35347185012924810E+01
  4.22201084465533680E-01  1.65484563142248930E+01  1.81524518861348980E+00
  6.24824560398126750E-01  1.83334238465060760E+01  1.97874475207379060E+01
  3.63079661055833470E-01  1.39441241256099390E+01  2.83515312592864710E+01
  3.25516939164680520E-01  1.72707409532673760E+00  2.96009478705368870E+00
  4.87886881528419990E-01  2.49077380829286630E+00  2.33818527206432130E+01
  4.34172467284937990E-01  1.15807519875434080E+01  1.16855623979398150E+01
  7.04082361725448710E-01  2.42456163875957670E+01  2.27453843448362920E+01
  4.40295189098215370E-01  2.87428537171904250E+01  7.20903088207521050E+00
  4.54567147313974470E-01  8.24948285318636470E+00  2.80215120008973260E+00
  4.89717368181109780E-01  6.73996353899426110E+00  1.47886832425893560E+01
  4.82771447840326400E-01  1.79102030314378600E+01  2.08092255514782990E+01
  3.54092873053847420E-01  2.56196500506218460E+01  4.04161904673932960E+00
  7.67457697882333090E-01  1.06201626416582610E+01  2.36864203320350520E+01
  4.43129600128677660E-01  2.93236762578440140E+00  1.49148425102075710E+01
  5.61514797181737530E-01  2.38018976967949460E+01  1.16278150698911120E+01
  5.82207618145930890E-01  1.66435956642181250E+01  5.10159682816993420E+00
  5.94092381958372510E-01  1.44481237856881090E+01  1.20229495851920060E+01
  5.64318884198494160E-01  9.75050914770486090E+00  2.88348995559852240E+01
  6.16837537735261420E-01  2.03833480017022130E+01  7.74410223171395630E+00
  4.20581746236023420E-01  2.39854148807795050E+01  1.73160543331979880E+00
  3.16022212934137680E-01  2.83631167664568550E+01  2.45547005658323630E+01
  4.59502380082057990E-01  2.09005650492912130E+01  8.27391441513802130E-01
  7.48336469443998900E-01  3.25865587204045680E+00  1.37707683948991820E+01
  6.90159994875631000E-01  2.32271811814457970E+01  4.00906392323711990E+00
  4.68364091588631840E-01  9.16179823723008010E+00  1.64717876943126950E+01
  4.05593309893122810E-01  1.22114769804167040E+01  2.88973388871795040E+01
  5.55687039951364880E-01  2.69443630418421630E+01  3.15489881319348250E+00
  2.83840017940612550E-01  9.83517848801961490E+00  1.68039661621633270E+01
  5.98280766214214580E-01  5.88850064809804600E+00  1.16603440142198080E+01
  5.84913004272127690E-01  1.29987549575061530E+01  2.82978743078871700E+01
  2.83840017940612550E-01  5.53507638226828560E+00  2.03184291938868710E+01
  2.83517655556827110E-01  2.97627812944727930E+00  6.95173270677383210E+00
  5.27599340399055180E-01  2.11609897306001350E+00  1.54374083870089670E+01
  6.24824560398126750E-01  2.17563723861597470E+01  6.12675542062820620E+00
  4.84167632717154460E-01  2.87498961084209910E+01  1.09300568245914590E+01
  5.66562802601083430E-01  4.80022511663945120E+00  2.38209150309541150E+01
  5.81213412342838430E-01  1.90557729800876000E+01  1.29704270837040060E+01
  5.13285974501586400E-01  1.57629412692053510E+01  3.56681214587933490E+00
  5.29625185962053640E-01  1.62009804789706880E+01  7.27684879609744860E+00
  3.30104909316010620E-01  2.35886859600508460E+01  1.55034637088983500E+01
  5.48174971142568520E-01  1.20609564005450360E+01  1.03265151264074930E+01
  4.72192289519205580E-01  1.12045422854719590E+01  6.47886869001653840E+00
  4.53126113496558960E-01  9.06266587250306800E+00  2.69955247010542860E+01
  5.25993347610763350E-01  1.01832420409399110E+01  5.15877387934966960E+00
  4.75338540515479570E-01  1.14154751912802560E+01  1.86881980020595970E+01
  4.30858982518450690E-01  1.38848356902475490E+01  9.96506359786430980E+00
  7.09741570678139940E-01  1.64691863750712650E+00  1.71292640427014650E+01
  5.05409982910693060E-01  9.65221400535102700E+00  1.14123545003019430E+01
  5.20369884994360540E-01  6.26891705999175300E+00  8.48617464759748690E-01
  2.73281005279713530E-01  2.59638129671358090E+01  6.07959614178280820E-01
  3.09574052588245370E-01  2.52005458666107320E+01  3.52748789463020710E+00
  3.18095930761502070E-01  2.32656739997240880E+00  1.89397173236886580E+01
  4.46537248270915300E-01  2.57173937077636300E+01  2.55364380382083450E+01
  6.38830345620663920E-01  2.85568072176058220E+01  9.43833226923677420E+00
  6.68397269451762100E-01  2.48482095011635840E+01  6.18039871547141480E+00
  5.32488384254616510E-01  1.16314148762388210E-01  1.78460634064878710E+00
  3.17579752081870750E-01  1.37397468108712420E+01  1.06982607637354970E+01
  5.16710955738981780E-01  1.93178534054953880E+01  8.13049927951148990E+00
  4.49545157175862540E-01  8.18254142638411250E+00  7.87316024781860690E+00
  3.20574425314766210E-01  6.78879300529075280E+00  2.03752866679934500E+01
  4.12246671516209600E-01  1.09793163519384120E+01  8.47524739155590900E+00
  4.94550785807675550E-01  6.48704669402463630E+00  1.69430571484028080E+01
  3.59079136884617700E-01  1.37175150964368980E+01  8.39514133528355090E-01
  6.10572080928614460E-01  1.42543874399404800E+01  1.73067734021258770E+01
  4.75338540515479570E-01  2.30849601113834810E+01  6.22886582015294900E+00
  5.09574347305064630E-01  8.63203039282719150E+00  1.74789394648407000E+01
  4.18189647978318300E-01  1.24457593076386250E+01  2.96865029113819610E+01
  3.76753951196820710E-01  9.31942858248374510E+00  1.05954367135928800E+01
  3.84533934306195220E-01  2.83609010336515830E+01  2.17766288019481460E+01
  6.60767019732147710E-01  2.78176392856167070E+01  1.15943534510315410E+01
  5.64318884198494160E-01  3.94712109508737720E+00  2.46501138228587070E+01
  4.69750256464274060E-01  3.64847449332900230E+00  1.62923396652394640E+01
  6.88340418185590860E-01  2.87487746131705890E+01  1.25703591675309770E+01
  5.93150731645016190E-01  9.54137828340292420E+00  6.13644771996830760E+00
  7.17499092254363010E-01  2.16070187056847520E+01  2.24585748839968740E+01
  3.79322922295397280E-01  2.06382258024568910E+01  1.72009149334765890E+01
  3.20574425314766210E-01  2.53746403420896480E+01  6.80930876265607670E-01
  7.17953871372127320E-01  9.61312568364629700E+00  1.82178632066210680E+01
  3.42409596243210680E-01  2.11197543952300040E+01  1.59876377243292820E+00
  4.43129600128677660E-01  8.05094313542321590E+00  1.67243481123393990E+01
  3.78068289465320630E-01  1.05007900848265620E+01  6.00415903694931160E+00
  4.75338540515479570E-01  1.47195564285432030E+01  6.31484566070937170E+00
  7.38532964590205680E-01  1.60135681269578000E+01  2.10106612213491960E+01
  5.07606992315717240E-01  1.99584447850771770E+01  2.19390857825704440E+01
  2.86134314477376340E-01  1.58146000719575990E+01  1.05582492009298220E+01
  5.07437626189109900E-01  1.80566785980902150E+01  1.45820704614900160E+01
  6.15073771326759470E-01  2.78752843389681050E+00  2.44436769566247350E+01
  3.30104909316010620E-01  7.88617693773116280E+00  5.84933105086658140E+00
  6.66683478841499700E-01  4.02012260349801660E+00  1.11145666891450560E+01
  7.49545055295440930E-01  1.10583143247402450E+01  2.89461311390610200E+01
  2.54824432159977790E-01  1.31981229264057780E+01  1.00593088670055940E+01
  5.72142532162989690E-01  1.65630129618006560E+01  1.98222770526286460E+01
  2.77147605524350650E-01  3.95685422116022160E+00  2.38096122270227150E+01
  4.68364091588631840E-01  2.91829883484609200E+01  1.47000385245976040E+01
  4.82771447840326400E-01  2.86756599932733600E+01  1.90108948845409740E+01
  2.50971712925384870E-01  2.56908230647667000E+01  6.54812906997605190E+00
  5.38024295323284910E-01  6.47641279486648800E+00  7.31963852415988910E+00
  4.13050329149462850E-01  1.71360365169226770E+00  2.77845422573444230E+01
  4.86590143357422540E-01  3.25955065789555750E+00  2.27838954178921790E+01
  3.16148313226467530E-01  1.74310261212408480E+01  2.01704583087560960E+01
  3.81419328643079860E-01  2.87586720480957290E+00  1.59353767420707300E+01
  6.52911031193170470E-01  1.80390116745852570E+01  2.59489120783258330E+01
  4.49150663742554990E-01  2.57680315406295720E+01  1.05119297024972140E+01
  4.73113776075054650E-01  2.63411286754271680E+01  7.92937885139818290E+00
  3.65995101567518470E-01  2.95971280804948980E+01  1.08720756730871630E+01
  3.46028387031474870E-01  1.18468852198375440E+00  4.60560727790096540E+00
  4.23675716525973380E-01  1.43586172541009840E+01  1.99775144906049600E+01
  2.47261092463374420E-01  2.22006788655706530E+00  2.66898436180670370E+00
  2.63339374245984010E-01  3.81249788291088530E+00  2.32897419228992670E+01
  2.59062449636064510E-01  2.00938953145019780E+01  1.33455713419478630E+01
  5.77180454669814490E-01  6.44801652082966110E-01  1.79327038175785240E+01
  4.06599624824484800E-01  4.51098432883948600E+00  1.64428751910634860E+01
  4.65278877330243820E-01  2.59350294217052020E+01  3.28673799881678530E+00
  3.07263188066738420E-01  1.94745376513578550E+00  2.57375603722044590E+01
  3.88697647565240350E-01  7.46329350574798060E+00  7.32223427914962330E+00
  6.62122603690132470E-01  2.27263733026750630E+00  1.27653448412425660E+01
  3.79322922295397280E-01  2.27327781173463070E+01  1.66685282706641400E-01
  3.53063097104977870E-01  2.03243221568819930E+00  2.50826757026954110E+01
  6.88885956497308970E-01  1.07182672177594130E+01  2.14907559429891710E+01
  5.33066537704075310E-01  2.04359691852140160E+00  4.42143368386526790E+00
  3.42074681651230290E-01  1.58590641330236850E+01  6.47625315412054460E+00
  4.24351701398837560E-01  1.34390889019836680E+01  2.36526667384348560E+01
  2.92456502136063850E-01  2.71048270593419500E+01  2.89851689535224570E+01
  5.90639534364661320E-01  2.54545855799582870E+01  2.10878698783918210E+01
  4.09705559579089850E-01  2.01319789579449520E+01  2.42213889098966890E+01
  3.59079136884617700E-01  1.14756347818222380E+01  1.58335342205215710E+01
  5.27599340399055180E-01  2.52516134881338560E+01  1.99896794374855630E+01
  5.38382256471750510E-01  2.51852943170049100E+01  2.64121813123750010E+01
  5.96963967672292380E-01  9.37104446249428770E+00  1.41196302007421860E+01
  2.96503602823160150E-01  1.81783367176729090E+01  5.47718996712724240E+00
  3.64593218166308700E-01  1.41537174391276450E+01  3.98388041789992990E+00
  4.18947112612636110E-01  2.44977927411439250E+01  7.98055226211004510E+00
  5.40946473112310590E-01  2.70358947473408800E+01  1.78229958557881750E+01
  3.35017483125717060E-01  2.75490056404949720E+01  2.63293606156281900E+01
  4.75626642073745920E-01  2.43364918730308870E+01  1.58014444637687640E+01
  3.04461637453634990E-01  2.60768167166471550E+01  1.68690930538356840E+00
  4.36315933331792570E-01  4.34325430866401870E+00  5.70074494207021590E+00
  6.77666041374141330E-01  6.63865252462089290E+00  2.66636784550528640E+01
  5.67035311113654220E-01  2.73324794372576250E+01  2.72573720578312760E+01
  3.38650161839631010E-01  2.94146542908061940E+01  7.60239574416358990E+00
  6.94010183176834960E-01  1.50822780748735230E+00  2.41768811495271760E+01
  7.10410487391814980E-01  7.74946601507365430E+00  2.40821833375548060E+01
  4.54567147313974470E-01  1.73832508755685460E+01  1.38967392144180370E+01
  2.52169786807371790E-01  3.79147492339715650E+00  2.54515666857738660E+01
  3.01799748246536660E-01  3.81378023964250090E+00  7.51689600068460790E+00
  4.27719079604653450E-01  1.23826422337329820E+01  1.76122344136870270E+01
  3.87762191716535260E-01  9.26988041252860210E+00  5.16279141429117590E+00
  5.72951670348821020E-01  1.62981961112214080E+01  1.19745674303768400E+01
  5.09222041678605210E-01  1.07104383287954810E+01  4.63895614659825210E-01
  5.25993347610763350E-01  2.68057230969584490E+01  2.08434807104167110E+00
  3.12648490279368120E-01  1.36271206843407850E+01  1.59471280561365280E+00
  3.32399546609116130E-01  1.74148329738365570E+01  1.95226426392889430E+01
  4.43807889241729470E-01  2.72099276792119230E+01  2.82577526627318110E+01
  3.44170209092795430E-01  1.60124432869929050E+01  4.41168457409147050E+00
  2.54824432159977790E-01  7.13173881096565140E+00  2.58724095606954060E+01
  4.21963532045373490E-01  2.28739051627341010E+01  9.72055464038560400E+00
  4.11696508529454960E-01  2.63049102178933790E+01  9.83920860133418710E+00
  4.11346310528290360E-01  7.56464868142539350E+00  1.89476994413906820E+01
  6.16837537735261420E-01  7.37142081017526780E+00  1.11853913877450230E+00
  4.83570943621045310E-01  5.17733787456955770E+00  2.59417230933639050E+01
  4.32382463464541460E-01  1.89935883485375250E+01  1.46251074328394390E+01
  5.92513140571182980E-01  2.11679952739896710E+01  1.80129552659873650E+01
  3.55036581058269410E-01  2.50308649769826560E+01  1.09820870295769240E+01
  4.74581552528920360E-01  1.07792279743395780E+00  2.13438754615383280E+01
  3.44905765886116280E-01  3.45671415633413530E+00  1.55015179113766890E+01
  5.96963967672292380E-01  2.73711217274024820E+01  4.22345700892527810E+00
  2.68569610726517900E-01  3.89883935585535790E+00  1.29814842413999080E+01
  5.80290806494985740E-01  2.50850051685762270E+01  4.95574710259747150E+00
  6.25336422111717830E-01  7.62491541301483090E+00  2.27034226355591250E+01
  6.17452885167652710E-01  6.91358219852652490E+00  5.30330794690115680E+00
  3.29506256422424390E-01  4.16678516202253580E+00  2.68585326912355530E+01
  2.58355477869490890E-01  2.71975197354004910E+00  1.19620425525146190E+01
  4.69641390777102340E-01  8.46223364713402940E+00  2.03286942342480760E+01
  3.49095179616795370E-01  2.64025928529846290E+01  2.43101884120224800E+01
  3.27988333844876360E-01  1.39281902228249360E+00  6.45203651983660450E+00
  3.86383264228710210E-01  1.99854555896753150E+01  1.68033033814035060E+01
  4.75543307221801650E-01  1.93657739910115760E+01  2.37796227926910570E+01
  5.07815655211632320E-01  2.34705167104867090E+01  1.97837353669356980E+01
  6.08088426536500660E-01  2.34063686495421450E+01  8.84600897955730760E-01
  3.93024383017402490E-01  2.62684463752323440E+01  1.57234099613887480E+01
  7.48336469443998900E-01  2.12846436283636290E+01  2.87374589170213460E+01
  3.13454063710418570E-01  6.79077600587204790E+00  2.84309481160741240E+01
  4.43133439323318520E-01  1.55412132568771670E+00  1.36035795871711900E+01
  3.62493203924014780E-01  1.79992286932708760E+01  7.93305736147732700E+00
  5.72881440675418570E-01  1.44154709233990360E+01  2.34605218263958970E+01
  3.71299762957800540E-01  1.99134296682179370E+01  3.13527112177486830E+00
  5.13143010843963320E-01  1.00796989945215290E+01  2.61290666177959990E+01
  3.87533216804236250E-01  3.40376603891780900E+00  2.02136994625643920E+01
  3.90540239164096370E-01  2.52138428353283860E+01  2.82752755740528540E+00
  4.11696508529454960E-01  2.80748106809644430E+01  2.32905676044273020E+01
  4.19670751191123690E-01  1.83974398005630690E+00  2.18112715818735770E+01
  5.39922025342825940E-01  2.42769823560726900E+01  2.73534901082712910E+01
  3.73125396709624990E-01  1.44122043860430630E+01  2.89191820482238350E+01
  5.72628172168292430E-01  4.91533647890721870E+00  1.57808199691971770E+00
  5.63660960642019760E-01  1.52758834320274290E+01  2.92790430431758570E+01
  7.54397230300637300E-01  5.30283596563131710E-01  1.53431845164552560E+01
  4.07877171249442140E-01  1.03608131503015330E+01  2.52523481676659860E+01
  4.61178090502161720E-01  1.03384341754691250E+01  6.82620153325232340E+00
  3.50974061745161330E-01  1.77958987132691530E+01  4.41846631566810190E-01
  4.22541054278063120E-01  6.99753796909829880E+00  1.95583722753134560E+01
  3.25036994184950640E-01  2.58805574319318300E+01  1.41108264389397750E+01
  4.96042965314236020E-01  1.76750561830502310E+01  4.79184348672581620E+00
  3.04461637453634990E-01  1.17604352850345620E+01  2.50972586106212210E+01
  4.21290506291976640E-01  2.69916021994254720E+01  8.54181115260871770E+00
  4.26578460793149810E-01  2.73767864815213710E+01  1.68746798746226080E+01
  3.91816801400439550E-01  2.83885230827482080E+01  2.25517091081984200E+01
  5.32262962461145860E-01  2.32552433552122300E-02  9.58244703202070450E+00
  6.07718241283317260E-01  1.25378688560433760E+01  1.86337984918187020E+01
  5.13425754976809310E-01  2.17552842632296760E+01  1.50012992225198370E+01
  5.46829204411607870E-01  1.62286314546108160E+00  8.07541879037906800E+00
  2.99038091422116640E-01  1.35376317011477130E+01  1.20500795101807490E+01
  3.65374026971610010E-01  8.44012473998107820E-01  1.64165380649785750E+01
  3.46733456860136300E-01  7.32984437720928120E+00  4.43472298738015790E+00
  5.01833768532536340E-01  2.92117142514350370E+01  2.15361632811681290E+01
  2.88617724104866640E-01  2.50511363027278830E+01  1.03390234559565220E+01
  3.13454063710418570E-01  1.67574562985911870E+01  2.17517316253607400E+01
  4.43756654693070110E-01  1.90370837473843830E+01  2.05924644299777460E+01
  5.20369884994360540E-01  2.43843699023221880E+01  3.66611027638543650E+00
  7.41720708060832300E-01  2.40061001981545590E+01  1.78167584187813190E+01
  2.99038091422116640E-01  1.67292440930719800E+01  1.42671150295442680E+01
  3.93024383017402490E-01  1.82332128916264760E+01  1.65836391153980070E+01
  2.53364602799301860E-01  1.92631537509628110E+01  1.81518788621801870E+01
  5.48463672908306780E-01  2.37966650086001150E+01  5.46316701197386580E+00
  5.63660960642019760E-01  2.62454779359603200E+01  2.85429528849430480E+01
  4.99487474973056500E-01  1.12217618595080250E+01  5.50850760300941820E+00
  5.32488384254616510E-01  3.08487123723215720E+00  3.89752350908274630E+00
  3.62493203924014780E-01  1.71749511132817540E+01  2.12231421875133180E+01
  3.90540239164096370E-01  2.42897970855408300E+01  8.76233543194603830E+00
  6.25248164210708260E-01  8.65344345152676910E+00  1.30526949407509230E+01
  3.93024383017402490E-01  3.07532776432803300E+00  2.74252690772050260E+01
  2.83517655556827110E-01  8.17375491754039630E+00  1.92813160118377990E+01
  5.16562546778196820E-01  2.41307743985248850E+01  7.12163787889809980E+00
  5.96777348356598920E-01  1.61920735004582240E-01  8.18427682633378060E-02
  3.35017483125717060E-01  1.72194923633918680E+01  1.46689839591742700E+01
  5.69344335137112000E-01  8.98961431548335100E+00  2.09554974257888920E+00
  5.55509338843663690E-01  2.61755638259476730E+01  1.85024859773543400E+01
  4.09775903561979240E-01  2.61292095274310480E+01  1.75391866946663660E+01
  3.20574425314766210E-01  8.73054056160087020E+00  2.37672069644388700E+01
  5.39466591144820300E-01  2.96642053076299950E+00  4.96282507394067270E+00
  5.18725390566230620E-01  6.80725392582676480E+00  3.74530581191845350E+00
  3.62493203924014780E-01  2.14555653354476700E+01  1.41799516541884710E+01
  4.23675716525973380E-01  2.79456615967826710E+01  1.75046238372673240E+01
  4.13050329149462850E-01  2.26669985139595200E+01  1.28685675242423510E+01
  3.01731430220296380E-01  4.94547353658682540E+00  2.45131233213402670E+00
  3.48156346672602490E-01  2.75604359040411710E+01  1.37340166209882670E+01
  6.83531487369900860E-01  1.49289056365468490E+01  2.79996784310475810E+01
  3.27197753470684690E-01  9.96476056220060970E+00  2.45636977665111260E+01
  3.50974061745161330E-01  2.55613127796588170E+01  1.91683242333724880E+01
  5.77649046292645880E-01  2.29872546042159980E+01  1.38049433914964690E+01
  5.13614394364816020E-01  2.46966835001954690E+01  1.22226304128133290E+01
  7.17953871372127320E-01  6.43673981108613980E+00  2.07126786369204120E+00
  3.01731430220296380E-01  8.35487602704001380E+00  2.32731036709930410E+01
  6.14584822297879540E-01  1.50062019658942310E+01  1.01618757942341720E+01
  4.69641390777102340E-01  1.00276736817603460E+01  1.49600073660007920E+01
  4.49154676673646060E-01  2.45747458835221910E+01  2.16411665376279810E+01
  4.82268891960512480E-01  9.54851903293057800E+00  2.77961594752637530E+01
  6.26908127420837150E-01  2.53002868677738460E+01  8.64831065813568320E+00
  2.50971712925384870E-01  1.21765151508233680E+01  3.41378317520779810E+00
  2.62213147743524950E-01  1.28822302913638270E+01  2.40526758914813290E+01
  6.45167794061425240E-01  2.65581706969387030E+01  6.83261502113982560E+00
  5.94931591270377070E-01  9.66133299188917860E-01  2.24063945283786770E+01
  7.68548325332126940E-01  2.58738959507474820E+01  1.17246144916147730E+01
  4.36195486319121350E-01  3.33574092159104430E+00  9.03853859959915160E+00
  5.33066537704075310E-01  2.23901833347257230E+01  2.93296688041041430E+00
  5.62178328188990490E-01  2.07376978979766090E+01  1.54423814290681240E+01
  2.97561439636419770E-01  2.89904510697793580E+01  2.61242248567708760E+01
  4.82771447840326400E-01  1.11064353524244140E+01  1.50789176252991060E+01
  6.61562106526255890E-01  2.34660333083915550E+01  2.16087016981623140E+01
  5.04339573614743570E-01  1.21453894761212180E+00  2.53386505348367310E+01
  3.45648959319623030E-01  2.13113016624824960E+01  1.37291185936206260E-01
  6.95947079841625180E-01  3.07211068658181260E+00  1.01378993545335340E+01
  4.75626642073745920E-01  2.02858313677006930E+00  1.17079167989619990E+00
