1
  1002  2.96924426640336700E+01  2.96924426640336700E+01  1.00000000000000000E+00
        0.00000000000000000E+00  0.00000000000000000E+00  0.00000000000000000E+00
  2.83517655556827110E-01  1.76929909548262250E+01  2.56017864781540500E+01
  5.16562546778196820E-01  7.88641991878231870E+00  2.11143351425524980E+01
  5.96777348356598920E-01  2.38773035771492590E+01  2.78266957340019160E+01
  3.35017483125717060E-01  5.90922408037798520E+00  2.85201179017131810E+01
  5.69344335137112000E-01  1.23718301060483340E+01  2.86818003791808490E+01
  5.55509338843663690E-01  2.89146682335472110E+01  9.80614854593346230E+00
  4.09775903561979240E-01  1.94192971485336800E+01  6.36166580599470420E+00
  3.20574425314766210E-01  1.03220544626495930E+01  9.35557469390354330E+00
  5.39466591144820300E-01  1.41170894404944210E+01  2.43720948688553250E+00
  5.18725390566230620E-01  2.80508335022678960E+01  1.75622596516063330E+01
  3.62493203924014780E-01  1.87295832821715750E+01  1.09486499673068140E+00
  4.23675716525973380E-01  1.12522499936135280E+01  1.76430613385958850E+01
  4.13050329149462850E-01  7.67994941596732610E+00  2.51328185569050330E+01
  3.01731430220296380E-01  8.56703272592684680E+00  2.71762546037415160E+00
  3.48156346672602490E-01  1.77468623409068160E+01  4.70763951276982870E+00
  6.83531487369900860E-01  2.82535895271330590E+01  7.23667821667691060E+00
  3.27197753470684690E-01  1.24703435226073390E+00  1.93821362665578750E+01
  3.50974061745161330E-01  2.66404960476922280E+01  5.66608661412579730E+00
  5.77649046292645880E-01  1.47765621580685580E+01  5.59693503120964130E+00
  5.13614394364816020E-01  7.69529070037040790E+00  1.68670959579857000E+01
  7.17953871372127320E-01  5.64779745945195440E+00  2.96611518754038440E+00
  3.01731430220296380E-01  2.46250917469644010E+01  1.19698168873367990E+01
  6.14584822297879540E-01  2.08470037501280170E+01  2.93743625159322410E+01
  4.69641390777102340E-01  2.89980658506919260E+01  8.11724378364273850E+00
  4.49154676673646060E-01  2.93441390935061510E+01  3.30992983747705210E+00
  4.82268891960512480E-01  5.63976209381390350E+00  2.11842753862950380E+01
  6.26908127420837150E-01  2.80753061974264850E+01  2.51606144047436370E+01
  2.50971712925384870E-01  2.63709977872183930E+01  5.13228205193559360E+00
  2.62213147743524950E-01  5.77273323042226410E+00  1.22355206138764640E+01
  6.45167794061425240E-01  1.89141487422608920E+01  2.09510969974057840E+01
  5.94931591270377070E-01  2.06330340724009530E+01  3.65088414630290050E+00
  7.68548325332126940E-01  7.92395576972104990E+00  2.30910455540715240E+01
  4.36195486319121350E-01  2.29181198089011810E+00  1.81299996603365660E+01
  5.33066537704075310E-01  2.79309558339150460E+01  2.03722473715496480E+01
  5.62178328188990490E-01  1.42467696923333320E+01  1.14834110345745370E+01
  2.97561439636419770E-01  2.29854495353357850E+01  2.50841768461305110E+01
  4.82771447840326400E-01  1.49824240055274460E+00  1.54011953351582380E+01
  6.61562106526255890E-01  1.59595661765401080E-01  1.25710039702473750E+01
  5.04339573614743570E-01  1.93336808788913640E+01  2.86494851940484660E+01
  3.45648959319623030E-01  2.71997543026574990E+01  1.74189493427881490E+01
  6.95947079841625180E-01  2.43978012256522890E+00  1.46953010556532660E+01
  4.75626642073745920E-01  2.62636447541629390E+01  8.84386926358198440E-01
  2.57534358191145160E-01  1.69272247720750220E+01  2.10532125560865670E+01
  6.30423428531534040E-01  1.67089989906379910E+01  8.37764993800679920E+00
  3.25516939164680520E-01  1.64335404043154510E+01  2.07469675871103940E+01
  3.14110289759674140E-01  2.35671627720628330E+01  1.38957748600674510E+01
  3.99477862283745790E-01  2.48944995026440630E+01  1.91379111914050240E+01
  6.47236078597052340E-01  2.55781914435738930E+01  1.54277009780096020E+01
  5.28731261397185740E-01  2.03123369617705580E+01  2.83213250311037680E+01
  4.43807889241729470E-01  1.22636844357450490E+01  2.48579344400228660E+01
  4.82268891960512480E-01  2.16708635620211180E+01  3.93632594427020080E+00
  4.30858982518450690E-01  2.78222399940658360E+01  1.21460565593119900E+01
  4.18947112612636110E-01  4.61459741194143900E-01  7.06201512120885510E-01
  3.50662231740508900E-01  2.14277670700916720E+01  3.14024494247119450E+00
  2.85767805251094040E-01  1.30794474679159940E+01  2.12040473558359320E+01
  3.45648959319623030E-01  1.39700999231664390E+01  2.24085327105318160E+01
  3.45648959319623030E-01  8.91529389209872210E+00  2.11229202804688900E+01
  6.42005949159872720E-01  2.24257996385986580E+01  7.50574941681381350E+00
  2.74003615458356760E-01  2.41055934813748430E+00  2.29967333608194160E+01
  3.87653287431749970E-01  1.30637306981032420E+01  1.62216607966198470E+01
  4.18948713530687210E-01  1.34046596515169780E+01  9.89936188570731090E+00
  4.53451232343747090E-01  7.73296137360231660E+00  2.66741222011876250E+01
  4.21603844523193420E-01  2.83685299022439920E+01  1.32763486194253930E+01
  2.62213147743524950E-01  1.28773168026896980E+01  1.37076594286402680E+01
  6.94903868090152520E-01  2.81983587478633520E+00  6.98464729057506250E+00
  6.31563936872940970E-01  1.39645875544473390E+01  6.48866482881707360E+00
  7.01778375544082420E-01  1.80057003808199860E+00  2.62084970728208690E+01
  3.46434506905438330E-01  1.92326000657800480E+01  1.09254350796542350E+01
  3.50662231740508900E-01  3.22890477384159790E+00  1.40103914362919010E+01
  3.01799748246536660E-01  2.41320000744802710E+01  2.56929556720029420E+00
  4.41298336829792340E-01  1.92130803285141740E+01  2.64518688707972740E+01
  3.39481361119070080E-01  7.67419033818068460E+00  2.02853023591561620E+01
  3.83181557852844270E-01  7.63328957544937300E+00  2.19771444651809770E+01
  6.75156127532392600E-01  4.52831629457877760E+00  1.71963052294131200E+01
  2.73281005279713530E-01  2.08653525924756380E+01  2.49920140699129940E+01
  6.65634982039605120E-01  2.77450799232704850E+01  1.41718172075562450E+01
  2.54824432159977790E-01  6.30359075052025200E+00  1.73742197023606730E+01
  2.84029264846615530E-01  1.31426022081445200E+01  1.32302523915406830E+01
  4.62836237406567810E-01  2.94554713883889510E+01  2.53241716288959180E+01
  3.33973424357718240E-01  2.26522215102439080E+00  1.23305699079017350E+01
  4.91872428060923640E-01  2.94294917657086400E+01  2.71321051208855800E+01
  5.52490392167627680E-01  1.85274465316914600E+01  2.55513033579818370E+01
  5.39466591144820300E-01  2.98654737890025680E+00  2.49261666615628170E+01
  5.65219172841477580E-01  2.48454595591704360E+01  1.76671557805682650E+01
  3.53776024442120150E-01  2.14665829586116250E+01  1.04166858071540160E+01
  5.54611473665029210E-01  5.15561921353161170E+00  1.39253713925755860E+01
  4.81368497469048420E-01  2.54142294611658530E+01  9.55193652355692540E+00
  2.84672167568555990E-01  2.71675439003008070E+01  2.50847073704811690E+01
  3.06898385793053400E-01  2.32119161480984320E+01  2.35114149434997980E+01
  4.49954956992444630E-01  8.28956184219778610E+00  4.07630116836097760E+00
  5.88686278844574580E-01  1.11518956929657410E+01  1.00959640954142640E+01
  4.36315933331792570E-01  1.73116225308790770E+01  9.38586554078327850E+00
  5.46155746035104350E-01  1.29991412673626720E+01  2.66976021101302620E+01
  4.11346310528290360E-01  1.61080549479056680E+01  1.01971440906213480E+01
  7.44650008855257360E-01  2.26359543462134840E+01  4.69191708110441660E+00
  4.68162992243922280E-01  1.23852748272251640E+01  2.62422635056545060E-02
  7.11073931023246340E-01  6.67470743887288890E+00  2.05944277649025690E+01
  3.02034441597155470E-01  1.87260712692148030E+01  5.75644820708613030E+00
  5.12509616084684260E-01  2.83379237294562040E+01  2.40524469506468780E+01
  3.40422717275118370E-01  3.51644530720857550E+00  1.72677214282101270E+01
  6.65634982039605120E-01  2.35652549225012610E+01  1.16586799675358230E+01
  3.75295693565172690E-01  1.15269487765410060E+00  2.96532384103911180E+01
  4.75626642073745920E-01  2.82297886865808610E+01  1.85400409349518650E+01
  4.72038094207023740E-01  5.08096977054407880E+00  1.01708653450403710E+01
  4.29902962432020440E-01  1.20735910250911210E+01  2.70051642439877320E+01
  5.68910711623079470E-01  1.02342496006506670E+01  4.15944230548696670E+00
  3.07263188066738420E-01  2.62775481844568080E+01  2.90732406785198660E+01
  6.10911033360540580E-01  1.50936626254636370E+01  2.18725263100527590E+01
  3.43353541919950760E-01  2.33277756672014820E+01  1.26390374501687150E+01
  3.15231116497538320E-01  4.62954801820517580E-01  2.96676460010998890E+01
  3.78068289465320630E-01  1.05470017937356190E+01  1.21973034430064670E+01
  2.54824432159977790E-01  2.07468334717718950E+00  2.11267101353429110E+01
  5.44558358435121190E-01  2.09822203080629310E+01  2.09721833117049780E+01
  3.56000803327192820E-01  3.81950290794102050E+00  2.54242127351795410E+01
  3.13454063710418570E-01  7.28202807721704290E+00  1.08398916657816360E+00
  6.12591031919131530E-01  1.75106959227095730E+01  7.43034678540586760E+00
  6.47236078597052340E-01  9.78316668168348260E+00  7.68381385160824950E+00
  2.65726189967390210E-01  2.76445182504611320E+01  2.20140318201575270E+01
  2.96653470797716330E-01  2.25720848863241310E+01  2.11884551979609200E+01
  3.45648959319623030E-01  2.97822981737032290E+00  2.32446887643336700E+01
  3.13454063710418570E-01  6.57893693296901990E+00  1.31087932212925620E+01
  3.39073066583844400E-01  2.68727425405397580E+01  1.42156986868099440E+00
  2.96256570285591500E-01  1.13481811986166040E+01  1.09579117299434030E+01
  4.19081387041561550E-01  9.37926165300386390E+00  1.84739222669918240E+01
  7.08391389715138510E-01  2.20271682782821410E+00  2.39566326309008630E+01
  7.16035261746952050E-01  1.15021340100681010E+01  2.29349367559499560E+01
  4.43133439323318520E-01  2.06709414459547460E+01  1.04484058979184200E+01
  2.73281005279713530E-01  2.59714824077120100E+01  1.57325210879586470E+00
  3.35017483125717060E-01  2.71205208368224290E+01  3.07230946658695410E+00
  5.09222041678605210E-01  1.61817947339770460E+01  1.99525703915596250E+01
  4.27719079604653450E-01  6.09379841085991460E+00  1.42122924449947660E+01
  5.81299825206354370E-01  2.92603407549319990E+01  2.96371882210411000E+01
  5.46155746035104350E-01  7.77833959354450680E+00  1.58114395611085980E+01
  3.05466220251299840E-01  1.33197718218584120E+01  1.95272817885742640E+01
  3.11838068626578210E-01  1.25978550846290410E+01  1.50351295785962640E+01
  6.27423008989955560E-01  9.75981201116588440E+00  2.03499911842935680E+01
  7.12424816007452400E-01  4.24130111559414400E+00  3.22250368256242310E+00
  4.41140732643827070E-01  9.20840825738029340E-01  2.20922837198471700E+01
  3.80273533482480450E-01  7.38392934368533280E+00  5.24384133018146860E+00
  3.29796701345061780E-01  1.51991711885879700E+01  3.82831219998649970E+00
  4.15252526658189590E-01  1.86409989588650370E+01  3.20522313524707240E+00
  2.59062449636064510E-01  2.74609707133761130E+01  1.51753616760693520E+00
  6.18419083689772810E-01  1.51905415680175150E+01  1.53506610122541360E+01
  5.04213456464067280E-01  1.40520514560040160E+01  2.89819787853102860E+01
  3.48156346672602490E-01  2.50040031268070600E+01  5.13100403246297530E+00
  2.89042915761794110E-01  7.45501510920227520E+00  2.40385393296395730E+01
  3.05466220251299840E-01  2.11658155934186140E+01  2.01443570536812440E+01
  6.49919166153384610E-01  1.37615953697925700E+01  1.70743235764938460E+01
  6.14379095469630790E-01  2.68114657197284670E+01  2.01222097010767060E+01
  7.00411917450214720E-01  7.14911966763599870E-01  2.87439923306355640E+00
  5.69344335137112000E-01  1.13927933668826480E+01  1.26214134981877170E+01
  2.57564851167384970E-01  1.20294384873104980E+01  1.50034116367534110E+01
  4.13050329149462850E-01  8.45725954364173300E+00  8.90498406541351170E+00
  6.18419083689772810E-01  2.72343360144751970E+01  6.42808919649462580E+00
  4.26523982883737140E-01  1.69445366103499070E+01  1.03653296212549490E+01
  3.78209123272245940E-01  1.15509487256352670E+01  2.63894241014847100E+01
  2.63055759251188670E-01  2.54293792363909080E+01  2.90753704700670850E+01
  5.00274833943758600E-01  1.16964902991995940E+01  2.78539734424400330E+01
  6.01687927537542500E-01  1.00485938801778150E+01  2.31728559077178460E+01
  4.86073626967704090E-01  1.86133840685821850E+01  1.55006457416152230E+01
  7.62474117278193650E-01  8.77969045048840440E+00  1.12829363095564440E+01
  4.87886881528419990E-01  2.76710428106387130E+01  1.93281256746375870E+01
  2.99038091422116640E-01  1.69279900759285090E+01  2.03683642892983410E+01
  3.50974061745161330E-01  1.55372914394335100E+01  2.88849255169462220E+01
  6.10572080928614460E-01  2.34893270400586080E+01  9.20065047881792000E+00
  3.01731430220296380E-01  1.42456135438833250E+01  2.37477252545569830E+01
  2.59062449636064510E-01  2.41210526187583230E+01  2.53868969477991120E+01
  6.99477888048091770E-01  2.56649489393347670E+01  7.41285100553263470E+00
  4.41666133880560000E-01  1.19638865384787160E+01  2.13168525892847360E+01
  6.86210935380316480E-01  1.81515888255712100E+01  2.85117305720037140E+01
  5.27425300578987690E-01  1.53989087829424740E+01  1.08100301518461190E+01
  7.54505484792745040E-01  1.35562113317282920E+01  1.44642650861583530E+01
  4.11696508529454960E-01  1.65918454372697250E+01  1.84116218510385820E+01
  6.26517897412854200E-01  4.60593869072485520E+00  8.35470505953550810E+00
  5.72142532162989690E-01  3.36788421633611800E+00  1.88348101886847060E+01
  3.47451934045076260E-01  3.84768265969868430E+00  2.47215293053697960E+01
  2.57564851167384970E-01  1.49207708031558520E+01  2.03801648305334310E+01
  5.33859136323620030E-01  4.42001026269847410E+00  1.84386746977493630E+01
  2.69169509893181310E-01  7.48926426088833000E-01  1.53643691636034470E+01
  4.24351701398837560E-01  1.08204818057524750E+01  7.95122895341583290E+00
  3.11762329988951370E-01  1.36846166662269740E+01  1.22973472249880090E+01
  3.50974061745161330E-01  4.76343245466227570E+00  1.52676470821612470E+01
  2.66929568161810020E-01  2.44674297615720600E+01  1.14244636917084180E+01
  7.20816873845379820E-01  2.33477467329370080E+01  5.43193416829115710E-01
  4.22201084465533680E-01  5.10200123425028270E+00  9.27721407544479430E+00
  3.09209541844886400E-01  1.24964406994900280E+01  2.81205505226735400E+00
  2.62213147743524950E-01  1.73944445119056750E+01  4.20748335537557950E+00
  7.60411681679863700E-01  1.66937759466624200E+01  2.52996359410283280E+01
  6.67521681419926690E-01  1.83399960172875430E+01  1.97706566890661080E+01
  4.37954134865551840E-01  1.27660908418682820E+01  2.00220667302859460E+01
  7.16654247500547470E-01  1.24091917032916720E+01  1.04426786872521050E+01
  7.12424816007452400E-01  1.17390418454103140E+01  7.28374804189629100E+00
  3.61198882346046800E-01  1.25760916316526870E+01  2.07979390527997230E+01
  3.82245446386266610E-01  2.03762031036328710E+01  1.43538079907986180E+01
  3.58737518624021320E-01  2.21395270153398120E+01  1.63336331849514700E+01
  5.81547682683179710E-01  2.47511631376177840E+01  2.48309079188705440E+01
  4.21963532045373490E-01  2.17336602334505220E+01  1.56673897859391590E+01
  3.12648490279368120E-01  2.15258094200950260E+01  6.18061280264189780E+00
  3.25036994184950640E-01  2.12643006064502740E+01  2.45348928105757980E+01
  3.83290088603488770E-01  7.15352314858676760E+00  1.35005009688798230E+01
  2.93443024193560210E-01  1.88996124888226580E+01  1.62251544733640860E+01
  2.66929568161810020E-01  8.44102451667566280E+00  1.12963742871300490E+00
  2.99038091422116640E-01  1.94887538941339930E+01  2.17022145978934730E+01
  6.00040109246873770E-01  4.06603496261802900E+00  5.32710718394317870E+00
  7.14535578675763720E-01  2.60175984257749490E+01  2.51018520332621440E+01
  3.06898385793053400E-01  2.44604905530508250E+01  2.18151098955759720E+01
  3.45648959319623030E-01  8.52087553696942020E+00  6.52761294161641460E+00
  3.87046365911375680E-01  1.33445367718934470E+00  1.03197376753162010E+01
  6.56539952722306990E-01  2.07400506393431210E+01  2.40638533243729790E+00
  5.07436062422724900E-01  1.61783117911153960E-01  1.48579038768105160E+01
  7.39270392714900380E-01  8.70660982945049080E+00  2.73580828145399760E+01
  5.38024295323284910E-01  2.90868735384235680E+01  2.22679028046905610E+01
  7.33199636544987770E-01  2.82078215651883290E+01  2.70444264581986040E+01
  6.31923671661538840E-01  2.77664542146058790E+01  2.35282551510311010E+00
  5.72951670348821020E-01  5.30517036226334150E+00  7.38109038295549260E+00
  6.40456937776772590E-01  1.02826320957370870E+01  1.59078972208517300E+01
  4.77241894706072770E-01  1.51917480493405210E+00  2.01546829426255640E+00
  7.64764367446448820E-01  2.35228487715054620E+01  1.78005315405420350E+01
  7.16535845940979770E-01  3.45291638092052140E+00  1.08553738806711660E+00
  3.10705613459761840E-01  2.40188526451616330E+01  2.13842147865660910E+01
  3.89901968262705180E-01  5.94395656933737550E+00  1.34086150129246510E+01
  7.15011499502423580E-01  2.09725070988213500E+01  9.33080507098740420E+00
  7.60297905848187840E-01  1.96077978547600150E+01  9.88555392599294260E+00
  2.65726189967390210E-01  1.79896383698419560E+01  9.20723895856472300E+00
  4.53492046339069340E-01  6.26489762859472150E+00  4.68755399635699810E+00
  5.18725390566230620E-01  2.74636288095487690E+01  1.30233636680828050E+01
  4.24020504903543660E-01  1.61152500123386600E+01  1.48717577940280240E+01
  5.17634268500846420E-01  1.44054785499151560E+01  1.27071753427903110E+01
  4.54567147313974470E-01  1.42599078916851760E+01  1.86076533373576110E+01
  3.65965634987757580E-01  4.08848341432807240E+00  1.55065928155565600E+01
  2.96256570285591500E-01  1.95808316192399770E+01  7.67252033213198810E+00
  5.50543265074639000E-01  2.14252702813532740E+01  8.15134126437635590E+00
  4.46540105696671490E-01  1.34728193012532170E+01  2.05509830060186470E+01
  6.47236078597052340E-01  1.02805764573204110E+01  1.71947111973562310E+01
  4.82769235883485770E-01  4.83827790798797960E+00  2.32084480447187360E+01
  2.97529618718302210E-01  1.36863086379318700E+00  2.53082013967838790E+01
  4.13811620468168510E-01  1.99757783614500540E+01  2.29582302749260860E-01
  4.87785457169642190E-01  2.18212232697038080E+01  2.73035139993521630E+01
  3.41778742319800830E-01  9.99692495545861880E-01  7.91479617091232250E+00
  4.05793634226126800E-01  3.11258915883585010E+00  1.78940893995272390E+01
  7.14516279726398110E-01  1.29784165855972550E+01  1.91060424032164670E+00
  3.71799304162545760E-01  2.55842598313957020E+01  3.67243969154514760E+00
  5.77820253962530560E-01  2.01608307527592490E+01  7.01095438966293120E+00
  4.75626642073745920E-01  2.54109630764566960E+01  2.40054939081988720E+01
  5.46562010559427060E-01  1.78502607404677210E+01  2.64168208002196180E+01
  3.29506256422424390E-01  2.41352940646634200E-01  2.24533128848090510E+01
  2.62213147743524950E-01  7.72382308414234500E+00  1.37983003872661720E+01
  3.63105686475124490E-01  4.92390665625550380E+00  1.09904914847009780E+01
  7.08391389715138510E-01  3.47773542018741380E-01  4.23291463247480060E+00
  4.26578460793149810E-01  9.37927867204193080E+00  4.61723356112340610E-01
  6.08873319065221350E-01  2.36489900854095180E+00  2.81172508075554250E+01
  5.39466591144820300E-01  6.94017505319914730E+00  9.22059620360521140E+00
  4.66553963192992600E-01  1.75025269092898840E+01  1.11726434746062220E+01
  4.82771447840326400E-01  1.05973028138129400E+01  1.85457133067465350E+00
  5.13004586318856950E-01  6.36688536897527690E+00  1.56183181327396740E+01
  3.17084428049163950E-01  1.27845917456825370E+01  7.44856395514815000E+00
  3.50974061745161330E-01  1.19421753438867610E+01  2.04582233152467980E+01
  3.82382183723224410E-01  9.45248770042656440E+00  1.65870378452401330E+01
  3.77759649416993960E-01  8.15737936559058420E+00  1.03279690786934530E+01
  5.74203886104520670E-01  2.12499582838116300E+01  2.33618412711389070E+01
  4.11346310528290360E-01  4.05036379472776800E-02  1.76613213378229580E+01
  5.06367095649294540E-01  1.59406433634337810E+01  3.44537968932908930E+00
  6.01687927537542500E-01  2.66016278862868170E+01  8.31450090962074740E+00
  2.49794182180603610E-01  1.89400052675805600E+01  2.80081259154204330E+01
  6.11481049571092420E-01  1.87179165111570920E+01  1.71111295883524120E+01
  5.03927515451986880E-01  2.64858157143477580E+01  1.90532413140148830E+01
  6.35485889077753010E-01  2.65295619193143080E+01  9.54715005302115390E+00
  2.99038091422116640E-01  2.85976251701648220E+01  2.77004168255255180E+00
  4.22541054278063120E-01  1.69524489357220350E+01  6.56166250441052950E+00
  3.05466220251299840E-01  1.52133129116453980E+01  4.02058700785340670E-01
  2.62213147743524950E-01  2.51689739249221180E+00  2.55704389479560130E+01
  3.61769499680632390E-01  2.68529787868321750E+01  1.36582188083718120E+01
  2.47647088603063280E-01  2.47792263844379440E+01  1.58941318746480530E+01
  3.11155895623034430E-01  4.00835412562583300E+00  2.96724806721361990E+01
  2.66929568161810020E-01  1.68218044950982030E+00  1.24660085208687830E+01
  6.90395435464654740E-01  2.44536702340008780E+01  2.04833368183922280E+01
  2.96503602823160150E-01  6.09820588628216780E+00  3.95650133226845710E+00
  6.57722721512726150E-01  6.49157829606896720E+00  5.77396761867847360E+00
  7.24777883420223110E-01  1.51058208903465690E+01  7.21958238706708140E+00
  5.48279863025970290E-01  4.39722747871977320E+00  2.78527322214180690E+01
  6.40748513009616880E-01  3.75602032468324460E+00  2.68532798564514400E+01
  2.56092450391898300E-01  2.80254013819224280E+01  1.50488826787995060E+01
  7.17499092254363010E-01  1.63177553182072190E+01  1.60668077045283830E+01
  4.66141488621800890E-01  2.43040412721462930E+01  1.36417912385469580E+01
  6.33759023001558490E-01  5.47977685124135230E+00  2.57685445224750220E+01
  5.48279863025970290E-01  2.54317355416290300E+00  1.96397677126767650E+00
  4.19081387041561550E-01  1.19053548966614700E+01  9.42673924475098880E+00
  5.70902198024309190E-01  2.38649013234929800E+01  2.40963542840814430E+01
  3.17950877609215300E-01  2.41921358146492430E+00  1.10719209032023390E+00
  5.96963967672292380E-01  2.34001903076779140E+01  2.89200206373350710E+01
  6.18832453479690690E-01  1.36216486443070600E+01  5.28680522460265130E+00
  2.63339374245984010E-01  7.40386751064458260E+00  5.88677133223245890E+00
  3.55036581058269410E-01  2.27975032576307020E+01  6.58077024957107250E+00
  5.84913004272127690E-01  1.31029274800054200E+00  1.84743933844588640E+01
  5.77235448209733180E-01  1.46870622883000430E+01  2.29885468451878130E+01
  5.01105313190319460E-01  2.64882854541583690E+01  3.62906422279767330E+00
  3.83598938984435380E-01  7.49230123531627700E+00  9.95786766345464610E+00
  5.98360795606824340E-01  2.40466954633923680E+01  1.46712968586504180E+01
  3.41778742319800830E-01  2.89981015766627830E+00  2.73326212885057340E+01
  3.29796701345061780E-01  2.78801461089005500E+00  2.66334423128689370E+01
  3.84420431658369740E-01  2.55617748548724250E+01  2.70805206917875270E+01
  4.91872428060923640E-01  1.40861373010950200E+01  2.79883828226334610E+01
  2.93443024193560210E-01  1.83527126801272330E+01  1.33218607968551480E+01
  5.81299825206354370E-01  8.73374836255921320E+00  1.26256872738370320E+01
  5.68243553274813350E-01  4.07008743465244030E+00  1.36455107019395780E+01
  5.39001667068871980E-01  7.15268607248579610E-01  2.68085734676278560E+01
  7.01587183784351610E-01  2.46157394514347350E+01  2.95925747104589940E+01
  4.45239477383046460E-01  4.75386418303599890E+00  2.95479160014280350E+01
  5.39001667068871980E-01  2.56697923379471110E+01  2.03036109181554640E+01
  2.86134314477376340E-01  1.30569889850835850E+01  2.48845499701449600E+01
  7.70254277643880240E-01  1.54474495664020620E+01  1.89059234935618540E+01
  3.45648959319623030E-01  1.32568850882134530E+00  1.10523806979768790E+01
  3.39481361119070080E-01  2.87552458962142340E+01  1.06864286620375530E+01
  3.04461637453634990E-01  1.55064360491545530E+01  2.81901088693352090E+01
  5.20369884994360540E-01  1.53478192719579540E+01  1.31419891497322180E+01
  2.65726189967390210E-01  8.33913387501565140E-01  1.98061526862241200E+01
  6.26908127420837150E-01  1.71010615366555750E+01  1.72787292865345780E+00
  3.48480710258510130E-01  1.52442723683051900E+01  2.37354830360304800E+01
  2.96653470797716330E-01  2.94456591066662270E+01  1.94745237850416010E+01
  6.31923671661538840E-01  1.49101890744875490E+00  9.08904551696840810E-01
  4.09705559579089850E-01  3.45891143015479410E+00  1.28833825138072180E+01
  6.72499163702481620E-01  2.47385241790915450E+01  2.60840582262391680E+01
  2.84029264846615530E-01  2.65781130888104830E+01  7.04759071652127030E+00
  5.34631033075580400E-01  9.57488921124392080E+00  1.33574966368149020E+01
  6.17076625982510940E-01  1.13878209751515480E+01  2.42607413825789350E+01
  6.55074006360275090E-01  2.02862961822915080E+01  1.86680729460689140E+01
  5.46562010559427060E-01  8.56054027416834270E+00  2.19411321654304070E+01
  5.17626013175185660E-01  2.49171295918292370E+01  4.25758144198817150E+00
  5.82207618145930890E-01  3.42349128507141740E+00  8.10876025782985720E+00
  5.98268629341587580E-01  1.70452319522183480E+01  5.04354667844245870E-01
  5.34553382826858140E-01  9.12082297622492890E+00  1.57340913432002620E+01
  3.76753951196820710E-01  1.58991068013941380E+00  1.17247294249116650E+01
  7.52518120402026810E-01  7.18600406565424700E+00  1.46562875657504110E+01
  4.81368497469048420E-01  1.85549041780421430E+01  4.89409445190585400E+00
  6.47413426355271770E-01  1.40051396318142240E+01  1.57921295233010750E+01
  3.05466220251299840E-01  5.85063259523269790E+00  2.66439002150581990E+01
  4.46689977500956030E-01  1.37625050121015740E+01  2.50812201545662140E+01
  6.18566685513849460E-01  1.70618509667904870E+01  5.38834126318767570E+00
  5.36592099856838090E-01  1.73869107459315370E+01  2.85499373100727730E+00
  5.09574347305064630E-01  1.81526213198822650E+01  1.18995191547613110E+01
  4.92328788949218680E-01  2.58131089838020960E+01  3.03441628208460660E-02
  4.83351594707823830E-01  2.61373259174096550E+01  6.32986451330969400E+00
  4.40650972415989980E-01  5.64291437860755530E+00  1.71603550062284320E+01
  6.10911033360540580E-01  2.59873772997817600E+00  1.70198722242258570E+01
  4.34172467284937990E-01  1.43846172608723930E+01  6.97666563664727950E-01
  7.03188417218805210E-01  2.06410239330304620E+00  2.20833895607515270E+01
  2.92799561075502800E-01  2.07705972338169540E+01  2.65723074985296250E+01
  5.68243553274813350E-01  4.17490914698793690E+00  7.24075444254464530E+00
  4.60682082706054620E-01  1.68964159576338120E+00  2.90134120126825790E+01
  6.41715074739605920E-01  2.53435427891049830E+01  2.14695430578608540E+01
  4.55206736325743130E-01  2.43940521940180370E+01  1.07683825841694000E+00
  4.22201084465533680E-01  2.12454037521159760E+01  1.22345512880392600E+01
  3.63079661055833470E-01  1.34586564145035370E+01  1.06941596464821060E+01
  2.63055759251188670E-01  2.76268614458691670E+01  7.94507166951557590E+00
  5.32877675645020420E-01  2.32330482729550420E+01  2.16888095644931230E+01
  5.77235448209733180E-01  1.85949422620894570E+01  2.72583705937798440E+01
  4.09775903561979240E-01  2.14136809690359090E+01  5.35175856969480890E-01
  6.93187364831086050E-01  2.23578100764197000E+01  1.22787251462704510E+01
  4.30054269381220950E-01  1.31693948157837400E+01  2.92833199297503410E+01
  5.07436062422724900E-01  1.10837528047022380E+01  9.00332929285514010E+00
  2.49948351789403130E-01  9.15552420026584990E+00  1.97133000335258720E+01
  3.16022212934137680E-01  1.90389146347890940E+00  1.07291104069270130E+01
  4.72818350263822220E-01  2.83400951439483820E+01  4.57570433196461850E-01
  4.46689977500956030E-01  9.69765727928363570E+00  1.92784486434250510E+01
  4.74581552528920360E-01  1.36262705914139080E+01  9.03479514401583120E+00
  4.86590143357422540E-01  2.42358294606580990E+01  5.46294328664160570E+00
  2.73281005279713530E-01  2.15682412178729240E+01  5.59674563562044370E+00
  5.20515140446715560E-01  2.02383492478760870E+01  8.33728691467444170E+00
  4.13811620468168510E-01  1.63212205335363800E+01  1.09931732095239010E+01
  3.81419328643079860E-01  4.23412699608510670E+00  1.12696451155620210E+01
  4.05593309893122810E-01  1.19885901852775070E+01  1.97004157422968970E+01
  5.85380732291966590E-01  1.26399228519908500E+01  1.89539041493188980E+01
  4.06599624824484800E-01  8.84825288929149250E+00  9.85213953080578970E+00
  6.40456937776772590E-01  2.92005225379820810E+01  1.16363268190816530E+00
  4.75626642073745920E-01  1.04812111824451970E+01  5.91773220325267340E+00
  5.09222041678605210E-01  2.09710930233577280E+01  2.57730276667352210E+01
  5.77820253962530560E-01  2.18501785817507180E+01  2.16801520803959810E+01
  3.80273533482480450E-01  2.14408566760733060E+01  2.65255952521583290E+01
  5.01406606281285510E-01  2.32876711200327660E+01  5.77597581010891230E+00
  3.59079136884617700E-01  2.31636546768238600E+01  1.88628889672720810E+01
  5.94092381958372510E-01  2.35818003244760490E+01  1.04013121706006030E+01
  2.54611020839302520E-01  1.41669347861645270E+01  2.06427488844263960E+01
  4.99223721401470310E-01  1.02615056539224390E+01  2.48736515426318940E+01
  2.54611020839302520E-01  1.28903661683322230E+01  1.68393566823499410E+01
  3.20574425314766210E-01  2.64891542608986010E+01  2.84827653959935740E+01
  2.85767805251094040E-01  2.95596596649424370E+01  2.29406810649575410E+01
  2.54611020839302520E-01  1.45571583740501430E+01  1.43583881774769310E+00
  4.12246671516209600E-01  1.12602261832198460E+01  2.08343270379794100E+01
  4.41298336829792340E-01  1.64354739025228900E+01  9.41223179361650080E+00
  7.09985914168247060E-01  1.84208170852740490E+01  1.43209920590418120E+01
  6.80956647410425740E-01  2.20145994483455500E+01  2.52048687957739050E+01
  4.75338540515479570E-01  1.25853699225114040E+01  2.34266277563456490E+01
  7.49588614928249000E-01  2.91230968968244890E+00  4.62985607207766400E+00
  4.74033319401206570E-01  2.28980396973982580E-01  5.40540878145988570E+00
  5.20515140446715560E-01  6.65123358532707610E+00  2.71406713440458280E+01
  5.48131117613959250E-01  9.11389614092280100E+00  1.74535454555166220E+01
  3.46733456860136300E-01  1.64499297001917280E+01  2.78646333371632620E+01
  6.97384645011991290E-01  7.93260370587807100E+00  3.11281538930948900E-01
  3.78209123272245940E-01  2.51730729007218240E+01  2.31858419046325570E+01
  3.82382183723224410E-01  2.41607719672645620E+01  7.47516131875598070E+00
  4.46537248270915300E-01  7.76491195277914240E+00  2.32327298409866720E+00
  6.08690451339190200E-01  1.32801352981652380E+01  6.23578421443600740E-01
  2.59062449636064510E-01  2.50783900630050280E+01  1.97691186209257880E+01
  4.43756654693070110E-01  5.32760862667491870E+00  1.16885062522514770E+01
  3.18942867500738640E-01  1.14881764216595390E+01  8.28337854016066540E+00
  7.16535845940979770E-01  2.90160964945024450E+01  1.67925310586109620E+01
  4.62836237406567810E-01  3.57049876136936240E+00  2.25819201053380780E+00
  6.97384645011991290E-01  1.77166185029681920E+01  1.62708024488058420E+01
  2.47647088603063280E-01  1.33367096060726100E+01  1.27353329806867330E+01
  4.05793634226126800E-01  1.33164539330453740E+01  2.84473588001259190E+01
  5.37364664263313330E-01  2.26914361755898670E+01  1.56283064823265540E+01
  5.72881440675418570E-01  1.59914271113940140E+01  2.96884178948063490E+01
  5.04213456464067280E-01  2.22884580086940400E+01  5.88931139077625950E+00
  3.86557871019070410E-01  1.28304775816584870E+01  2.42518520564425590E+01
  5.62178328188990490E-01  1.23062271492161760E+00  1.31598257130246490E+01
  6.41715074739605920E-01  2.64944424704983700E+01  2.32358768249804190E+00
  4.54567147313974470E-01  1.41891505310245470E+01  3.47559426121327950E+00
  3.97011970696729720E-01  1.51124630216590620E+01  1.09601524022350880E+00
  3.99477862283745790E-01  1.77616291576966500E+01  2.48525922614292230E+01
  5.15931587153482510E-01  2.56924671717305220E+00  1.58965943103559990E+01
  5.98026541173087530E-01  3.59342362059816440E+00  1.63329498148675260E+01
  5.94917806945655060E-01  2.50761442447335980E+01  6.14264430151192010E+00
  3.86557871019070410E-01  1.03032913276065280E+01  8.57434832922653630E+00
  5.52347772924787250E-01  9.18019182870088280E+00  4.53330669907369900E+00
  4.05793634226126800E-01  2.67327303828311860E+01  1.45181620790951340E+01
  4.66753989857397040E-01  8.56077370468713110E+00  7.37923488885626000E+00
  6.77666041374141330E-01  7.39652140941100010E+00  1.93084443110869370E+01
  3.23306573977224420E-01  1.22420709938682360E+01  2.62717366522084530E+01
  6.88340418185590860E-01  2.80305764020979280E+01  2.28878781918968630E+01
  4.11696508529454960E-01  3.32541804304339990E+00  1.53595849402517770E+01
  4.03052389307286420E-01  1.68013124966094020E+01  3.73380505403586580E+00
  2.97529618718302210E-01  3.86510745531164300E+00  2.18598565332958860E+01
  3.13090147150790890E-01  2.72511312673427640E+01  1.50159339829966460E+01
  5.01435669612667030E-01  8.93247961798547150E+00  2.93431495819574980E+01
  5.26482748420329030E-01  1.11026975039298910E+01  2.17588098165777030E+01
  6.75156127532392600E-01  2.85857426953213110E+00  3.14537579197721320E+00
  7.20816873845379820E-01  1.58263153090637090E+01  4.67093152717624260E+00
  5.30006102735105960E-01  6.63650127765129220E-01  2.57404692588981660E+01
  3.43353541919950760E-01  1.36912628531319880E+01  2.72541067527890170E+01
  5.32877675645020420E-01  9.05944000135033000E+00  2.37256800200204480E+01
  6.44956217916396120E-01  2.38424201665311450E+01  1.58942809509508650E+01
  3.55036581058269410E-01  1.00783741482614050E+01  3.24976419236859120E+00
  4.30054269381220950E-01  1.09182539310563540E+01  3.43435246763245590E+00
  4.93734512940847830E-01  1.81884436670068260E+01  3.99191416383978250E+00
  3.42409596243210680E-01  1.73215957716227640E+01  1.85976127844181360E+01
  5.58952633370732950E-01  2.16865231993771060E+01  1.46877967121062460E+01
  4.49954956992444630E-01  2.48903018704112850E+01  2.75705899282318430E+01
  4.11346310528290360E-01  2.67119936863438380E+01  1.19323990924428360E-01
  4.72818350263822220E-01  2.00949975822204690E+01  2.62150522972294660E+01
  5.00672486592370710E-01  2.76728027823093110E+01  9.50789940327710780E+00
  4.15334611176110170E-01  2.60263711393179340E+01  1.82577293675056790E+01
  7.70254277643880240E-01  1.17457596981083010E+01  1.08528343266723830E+00
  5.32262962461145860E-01  2.05156569616019060E+01  4.76976398688321270E+00
  4.01880163826280960E-01  6.44402435018613320E-01  1.07012667032988420E+01
  7.41720708060832300E-01  4.94509617812114220E-01  9.56800776201633420E+00
  3.01674668393272730E-01  9.09490866535064590E+00  6.82680164238512970E+00
  2.66929568161810020E-01  6.98696799072206790E+00  1.61080097583458470E+01
  4.15334611176110170E-01  2.76818038354096600E+01  2.95545078208923580E+01
  5.20369884994360540E-01  2.27917145503738500E+01  2.42896395765765970E+01
  2.84672167568555990E-01  2.46741607965411940E+01  2.38196408788563470E+01
  5.18912146576496980E-01  1.56158274130832990E-01  1.58820704232500970E+01
  3.90540239164096370E-01  1.57848812008657850E+01  2.75498232620167660E+01
  3.63079661055833470E-01  2.58323641961237400E+00  4.46584803120791300E-01
  4.73113776075054650E-01  2.29784350586075270E+01  1.67664213278165470E+00
  5.55687039951364880E-01  2.66198484700109180E+01  1.07335843599241160E+01
  6.97384645011991290E-01  1.51912414881406490E+01  2.65444903393452730E+01
  3.54092873053847420E-01  1.23805178917088200E+01  1.65102389067956920E+01
  7.37991961479508610E-01  6.51558740809137230E+00  2.20327489292846860E+01
  5.10790949981952740E-01  2.60463106469577440E-01  8.33945589775396810E+00
  7.03918080384424090E-01  9.87331684722331460E+00  1.02773717259757600E+01
  2.69326463995374250E-01  4.77538507321441140E+00  1.31953068469165920E+01
  5.39922025342825940E-01  1.69192775883456540E+01  2.90676520438569530E+01
  5.39922025342825940E-01  1.98099350850018570E+01  2.24837538885143540E+01
  3.52682444144397330E-01  2.17871034502292960E+01  2.26074265125849400E+01
  3.17084428049163950E-01  2.28609876202210530E+01  1.32238395370841100E+01
  3.92511582998476170E-01  1.80489172653628460E+01  5.60483726341915480E+00
  2.92799561075502800E-01  1.39998406372458460E+01  8.27453139856358360E-02
  3.63105686475124490E-01  2.73208050665052580E+01  5.45111859372029000E+00
  3.25036994184950640E-01  1.46259516267084740E+01  1.45959932148405450E+01
  5.70902198024309190E-01  2.13422121041005290E+01  1.92880573002077750E+01
  6.18138908065390960E-01  2.06345095455069160E+01  5.91340611973344820E+00
  3.10705613459761840E-01  2.85528052227675780E+01  1.98044858330302880E+01
  6.99092076263204730E-01  1.88087338244803210E+01  3.81345133137607210E-02
  4.40295189098215370E-01  2.02275839909566950E+01  2.16009894665886330E+01
  6.52034765531911640E-01  1.23962152122255130E+01  1.75979130623569940E+01
  5.12628979659419230E-01  6.73144974095130790E+00  2.38404487962271410E+00
  2.68569610726517900E-01  7.58322189092132250E+00  3.95174891610574620E+00
  4.41473589537221400E-01  1.36564330842266700E+01  2.42003360580959640E+01
  7.41623060643924430E-01  9.82665271759398710E+00  2.17149440241438860E+01
  2.49794182180603610E-01  4.88388515318207530E+00  1.46804201214940000E+01
  3.44856808658559500E-01  1.98552397663380800E+00  6.86682092146324670E-02
  6.83701617051292750E-01  4.39602901193395290E+00  1.23219308191296510E+01
  7.19599311285852310E-01  5.15194023779049280E+00  4.32417783707284010E+00
  6.67521681419926690E-01  5.87339012277240260E+00  2.95202845160885090E+01
  5.40946473112310590E-01  1.22810385719985110E+01  1.42456978820671480E+01
  3.83579206291793930E-01  2.25782185144755980E+01  3.56616939553514720E+00
  5.04339573614743570E-01  5.57266723596236170E+00  1.49843954048879460E+01
  6.35523375007872900E-01  2.56363647574550010E+00  1.14124869145095630E+01
  3.44905765886116280E-01  2.65527185518491360E+01  1.52462990260664220E+01
  2.65726189967390210E-01  1.19354876804564790E+01  1.32559947024827630E+01
  4.87785457169642190E-01  9.45769795606573640E+00  2.63894627545403500E+01
  3.71299762957800540E-01  2.06415050272142720E+01  6.45447620982242220E-01
  4.13811620468168510E-01  4.38502025425717350E+00  2.59462789097589630E+01
  5.69423614487483490E-01  1.71535180735753950E+01  2.25361881661029850E+01
  5.83429036676414100E-01  1.92386044169483870E+01  1.33195792364115670E+01
  5.30006102735105960E-01  3.24978429267897620E+00  2.24141132128165670E+01
  5.16710955738981780E-01  2.59400730047104310E+00  1.02636479217350250E+01
  2.65726189967390210E-01  1.78938519549990790E+01  3.43547118100663120E-01
  3.18942867500738640E-01  1.05988988720580900E+01  2.24368025153504180E+01
  3.23881608201221470E-01  2.83914178011775710E+01  2.92242651478349560E+01
  3.54092873053847420E-01  1.05314170190347610E+01  2.70470430968982760E+00
  5.12509616084684260E-01  2.04046705078576100E+01  1.98292091706406450E+01
  4.99223721401470310E-01  4.22701603042280460E+00  1.94688611377806640E+01
  2.56092450391898300E-01  1.43646231844378300E+01  2.72949802954567780E+01
  5.45765227979075810E-01  1.76392352207266290E+01  1.28813319036829220E+01
  6.94010183176834960E-01  1.50341156373730410E+01  1.66505414454107740E+01
  3.57201130995523370E-01  1.37779340509748070E+01  1.33166803819799090E+01
  5.25895496843049500E-01  2.08056321809526920E+01  2.73895255689632510E+01
  5.10790949981952740E-01  6.19798125028112420E+00  1.94707991381838990E+01
  4.89717368181109780E-01  1.28021624740517250E+01  2.77143298713765630E+01
  4.82769235883485770E-01  1.78171680269115780E+01  8.48031395573319640E+00
  6.93278360304079300E-01  1.69539991504456870E+00  3.86195978179328760E+00
  3.35017483125717060E-01  7.71575756183840070E+00  8.82163431140484630E+00
  3.26514001167033020E-01  2.35847485272811140E+01  1.32566417250344560E+01
  4.75880684447443510E-01  2.58682633643083730E+01  2.62795110626685010E+01
  4.22354771203238230E-01  9.57424297602143960E+00  2.54872825157170020E+01
  4.11966131227655820E-01  8.55960498373697300E+00  1.99869800989514310E+00
  7.30946391186454210E-01  6.83650473801165500E+00  2.59048579387916720E+01
  4.22201084465533680E-01  1.25294766132946620E+01  4.30972913467284610E+00
  5.15931587153482510E-01  2.73947061249994230E+01  7.46127153655531840E-01
  5.52347772924787250E-01  1.27867092839830330E+01  6.57842364294141470E+00
  2.49794182180603610E-01  1.68837756128806120E+01  2.33080013948179070E+01
  4.50103975287380020E-01  2.34296854880074510E+01  7.07847503149651660E+00
  3.61769499680632390E-01  2.23340809264395400E+01  2.79790041822169330E+01
  2.77147605524350650E-01  3.14543303477601200E+00  1.41180055111868310E-01
  7.64764367446448820E-01  1.12133430775095050E+01  2.93400942580812550E+01
  5.71326189973923350E-01  2.13078509550005140E+01  7.03647005034253950E+00
  4.07877171249442140E-01  2.25680985828651120E+01  2.23535456044612600E+01
  4.46540105696671490E-01  7.52731149871301850E+00  2.75492244610162980E+01
  5.07606992315717240E-01  7.79214841102866810E+00  1.20814760824937970E+01
  3.01731430220296380E-01  1.95765795670925340E+01  8.82428342878619180E+00
  4.32382463464541460E-01  1.04979004296167470E+01  1.30706227420895050E+01
  3.25762576013666160E-01  2.81528729569747860E+01  1.09684815534204390E+01
  6.24920360555607160E-01  2.90308051373738640E+01  1.40852899308813180E+01
  7.38532964590205680E-01  2.65157028003060060E+01  1.64480574048457160E+01
  3.92511582998476170E-01  1.81077801025062260E+01  2.24318203639120210E+01
  2.97561439636419770E-01  2.07231803803460260E+01  7.67913588414920230E+00
  3.46434506905438330E-01  1.77191474393120810E+01  2.94493888045224280E+01
  5.89502618647478990E-01  1.45332829753763630E+01  4.45924694059463000E+00
  3.32399546609116130E-01  4.34147938510870010E+00  5.29720939003952210E-01
  5.77649046292645880E-01  6.56907342162523470E+00  1.19689198147725640E+01
  4.31729360191427780E-01  8.09499808837298570E+00  2.58671137733214810E+01
  3.17950877609215300E-01  1.53422461010536080E+01  1.99885633810036580E+01
  4.75880684447443510E-01  5.13151660126250060E+00  6.94865207243371950E-01
  3.91816801400439550E-01  2.88325042027773080E+01  1.91622460961567890E+01
  2.50163292655703180E-01  9.78541103019668590E+00  1.79425849370788700E+01
  3.42074681651230290E-01  3.98586006853459910E-01  1.83217866447603830E+01
  3.50974061745161330E-01  2.94975654959074250E+00  1.23194688857718760E+01
  6.18566685513849460E-01  2.28447034555307520E+01  1.44832499291888300E+01
  3.24719866931951940E-01  7.83954596891951280E+00  4.70610343206760100E+00
  3.57201130995523370E-01  2.75092208247493170E+01  2.37934807161338640E+01
  3.13090147150790890E-01  2.37829244630083280E+01  2.58479546968797860E+01
  2.58355477869490890E-01  5.53517818634281870E+00  2.34599557786775250E+01
  4.83351594707823830E-01  2.84356460769165840E+01  8.88652269128230540E+00
  5.48463672908306780E-01  1.54063597824693290E+01  1.42064266945312330E+01
  4.24351701398837560E-01  1.48356711520641210E+00  2.00937153020130030E+01
  6.80557430527969220E-01  2.46193116186730250E+00  1.33223072852755140E+01
  3.73125396709624990E-01  1.47009595899825540E+01  2.09706062641495270E+01
  6.77808113742920780E-01  1.72092505564706070E+01  1.49942941774706090E+01
  7.67512613708393760E-01  2.05859974226262170E+01  1.32242166899536180E+01
  4.76544583128828500E-01  7.90003580366005490E+00  3.23605687465615870E+00
  6.97738347479756800E-01  1.59602738345195530E+01  2.29614489948064180E+01
  4.49545157175862540E-01  1.16072143223525690E+01  1.89360405507712710E+01
  6.25336422111717830E-01  1.43657597120959310E+01  1.03035776707720730E+01
  4.99487474973056500E-01  2.44547811820107130E+01  9.74519615705460930E+00
  6.67521681419926690E-01  1.72365876858025050E+01  1.75468752420935740E+01
  3.44170209092795430E-01  2.50700047808287750E+01  3.17572746881861830E+00
  4.01880163826280960E-01  1.09421207288051380E+01  1.15252713997374220E+01
  5.95035019805102560E-01  1.95328331324234660E+01  2.73247730574927240E+00
  5.20348764567513020E-01  2.41898127334097030E+01  1.26649142782050020E+01
  7.44845164893703690E-01  1.97975801045731820E+01  1.37377406722831760E+00
  6.94010688862415210E-01  1.59486359747791440E+01  6.08022993156242110E+00
  4.00156705760987560E-01  2.94189491650072800E+01  1.86325866849538680E+01
  6.57722721512726150E-01  5.30762847261491720E+00  1.61155786786341080E+01
  3.61198882346046800E-01  1.41478169825471770E+01  2.67182661037451150E+01
  6.07167866036927160E-01  1.95402259337970070E+01  5.35371313570556320E+00
  5.81677556670477180E-01  1.38998530786731910E+01  2.14852119880010510E+01
  3.17579752081870750E-01  1.15227557365229050E+01  1.46473249027095010E+01
  2.69169509893181310E-01  4.53014249314749760E+00  6.18093235817192000E+00
  5.36592099856838090E-01  2.68079742382591560E+01  2.29331549245165430E+01
  3.01799748246536660E-01  2.31229361559463480E+00  2.70713230926956000E+01
  4.05794678723965420E-01  1.47984832780787200E+01  8.30558484096390440E+00
  3.65995101567518470E-01  6.75314832467493620E+00  1.01484858923847700E+01
  3.39481361119070080E-01  2.43354443465255880E+01  2.70110880252903630E+01
  6.97384645011991290E-01  1.05435059634084260E+01  1.85109865892062050E+01
  6.82253548551889110E-01  1.15508590540165630E+01  2.52224951454398070E+00
  5.67035311113654220E-01  6.09333198350267220E-01  1.68667291440227310E+01
  6.47236078597052340E-01  1.77302264489090820E+01  2.14654403111344650E+01
  5.92513140571182980E-01  1.25290858455299730E+01  8.32188291916986420E+00
  4.71553509741754610E-01  1.59501651117152030E+00  2.73595377549901110E+01
  6.55885333720611730E-01  5.54870658098307870E+00  2.43727448674496120E+01
  2.83840017940612550E-01  1.74834064387691010E+01  3.66872574485111080E+00
  5.65219172841477580E-01  1.56078738566780630E+01  8.84074320223680490E+00
  3.48480710258510130E-01  2.04863282924784290E+01  1.21131507804870130E+01
  6.26908127420837150E-01  2.19459674362568010E+01  1.35317812484847850E+01
  2.62213147743524950E-01  6.53514463270750130E+00  1.36827617937925260E+01
  5.08737612195334600E-01  1.45953653385621380E+01  9.19540503735026070E+00
  4.59281804788439010E-01  1.94455579772554400E+01  1.99833401523819350E+01
  2.86550378078914000E-01  2.20719416179828730E+01  6.64838618775769860E+00
  2.99038091422116640E-01  1.94093412938162370E+01  8.24257895156142690E+00
  3.62493203924014780E-01  2.69993495932987420E+01  2.20561963682794970E+01
  5.64616421781660800E-01  2.39523519686999470E+01  1.93365647289614420E+01
  3.87533216804236250E-01  2.50820636930906670E+01  1.25037949485145750E+01
  3.90540239164096370E-01  3.56133508600215840E+00  1.16470494893280690E+01
  5.44640939783434240E-01  1.94935988625659960E+01  1.49665684977136130E+01
  3.84420431658369740E-01  1.85062770777881660E+01  2.46146375653433620E+01
  4.53492046339069340E-01  8.61790940207081490E+00  1.65835736659881160E+01
  6.38023782753992030E-01  2.90812305626685550E+01  2.05914255512082500E+01
  5.00672486592370710E-01  6.41918590083711840E+00  1.66286246168001240E+01
  6.08873319065221350E-01  2.20196139160505490E+01  2.04714458648455030E+01
  3.18942867500738640E-01  2.58207268549578150E+01  2.86455857631256520E+01
  2.65726189967390210E-01  2.26311588702321520E+01  2.85305755539676370E+01
  7.10410487391814980E-01  1.93903386491658840E+01  4.04497114066141260E+00
  4.66797018098134940E-01  2.13224056740798070E+01  1.82415218793787060E+01
  3.89889811574280460E-01  1.72635877606215370E+01  1.20254977041087740E+01
  2.92456502136063850E-01  1.62162989213930690E+01  1.97577795424042860E+00
  3.63079661055833470E-01  1.93772065138906840E+01  1.82103898207917820E+01
  4.13811620468168510E-01  2.95357855306024530E+01  1.05493761370589600E+01
  2.60417758313763680E-01  2.86362026941090200E+01  3.32724103476876640E+00
  4.41940562555082740E-01  2.89299527746778690E+01  1.79476623593046510E+01
  3.08418768867630710E-01  9.78985226505837860E+00  2.41429485582389310E+01
  3.04461637453634990E-01  2.90862155640129920E+01  1.31590112848959570E+01
  4.75626642073745920E-01  2.12708366816089120E+01  1.40761814135471650E+00
  4.19693779402500590E-01  2.92818717521703680E+01  6.02394090551841100E+00
  3.26514001167033020E-01  4.06234133751173230E+00  2.26750674552916000E+01
  3.55388479881239270E-01  4.01379320226718410E+00  2.33515956913744200E+01
  5.33859136323620030E-01  5.76713113041442150E-01  1.64995175020927750E+00
  3.39481361119070080E-01  1.92506010266101870E+01  7.10803690683306040E+00
  2.51153087880769550E-01  4.39907983615982530E+00  1.60645767525031930E+01
  4.21603844523193420E-01  2.27129379875602490E+01  9.87931636892854040E+00
  5.20348764567513020E-01  2.65018158175400530E+00  2.92088290119798480E+01
  6.86210935380316480E-01  4.83547062856973580E+00  2.20274223306722090E+01
  4.41140732643827070E-01  1.06234223515958900E+01  6.99223417573516760E+00
  6.26908127420837150E-01  1.03863625515241400E+01  7.66010547725502990E-01
  5.11871480770454750E-01  2.34116072663762970E+01  2.27179090559842150E+01
  4.70990686464341570E-01  1.37357549504520920E+01  2.59971303902568920E+01
  5.20369884994360540E-01  2.22032134032035490E+01  1.03743019815806670E+00
  3.04306421741581800E-01  1.62596177910761240E+01  1.17366996773054860E+01
  5.88333222664750720E-01  2.53060929360929880E+01  1.39668512448933570E+01
  6.64541222436485860E-01  9.57117216775485960E+00  2.36624038304263840E+00
  4.24351701398837560E-01  2.00034625746585310E+01  1.10015967466069600E+01
  5.55920758830291820E-01  7.66202515635516160E+00  1.79358812779945000E+01
  2.89042915761794110E-01  2.35299348679716260E+01  2.53018040728031610E+01
  2.47647088603063280E-01  2.86092365342381360E+01  1.94748072196355950E+00
  5.88686278844574580E-01  1.65101200611464310E+01  1.39396983887351490E+01
  3.53063097104977870E-01  8.13325751623867530E+00  9.59775939365016840E+00
  4.50600139601478670E-01  3.30195152882637100E-01  1.36697803724521400E+01
  6.65634982039605120E-01  2.24029654332985900E+01  1.09210206775982040E+01
  4.69750256464274060E-01  1.92414344817122540E+01  1.90786942450563830E+01
  6.13801455222646290E-01  1.84314621556650880E+01  6.62301523832925550E+00
  5.14582826754803690E-01  1.90936963908019630E+01  2.39352088769126250E+01
  3.81419328643079860E-01  1.86058967018195670E+00  2.80138794550684360E+00
  7.28196096543639280E-01  4.40931108782329590E+00  2.06807061482184480E+01
  7.33199636544987770E-01  1.37615979407213680E+01  7.83609178330253540E+00
  2.86550378078914000E-01  1.16830474194679660E+01  1.82059284138648360E+01
  2.52169786807371790E-01  2.89406295539655430E+01  1.26229807560160530E+01
  5.01406606281285510E-01  4.42524075224055920E+00  2.41013214086720250E+01
  4.18948713530687210E-01  2.71517796214724850E+01  7.45833712970888030E+00
  3.62620749938717070E-01  2.52833419376244030E+01  1.84840890208735080E+01
  3.15231116497538320E-01  6.08716451385438260E+00  1.27190061218245650E+01
  2.83840017940612550E-01  2.20605793600790390E+01  3.14833159638501580E+00
  4.72199721516180480E-01  1.45685428605484670E+01  2.55552449229984940E+01
  4.41666133880560000E-01  1.11283258076228740E+01  2.70939420409469670E+01
  3.39073066583844400E-01  1.11169986343468400E+00  1.22665773206617800E+01
  2.54831192030272870E-01  2.75181818472116430E+01  2.44340946488090940E+01
  6.65634982039605120E-01  1.64437766970160550E+01  1.26887591137285530E+01
  2.69326463995374250E-01  3.37983784084882810E+00  1.00013176289104670E+01
  3.08418768867630710E-01  2.41389042705885900E+01  2.23394129851450490E+01
  5.63324676144028570E-01  1.60703967541976490E+01  1.13325433907346800E+00
  2.49794182180603610E-01  2.49775100669241290E+01  1.47600781265679790E+01
  6.44956217916396120E-01  1.53436451700492910E+01  1.19793667794145500E+01
  4.26043897269923290E-01  1.53029530895402710E+01  9.82273975493116680E+00
  7.44533748089133770E-01  1.94012020476579610E+01  1.20023170660699620E+01
  2.47647088603063280E-01  1.22276548174715140E+01  2.40548980295039240E+01
  3.47451934045076260E-01  2.69008854979432430E+01  2.45129992266500420E+01
  4.83182858574677270E-01  4.86827952093717810E+00  2.67017327828533550E+01
  5.38382388131525950E-01  2.29448301260717000E+01  2.59903123100345150E+01
  6.08690451339190200E-01  2.70753576893219400E+01  2.77623904691247430E+01
  3.93024383017402490E-01  8.90259025266043840E+00  8.23362682585118220E+00
  2.54611020839302520E-01  1.18055164995515560E+01  8.76088144631074250E+00
  6.82253548551889110E-01  6.51943866298981870E+00  2.34518049580482390E+01
  7.67665169660178040E-01  2.46811671668343740E+01  8.49994225163539950E+00
  3.95839252948554370E-01  1.71303406251919410E+01  2.81576787685574710E+01
  5.15379284759350490E-01  1.66116416719038450E+00  1.63843108785168460E+01
  5.09222041678605210E-01  1.50715430331159830E+01  1.99977473272033720E+00
  4.72038094207023740E-01  7.62272073755617630E+00  6.58797957582495020E+00
  6.64541222436485860E-01  2.03345766655876870E+01  2.41963155832850630E+01
  4.84167632717154460E-01  6.99388070377249260E+00  2.92588146176553750E+01
  5.39922025342825940E-01  1.43514508742173080E-01  2.14948488776696500E+01
  3.77759649416993960E-01  1.61741746975011650E+01  2.85333411297270240E+01
  5.06367095649294540E-01  5.08043097859993860E+00  2.86549103284610850E+01
  3.05466220251299840E-01  7.91505485020946330E-01  1.77323708237357920E+01
  7.55604472483241980E-01  2.50749164547968850E+01  2.07688159832249800E+00
  7.68548325332126940E-01  1.17186597954419190E+01  5.80356753474883380E+00
  3.09209541844886400E-01  2.42627657577102590E+01  2.86459349603385290E+01
  4.71553509741754610E-01  6.95197551328582720E-01  1.15724792557804900E+01
  3.65995101567518470E-01  1.85298400688016580E+01  1.26883954631679640E+01
  6.26517897412854200E-01  1.59451525371560370E+01  1.76018999138422100E+01
  3.55388479881239270E-01  1.40418384004061900E+00  2.46572029880687930E+01
  3.90423892796942250E-01  3.28192143043193680E+00  2.85494861291245030E+01
  4.92172780862642510E-01  2.59783900005545300E+01  2.78508227769046500E+01
  6.66683478841499700E-01  1.42691895970934070E+01  1.97275972587803350E+01
  6.94903868090152520E-01  1.83299437326604280E+01  1.83571801831067380E+01
  7.65642972591057180E-01  1.78247398788168350E+01  2.36893905951267240E+01
  3.52682444144397330E-01  1.09011092944849340E+00  2.40228089010549830E+01
  5.39466591144820300E-01  2.57354539973535920E-01  2.36659259207854870E+01
  4.26043897269923290E-01  2.36938983158935630E+01  2.65957920960568510E+01
  2.53364602799301860E-01  2.39136774962871930E+01  2.49187126560039940E+01
  3.83290088603488770E-01  2.44217480652245770E+01  1.85143758049945400E+01
  5.55920758830291820E-01  1.45981011234238970E+01  2.45283185583524920E+01
  4.13050329149462850E-01  8.57808239561164500E+00  1.82509042276817010E+01
  5.20369884994360540E-01  8.58885037806274810E+00  1.91917392677017990E+01
  6.99477888048091770E-01  2.21186064526183510E+01  1.73907567847249570E+01
  3.59079136884617700E-01  1.87894864801273020E+01  2.20159899966542020E+01
  3.01799748246536660E-01  2.54475634121928560E+01  1.30881941961010910E+01
  5.28731261397185740E-01  1.55835752716762550E+01  2.07997645050197840E+01
  6.80338287111455390E-01  1.05620731087092550E+01  2.60139630402785510E+01
  4.74033319401206570E-01  3.45469915911962740E+00  1.07532833422022860E+01
  3.53302408788900560E-01  2.68009594330863410E+01  2.38208287023443400E+01
  4.03052389307286420E-01  8.59722996761649760E+00  2.52005207161281430E+01
  3.33973424357718240E-01  1.75991822506586360E+01  6.17352608027539060E+00
  4.68162992243922280E-01  2.00024529877262260E+01  2.07226189574651160E+01
  4.72192289519205580E-01  1.93136635049123590E+01  2.48943370542031990E+01
  6.73658304681401180E-01  1.35371036725546000E+00  5.18462195657500400E+00
  4.61178090502161720E-01  4.44021612061110730E-01  2.77711241673081910E+01
  4.18189647978318300E-01  5.36564064460895370E+00  1.28442887228001080E+01
  5.15379284759350490E-01  1.88593443833738160E+01  2.29351544071707780E+01
  5.34553382826858140E-01  2.38973192646452440E+01  4.50084137716630650E+00
  3.70336582810533970E-01  5.68480528560333290E+00  6.51829522335262810E+00
  6.42747544188997020E-01  6.04085627669327960E+00  1.08700280265012670E+01
  4.50600139601478670E-01  2.01426779922590380E+01  2.52936701077704240E+01
  3.55036581058269410E-01  2.57366605205770330E+01  2.96591732350360570E+00
  3.54092873053847420E-01  1.12152097800937800E+01  2.52143232803988720E+01
  5.13614394364816020E-01  1.54448756417992410E+00  1.74047817140232190E+01
  3.65995101567518470E-01  2.58335864915582430E+01  1.25438791188703400E+01
  5.25383403930900440E-01  1.34626934042446320E+01  4.15428266605601860E+00
  3.83598938984435380E-01  1.26360490970611390E+01  5.10783928754300390E+00
  4.86073626967704090E-01  4.10727216354301920E+00  2.88448676021098040E+01
  5.96963967672292380E-01  2.14373513787611150E+01  2.83170965624590420E+01
  4.66553963192992600E-01  2.50184232806715090E+01  2.84756534469750870E+01
  4.15252526658189590E-01  2.04524179638088290E+00  2.50844128186224250E+01
  6.36786611163594070E-01  2.20192738203306140E+01  2.22998505763888270E+00
  6.06760633376156730E-01  1.21441540981480540E+00  2.10874324859010900E+01
  5.25895496843049500E-01  2.59306077887660540E+01  4.49672264479268340E+00
  5.05409982910693060E-01  1.06352003921298110E+01  1.48185437014920500E+01
  5.18912146576496980E-01  1.28095532199575860E+01  2.56500527030098800E+01
  5.81677556670477180E-01  2.87551389939587950E+01  4.15930494264087080E+00
  2.50625569857546320E-01  8.04512627931870840E+00  1.86453314013738310E+01
  6.67521681419926690E-01  7.34485030983174080E+00  1.09963663548561570E+01
  6.52034765531911640E-01  1.05682005219401290E+01  2.80811154656546190E+01
  3.81419328643079860E-01  6.93833845614551410E+00  1.73405292621469050E+01
  3.18942867500738640E-01  4.98951791923573130E+00  6.54755014703015630E+00
  6.63973334543257470E-01  3.13064761898992040E+00  2.12281770105627170E+01
  4.05793634226126800E-01  2.75644561363282430E+01  8.60957860928733080E+00
  2.88617724104866640E-01  2.70821883598239950E+01  1.55926295052442910E+01
  3.17587838135982990E-01  3.47603789797235010E+00  2.93400148936298990E+01
  6.94010688862415210E-01  2.06531091301735760E+01  1.53927771257850810E+01
  3.25036994184950640E-01  2.16138441759902950E+01  1.15847013150587160E+01
  4.41940562555082740E-01  1.27596308664438090E+01  9.33008758448525380E+00
  3.05466220251299840E-01  2.46288090536976940E+01  1.53618633240460160E+01
  7.22984261441823330E-01  1.81554189543945310E+01  1.01804255734405980E+01
  4.60682082706054620E-01  9.82188175009578220E+00  6.57987453547602640E+00
  4.22201084465533680E-01  5.63832565692344460E+00  2.27885649093067360E+01
  6.24824560398126750E-01  9.17795492335351600E+00  5.70932367665068870E+00
  3.63079661055833470E-01  1.75817454997255210E+01  2.04670094470208500E+01
  3.25516939164680520E-01  1.58344150078733910E+01  7.97659488684198780E+00
  4.87886881528419990E-01  4.66540170461957530E-01  1.91482543460906310E+01
  4.34172467284937990E-01  8.08224487706660710E+00  8.14653911600786710E+00
  7.04082361725448710E-01  7.98377682796594270E+00  2.86043195980628870E+01
  4.40295189098215370E-01  2.81376320865492000E+01  1.34754925147638540E+00
  4.54567147313974470E-01  2.38908764205452470E+01  1.83473352355687160E+00
  4.89717368181109780E-01  5.53563928083288380E+00  2.02197911340602300E+01
  4.82771447840326400E-01  2.53061917405366830E+01  8.61739052764758460E-01
  3.54092873053847420E-01  2.75266746967050510E+01  1.07074855372105060E+01
  7.67457697882333090E-01  2.90033133354395640E+01  2.83149525495023260E+01
  4.43129600128677660E-01  1.79282958371419350E+01  1.05142690050801950E+00
  5.61514797181737530E-01  1.19002639674919380E+01  1.16134630309154630E+01
  5.82207618145930890E-01  1.86453848081470320E+01  7.80164003990407820E+00
  5.94092381958372510E-01  9.45068692998359160E+00  9.05315478749635540E+00
  5.64318884198494160E-01  8.57344487225399550E+00  2.02803550345801260E+01
  6.16837537735261420E-01  1.30763817237176400E+01  1.15959110096470570E+01
  4.20581746236023420E-01  7.87094295844916480E+00  1.31326345822943470E+01
  3.16022212934137680E-01  2.30029079197819720E+01  2.80840946456848460E+01
  4.59502380082057990E-01  5.32598060802808250E+00  1.80017874541202620E+01
  7.48336469443998900E-01  2.55459771104854990E+01  1.14683153228759820E+01
  6.90159994875631000E-01  6.47140931378261190E+00  1.83028030081459220E+01
  4.68364091588631840E-01  1.21478556731342910E+01  3.50563603861892270E+00
  4.05593309893122810E-01  1.02699369004804670E+01  1.39859711401011970E+01
  5.55687039951364880E-01  2.23774263595418820E+01  2.32970573278883640E+01
  2.83840017940612550E-01  2.72222112964956860E+01  1.01490664153757490E+01
  5.98280766214214580E-01  1.23258592835490830E+00  2.30829141388354700E+01
  5.84913004272127690E-01  3.27562775009745710E+00  1.99880962236369800E+01
  2.83840017940612550E-01  2.81134556871812120E+01  8.19242780155183860E+00
  2.83517655556827110E-01  1.28440055961296430E+01  5.74452437649921510E+00
  5.27599340399055180E-01  1.65750134478416590E+01  2.40196780616427430E+01
  6.24824560398126750E-01  1.63153934176049620E+01  2.16887497388862900E+01
  4.84167632717154460E-01  2.43122575572427810E+01  2.31415657780350090E+01
  5.66562802601083430E-01  1.25278324866929830E+01  1.26424592158036490E+01
  5.81213412342838430E-01  2.28843103445003140E+01  2.71948344105798720E+01
  5.13285974501586400E-01  8.41277679675172680E+00  1.49635880143695810E+01
  5.29625185962053640E-01  1.32751345025387440E+01  3.11742551898574540E+00
  3.30104909316010620E-01  1.65438623266764110E+01  2.50496419137832720E+00
  5.48174971142568520E-01  1.35851987562173800E+01  2.32141287593497660E+01
  4.72192289519205580E-01  2.30352650159324600E+01  1.66639194498986570E+01
  4.53126113496558960E-01  9.73854405631865380E+00  1.23860571775923050E+01
  5.25993347610763350E-01  1.97172128580977490E+01  1.61749014810248430E+01
  4.75338540515479570E-01  2.87983828387677260E+01  2.59914968077922420E+01
  4.30858982518450690E-01  7.12164049183918650E+00  4.47657304674284530E+00
  7.09741570678139940E-01  2.13663228551185340E+00  8.21194161119590940E+00
  5.05409982910693060E-01  1.50274378988314190E+01  3.01176858520937520E+00
  5.20369884994360540E-01  1.63487225302297790E+01  7.28521692024094050E+00
  2.73281005279713530E-01  1.76948294488746530E+01  1.90866203975896200E+01
  3.09574052588245370E-01  6.16066132759287300E+00  2.51165596879643010E+01
  3.18095930761502070E-01  2.80192901573521520E+01  1.65216732863715810E+01
  4.46537248270915300E-01  2.58214847568779580E+01  1.74075429474382520E+01
  6.38830345620663920E-01  2.32115408502143450E+01  2.76369256749243510E+00
  6.68397269451762100E-01  1.45763199008708580E+00  7.01446297501904240E+00
  5.32488384254616510E-01  2.93021995065604310E+01  2.33019461531389550E+00
  3.17579752081870750E-01  3.42370109695105640E+00  2.78558235839294000E+01
  5.16710955738981780E-01  1.56694141184939860E+01  2.45381022399301470E+01
  4.49545157175862540E-01  4.18629319616998960E+00  1.46971420406848190E+01
  3.20574425314766210E-01  1.94844982766509740E+01  2.78392329185499320E+01
  4.12246671516209600E-01  2.65540751940261650E+01  1.28338562395620150E+01
  4.94550785807675550E-01  2.79520577566069090E+01  4.87202820936435280E+00
  3.59079136884617700E-01  2.92774202371024470E+01  8.93362581753881630E+00
  6.10572080928614460E-01  5.23099412942946170E+00  5.65028852778370890E+00
  4.75338540515479570E-01  1.45196359563966980E+01  1.36947488061256700E+01
  5.09574347305064630E-01  2.77699672717522150E+01  2.86358160476411320E+01
  4.18189647978318300E-01  1.34256586829178030E+00  2.82083735881392850E+01
  3.76753951196820710E-01  2.81081144272790200E+01  1.02683818599324520E+01
  3.84533934306195220E-01  2.08235925654408980E-01  1.99810367154213320E+01
  6.60767019732147710E-01  2.23199273744616190E+00  1.93084515443851000E+01
  5.64318884198494160E-01  2.42033267845760380E+01  3.44456872435164430E+00
  4.69750256464274060E-01  3.15892917157771480E+00  2.59194356988069360E+01
  6.88340418185590860E-01  6.06890170974571850E+00  1.38384349074779540E+00
  5.93150731645016190E-01  8.57337530401025740E+00  1.38699777945983930E+01
  7.17499092254363010E-01  2.21780046124977230E+01  2.94016593833238990E+01
  3.79322922295397280E-01  2.21989568560565470E+01  2.65230586777314700E+01
  3.20574425314766210E-01  1.05297733668802000E+01  2.09129506576476840E+01
  7.17953871372127320E-01  6.57249246937113440E+00  7.14591743861756350E+00
  3.42409596243210680E-01  1.30635875434004090E+01  1.54921836743702720E+01
  4.43129600128677660E-01  9.26393845658246920E+00  2.46796855255914660E+01
  3.78068289465320630E-01  2.60350467574986690E+01  2.34221706971133090E+01
  4.75338540515479570E-01  2.92584653346087970E+01  2.44077965603578840E+01
  7.38532964590205680E-01  1.66219555825272240E+01  2.67942443702123430E+01
  5.07606992315717240E-01  1.34026288899663460E+01  1.81732129017796070E+01
  2.86134314477376340E-01  2.48625914739764900E+01  1.31398061209405730E+01
  5.07437626189109900E-01  2.27281185668441270E+01  1.96104118755387940E+01
  6.15073771326759470E-01  9.49609506851109590E+00  1.46489948374464220E+01
  3.30104909316010620E-01  1.68563772740157130E+01  4.46354949469146510E+00
  6.66683478841499700E-01  1.14453518737949480E+01  4.39571112792670870E+00
  7.49545055295440930E-01  4.27759375482922440E-02  7.09990849185706190E+00
  2.54824432159977790E-01  8.12811229722965220E-01  2.03256906964724390E+01
  5.72142532162989690E-01  2.76591338733638350E+01  3.80133360649005070E+00
  2.77147605524350650E-01  3.83441432127449000E+00  1.78523736067773130E+01
  4.68364091588631840E-01  2.40446146437900940E+01  6.39781729105107820E+00
  4.82771447840326400E-01  3.11024952206289650E+00  5.84441821383601120E+00
  2.50971712925384870E-01  8.86431031781501310E+00  2.57987297615928240E+01
  5.38024295323284910E-01  2.72424443167736570E+01  2.11906463209148480E+01
  4.13050329149462850E-01  2.90456789004170910E+01  5.19995418768343050E+00
  4.86590143357422540E-01  4.60315968681211100E+00  2.50727588362952110E+01
  3.16148313226467530E-01  3.54582325169575930E-01  2.06658339356303280E+01
  3.81419328643079860E-01  1.74676760073116850E+01  1.37917275885782350E+01
  6.52911031193170470E-01  5.56972393965371990E+00  2.75937733508328760E+01
  4.49150663742554990E-01  8.11043764338408300E+00  5.80844315376634500E+00
  4.73113776075054650E-01  1.72063002140878040E+01  1.96495377533827630E+01
  3.65995101567518470E-01  8.43038448817159920E+00  5.06037348731448680E+00
  3.46028387031474870E-01  1.85817910736077360E+01  1.11602028221933840E+01
  4.23675716525973380E-01  1.48552308240454720E+01  2.85202321960976730E+01
  2.47261092463374420E-01  2.88946762460578090E+01  6.56459838680540560E+00
  2.63339374245984010E-01  1.66236559597785350E+01  3.09220949301501900E+00
  2.59062449636064510E-01  1.24191980333987000E+01  1.34592960795804050E+01
  5.77180454669814490E-01  2.82971344163037490E+01  5.88520609783303430E+00
  4.06599624824484800E-01  1.58085910473278770E+01  2.54259521492537300E+00
  4.65278877330243820E-01  9.14659184746612470E+00  1.32119406889518150E+00
  3.07263188066738420E-01  2.62661529043430770E+01  1.39795288125726850E+01
  3.88697647565240350E-01  2.57565954918887140E+01  1.03512960283965190E+01
  6.62122603690132470E-01  1.09286806242754770E+01  1.98138372052266400E+01
  3.79322922295397280E-01  1.39275633345781550E+01  1.36968401622748390E+00
  3.53063097104977870E-01  1.04433422663795770E+01  2.40414598094794240E+01
  6.88885956497308970E-01  1.99930268118443810E+01  1.73578577370911130E+01
  5.33066537704075310E-01  2.09246771355219070E+01  2.22972006710736430E+01
  3.42074681651230290E-01  2.47081775121452800E+01  7.00290396169893190E+00
  4.24351701398837560E-01  2.48666991721827130E+01  2.24226860163372020E+01
  2.92456502136063850E-01  9.65661914370194730E-01  1.59653748785478960E+01
  5.90639534364661320E-01  1.82152858535974700E+00  9.47227127790369220E+00
  4.09705559579089850E-01  3.86562611670074660E+00  6.31565028196329690E+00
  3.59079136884617700E-01  2.57688695824884630E+01  8.79101315034629850E+00
  5.27599340399055180E-01  8.20750855779159490E+00  2.43554481744920570E+01
  5.38382256471750510E-01  9.05355356157714650E+00  3.45062923091085590E+00
  5.96963967672292380E-01  6.85582680360786510E+00  3.48471477633442950E+00
  2.96503602823160150E-01  3.02575890385546620E-03  1.12409926892037180E+01
  3.64593218166308700E-01  9.08593132354834940E+00  2.27201475948443170E+01
  4.18947112612636110E-01  2.63027922755293810E+01  2.10211039750151190E+01
  5.40946473112310590E-01  5.97055804616248940E+00  9.69012334640066260E+00
  3.35017483125717060E-01  1.97013245748707570E+01  1.41122117368364060E+01
  4.75626642073745920E-01  1.98391929876254450E+01  2.71274208602210330E+01
  3.04461637453634990E-01  2.74832460525690050E+01  1.68352518417381280E+01
  4.36315933331792570E-01  2.14742941736520940E+01  4.89397266907320900E+00
  6.77666041374141330E-01  2.88367484050060480E+01  1.16999639782607210E+01
  5.67035311113654220E-01  5.53964586992274470E-01  2.87932528086400770E+01
  3.38650161839631010E-01  1.08087612783901790E+01  5.17287332672245980E+00
  6.94010183176834960E-01  5.97362574869464780E+00  8.45575693729074730E+00
  7.10410487391814980E-01  1.83857498762349460E+01  2.10987800828455810E+00
  4.54567147313974470E-01  1.49156497315852190E+01  2.93962710877177780E+01
  2.52169786807371790E-01  2.14907705340451260E+01  1.10214244417904170E+01
  3.01799748246536660E-01  8.67214795923869630E+00  2.63181524215076300E+01
  4.27719079604653450E-01  2.90189346062684880E+01  2.34052197850910950E+01
  3.87762191716535260E-01  2.33157693140359080E+01  3.78630729639242340E+00
  5.72951670348821020E-01  6.76603714187537800E+00  2.82267542134412750E+01
  5.09222041678605210E-01  3.41995224451327660E+00  2.39753257074860390E+01
  5.25993347610763350E-01  5.24841696051468000E-01  2.46952506542164340E+01
  3.12648490279368120E-01  1.99378765900499350E+01  2.91973090708440170E+01
  3.32399546609116130E-01  7.26235373947917750E+00  1.72846096333686030E+00
  4.43807889241729470E-01  1.75964319931902300E+01  2.74611352855649000E+01
  3.44170209092795430E-01  2.60260211699158720E+01  1.33745684696908910E+01
  2.54824432159977790E-01  1.59896171941320000E+01  2.60286443589723260E+01
  4.21963532045373490E-01  1.00495711866814460E+01  5.13161334575883820E+00
  4.11696508529454960E-01  2.18749209718156590E+01  2.41227645962213090E+01
  4.11346310528290360E-01  5.51715098240274140E+00  1.88496157005042270E+01
  6.16837537735261420E-01  2.22926927614671340E+01  8.93059706809394530E+00
  4.83570943621045310E-01  2.08375899297048120E+01  1.13595435931148230E+01
  4.32382463464541460E-01  1.23255639980300810E+01  1.57268190497277640E+01
  5.92513140571182980E-01  2.68259798744490960E+01  1.18668498681898560E+01
  3.55036581058269410E-01  2.65631564040543220E+01  1.77068701290200610E+01
  4.74581552528920360E-01  2.31282559873188690E+00  2.04386805248268220E+01
  3.44905765886116280E-01  2.76358561261729290E+01  1.13954571883464110E+01
  5.96963967672292380E-01  1.12473076300994010E+01  1.37761597054193160E+01
  2.68569610726517900E-01  2.10300328290737260E+01  1.41769270474519240E+01
  5.80290806494985740E-01  4.13409095479997650E+00  9.53554033762558360E+00
  6.25336422111717830E-01  1.14074390474881610E+01  1.66068191414710140E+01
  6.17452885167652710E-01  2.88442577980754960E+01  1.53515974601971590E+01
  3.29506256422424390E-01  2.10267518016836300E+00  6.25322000532989540E+00
  2.58355477869490890E-01  2.80695857381117090E+01  2.60626335347599360E+01
  4.69641390777102340E-01  2.46016614467424470E+01  1.07013214098623250E+01
  3.49095179616795370E-01  1.94547966918477540E+01  2.57011660317614420E+01
  3.27988333844876360E-01  1.96920484518464360E+01  2.33431606979429670E+01
  3.86383264228710210E-01  1.12431805791643020E+00  8.63217094290961210E+00
  4.75543307221801650E-01  2.78282245803826740E+01  1.57526649040795340E+01
  5.07815655211632320E-01  1.00350842424588220E+01  1.14750039439804720E+01
  6.08088426536500660E-01  2.10616327728541500E+01  1.66260595299048570E+01
  3.93024383017402490E-01  1.55148632570028230E+01  2.54434072983540710E+01
  7.48336469443998900E-01  4.70745742164835330E+00  1.84090568238650310E+00
  3.13454063710418570E-01  2.61944193435593500E+01  2.40925917400398360E+01
  4.43133439323318520E-01  7.62706599581557750E-01  6.14914545314920420E+00
  3.62493203924014780E-01  2.30509252517673020E+00  5.59162959285172080E+00
  5.72881440675418570E-01  2.31956464839120860E+01  2.05837055327250340E+01
  3.71299762957800540E-01  2.19225218113484670E+01  9.85413918594519520E+00
  5.13143010843963320E-01  1.14163492709131220E+01  1.54701482526653040E+01
  3.87533216804236250E-01  2.96121830616815450E+01  2.62737582615517270E+01
  3.90540239164096370E-01  7.16939721021122980E+00  1.27272976783718960E+01
  4.11696508529454960E-01  2.57755696538528700E+01  5.42077546616207860E+00
  4.19670751191123690E-01  2.63627480537251340E+01  2.70242288617657920E+01
  5.39922025342825940E-01  1.87407189548176230E+01  8.91854743527274960E+00
  3.73125396709624990E-01  7.93616221928692500E+00  1.52183628517827940E+00
  5.72628172168292430E-01  2.52132218935252190E+01  1.65905660631505330E+01
  5.63660960642019760E-01  2.22711801616704400E+01  1.86420221211537650E+01
  7.54397230300637300E-01  1.27719910992297250E+01  2.21976583485828270E+01
  4.07877171249442140E-01  4.02590121984220150E+00  4.32068755958145090E+00
  4.61178090502161720E-01  6.78804480399812870E+00  4.88187568017840780E-01
  3.50974061745161330E-01  1.65367462399935650E+01  1.91705689676707460E+01
  4.22541054278063120E-01  2.42607084750043000E+01  1.68732221287372110E+01
  3.25036994184950640E-01  2.60039036742059300E+01  1.45546579834519640E+01
  4.96042965314236020E-01  7.15495907293561380E+00  8.20896871705153150E+00
  3.04461637453634990E-01  3.43669224917199800E+00  1.46314377531918410E+01
  4.21290506291976640E-01  1.18698873997088640E+01  2.56278868400146540E+01
  4.26578460793149810E-01  1.02128021307528360E+01  2.70632308057250770E+01
  3.91816801400439550E-01  2.56495921576276020E+01  1.93732585666820260E+01
  5.32262962461145860E-01  2.34588948895459060E+01  8.05995910141952980E+00
  6.07718241283317260E-01  2.99110596034882640E+00  9.21440132207796300E+00
  5.13425754976809310E-01  9.94072716294490990E+00  2.92444400436610540E+01
  5.46829204411607870E-01  6.86408146766749280E+00  2.46290950382401630E+01
  2.99038091422116640E-01  1.68148666623789540E+01  1.15050792842154180E+01
  3.65374026971610010E-01  5.08838954159638580E+00  1.94941209374660540E+01
  3.46733456860136300E-01  2.03477154993772020E+01  2.31862263330076890E+01
  5.01833768532536340E-01  9.41901634579588180E+00  2.83739205906696730E+01
  2.88617724104866640E-01  2.84037334459376930E+01  1.25676257152211550E+01
  3.13454063710418570E-01  9.72395641344024670E+00  2.76178429657879580E+01
  4.43756654693070110E-01  1.49604121455157330E+01  2.76606330560147810E+01
  5.20369884994360540E-01  2.69650278283543300E+01  4.64271795648095060E+00
  7.41720708060832300E-01  2.70718692984740660E+01  2.61055104849034440E+01
  2.99038091422116640E-01  2.09943289410416160E+01  1.75339252380580180E+01
  3.93024383017402490E-01  4.28156102037165360E+00  1.04972213635004880E+01
  2.53364602799301860E-01  2.81576520556244570E+01  3.14496664202099030E+00
  5.48463672908306780E-01  2.72324646142269380E+01  1.83124179408954680E+01
  5.63660960642019760E-01  2.82976341241622790E+01  2.15014516179439320E+01
  4.99487474973056500E-01  1.47936481589351040E+01  1.78181318858576430E+01
  5.32488384254616510E-01  2.58154714436703400E+01  2.25409684146334790E+01
  3.62493203924014780E-01  2.63204071378661200E+01  2.18021988021304760E+01
  3.90540239164096370E-01  2.69743423170150260E+01  2.90545284728136720E+01
  6.25248164210708260E-01  1.16843553930279760E+00  1.43437819620477460E+01
  3.93024383017402490E-01  7.63925621671503660E+00  7.45106475736090080E+00
