1
  1002  2.96924426640336700E+01  2.96924426640336700E+01  1.00000000000000000E+00
        0.00000000000000000E+00  0.00000000000000000E+00  0.00000000000000000E+00
  7.68548325332126940E-01  1.79128577759414970E+01  2.84993770414038320E+01
  4.36195486319121350E-01  8.98955190212192430E+00  2.48510750073982360E+01
  5.33066537704075310E-01  1.68194897759717610E+01  2.38851663671697170E+01
  5.62178328188990490E-01  5.28882650371214600E+00  2.32002205891401620E+01
  2.97561439636419770E-01  1.34076796928333020E+01  5.66330536728065500E-01
  4.82771447840326400E-01  2.72467790177789380E+01  1.06241141574525830E+01
  6.61562106526255890E-01  2.11775679048280240E+01  6.26713191970135770E+00
  5.04339573614743570E-01  1.66691255025966110E+01  1.11766512536078650E+01
  3.45648959319623030E-01  1.01006817755015350E+01  2.79799488761878410E+01
  6.95947079841625180E-01  2.84152976901856680E+01  1.04213799685138750E+01
  4.75626642073745920E-01  2.35093069606328870E+01  4.08695752191808830E+00
  2.57534358191145160E-01  1.47696367223712710E+01  1.78874242019291930E+01
  6.30423428531534040E-01  5.00162166903420950E+00  2.79471304107308210E+01
  3.25516939164680520E-01  5.77146433096932570E+00  2.97166465672031330E+00
  3.14110289759674140E-01  1.86630620250876330E+01  5.02573706907919960E+00
  3.99477862283745790E-01  2.53752282257944370E+01  1.35720917003845600E+01
  6.47236078597052340E-01  2.96644881613387920E+01  2.22767825960569180E+01
  5.28731261397185740E-01  2.60674314957308550E+01  2.80573372110743690E+01
  4.43807889241729470E-01  1.60738286630187590E+01  9.32381102338777980E+00
  4.82268891960512480E-01  6.38283489004328870E+00  1.71395463297047750E+01
  4.30858982518450690E-01  3.07433846968426040E+00  2.32327423968972990E+00
  4.18947112612636110E-01  2.07069744968622980E+01  1.17533774664538950E+01
  3.50662231740508900E-01  1.84001630620889040E+01  4.41519016370811630E+00
  2.85767805251094040E-01  2.76186800779737780E+01  5.26016684816424450E+00
  3.45648959319623030E-01  3.72314878598030140E+00  5.13530501901244560E+00
  3.45648959319623030E-01  7.84421741976926960E+00  2.08219638833246350E+01
  6.42005949159872720E-01  4.27593512450404130E+00  2.25516486152862680E+01
  2.74003615458356760E-01  2.41150676552639320E+01  1.79859747015194400E+00
  3.87653287431749970E-01  5.04549694492228530E+00  1.12304296785891750E+01
  4.18948713530687210E-01  2.36323132091422540E+01  1.88276571865350380E+01
  4.53451232343747090E-01  2.15528708129282300E+01  6.12033420279064360E-01
  4.21603844523193420E-01  8.35211805797959710E+00  2.60527939188306590E+01
  2.62213147743524950E-01  4.46464820956730260E+00  1.17286936434799840E+01
  6.94903868090152520E-01  2.83222972392938030E+01  2.22606844338465280E+01
  6.31563936872940970E-01  9.93061851624955240E+00  1.74509800405207540E+01
  7.01778375544082420E-01  2.41062508316851950E+01  1.98427451861391190E+01
  3.46434506905438330E-01  2.57218770966827080E+00  2.19918540151905440E+01
  3.50662231740508900E-01  3.21479774116627580E+00  1.31941023050957740E+01
  3.01799748246536660E-01  1.63646580758526530E+01  2.96348952611978480E+01
  4.41298336829792340E-01  2.75282824505290160E+01  1.51154691149718180E+01
  3.39481361119070080E-01  6.36795008448938390E+00  1.21662973468280810E+01
  3.83181557852844270E-01  2.85564885533972980E-01  2.91884328609926020E+01
  6.75156127532392600E-01  1.97217610007410190E+01  2.34588892975069320E+01
  2.73281005279713530E-01  1.11331224324771690E+01  5.81907020459063060E+00
  6.65634982039605120E-01  1.39077378411364060E+01  2.46541573548330040E+01
  2.54824432159977790E-01  2.48579670455700070E+01  1.92563924425197650E+01
  2.84029264846615530E-01  2.12933247482193090E+01  9.99160616579853310E+00
  4.62836237406567810E-01  2.55433077208393020E+01  1.72111173889898550E+01
  3.33973424357718240E-01  1.90860357501452850E+01  2.72688108147214160E+01
  4.91872428060923640E-01  9.70676732875893930E+00  2.54392417758629140E+01
  5.52490392167627680E-01  1.73377599565755460E+01  5.90528808285987060E+00
  5.39466591144820300E-01  2.50193670486196530E+01  1.18564068483533910E+01
  5.65219172841477580E-01  2.67484072085143070E+00  1.41245635535612720E+00
  3.53776024442120150E-01  2.32787684891169420E+01  1.94922765993155980E+00
  5.54611473665029210E-01  1.14149800376452260E+01  1.97638474186326330E+01
  4.81368497469048420E-01  1.32215397883515580E+01  1.95904097457594230E+01
  2.84672167568555990E-01  1.30524567725956310E+01  1.54756828667387400E+01
  3.06898385793053400E-01  1.98976468552280470E+01  1.44363308779672310E+01
  4.49954956992444630E-01  2.42582521514080220E+00  1.88063755665994710E+01
  5.88686278844574580E-01  1.24230088820630940E+01  2.03020674195689490E+01
  4.36315933331792570E-01  1.59830856583684100E+01  8.39074756180383830E+00
  5.46155746035104350E-01  1.24808793158528000E+01  2.22762690643938190E+01
  4.11346310528290360E-01  1.92311256070015710E+00  6.29583950270537600E+00
  7.44650008855257360E-01  1.49904752432404550E+01  2.02075772454015170E+01
  4.68162992243922280E-01  5.83339884967117860E+00  1.15618922410925450E+01
  7.11073931023246340E-01  1.04169276755241430E+01  5.14564467724429610E+00
  3.02034441597155470E-01  1.43928554274374900E+00  3.35538699426178690E-01
  5.12509616084684260E-01  1.57792297359570540E+01  3.33739962952273660E+00
  3.40422717275118370E-01  2.93879124233767830E+01  1.47695780954833500E+01
  6.65634982039605120E-01  2.91567462094153240E+01  7.56602652013562430E+00
  3.75295693565172690E-01  1.71998170796238550E+01  1.75935729828373200E+00
  4.75626642073745920E-01  1.14835577617854590E+01  2.40072827516017600E+01
  4.72038094207023740E-01  1.52714521951126340E+01  1.52833573974963310E+01
  4.29902962432020440E-01  7.22123714585561420E+00  2.03618689177613210E+01
  5.68910711623079470E-01  2.17671903927976550E+01  2.53381467730375650E+01
  3.07263188066738420E-01  2.11700694976098000E+00  1.81153927719260680E+01
  6.10911033360540580E-01  5.15206089724286360E+00  1.68760277647313650E+01
  3.43353541919950760E-01  1.77143432357932480E+01  1.42241832706844720E+01
  3.15231116497538320E-01  4.78671557531327090E+00  2.59974132765659900E+01
  3.78068289465320630E-01  6.25408322059276770E+00  1.54450512368058420E+01
  2.54824432159977790E-01  2.94650549515211590E+00  2.78288878731168050E+01
  5.44558358435121190E-01  1.31078948198712380E+01  2.63999372595396480E+01
  3.56000803327192820E-01  1.19049774689087710E+00  2.60753470553388770E+01
  3.13454063710418570E-01  4.31743624177104300E-01  1.88942416460887160E+01
  6.12591031919131530E-01  2.43333174365145270E+01  1.09321874025274450E+01
  6.47236078597052340E-01  7.59675813924905800E+00  1.71513693763936740E+01
  2.65726189967390210E-01  2.90271505444018060E+01  1.60363154550108360E+01
  2.96653470797716330E-01  2.41074582923306690E+01  2.17456816791849260E+01
  3.45648959319623030E-01  2.38469184981702150E+01  2.35698718114313400E+00
  3.13454063710418570E-01  4.57927087251376900E+00  2.14261119715277240E+00
  3.39073066583844400E-01  1.37877707419555800E+01  1.06224464039104680E+01
  2.96256570285591500E-01  1.94283246761844350E+01  1.29963177235408660E+01
  4.19081387041561550E-01  1.94245873367219060E+01  1.66638066999957850E+00
  7.08391389715138510E-01  1.29399198966989250E+01  5.46355873943421690E+00
  7.16035261746952050E-01  2.56758536145177520E+01  8.14209875023011880E+00
  4.43133439323318520E-01  1.28549107102306300E+01  2.89052617188816650E+01
  2.73281005279713530E-01  7.21470443710078160E+00  2.53148565366126770E+01
  3.35017483125717060E-01  2.01587895738080260E+01  4.66828676630015680E+00
  5.09222041678605210E-01  2.90244064057286050E+01  2.32385385754933470E+01
  4.27719079604653450E-01  2.72156543853403750E+01  2.24487423370876020E+01
  5.81299825206354370E-01  2.23440971895756490E+01  1.34926554768826840E+01
  5.46155746035104350E-01  2.09891464626134860E+00  2.36196628504854060E+00
  3.05466220251299840E-01  2.37599815057751370E+01  1.51414408251790590E+01
  3.11838068626578210E-01  1.77528244249576890E+00  8.56713162172040120E+00
  6.27423008989955560E-01  1.55354022012556680E+01  2.88248387685379440E+01
  7.12424816007452400E-01  1.02282276559867410E+01  7.33730878175684430E+00
  4.41140732643827070E-01  1.90308128480942800E+00  4.56897407833495970E+00
  3.80273533482480450E-01  1.43604134196317400E+01  4.42571864924980400E-01
  3.29796701345061780E-01  2.48400862794185460E+01  2.16047673327505730E+01
  4.15252526658189590E-01  6.68812004911079860E+00  5.33319103289365340E+00
  2.59062449636064510E-01  1.40056620987364780E+01  1.11788887502742060E+01
  6.18419083689772810E-01  2.85749064341655160E+01  1.52774074134042160E+01
  5.04213456464067280E-01  2.21214636876118040E+01  2.26099260631600170E+01
  3.48156346672602490E-01  3.34201167166799970E+00  2.72751202373617510E+01
  2.89042915761794110E-01  6.69245534526578290E+00  1.91564560557662130E+00
  3.05466220251299840E-01  1.69467847771938940E+01  5.14280345736891760E+00
  6.49919166153384610E-01  8.12825446334308130E+00  1.46152501966656060E+01
  6.14379095469630790E-01  2.29278326479354320E+01  2.72927471919601920E+01
  7.00411917450214720E-01  2.19384469857863990E+01  1.74712000051601780E+01
  5.69344335137112000E-01  3.80886576681289990E+00  2.80626320528373160E+01
  2.57564851167384970E-01  3.02909048311305180E+00  1.46404660564837780E+01
  4.13050329149462850E-01  3.96585640662012560E+00  1.75372648515058330E+00
  6.18419083689772810E-01  1.03760375648052680E+01  1.00637844468246540E+01
  4.26523982883737140E-01  1.27647184921106490E+01  1.88070214029310030E+01
  3.78209123272245940E-01  7.43219253719100510E+00  2.40666279811963830E+01
  2.63055759251188670E-01  1.28811209138657060E+01  2.45205816540660740E+01
  5.00274833943758600E-01  2.16217350915499540E+01  1.16752533695884310E+01
  6.01687927537542500E-01  2.34177659523023710E+01  5.15802202815748690E+00
  4.86073626967704090E-01  2.18505488013927230E+01  2.75149552474434560E+01
  7.62474117278193650E-01  1.95759861154664990E+01  2.03762711651010770E+01
  4.87886881528419990E-01  5.16062492487453280E+00  9.27752772865712320E+00
  2.99038091422116640E-01  4.19927414758432690E+00  4.39574168734932250E+00
  3.50974061745161330E-01  8.40572406967863370E+00  1.55986152471885650E+01
  6.10572080928614460E-01  1.67627884055717120E+01  1.42876324964927090E+01
  3.01731430220296380E-01  7.76122438778631810E+00  1.54945078895539070E+01
  2.59062449636064510E-01  2.01668992020827000E+00  2.34517115165303170E+01
  6.99477888048091770E-01  6.13521691670094520E+00  9.95543007805717470E+00
  4.41666133880560000E-01  2.70897531948232170E+01  2.00611044078010040E+01
  6.86210935380316480E-01  8.31039180203415210E+00  2.57343741284344100E+00
  5.27425300578987690E-01  1.46407720456197710E+01  1.04713645938614520E+01
  7.54505484792745040E-01  1.71325757964746610E+01  8.76259452815993360E+00
  4.11696508529454960E-01  5.34509099230228820E-01  7.45344535700343690E+00
  6.26517897412854200E-01  1.70305410768978400E+01  1.74480635000467360E+01
  5.72142532162989690E-01  8.89541949672394420E+00  1.46219672868704680E+00
  3.47451934045076260E-01  2.09849901338898310E+01  1.98283389887860050E+00
  2.57564851167384970E-01  8.34683627760965940E+00  2.41215437591092940E+01
  5.33859136323620030E-01  2.45385333213412910E+01  1.85370956329600210E+01
  2.69169509893181310E-01  1.07511607978572600E+01  2.28518727095756910E+01
  4.24351701398837560E-01  2.40398503500840480E+01  2.77613934277939340E+01
  3.11762329988951370E-01  4.12559191255825830E-01  1.45537557595057990E+00
  3.50974061745161330E-01  1.10013782873151910E+01  1.22278778623478690E+01
  2.66929568161810020E-01  1.08132490839281490E+01  1.58011422980390910E+01
  7.20816873845379820E-01  5.55602959310013840E+00  5.41292834544061120E+00
  4.22201084465533680E-01  2.03213052929258970E+00  7.88154670705699890E+00
  3.09209541844886400E-01  1.94273993127641550E+01  1.22885961749218020E+01
  2.62213147743524950E-01  9.98525623203603270E+00  2.73833135340001060E+01
  7.60411681679863700E-01  2.74763635729528270E+01  1.01752874979060650E-01
  6.67521681419926690E-01  7.60657245489367200E+00  2.90914274746720980E+01
  4.37954134865551840E-01  1.33130797051842220E+01  2.29112212062023520E+01
  7.16654247500547470E-01  1.56888254520510040E+01  1.74868915323652560E+01
  7.12424816007452400E-01  1.11906981084426160E+01  8.38691913014880260E+00
  3.61198882346046800E-01  5.45168629828832780E-01  2.40626555503526840E+01
  3.82245446386266610E-01  1.61721321325560690E+01  2.45320389916103850E+01
  3.58737518624021320E-01  1.12683424916371210E+01  2.73603134738907730E+01
  5.81547682683179710E-01  2.11948228260430870E+01  1.33201505539246960E+01
  4.21963532045373490E-01  9.18491897924526060E+00  2.61913255862903930E+01
  3.12648490279368120E-01  2.17791019139614160E+01  2.40962966108793600E+01
  3.25036994184950640E-01  2.92828121322388920E+01  2.92859274143893080E+00
  3.83290088603488770E-01  1.25456377922401640E+01  2.32024767090727760E+01
  2.93443024193560210E-01  2.01884602256256900E+01  2.92648499188797260E+01
  2.66929568161810020E-01  1.83727930936448800E+01  1.69148443685987360E+01
  2.99038091422116640E-01  1.39596492764805780E+01  2.07114468025565910E+01
  6.00040109246873770E-01  1.88060098663494660E+01  2.52909804494631660E+01
  7.14535578675763720E-01  7.65890502994160280E-01  4.36764122876367190E+00
  3.06898385793053400E-01  9.07685701990620510E+00  1.70635773798357310E+01
  3.45648959319623030E-01  2.76673414570648650E-01  2.47150455538346850E+01
  3.87046365911375680E-01  1.23430429886475290E+01  2.39444927321140110E+01
  6.56539952722306990E-01  7.19550529324165740E+00  1.37009920948346910E+01
  5.07436062422724900E-01  1.34291170707543460E+00  1.28264986243925390E+01
  7.39270392714900380E-01  9.14414676670535620E+00  6.37241131833033500E+00
  5.38024295323284910E-01  6.97029472036974250E+00  1.48740067571189310E+01
  7.33199636544987770E-01  5.89729799653603770E+00  1.41961423058954760E+01
  6.31923671661538840E-01  2.26742283506548650E+01  6.86768039076395720E+00
  5.72951670348821020E-01  1.75813838161610860E+01  2.67280729293519210E+01
  6.40456937776772590E-01  8.17809807006215910E+00  1.06914672334435220E+01
  4.77241894706072770E-01  7.15032018421663110E+00  2.52813072238023380E+00
  7.64764367446448820E-01  1.96334478536718640E+01  9.01832811544762340E+00
  7.16535845940979770E-01  1.73919353334478540E+01  1.95973716019402390E-01
  3.10705613459761840E-01  1.90333453075953010E+01  1.63224145077224850E+01
  3.89901968262705180E-01  1.39195351948682580E+01  2.23483594071722500E+01
  7.15011499502423580E-01  1.18339694542565410E+01  1.15632345120911350E+01
  7.60297905848187840E-01  1.50642550840596650E+01  4.43491517181914930E+00
  2.65726189967390210E-01  8.50733089780787570E+00  1.71083539432327640E+01
  4.53492046339069340E-01  1.84782787342924840E+01  1.44487046985633860E+01
  5.18725390566230620E-01  2.04652136454080240E+01  2.12978922582958920E+01
  4.24020504903543660E-01  2.21489833634152080E+01  2.06033381464418850E+01
  5.17634268500846420E-01  2.44756310670513990E+01  1.46534320359885830E+01
  4.54567147313974470E-01  1.79254085129249350E+01  6.72168750890120230E+00
  3.65965634987757580E-01  1.96492496698720380E+01  1.85243894846472300E-01
  2.96256570285591500E-01  1.28671601561764600E+01  1.18227595061185080E+01
  5.50543265074639000E-01  1.76076847890928010E+01  1.51104389233770250E+01
  4.46540105696671490E-01  9.87444702371549350E+00  3.61063219886678870E-01
  6.47236078597052340E-01  1.89217374535038690E+01  2.24061121555240530E+01
  4.82769235883485770E-01  3.80912141001962650E+00  3.67391462800282920E+00
  2.97529618718302210E-01  2.94365592064165470E+01  2.50748717959242460E+01
  4.13811620468168510E-01  2.58467925438853110E+01  1.80329429210220300E+01
  4.87785457169642190E-01  8.37862522414421380E+00  4.71312644805282770E+00
  3.41778742319800830E-01  2.53950818054136110E+01  2.77703680147577980E+00
  4.05793634226126800E-01  2.26497901396839900E+01  9.46987482332777120E+00
  7.14516279726398110E-01  3.51318891705365570E+00  1.69983028653173170E+01
  3.71799304162545760E-01  7.77335538572968150E+00  2.19638968419925680E+01
  5.77820253962530560E-01  2.22629106047680690E+00  1.71013838807416430E+01
  4.75626642073745920E-01  4.68917312929449270E+00  2.15149543497134380E+01
  5.46562010559427060E-01  2.43734776201761390E+01  2.89252197205187930E+01
  3.29506256422424390E-01  1.12100972934552400E+01  1.05135807766831460E+01
  2.62213147743524950E-01  1.33412376099784160E+01  2.03669725669448630E+01
  3.63105686475124490E-01  3.17973854373847780E+00  3.10939609669778470E+00
  7.08391389715138510E-01  1.54510480772426230E+01  2.24130567396886600E+01
  4.26578460793149810E-01  6.58584109542609570E+00  6.16715281617082670E+00
  6.08873319065221350E-01  2.49638233870233640E+01  2.34809964949482610E+01
  5.39466591144820300E-01  1.13141949107098050E+01  1.74880364911293000E+01
  4.66553963192992600E-01  1.78826879783513600E+01  5.04578444236495470E+00
  4.82771447840326400E-01  1.75562452329325180E+01  7.60013512011080380E+00
  5.13004586318856950E-01  1.63017880415368990E+01  1.32294548620162050E+01
  3.17084428049163950E-01  4.79971646060230040E+00  4.53493561835413580E+00
  3.50974061745161330E-01  2.43421829811373130E+01  1.55117155537930240E+01
  3.82382183723224410E-01  1.74985834934205970E+01  1.08656091853498750E+01
  3.77759649416993960E-01  9.29076466499385310E+00  1.23339360416634790E+01
  5.74203886104520670E-01  1.18196287904526880E+01  1.64956902914293800E+01
  4.11346310528290360E-01  4.28700681885831080E+00  1.23781064238995030E+01
  5.06367095649294540E-01  1.38715087931297310E+01  9.78163344679694370E+00
  6.01687927537542500E-01  1.68445575842895430E+01  1.00860441082174910E+01
  2.49794182180603610E-01  9.14106288510441620E+00  2.22966594878018360E+01
  6.11481049571092420E-01  6.82239768008712220E+00  1.81410738250320310E+01
  5.03927515451986880E-01  6.31452087833096960E+00  2.05841358717952050E+01
  6.35485889077753010E-01  2.61465468165834490E+01  2.05804109573381990E+01
  2.99038091422116640E-01  1.35193331362891790E+01  1.97930202474557880E+00
  4.22541054278063120E-01  1.95771227893837330E+01  2.45465399309505190E+01
  3.05466220251299840E-01  1.65834704166581410E+00  1.51420597819136440E+00
  2.62213147743524950E-01  2.75973190282260150E+00  1.63785681809300740E+01
  3.61769499680632390E-01  1.12221420035914580E+01  3.07406247136100760E+00
  2.47647088603063280E-01  1.95834683233201190E-01  1.19880087986771850E-01
  3.11155895623034430E-01  1.92255051670667390E+01  5.98529991746014910E+00
  2.66929568161810020E-01  2.69909809904731260E+01  2.31120622168126250E+01
  6.90395435464654740E-01  1.82644301779146790E+01  1.73925228922999620E+00
  2.96503602823160150E-01  2.75536991940212170E+01  2.30884177808025330E+01
  6.57722721512726150E-01  7.33727511100903750E+00  1.23948924535953200E+01
  7.24777883420223110E-01  2.74051120336349430E+01  9.42285395591334310E+00
  5.48279863025970290E-01  3.54930999855403020E+00  6.95201448748896130E+00
  6.40748513009616880E-01  1.06229049168723580E+01  2.27255309458917850E+00
  2.56092450391898300E-01  2.93645627002449140E+01  2.90103406183568810E+01
  7.17499092254363010E-01  7.60815487640860330E+00  3.78697148959412200E+00
  4.66141488621800890E-01  1.89543690379376560E+01  1.16754925826394530E+01
  6.33759023001558490E-01  7.26467850364333150E+00  2.78374028169597980E+01
  5.48279863025970290E-01  5.68832415281772000E+00  1.79034002509154750E+01
  4.19081387041561550E-01  6.37792153113129330E+00  1.28321804854341190E+00
  5.70902198024309190E-01  9.35355323828770580E+00  1.94879185239750610E+01
  3.17950877609215300E-01  8.50582246223602570E+00  2.07761664391325670E+01
  5.96963967672292380E-01  8.79619510151755970E+00  1.79211861443177620E+01
  6.18832453479690690E-01  2.23107604025310490E+01  5.67125801333297020E+00
  2.63339374245984010E-01  2.81342675182001760E+00  1.16293988718448970E+01
  3.55036581058269410E-01  1.92632738313755990E+01  5.32143619521153430E+00
  5.84913004272127690E-01  1.88704494513359580E-01  1.00879737518304060E+01
  5.77235448209733180E-01  1.15791567052444910E+01  7.15786919141122800E+00
  5.01105313190319460E-01  2.44755751360852190E+01  1.35662047784330500E+01
  3.83598938984435380E-01  2.63617597583745890E+01  1.74258392148574830E+01
  5.98360795606824340E-01  2.48902618331613110E+01  5.26977177672475780E+00
  3.41778742319800830E-01  2.50017679422651820E+01  6.20297119437925030E+00
  3.29796701345061780E-01  1.55168425480084160E+01  1.11257942808192640E+01
  3.84420431658369740E-01  1.46591304696416580E+01  2.94314572630963870E+01
  4.91872428060923640E-01  5.17505749480102130E+00  2.52899925948620140E+01
  2.93443024193560210E-01  2.41725938151976400E+01  1.18232367562151750E+01
  5.81299825206354370E-01  2.16940638581590800E+01  9.22509714087654760E+00
  5.68243553274813350E-01  2.11014266711633520E+00  2.61535240001997630E+01
  5.39001667068871980E-01  5.15136314539027930E+00  8.25087661742572110E+00
  7.01587183784351610E-01  2.71927769795891410E+01  1.85696875314115180E+01
  4.45239477383046460E-01  1.81997494628688270E+00  2.89295540356101810E+01
  5.39001667068871980E-01  1.41658332648068690E+00  7.09977614546486360E+00
  2.86134314477376340E-01  1.39726351284687720E+01  1.61002260765817160E+00
  7.70254277643880240E-01  1.27352713289360510E+00  2.71977112821887810E+01
  3.45648959319623030E-01  2.62451657982476970E+01  2.71593887741313190E+01
  3.39481361119070080E-01  5.86599943533538770E+00  6.42688230355573790E+00
  3.04461637453634990E-01  2.03886285282496150E+01  1.82081576593168610E+01
  5.20369884994360540E-01  2.04898511341897770E+01  9.97458403268019640E+00
  2.65726189967390210E-01  8.84313994153927750E+00  2.55666829286044360E+01
  6.26908127420837150E-01  2.68956412435154210E+01  7.58152240902113220E+00
  3.48480710258510130E-01  9.74254140554433690E+00  1.82208292359116350E+00
  2.96653470797716330E-01  1.82365428860659620E+01  7.53224109442736990E-01
  6.31923671661538840E-01  6.64102071446504550E+00  2.66802062738720380E-01
  4.09705559579089850E-01  2.86334172186792060E+01  2.83826364818141630E+01
  6.72499163702481620E-01  1.92998445630328170E+01  2.88883250353773700E+01
  2.84029264846615530E-01  1.12734278598473810E+01  3.71695928723631490E+00
  5.34631033075580400E-01  2.10765210168687820E+01  8.29627329871158640E+00
  6.17076625982510940E-01  1.35921773189921070E+00  1.88212001931890280E+01
  6.55074006360275090E-01  1.85348487009867850E+01  1.83177116135347300E+01
  5.46562010559427060E-01  2.87777988920335020E+01  1.90396877386432180E+00
  5.17626013175185660E-01  3.95000526442145450E+00  2.68400608255594710E+00
  5.82207618145930890E-01  2.32920293572047900E+01  1.28197404600331880E+01
  5.98268629341587580E-01  2.75054856021105110E+00  3.96850126436386660E+00
  5.34553382826858140E-01  1.10216021893433980E-01  2.24429139967597280E+00
  3.76753951196820710E-01  2.39003964598330790E+01  2.57409479828353440E+01
  7.52518120402026810E-01  1.10897796549806260E+01  2.84563330693129400E+01
  4.81368497469048420E-01  1.79255601868058210E+01  1.01152690391096630E+01
  6.47413426355271770E-01  3.08696718004792550E+00  8.05342655624399480E+00
  3.05466220251299840E-01  1.01026256457090750E+01  1.90340562575166280E+01
  4.46689977500956030E-01  5.31459984146785570E+00  2.21919404802469310E+01
  6.18566685513849460E-01  2.24466506229194710E+01  2.11927529479716270E-02
  5.36592099856838090E-01  6.49956651801187580E+00  2.69524733182144230E+01
  5.09574347305064630E-01  2.29573524104589520E+01  1.94632664103206070E+01
  4.92328788949218680E-01  9.06932536614654160E+00  2.39242043425360900E+01
  4.83351594707823830E-01  1.25152887915902480E+01  1.79340982835430120E+01
  4.40650972415989980E-01  4.34456248866356190E+00  9.72011291316410640E+00
  6.10911033360540580E-01  1.76280694685024830E+00  1.17929257547613740E+01
  4.34172467284937990E-01  1.69256734487562070E+01  2.48458713423581410E+01
  7.03188417218805210E-01  1.58823050165236810E+01  1.20902909110623790E+01
  2.92799561075502800E-01  1.17040000900262650E+00  1.99109105661837380E+01
  5.68243553274813350E-01  1.37073699970304350E+01  2.94475877777117570E+01
  4.60682082706054620E-01  1.31771666596700640E+01  2.37984600916812820E+01
  6.41715074739605920E-01  2.36786461037431830E+01  1.62500387537422420E+01
  4.55206736325743130E-01  7.46779787667555880E+00  4.95060840071232460E+00
  4.22201084465533680E-01  2.58565611710246480E+00  9.55254920659798220E+00
  3.63079661055833470E-01  2.86722466969367350E+01  2.64369629295641890E+01
  2.63055759251188670E-01  2.77518730579856480E+01  3.29948745753064370E+00
  5.32877675645020420E-01  1.03877402812445110E+01  1.40418081363450450E+01
  5.77235448209733180E-01  1.15905293796408630E+01  2.29610905108523900E+01
  4.09775903561979240E-01  2.16046942908592210E+01  1.53301200346952680E+01
  6.93187364831086050E-01  1.07812918425072010E+01  2.49396992900790160E+01
  4.30054269381220950E-01  2.39748266337913560E+01  4.20522548969836670E-01
  5.07436062422724900E-01  2.57950217499722570E+01  5.90252641381420150E+00
  2.49948351789403130E-01  1.64709775450857240E+01  4.83716545386200280E-01
  3.16022212934137680E-01  1.13900963548036300E+01  1.57170232276856100E+01
  4.72818350263822220E-01  6.28369711711045480E+00  1.30174407719102800E+01
  4.46689977500956030E-01  5.98389738068688180E+00  1.62242269894974060E+01
  4.74581552528920360E-01  1.61676195093167260E+01  5.13311470211691120E+00
  4.86590143357422540E-01  1.05494028818496530E+01  1.83809759903818990E+01
  2.73281005279713530E-01  3.52514030192251090E+00  1.60101055715221640E-01
  5.20515140446715560E-01  1.66811791066511470E+01  2.88761629648668720E+01
  4.13811620468168510E-01  2.42429837826359180E+01  1.25264025118010360E+01
  3.81419328643079860E-01  1.29197133825220550E+01  1.03747355041787470E+00
  4.05593309893122810E-01  1.87448445837402030E+01  9.77825389997927450E+00
  5.85380732291966590E-01  2.86179905922447620E+01  2.73885234774838790E+01
  4.06599624824484800E-01  2.64316341065298270E+01  1.09803140856628780E+01
  6.40456937776772590E-01  9.24865106506660160E+00  2.13806614039770370E+01
  4.75626642073745920E-01  7.97162923427602440E+00  9.59480581421618520E+00
  5.09222041678605210E-01  1.37634889870905200E+01  3.50712286921581430E+00
  5.77820253962530560E-01  2.03449458664881530E+00  1.98055169729653680E+01
  3.80273533482480450E-01  2.27185418459704390E+01  2.32612564892948510E+01
  5.01406606281285510E-01  5.72612458694329970E-01  3.16937949496239120E+00
  3.59079136884617700E-01  1.02467930107039580E+00  2.86032267887341550E+01
  5.94092381958372510E-01  2.42196247380358860E+01  2.48255708274311790E+01
  2.54611020839302520E-01  2.74528312751388090E+01  2.72501112235926720E+01
  4.99223721401470310E-01  2.09665366702880360E+01  1.08742786708014630E+01
  2.54611020839302520E-01  1.32423923701702680E+01  1.03888481389264020E+01
  3.20574425314766210E-01  2.29103783716352670E+00  1.32480636716742400E+01
  2.85767805251094040E-01  2.73738989459348650E+01  2.79768028283350820E+01
  2.54611020839302520E-01  2.27216337207974490E+01  2.39270498607349640E+01
  4.12246671516209600E-01  2.58227672669308640E+01  2.55022634638992400E+01
  4.41298336829792340E-01  1.70255800747609460E+01  1.20521449745003370E+01
  7.09985914168247060E-01  8.73067120450228980E+00  1.92395065693744980E-01
  6.80956647410425740E-01  8.75375467289863000E+00  7.73668238382319820E+00
  4.75338540515479570E-01  1.27348228908735840E+01  1.70039018093256940E+01
  7.49588614928249000E-01  2.63357654625016120E+01  1.62936751720228980E+01
  4.74033319401206570E-01  2.78620770195481310E+01  2.66473056829444060E+01
  5.20515140446715560E-01  1.10660484943936130E+01  2.13829472724370010E+01
  5.48131117613959250E-01  1.83802077877942760E+01  8.39079756552282600E+00
  3.46733456860136300E-01  6.64140506897837210E-01  5.42756330919065460E+00
  6.97384645011991290E-01  2.12377707903284900E+01  4.90962174826977550E+00
  3.78209123272245940E-01  1.81377337583422790E+01  9.28349623202193540E+00
  3.82382183723224410E-01  1.60802908196072530E+01  1.50087658165396180E+01
  4.46537248270915300E-01  2.94052987669205980E+01  1.10022826283283130E+01
  6.08690451339190200E-01  1.04497484005309800E+01  2.36808455258348260E+01
  2.59062449636064510E-01  1.03462284057199940E+01  1.55591553165981860E+01
  4.43756654693070110E-01  8.47512649239776290E+00  8.82579146475080730E+00
  3.18942867500738640E-01  2.94777748494354200E+01  1.39563096047889540E+00
  7.16535845940979770E-01  1.49157031251986240E+01  7.92510948327451550E+00
  4.62836237406567810E-01  1.30598490373003720E+01  2.53953783088088340E+01
  6.97384645011991290E-01  2.28555016233730480E+01  2.59842822190832940E+01
  2.47647088603063280E-01  1.47246555287899160E+00  2.81954009087437390E+01
  4.05793634226126800E-01  2.09879737215870460E+01  2.73578992236283010E+00
  5.37364664263313330E-01  2.76444719991813410E+01  1.60861177345281090E+01
  5.72881440675418570E-01  2.01558517818643850E+01  5.57486500835702790E+00
  5.04213456464067280E-01  1.70897589455474870E+01  1.61696913883253540E+01
  3.86557871019070410E-01  9.52636944286372870E+00  2.69250777854677920E+01
  5.62178328188990490E-01  1.37088666852335410E+01  1.85184893572952480E+01
  6.41715074739605920E-01  2.60852284190828390E+01  2.65017966424789720E-01
  4.54567147313974470E-01  2.54580240852968440E+00  2.44290576909934600E+01
  3.97011970696729720E-01  1.38227424726996980E+01  7.71741894455633750E+00
  3.99477862283745790E-01  7.83246145040984750E+00  1.81707523374559160E+01
  5.15931587153482510E-01  1.65581393193709340E+01  7.63166800037552480E+00
  5.98026541173087530E-01  1.62279798987718030E+01  6.20277219949486640E+00
  5.94917806945655060E-01  2.48681033603759970E+01  2.58210236044341280E+01
  3.86557871019070410E-01  8.51861616065163040E+00  2.21005907616840100E+01
  5.52347772924787250E-01  2.88195992980583990E+01  6.39763069460789420E+00
  4.05793634226126800E-01  1.44070030796167360E+00  1.49623496911904720E+01
  4.66753989857397040E-01  3.59944507492067740E+00  9.54308134076866920E-01
  6.77666041374141330E-01  5.19869164291860300E+00  1.54206823428848030E+01
  3.23306573977224420E-01  2.08546033937566970E+01  2.75874929069213370E+01
  6.88340418185590860E-01  1.39011422375392830E+01  2.73426354622612950E+01
  4.11696508529454960E-01  2.34825090749093980E+01  2.14135480586404510E+01
  4.03052389307286420E-01  2.33504443641091160E+01  2.82168118439694310E+01
  2.97529618718302210E-01  4.70877085586950810E+00  1.54601297623681620E+00
  3.13090147150790890E-01  1.18670962444954710E+01  1.18904469435577200E-01
  5.01435669612667030E-01  2.55128599923903710E+01  1.88840578911521040E+01
  5.26482748420329030E-01  2.48056925355038290E+00  7.04844585971475190E+00
  6.75156127532392600E-01  1.49549396281716170E+01  9.31242986429374930E+00
  7.20816873845379820E-01  3.29699201654275460E-01  1.35180575753545540E+01
  5.30006102735105960E-01  4.92256883148399640E+00  3.06947622788244430E+00
  3.43353541919950760E-01  1.41476281933969260E+01  1.77278755995402580E+01
  5.32877675645020420E-01  1.07196474854502510E+01  1.65959934348804770E+01
  6.44956217916396120E-01  1.19379299935081120E+01  2.66142330980980190E+01
  3.55036581058269410E-01  2.35306143478390020E+01  1.19136447638589050E+01
  4.30054269381220950E-01  1.67125018786573240E+01  1.11870041010062680E+00
  4.93734512940847830E-01  1.99576893164719880E+01  2.69903963731521880E+00
  3.42409596243210680E-01  1.38854178604022880E+01  2.00763703456309770E+01
  5.58952633370732950E-01  2.87892641398705250E+01  1.17961012863574200E+01
  4.49954956992444630E-01  2.94647645643844780E+01  3.68183163876613940E+00
  4.11346310528290360E-01  1.94732401253743890E+01  3.46183520475374440E+00
  4.72818350263822220E-01  1.27551727914267940E+01  1.87516826296527410E+00
  5.00672486592370710E-01  1.86945580463703640E+01  2.12803962122150590E+01
  4.15334611176110170E-01  2.95143493507789930E+01  1.72359993876213120E+01
  7.70254277643880240E-01  1.35371939292980460E+00  2.19636083020766680E+01
  5.32262962461145860E-01  2.48705341224283600E+01  2.07916512713329560E+00
  4.01880163826280960E-01  1.52566176532967560E+01  6.43895776423121720E+00
  7.41720708060832300E-01  1.17672386209080400E+01  4.61483203454366820E+00
  3.01674668393272730E-01  3.20970955429776340E+00  1.11584356050877620E+01
  2.66929568161810020E-01  1.07578623600738760E+01  9.26522678859688400E+00
  4.15334611176110170E-01  3.23559218849801460E+00  2.23658435885184800E+01
  5.20369884994360540E-01  1.80639497252401070E+01  2.04791434174971630E+01
  2.84672167568555990E-01  2.68607421701846650E+01  2.82308856450608520E+01
  5.18912146576496980E-01  2.96749044334095300E+01  1.55955075446862600E+01
  3.90540239164096370E-01  1.26255700232932980E+01  6.63024980407669600E+00
  3.63079661055833470E-01  2.74320138494793790E+01  2.16883062680822220E+01
  4.73113776075054650E-01  5.55052281842163890E+00  1.99750390872152930E+01
  5.55687039951364880E-01  4.20900367490227630E+00  2.70123384555844870E+01
  6.97384645011991290E-01  6.38864061291320070E+00  2.38108985969933330E+01
  3.54092873053847420E-01  2.80048749134894380E+01  2.88141347444118100E+01
  7.37991961479508610E-01  1.54848707282292980E+01  4.96426012756690760E-01
  5.10790949981952740E-01  2.80626657071824790E+01  2.10835666695605470E+01
  7.03918080384424090E-01  1.76403321774945140E+01  2.18597611186373300E+01
  2.69326463995374250E-01  6.89749914347253590E+00  1.90357592773842870E+01
  5.39922025342825940E-01  1.94621091142699500E+01  1.90788395664324070E+01
  5.39922025342825940E-01  1.43835935545033780E+01  6.78920395329591560E+00
  3.52682444144397330E-01  6.31924653910556790E+00  4.66080197154469470E+00
  3.17084428049163950E-01  2.33016554311878960E+01  9.16081731024576130E+00
  3.92511582998476170E-01  1.96781993314580430E+01  2.68491793117013700E+01
  2.92799561075502800E-01  2.02274932436485990E+01  1.35192828096954990E+01
  3.63105686475124490E-01  2.03849169021565440E+01  1.97279804762409580E-01
  3.25036994184950640E-01  2.31259864427638460E+01  6.75106317127802670E-01
  5.70902198024309190E-01  1.86918789440462910E+01  2.64548306689726050E+01
  6.18138908065390960E-01  2.45741175929274930E+01  7.39027691093028590E+00
  3.10705613459761840E-01  2.68113009174476250E+00  1.78638147387411440E+01
  6.99092076263204730E-01  1.67116725718598000E+01  2.76563139560153100E+01
  4.40295189098215370E-01  2.19188782337284810E+01  1.25662128404340660E+01
  6.52034765531911640E-01  4.48984296878914440E+00  1.79506073163819200E+01
  5.12628979659419230E-01  4.21298141478855740E+00  7.77858797195425030E+00
  2.68569610726517900E-01  7.23711657979707910E+00  8.67729565955746020E+00
  4.41473589537221400E-01  6.86189212833552990E+00  1.63497570269005160E+01
  7.41623060643924430E-01  5.28141392348410310E-02  2.80885422723145520E+01
  2.49794182180603610E-01  2.43726307111895470E+01  1.77725214974269010E+01
  3.44856808658559500E-01  2.49829535178947710E+01  2.67529407891754010E+01
  6.83701617051292750E-01  2.64323716396015240E+01  1.48644702476374440E+01
  7.19599311285852310E-01  1.43816020871798870E+01  2.33556989535770260E+01
  6.67521681419926690E-01  3.46235249359482110E-01  6.39187147298855330E+00
  5.40946473112310590E-01  2.54609532305623850E+01  2.89384396878350930E+01
  3.83579206291793930E-01  1.25522665976520860E+00  5.86656587380953280E+00
  5.04339573614743570E-01  1.70875590910454060E+01  2.07870243474903800E+01
  6.35523375007872900E-01  1.37276613443643430E+01  1.22026445322234650E+01
  3.44905765886116280E-01  7.64408483267720400E+00  2.57588257696647920E+01
  2.65726189967390210E-01  2.94798415250136290E+01  4.39637937323959530E+00
  4.87785457169642190E-01  5.01926978991743860E+00  1.03562635048238810E+01
  3.71299762957800540E-01  7.31767356422672590E+00  1.01327153947096140E+01
  4.13811620468168510E-01  2.02390088498802640E+01  1.83805976706973870E+00
  5.69423614487483490E-01  2.16879393055955280E+01  2.64730943577016900E+01
  5.83429036676414100E-01  1.99159895798923190E+01  2.77942452504901640E+01
  5.30006102735105960E-01  1.79843482730825780E+01  1.18998990544943020E+01
  5.16710955738981780E-01  1.84057759000084930E+01  5.87762610967455060E+00
  2.65726189967390210E-01  1.52409678264015760E+01  2.55964796918065400E+00
  3.18942867500738640E-01  1.40062500106223450E+00  5.18046130712459350E+00
  3.23881608201221470E-01  1.47999856422977200E+01  1.24388484708698610E+01
  3.54092873053847420E-01  1.99485511240630550E+01  2.52266303164707570E+01
  5.12509616084684260E-01  2.20919237620415810E+01  8.04171378225520960E+00
  4.99223721401470310E-01  2.44735352526065820E+00  2.28276963040484660E+01
  2.56092450391898300E-01  1.72864522038367310E+01  2.38465994259769910E+00
  5.45765227979075810E-01  1.91436501753210710E+01  1.71709152735697440E+01
  6.94010183176834960E-01  1.51157481954897240E+01  1.87749062447914850E+01
  3.57201130995523370E-01  1.13613647453297480E+01  1.60379477816060770E+00
  5.25895496843049500E-01  1.18811986657637530E+01  6.09707576534808830E+00
  5.10790949981952740E-01  1.55926797444957190E+01  2.57577816424982020E+01
  4.89717368181109780E-01  1.03717425394562320E+01  1.97815415250560140E+01
  4.82769235883485770E-01  2.86518724186158660E+01  2.02093588598184440E+01
  6.93278360304079300E-01  5.37233368170696670E+00  8.10744065364664660E-01
  3.35017483125717060E-01  5.73727394173776610E+00  1.24031949164109430E+01
  3.26514001167033020E-01  4.38528082151299530E+00  5.02571104284975600E+00
  4.75880684447443510E-01  8.31488503340263740E+00  2.81941934453207990E+01
  4.22354771203238230E-01  1.70564933077680190E+01  6.83781689800337840E+00
  4.11966131227655820E-01  2.16904188210260430E+01  7.20984697503028120E+00
  7.30946391186454210E-01  9.54364663887052520E+00  1.61390180398228940E+01
  4.22201084465533680E-01  3.98579944018217030E+00  1.31552647127205800E+01
  5.15931587153482510E-01  2.52091325287012820E+01  9.29153611635579860E+00
  5.52347772924787250E-01  1.09285896832627610E+01  1.49825884019429160E+01
  2.49794182180603610E-01  1.74461993276024250E+01  1.17440189216800730E+00
  4.50103975287380020E-01  2.36548710677640730E+01  1.24008512817864980E+00
  3.61769499680632390E-01  6.54975782498354690E+00  3.98703273679039950E+00
  2.77147605524350650E-01  1.70289605415150720E+01  2.55493092009533460E+01
  7.64764367446448820E-01  1.75723330069734800E+01  1.31266616647381580E+01
  5.71326189973923350E-01  7.02772561659516890E+00  2.13875912966019190E+01
  4.07877171249442140E-01  3.27516488821407270E+00  9.09088781594642190E+00
  4.46540105696671490E-01  1.53751785099514110E+01  5.60015097572661260E+00
  5.07606992315717240E-01  4.34446051316410210E+00  2.37005766516479000E+01
  3.01731430220296380E-01  2.70133661570037380E+01  2.69096363352384280E+01
  4.32382463464541460E-01  1.07461102035211950E+00  2.93919443763409620E+01
  3.25762576013666160E-01  1.46633238933347430E+01  1.73030996378370890E+01
  6.24920360555607160E-01  4.30966187759979570E+00  1.97725981400642890E+01
  7.38532964590205680E-01  1.61556138059991850E+01  2.14498131793138880E+00
  3.92511582998476170E-01  1.95616555088422640E+01  1.36773124884218070E+01
  2.97561439636419770E-01  2.22272510473581340E+01  1.89112356142134810E+01
  3.46434506905438330E-01  2.06661313453744670E+01  1.62169558189955860E+01
  5.89502618647478990E-01  2.53804772422430420E+01  2.46043752096334100E+01
  3.32399546609116130E-01  4.45205562405040480E+00  2.45327399254816850E+01
  5.77649046292645880E-01  1.43717076512486820E+01  2.85151131004693820E+01
  4.31729360191427780E-01  2.54588744078879540E+01  6.82579118096007060E+00
  3.17950877609215300E-01  8.75111502756080740E+00  2.88572301400538360E+01
  4.75880684447443510E-01  1.19845684029069960E+01  3.41808256889246920E+00
  3.91816801400439550E-01  2.56597369369416630E+01  1.11814318602985260E+01
  2.50163292655703180E-01  2.11876787692139170E+01  2.71214702805592760E+01
  3.42074681651230290E-01  1.05801106966628670E+01  2.74887607491161530E+01
  3.50974061745161330E-01  4.61283707697778670E+00  3.89392259604876970E+00
  6.18566685513849460E-01  1.20915183690437950E+01  2.49168507091904910E+01
  3.24719866931951940E-01  1.21645199248485380E+01  2.85229597436355600E+01
  3.57201130995523370E-01  2.73057938821202340E+01  2.86907574645916980E+01
  3.13090147150790890E-01  1.80079559121415790E+01  3.27115528292869980E+00
  2.58355477869490890E-01  1.50771502266825300E+01  2.80671751162922090E+01
  4.83351594707823830E-01  1.92464932199975540E+01  7.83316142957862290E+00
  5.48463672908306780E-01  2.60940469395695090E+01  2.37195717366641150E+01
  4.24351701398837560E-01  2.86958179005399480E+00  4.43953103433398420E-01
  6.80557430527969220E-01  1.03174778286657190E+01  3.59152762682823210E+00
  3.73125396709624990E-01  2.36718685430586500E+01  6.98132957159456600E+00
  6.77808113742920780E-01  2.36928553906682350E+01  2.36699333510591110E+01
  7.67512613708393760E-01  7.56388292829985430E+00  1.31855643731600170E+00
  4.76544583128828500E-01  9.23097056390622230E+00  5.16051394185946680E+00
  6.97738347479756800E-01  1.94573293988257130E+01  1.06194608945689260E+01
  4.49545157175862540E-01  8.39364767595546900E+00  1.63990308512485970E+01
  6.25336422111717830E-01  2.60177762906756730E+01  1.24599770609106280E+01
  4.99487474973056500E-01  4.58090050446551800E+00  1.41566438693872460E+01
  6.67521681419926690E-01  2.41044246091769750E+00  2.09915405799086230E+01
  3.44170209092795430E-01  1.16234976889707780E+01  2.20413963695575640E+01
  4.01880163826280960E-01  2.76145267246985210E+01  8.31669285716009200E+00
  5.95035019805102560E-01  2.23956352005804110E+01  1.23306403858649970E+00
  5.20348764567513020E-01  1.26981445756435130E+01  1.62200214372639100E-01
  7.44845164893703690E-01  4.81094714649315590E+00  6.67376455107511820E+00
  6.94010688862415210E-01  9.45528637233121390E+00  1.10779254830961820E+01
  4.00156705760987560E-01  5.97228691941528390E+00  2.48748369711443760E+01
  6.57722721512726150E-01  1.49153428337291190E+01  1.63532445723727380E+01
  3.61198882346046800E-01  5.29945543990477400E+00  2.88921817451650540E+01
  6.07167866036927160E-01  1.50825009835459390E+00  2.41515311753072910E+01
  5.81677556670477180E-01  8.43098688819775080E+00  2.30625840677200560E+01
  3.17579752081870750E-01  1.65172521003574200E+00  2.30079518890802110E+01
  2.69169509893181310E-01  3.51304687456048500E+00  1.26510171324949000E+01
  5.36592099856838090E-01  2.15263730727981260E+01  1.43876293973012220E+01
  3.01799748246536660E-01  7.28254087981854070E+00  6.48906946339138280E+00
  4.05794678723965420E-01  2.87375903782227340E+01  2.51405253140091850E+01
  3.65995101567518470E-01  2.14540345260909040E+01  1.42564477946012160E+00
  3.39481361119070080E-01  5.01918689446251420E+00  2.95341041607751510E+01
  6.97384645011991290E-01  2.71650828870994370E+01  1.18030753894642220E+01
  6.82253548551889110E-01  2.05753686436159490E+01  1.72404957150769600E+01
  5.67035311113654220E-01  3.14410821691872040E+00  1.95255942164352800E+01
  6.47236078597052340E-01  5.05303914405939820E+00  1.31070428878617250E+01
  5.92513140571182980E-01  9.23407620570106860E+00  1.40512426881153980E+01
  4.71553509741754610E-01  1.25183676250362210E+01  1.25308641199058160E+01
  6.55885333720611730E-01  2.87387009449169670E+01  1.40140548276906890E+01
  2.83840017940612550E-01  9.63191382484875550E+00  8.13491016511831870E+00
  5.65219172841477580E-01  1.86820846614835220E+01  2.41341469637867440E+01
  3.48480710258510130E-01  1.15618754387464480E+01  2.06698670266904610E+01
  6.26908127420837150E-01  1.27458785886497540E+01  9.66082872257805290E+00
  2.62213147743524950E-01  1.92151633480688170E+01  2.84067183627449570E+00
  5.08737612195334600E-01  9.87088986658185520E+00  1.49459473088495360E+01
  4.59281804788439010E-01  2.86909914366744480E+01  2.92493030503122850E+01
  2.86550378078914000E-01  1.21614050404029610E+01  1.38062012674672300E+01
  2.99038091422116640E-01  1.90813207463342490E+01  2.29648932956911000E+00
  3.62493203924014780E-01  2.07547919058779480E+01  9.13305892069879200E+00
  5.64616421781660800E-01  2.30651265989193700E+01  2.47409368508936570E+01
  3.87533216804236250E-01  1.37850751967700700E+01  2.61161992920048960E+00
  3.90540239164096370E-01  2.69586025576606400E+01  1.28703769567242250E+01
  5.44640939783434240E-01  2.48390110898508210E+01  1.64917435812058490E+01
  3.84420431658369740E-01  1.45884767038258600E+01  1.17188994355551550E+00
  4.53492046339069340E-01  2.08369699536483280E+01  7.33857975048888190E+00
  6.38023782753992030E-01  1.63419425700976430E+01  1.99234561604644790E+01
  5.00672486592370710E-01  8.23482777022648980E+00  2.00048667615058450E+01
  6.08873319065221350E-01  5.97131982338252070E+00  7.36925230376156910E+00
  3.18942867500738640E-01  2.22008578512889580E+01  2.45644646176211840E+01
  2.65726189967390210E-01  3.84656080649160350E+00  2.94179896923438270E+01
  7.10410487391814980E-01  1.26117681351633020E+01  8.33173116907790150E+00
  4.66797018098134940E-01  2.13863377481601850E+00  5.44519346342619760E+00
  3.89889811574280460E-01  2.82769509711897060E+01  2.42156665530324810E+01
  2.92456502136063850E-01  1.08494036252868040E+01  1.33578340788180440E+01
  3.63079661055833470E-01  1.52229282083009670E+01  1.56397265795521870E+00
  4.13811620468168510E-01  9.14938224919605150E-01  1.55906061417876780E+01
  2.60417758313763680E-01  1.32841869470297760E+01  2.22144341438674180E+01
  4.41940562555082740E-01  1.57484048819204200E+01  7.12329526504098350E+00
  3.08418768867630710E-01  2.93772223223602000E+01  2.95933179675237880E+01
  3.04461637453634990E-01  1.24003788142386000E+01  2.57861556347587780E+01
  4.75626642073745920E-01  1.62754359281622310E+01  4.19097606619339040E+00
  4.19693779402500590E-01  1.33292970291440640E+01  1.12268017327719780E+01
  3.26514001167033020E-01  1.92480873160133330E+01  1.43239533040957350E+01
  3.55388479881239270E-01  1.64066830488725620E+01  1.66912939398565290E+01
  5.33859136323620030E-01  3.41845694157149980E+00  1.00208202343506440E+01
  3.39481361119070080E-01  1.18784647056265310E+01  1.05103207471807560E+01
  2.51153087880769550E-01  2.02600023724598730E+01  1.11247099368908840E+01
  4.21603844523193420E-01  2.40377572086527280E+01  9.20873288641951150E+00
  5.20348764567513020E-01  1.45675254976167530E+01  2.15359237186765110E+00
  6.86210935380316480E-01  2.91307196359976500E+01  1.90030800800474960E+01
  4.41140732643827070E-01  2.54032267509060430E+01  1.44109529736548940E+01
  6.26908127420837150E-01  2.85649060706646690E+01  1.67984092185897220E+01
  5.11871480770454750E-01  2.85921480475869170E+01  8.59862506629809250E+00
  4.70990686464341570E-01  1.96295634627895770E+01  1.80627991813090390E+01
  5.20369884994360540E-01  2.19533242055712780E+01  1.96818432357960230E+01
  3.04306421741581800E-01  1.06659245467807860E+01  1.27902623052984290E+01
  5.88333222664750720E-01  2.91592978384687700E+01  2.11509118040290930E+01
  6.64541222436485860E-01  1.97589788781889200E+00  1.58862597658329840E+01
  4.24351701398837560E-01  2.71362046759434930E+01  2.09586570568062850E+01
  5.55920758830291820E-01  4.10849819666386830E-01  2.56053619728568830E+01
  2.89042915761794110E-01  2.21684198351728550E+01  2.36394898309039090E+01
  2.47647088603063280E-01  1.73883997545746210E+01  2.59309485784321900E+01
  5.88686278844574580E-01  2.11085298587376900E+01  2.03982785056713500E+01
  3.53063097104977870E-01  2.11471599179651940E+01  1.23868352360792180E+01
  4.50600139601478670E-01  1.27632091089213700E+01  2.73323441575676400E+01
  6.65634982039605120E-01  1.64671470607734850E+01  1.86273648101249730E+01
  4.69750256464274060E-01  2.32708328412716410E+01  1.11310919689657800E+01
  6.13801455222646290E-01  2.23698064500489520E+01  2.84840278705145740E+01
  5.14582826754803690E-01  2.63550661346529440E+01  1.94502065776763010E+01
  3.81419328643079860E-01  7.00649447617625400E+00  2.46944605257959860E+01
  7.28196096543639280E-01  1.72000059991090120E-01  8.76505227200490470E+00
  7.33199636544987770E-01  2.12104763358820810E+01  2.91692647506046680E+01
  2.86550378078914000E-01  2.84126781375885610E+01  9.37579250201992660E+00
  2.52169786807371790E-01  7.98386687301745650E+00  2.37646990519437190E+01
  5.01406606281285510E-01  3.48529054969408540E+00  2.05373585172778520E+01
  4.18948713530687210E-01  2.95727772362202400E+01  5.07346583782316960E+00
  3.62620749938717070E-01  1.88946022795801160E+01  2.79376960244134050E+01
  3.15231116497538320E-01  4.93695653923729960E+00  2.04726828128467740E+01
  2.83840017940612550E-01  2.23452372691430200E+01  1.43555117530078000E+01
  4.72199721516180480E-01  2.64316130589332980E+01  2.47484722853751290E+01
  4.41666133880560000E-01  6.65262240048796020E+00  1.97025756735031370E+01
  3.39073066583844400E-01  9.74399960379828830E+00  1.13486109167197570E+00
  2.54831192030272870E-01  7.74224151119522920E+00  2.25889872210694700E+01
  6.65634982039605120E-01  2.16203814734989090E+01  2.15538835671455860E+01
  2.69326463995374250E-01  1.34491533139326690E+01  1.41552301319673070E+00
  3.08418768867630710E-01  2.79527293160950980E+01  2.81540187641093240E+01
  5.63324676144028570E-01  1.47354154748020130E+01  1.15558711232588800E+01
  2.49794182180603610E-01  2.77594614919476930E+01  7.44011881264638130E+00
  6.44956217916396120E-01  1.42847084909695760E+01  5.60935220178812970E+00
  4.26043897269923290E-01  2.05990992387860280E+01  1.41325751952457070E+01
  7.44533748089133770E-01  1.43597501376141000E+01  2.59874646685845220E+01
  2.47647088603063280E-01  1.90252998271562890E+01  7.20607317894597090E-02
  3.47451934045076260E-01  3.55560886170572800E+00  4.46375388557173910E+00
  4.83182858574677270E-01  1.87108994488757360E+01  1.26214569862759160E+01
  5.38382388131525950E-01  1.15797302511925690E+01  1.29033660311767950E+01
  6.08690451339190200E-01  4.09297927523640230E+00  1.09415827967693180E+01
  3.93024383017402490E-01  1.74893465942817560E+01  1.83567477651178200E+01
  2.54611020839302520E-01  2.56746217233523490E+01  2.29821800802901390E+01
  6.82253548551889110E-01  2.05334086038701290E+01  3.72387382080846450E+00
  7.67665169660178040E-01  2.07627519350601300E+01  2.44572151013993700E+01
  3.95839252948554370E-01  9.83580996757837590E-01  1.87228423400464820E+00
  5.15379284759350490E-01  6.18419098099110980E+00  2.26023402217851450E+01
  5.09222041678605210E-01  1.28709872085207930E+01  4.01987766040631470E+00
  4.72038094207023740E-01  1.56223214870023690E+01  2.12462856546114200E+01
  6.64541222436485860E-01  2.34362258629255430E+01  1.40902713054743530E+01
  4.84167632717154460E-01  2.52539291888922390E+00  2.71190100801283980E+01
  5.39922025342825940E-01  2.63066306058777390E+01  1.00440673244319520E+01
  3.77759649416993960E-01  2.28988255355507600E+01  2.08827634525001430E+01
  5.06367095649294540E-01  2.76733369234744190E+00  1.39238763543915060E+01
  3.05466220251299840E-01  2.07793788884644210E+01  1.36371897123180070E+00
  7.55604472483241980E-01  1.53690905318781110E+01  2.70966628549470590E+01
  7.68548325332126940E-01  1.05443918103260790E+01  2.63804065194432620E+01
  3.09209541844886400E-01  3.56481622920102970E+00  1.37531068023449340E+01
  4.71553509741754610E-01  2.45680207565529790E+01  1.12281747813584020E+00
  3.65995101567518470E-01  1.67314835110002240E+01  1.53767704397188470E+01
  6.26517897412854200E-01  2.67074118041934630E+01  5.23126600418828680E+00
  3.55388479881239270E-01  2.12300758225026800E+01  2.24964409525138930E+01
  3.90423892796942250E-01  1.02647629452967200E+01  6.23567828059695020E+00
  4.92172780862642510E-01  1.98355604102134000E+01  1.63285164130506820E+01
  6.66683478841499700E-01  1.75424147965829390E+01  1.94139687034688610E+01
  6.94903868090152520E-01  1.32460920232890280E+01  1.34407180900722900E+01
  7.65642972591057180E-01  2.21854161459867110E+01  1.05434961804808030E+01
  3.52682444144397330E-01  7.63110676045471250E+00  1.61525438986575590E+01
  5.39466591144820300E-01  2.92033831124835320E+01  2.42718277545144690E+01
  4.26043897269923290E-01  2.11151466752592750E+00  5.91878333673641070E-02
  2.53364602799301860E-01  2.33506484983191880E+01  1.43320878277986450E-01
  3.83290088603488770E-01  2.91827773952067100E+01  2.57915070604461400E+01
  5.55920758830291820E-01  9.85983936377688690E+00  1.30896568815841160E+01
  4.13050329149462850E-01  1.43204111539513230E+01  1.40176643333286980E+01
  5.20369884994360540E-01  5.26654764041644970E+00  2.42822507955966280E+01
  6.99477888048091770E-01  1.98197145482211710E+01  6.80065985285272220E+00
  3.59079136884617700E-01  1.64022911711300130E+01  2.54414306541553470E+01
  3.01799748246536660E-01  7.79845691155730590E+00  1.15537047837008690E+01
  5.28731261397185740E-01  1.47497248750746800E+01  3.18565117257917810E+00
  6.80338287111455390E-01  9.11683248430132490E+00  9.74737468198027560E+00
  4.74033319401206570E-01  1.96242102772676750E+01  2.59861351330121090E+01
  3.53302408788900560E-01  1.20523401881299570E+01  1.44290389282048270E+00
  4.03052389307286420E-01  2.81965199823801600E+01  2.58365252549609360E+01
  3.33973424357718240E-01  1.78104988664136310E+01  2.65577120291644020E+00
  4.68162992243922280E-01  7.39362892347756250E+00  2.32217386344478810E+01
  4.72192289519205580E-01  2.31785546370607200E+00  1.48025142665735330E+01
  6.73658304681401180E-01  2.87856199474544280E+01  6.84756935224661410E-01
  4.61178090502161720E-01  1.71989628116824600E+01  4.41988122184799440E+00
  4.18189647978318300E-01  1.95677399557499320E+01  2.15597014500472780E+01
  5.15379284759350490E-01  5.50153570720300960E-01  1.47327404717808380E+01
  5.34553382826858140E-01  2.26410452650374980E+01  1.19124630223720530E+01
  3.70336582810533970E-01  9.74557275584960080E+00  2.03705895993493050E+01
  6.42747544188997020E-01  2.96403409100613540E+01  2.67094082227267010E+01
  4.50600139601478670E-01  2.93949099588812150E+00  4.99959121566026000E+00
  3.55036581058269410E-01  2.47335101254511190E+01  2.74064016226786970E+01
  3.54092873053847420E-01  1.22366546371966740E+01  1.93791970773021230E+01
  5.13614394364816020E-01  1.60316492572482370E+01  1.59087623978140550E+01
  3.65995101567518470E-01  1.79936373740204590E+01  2.58312888540101650E+01
  5.25383403930900440E-01  3.68908736995614950E+00  2.15427142388980430E+01
  3.83598938984435380E-01  5.74060056349617920E+00  2.94915118586749050E+01
  4.86073626967704090E-01  2.52936898490956570E+01  1.98541710806612810E+01
  5.96963967672292380E-01  2.64450952244903480E+01  2.17743232853452260E+01
  4.66553963192992600E-01  2.04834967370394200E+01  1.95484967499455320E+01
  4.15252526658189590E-01  9.76558327189272470E+00  2.45028492162562760E+01
  6.36786611163594070E-01  1.44779204352740600E+01  2.14885337906470930E+01
  6.06760633376156730E-01  1.02350931258147360E+01  2.21437005550809010E+01
  5.25895496843049500E-01  2.31521443445560640E+01  1.72975732863262690E+01
  5.05409982910693060E-01  2.00719328871842390E+01  2.23325831130740830E+01
  5.18912146576496980E-01  2.14148310501763040E+01  2.33494445859071220E+01
  5.81677556670477180E-01  1.81725791905202070E+01  1.60903278918647210E+01
  2.50625569857546320E-01  1.20894931867060200E+01  1.73362628843685870E+01
  6.67521681419926690E-01  6.30512331895317150E+00  8.60026179601748450E+00
  6.52034765531911640E-01  2.72608545614188810E+01  2.39903413188613260E+01
  3.81419328643079860E-01  1.08505432167921950E+01  2.05082675639242140E+01
  3.18942867500738640E-01  1.78912220079760260E+01  3.91674641114218360E+00
  6.63973334543257470E-01  1.78827370386438600E+01  2.32047901051235430E+01
  4.05793634226126800E-01  1.85487230939423390E+01  2.79778303922299810E+00
  2.88617724104866640E-01  4.34262015091564810E+00  1.08862633280238370E+00
  3.17587838135982990E-01  6.09024453050895430E+00  2.88839412743161430E+01
  6.94010688862415210E-01  6.90563442032898860E+00  1.11148496096566020E+01
  3.25036994184950640E-01  1.79799613123970730E+01  1.75101719661465940E+01
  4.41940562555082740E-01  2.87809246416018740E+01  4.29553300184219380E+00
  3.05466220251299840E-01  6.74334671075081720E+00  6.88052076424992800E+00
  7.22984261441823330E-01  3.32731132727538270E+00  1.55734667194890330E+01
  4.60682082706054620E-01  1.76848946645959340E+01  2.43724289036414950E+01
  4.22201084465533680E-01  2.70671647278724730E+01  3.28177648715046640E+00
  6.24824560398126750E-01  1.16364007179572400E+01  1.86065337676762080E+01
  3.63079661055833470E-01  2.94934033920945280E+01  1.64579759911719560E+01
  3.25516939164680520E-01  2.51195159196090540E+01  1.79047284419824350E+01
  4.87886881528419990E-01  2.00205934893368070E+01  9.64985923169730420E-01
  4.34172467284937990E-01  1.31050814722534450E+01  7.30044642343436840E+00
  7.04082361725448710E-01  2.96591461966962770E+00  2.90139161994242410E+01
  4.40295189098215370E-01  1.86480628457202040E+01  3.66538182963509930E+00
  4.54567147313974470E-01  2.05242126763319210E+01  2.68839247933961970E+01
  4.89717368181109780E-01  2.97755455753349770E+00  2.52670821689305600E+01
  4.82771447840326400E-01  2.33603247550394610E+01  2.91008859896783640E+01
  3.54092873053847420E-01  7.48779515401820730E+00  1.88400477860820850E+01
  7.67457697882333090E-01  2.33710361469321410E+01  8.08016606907213490E+00
  4.43129600128677660E-01  1.26303862682056810E+01  1.07235040993621360E+01
  5.61514797181737530E-01  1.28819890803742590E+01  2.90071801278632520E+00
  5.82207618145930890E-01  2.77620311867421530E+01  1.41212806204943810E+00
  5.94092381958372510E-01  5.21575767555514780E+00  1.89608954671002080E+01
  5.64318884198494160E-01  1.00176912512790800E+01  8.88956529447741950E+00
  6.16837537735261420E-01  1.51884966983385430E+01  2.47056830910074650E+01
  4.20581746236023420E-01  6.07039511692457800E+00  2.16501448688213610E+01
  3.16022212934137680E-01  4.54794477881999980E+00  5.64648123822032580E+00
  4.59502380082057990E-01  4.34632736149714650E+00  1.61721610669834420E+01
  7.48336469443998900E-01  2.44308556648462800E+01  3.28186272948013300E+00
  6.90159994875631000E-01  2.36473640872844020E+00  1.06418763672998880E+01
  4.68364091588631840E-01  1.94889238918395440E+00  2.51313510452212650E+01
  4.05593309893122810E-01  1.52582336163692670E+01  1.30049350988356150E+01
  5.55687039951364880E-01  1.93059696545825900E+01  4.41296345139912920E+00
  2.83840017940612550E-01  7.78360293261241410E+00  8.60375855971857460E+00
  5.98280766214214580E-01  2.52889202153871010E+01  1.54428460218165370E+01
  5.84913004272127690E-01  2.02457280661033540E+01  1.26434962461468250E+01
  2.83840017940612550E-01  1.22821750890286660E+01  8.49406407630354820E-01
  2.83517655556827110E-01  1.33125702592396970E+01  1.65157111079327490E+01
  5.27599340399055180E-01  1.06087419006563000E+01  1.10517780188016410E+00
  6.24824560398126750E-01  1.35584157066982130E+01  1.47214298462963420E+01
  4.84167632717154460E-01  1.13960658150622610E+01  1.39091643326714710E+01
  5.66562802601083430E-01  3.36341432900086090E+00  1.84139539821304150E+01
  5.81213412342838430E-01  1.38610425893489440E+01  8.69449699963241860E+00
  5.13285974501586400E-01  6.13929173136638530E+00  2.80546547170679330E+01
  5.29625185962053640E-01  2.85423273721207020E+01  3.35498681761915220E+00
  3.30104909316010620E-01  2.54970964663988690E+01  3.44084867226197310E+00
  5.48174971142568520E-01  4.99197246189084960E-01  1.80354402568199500E+01
  4.72192289519205580E-01  2.51853704909235030E+01  4.24093640490276600E+00
  4.53126113496558960E-01  2.64572957596225180E+01  6.59562998934001320E+00
  5.25993347610763350E-01  2.58565280716013390E+01  1.66302363148278170E+00
  4.75338540515479570E-01  2.67313486587057380E+01  1.17592564395903180E+00
  4.30858982518450690E-01  7.09628232138003940E+00  9.36184719762976410E+00
  7.09741570678139940E-01  2.75672598400606220E+01  6.25388320301648460E+00
  5.05409982910693060E-01  8.54531317144517110E+00  1.18573595914598220E+01
  5.20369884994360540E-01  9.53191018414621820E+00  2.30237638184335470E+01
  2.73281005279713530E-01  1.24018008110236340E+01  7.37096292073487280E+00
  3.09574052588245370E-01  1.45145071889153260E+01  1.54741434131478710E+01
  3.18095930761502070E-01  2.07937633786751410E+01  7.41019948054571390E-01
  4.46537248270915300E-01  1.18845211158081930E+01  1.47010220565905970E+01
  6.38830345620663920E-01  1.62300077646066560E+00  1.39359934406068740E+01
  6.68397269451762100E-01  8.49998668638070850E+00  1.30290919666020330E+01
  5.32488384254616510E-01  9.52313570632857780E+00  2.67499808361860230E+00
  3.17579752081870750E-01  1.26463125578068890E+01  1.50312336204086720E+01
  5.16710955738981780E-01  2.44296601791960630E+01  2.24914282012278440E+01
  4.49545157175862540E-01  2.91549404182746520E+01  1.27347809490119740E+01
  3.20574425314766210E-01  9.24481366636921640E-01  2.48888647008811110E+01
  4.12246671516209600E-01  3.67532790695808750E+00  1.44655964808089910E+01
  4.94550785807675550E-01  3.52656393571587270E+00  1.18877414937406610E+01
  3.59079136884617700E-01  1.09868992054313510E+01  6.43377938444435140E+00
  6.10572080928614460E-01  2.06973980863633180E+01  2.58335152389751740E+01
  4.75338540515479570E-01  1.64704403115317820E+01  2.17003644593929470E+01
  5.09574347305064630E-01  2.78348338545468440E+01  2.49987388147867480E+01
  4.18189647978318300E-01  9.64925302177527660E+00  1.84705363512366670E+01
  3.76753951196820710E-01  2.69940213613434570E+01  1.98634581337616910E+00
  3.84533934306195220E-01  9.00481539329483380E+00  1.51630155874952570E+01
  6.60767019732147710E-01  8.98457320707478320E+00  3.73853528258373120E+00
  5.64318884198494160E-01  2.17504024689553110E+01  3.46254093118880580E+00
  4.69750256464274060E-01  1.20542890966077590E+01  2.13233581819811490E+01
  6.88340418185590860E-01  1.91947056637828370E+01  1.53371012083234910E+01
  5.93150731645016190E-01  1.15269679564063270E+01  9.64754015984307860E+00
  7.17499092254363010E-01  1.54468917041280630E+01  1.41099131087313410E+01
  3.79322922295397280E-01  2.68434940586352720E+01  2.75682019335862730E+01
  3.20574425314766210E-01  9.71543112589272080E+00  4.39122960329530800E+00
  7.17953871372127320E-01  7.35629844495674860E+00  7.69831994478493980E+00
  3.42409596243210680E-01  1.38866157136497360E+01  9.88166590879350790E-01
  4.43129600128677660E-01  1.34478175261729720E+01  6.49450072772814750E+00
  3.78068289465320630E-01  1.85849488805486300E+01  1.93490013608069590E+01
  4.75338540515479570E-01  5.97407718544304880E+00  2.58342880955943950E+01
  7.38532964590205680E-01  8.64414919717402340E-01  1.67415531273584750E+01
  5.07606992315717240E-01  2.80225770230717120E+01  1.94468105422846060E+01
  2.86134314477376340E-01  2.60592675008684050E+01  7.21741590645398380E+00
  5.07437626189109900E-01  4.14105974875019460E+00  8.79509294512788740E+00
  6.15073771326759470E-01  4.07394897843858320E+00  2.54001907577622500E+01
  3.30104909316010620E-01  2.57028417162444270E+00  2.36471145074534730E+01
  6.66683478841499700E-01  1.31901248245845300E+01  2.12933913913119350E+01
  7.49545055295440930E-01  1.41433668723110380E+00  9.56287300335436360E+00
  2.54824432159977790E-01  2.27497191565834880E+01  2.02129049686758260E+01
  5.72142532162989690E-01  1.06838112460722120E+00  1.08373905569626170E+01
  2.77147605524350650E-01  2.57857568066440910E+01  4.92938764538627260E+00
  4.68364091588631840E-01  2.45409446570043740E+01  8.47600193116638320E+00
  4.82771447840326400E-01  3.81439725241590320E+00  5.95740819904137990E+00
  2.50971712925384870E-01  1.86463099864583020E+01  1.99743582868514550E+01
  5.38024295323284910E-01  2.49103701153484460E+01  1.73885190383794620E-01
  4.13050329149462850E-01  2.55008276344157780E+01  2.73055876151515560E+01
  4.86590143357422540E-01  2.25721841311295360E+01  1.64693445825844090E+01
  3.16148313226467530E-01  4.13091074360265060E+00  1.88492927339112550E+01
  3.81419328643079860E-01  7.46525322029627160E+00  1.95748808659191520E+01
  6.52911031193170470E-01  2.62886776241929920E+01  4.02275898748361450E+00
  4.49150663742554990E-01  5.46924226151262440E+00  2.10210782936325590E+01
  4.73113776075054650E-01  1.05538404227436720E+00  1.00718691903527820E+00
  3.65995101567518470E-01  4.24781353429961680E+00  1.49919900157993580E+01
  3.46028387031474870E-01  2.47272727438970320E+01  2.81070969309602780E+01
  4.23675716525973380E-01  2.63795939468820320E+01  2.27915636287039190E+01
  2.47261092463374420E-01  1.08221247501820150E+01  1.91437736182380360E+01
  2.63339374245984010E-01  6.91250572213048460E+00  4.49550058159529180E+00
  2.59062449636064510E-01  1.22912491493886090E+01  1.32761613910344390E+01
  5.77180454669814490E-01  1.64883676870745650E+01  2.63737427672376260E+01
  4.06599624824484800E-01  2.51153182738341340E+01  2.07287880209832450E+01
  4.65278877330243820E-01  2.65224906782676620E+01  2.89408095003170120E+01
  3.07263188066738420E-01  2.02642237169844110E+01  1.88067317632540780E+01
  3.88697647565240350E-01  1.45689081561496630E+01  1.47795768229576310E+01
  6.62122603690132470E-01  2.05391714648088560E+01  1.52177084660702830E+01
  3.79322922295397280E-01  2.55286574129957770E+01  2.13991014386996170E+01
  3.53063097104977870E-01  9.02295048737457610E+00  2.03500235449945420E+01
  6.88885956497308970E-01  1.70074087688738690E+01  3.28739382905104140E+00
  5.33066537704075310E-01  1.37762585321915690E+01  4.54769090777957440E+00
  3.42074681651230290E-01  2.81895882873893480E+01  7.84580402204432130E+00
  4.24351701398837560E-01  7.09612171405075290E+00  2.23806659359939670E+01
  2.92456502136063850E-01  7.08982925794715780E-01  3.24697052007353990E-01
  5.90639534364661320E-01  2.83478207701191960E+01  1.79950679334750490E+01
  4.09705559579089850E-01  1.71935038958826290E-01  7.76258460314723120E-01
  3.59079136884617700E-01  2.40595376185936920E+00  8.79327027558986880E+00
  5.27599340399055180E-01  8.61723007614775050E+00  2.70141690474702760E+01
  5.38382256471750510E-01  3.53843472485083230E+00  2.43785425362818490E+01
  5.96963967672292380E-01  2.85001580299979200E+01  5.29470521603337300E+00
  2.96503602823160150E-01  1.24338675007016920E+00  2.54251099975336880E+01
  3.64593218166308700E-01  4.32129382709759650E+00  2.07610165710310600E+01
  4.18947112612636110E-01  1.41797425142976150E+01  1.93758701575962180E+01
  5.40946473112310590E-01  3.37175891740418000E+00  2.33120376965736150E+01
  3.35017483125717060E-01  7.26170680450468000E+00  5.81666240991838100E+00
  4.75626642073745920E-01  1.39443120663956410E+01  1.69350862243892340E+01
  3.04461637453634990E-01  9.19330416260678970E+00  8.61809827189573950E+00
  4.36315933331792570E-01  1.98561548710573770E+01  1.16802995484970540E+01
  6.77666041374141330E-01  9.74339267348816480E+00  2.89376033314489260E+01
  5.67035311113654220E-01  2.62947169373920500E+01  2.66409123482031250E+00
  3.38650161839631010E-01  2.02792001763919030E+01  2.86404360564659230E+01
  6.94010183176834960E-01  2.12612032348307170E+01  1.86878542821820770E+01
  7.10410487391814980E-01  2.76299071927823940E+01  4.26451816531553880E+00
  4.54567147313974470E-01  1.15453570872085120E+01  8.14106640138779980E-01
  2.52169786807371790E-01  1.15355099347441960E+01  2.93551728897756310E+01
  3.01799748246536660E-01  2.80541483689227640E+01  1.13501730379301500E+01
  4.27719079604653450E-01  2.50298687104375010E+01  1.28220713424407010E+01
  3.87762191716535260E-01  1.26272031965013040E+01  1.43264084541861720E+01
  5.72951670348821020E-01  7.57227603736033750E+00  2.66719995583429320E+01
  5.09222041678605210E-01  2.21651635570519590E+00  2.80617039992415260E+01
  5.25993347610763350E-01  1.37708541003425410E+01  1.58512829179443010E+01
  3.12648490279368120E-01  2.35620016878572010E+01  2.06955584716430820E+01
  3.32399546609116130E-01  2.68284783693046830E+01  8.53752087713329820E+00
  4.43807889241729470E-01  1.45269342415313590E+00  1.77659660466562100E+01
  3.44170209092795430E-01  6.82188167988963110E-01  1.95021172761637230E+01
  2.54824432159977790E-01  2.71124895480923020E+01  2.60653854547982620E+00
  4.21963532045373490E-01  5.07418505384799530E+00  1.20387754386417690E+01
  4.11696508529454960E-01  2.43234971606622710E+01  4.43598261821109130E+00
  4.11346310528290360E-01  1.02225652535777930E+01  2.09894111873001460E+01
  6.16837537735261420E-01  5.57301916692912160E+00  4.01322809015290090E+00
  4.83570943621045310E-01  4.30459168364516740E+00  3.17550656740408230E-01
  4.32382463464541460E-01  8.01167272513212050E+00  6.68784663094564990E+00
  5.92513140571182980E-01  7.96240496666573530E+00  2.48787649471722960E+01
  3.55036581058269410E-01  2.92918905802513190E+01  1.79734172889897330E+01
  4.74581552528920360E-01  1.15907401296608730E+00  8.08013056299077270E+00
  3.44905765886116280E-01  2.06306708863520920E+01  2.29744628270049350E+01
  5.96963967672292380E-01  1.67050164368076250E+01  2.27619585889321100E+01
  2.68569610726517900E-01  2.62257578672751350E+01  1.85992789144819390E+01
  5.80290806494985740E-01  2.18621639675217130E+01  2.27997377226653650E+00
  6.25336422111717830E-01  2.74586548117802960E+01  1.40521296461935170E+01
  6.17452885167652710E-01  2.24544414649216650E+01  4.41134465284027580E+00
  3.29506256422424390E-01  6.34993117978152720E+00  2.43004332039012280E+00
  2.58355477869490890E-01  2.61658748619103390E+01  1.15893240469317860E+01
  4.69641390777102340E-01  1.83438612713216140E+01  1.09678351572515780E+01
  3.49095179616795370E-01  1.27098887265487650E+01  2.81281975829142610E+01
  3.27988333844876360E-01  2.31845136951888230E+01  6.05649764364615710E+00
  3.86383264228710210E-01  1.34302498530225170E+01  2.83082884350119600E+01
  4.75543307221801650E-01  5.24006383734572890E-01  2.10362330061847270E+01
  5.07815655211632320E-01  1.90366891919839740E+01  8.25324676640621390E-01
  6.08088426536500660E-01  3.27287869763405180E+00  2.63229463129816850E+01
  3.93024383017402490E-01  2.81467067434879150E+01  2.34388104047550880E+01
  7.48336469443998900E-01  2.69242308216000660E+01  2.58645193037323220E+01
  3.13454063710418570E-01  2.07748007972080050E+01  2.82181407844303040E+01
  4.43133439323318520E-01  6.50853841558769020E+00  3.18546803268028530E+00
  3.62493203924014780E-01  1.76418029739804720E+01  2.51940989686654720E+01
  5.72881440675418570E-01  2.63452676635500860E+01  1.36119755294834160E+01
  3.71299762957800540E-01  1.19882054152394360E+01  2.77811925435864960E+01
  5.13143010843963320E-01  8.09910049531721120E+00  5.68389828300491210E+00
  3.87533216804236250E-01  1.84357261848876130E+01  2.95299695358808910E+01
  3.90540239164096370E-01  6.82284363419715230E+00  2.60087593959546340E+01
  4.11696508529454960E-01  2.44793221262792000E+01  9.91429566090851110E+00
  4.19670751191123690E-01  1.84415739309693550E+01  7.42575877466672820E+00
  5.39922025342825940E-01  8.37021837028289010E+00  1.89739139467903510E+01
  3.73125396709624990E-01  1.87525536702567240E+01  6.69678015442910010E+00
  5.72628172168292430E-01  1.01382835524397310E-02  2.01240452920757920E+01
  5.63660960642019760E-01  7.87544372000563180E-01  2.31707961821295360E+01
  7.54397230300637300E-01  4.03443700248381280E-01  1.19846211075341530E+01
  4.07877171249442140E-01  1.33751796312597030E+01  1.76097230552819970E+01
  4.61178090502161720E-01  1.87161027091677320E+01  1.35657463063529460E+01
  3.50974061745161330E-01  2.82534887770681990E+01  7.10025476740616220E+00
  4.22541054278063120E-01  1.27369944514832460E+01  1.61071689370745080E+01
  3.25036994184950640E-01  2.47691803769766530E+01  1.73574350916451440E+01
  4.96042965314236020E-01  2.84692889544764770E+00  6.09521278635957930E+00
  3.04461637453634990E-01  4.77180246088737810E-02  2.36220279010996780E+01
  4.21290506291976640E-01  2.63105703030350430E+01  9.08426582593565790E+00
  4.26578460793149810E-01  1.83343160821470510E+01  2.73835426664662230E+01
  3.91816801400439550E-01  2.26752202473447610E+01  2.16185225118382290E+01
  5.32262962461145860E-01  2.78923813788879330E+01  2.51746684195814700E+00
  6.07718241283317260E-01  2.34724704837667740E+01  1.00687054486448470E+01
  5.13425754976809310E-01  1.01533127452150560E+01  1.20623842726092270E+01
  5.46829204411607870E-01  2.15559837148858160E+01  1.62847822330533770E+01
  2.99038091422116640E-01  1.62880134677045940E+01  2.08586407175035330E+01
  3.65374026971610010E-01  1.21919355173452760E+00  2.59476724296268340E+00
  3.46733456860136300E-01  2.53655146538187210E+01  9.41840854997581900E-01
  5.01833768532536340E-01  4.43723157246529350E+00  2.89284723521297240E+01
  2.88617724104866640E-01  2.93404067584606880E+01  5.73967504732343770E+00
  3.13454063710418570E-01  1.77929529004965690E+01  1.68999571223350320E+01
  4.43756654693070110E-01  2.01675237619833040E+01  7.93484393975788380E+00
  5.20369884994360540E-01  1.06654911238310530E+01  1.11650366133451510E+01
  7.41720708060832300E-01  2.29696320677135370E+01  2.99919506100619270E+00
  2.99038091422116640E-01  7.18119540508877470E+00  1.56824969030307260E+01
  3.93024383017402490E-01  2.90668308146928640E+01  9.55022676302228040E+00
  2.53364602799301860E-01  2.78095510986993770E+01  2.76111686008961570E+01
  5.48463672908306780E-01  1.57113185472640780E+01  1.02714714907233520E+01
  5.63660960642019760E-01  1.18447536104939100E+01  2.38758518374011740E+00
  4.99487474973056500E-01  2.54218358763405160E+01  2.22715130090413280E+01
  5.32488384254616510E-01  2.28210703783305000E+01  1.83314117227152240E+01
  3.62493203924014780E-01  8.24636829040493420E+00  2.14038342602869100E+01
  3.90540239164096370E-01  1.90393964679115320E+00  8.48677227223954840E-01
  6.25248164210708260E-01  5.35766787486168280E+00  2.67442021850493920E+01
  3.93024383017402490E-01  2.40666046876367190E+01  1.72083091128257240E+01
  2.83517655556827110E-01  2.07982174682255160E+01  2.20268711137297830E+01
  5.16562546778196820E-01  2.52979421571611280E+01  1.03488333767729760E+01
  5.96777348356598920E-01  5.48743404186067800E+00  2.09469155047431020E+00
  3.35017483125717060E-01  2.78371215371529100E+01  2.02687536005201280E+01
  5.69344335137112000E-01  1.57413735727637660E+01  2.36568098930096800E+01
  5.55509338843663690E-01  1.08244578456619180E+01  4.43165743731732680E-02
  4.09775903561979240E-01  2.37573938394246900E+01  1.80092170772854490E+01
  3.20574425314766210E-01  2.25188946978688200E+01  8.75622330668061720E+00
  5.39466591144820300E-01  2.68182006797886440E+00  1.24825348787398500E+01
  5.18725390566230620E-01  9.24708389410296580E+00  2.78490823047296100E+01
  3.62493203924014780E-01  1.15074022748445600E+01  2.57046362260690740E+01
  4.23675716525973380E-01  1.21085176114228280E+01  1.55411402354808170E+01
  4.13050329149462850E-01  6.21978671674473920E+00  1.89673936617082330E+01
  3.01731430220296380E-01  2.13857957374775940E+01  2.81499753771691740E+01
  3.48156346672602490E-01  6.59405937445524510E+00  2.52947058042199870E+01
  6.83531487369900860E-01  2.80321479964227290E+01  1.28765016458734520E+01
  3.27197753470684690E-01  6.70154767965083220E+00  2.86791572144258280E+01
  3.50974061745161330E-01  1.21169262801097610E+01  2.91966200520597530E+01
  5.77649046292645880E-01  2.40868654651876280E+01  6.12767051904584740E+00
  5.13614394364816020E-01  2.57953915250375450E+01  2.64275270847162780E+01
  7.17953871372127320E-01  2.27306377377860440E+01  1.52775689137522390E+01
  3.01731430220296380E-01  2.51541546850346350E+00  3.10001651617537060E+00
  6.14584822297879540E-01  2.40240717257205890E+01  2.67235517139627240E+01
  4.69641390777102340E-01  2.42824715101393490E+01  2.10002954827642260E+01
  4.49154676673646060E-01  1.35428848434791550E+00  2.06295609174113110E+01
  4.82268891960512480E-01  1.43790270606962340E+01  1.31250205348089220E+01
  6.26908127420837150E-01  2.32877090849360400E+01  2.24316252098690680E+01
  2.50971712925384870E-01  2.52981845797952760E+01  2.79373052246552160E+01
  2.62213147743524950E-01  2.26703238891969330E+01  2.04297543457057440E+00
  6.45167794061425240E-01  2.73716504935058080E+01  1.72358776791613300E+01
  5.94931591270377070E-01  1.68386618301125820E+00  3.43459460989341460E+00
