1
  1002  2.96924426640336700E+01  2.96924426640336700E+01  1.00000000000000000E+00
        0.00000000000000000E+00  0.00000000000000000E+00  0.00000000000000000E+00
  6.47236078597052340E-01  1.63505980811496560E+01  1.86218028985811370E+01
  5.28731261397185740E-01  1.16023782017211450E+01  2.31339420986543590E+01
  4.43807889241729470E-01  1.99924929814167530E+01  2.58647751620713930E+01
  4.82268891960512480E-01  4.79070901171704030E+00  2.86986778698902680E+01
  4.30858982518450690E-01  1.65091423118709390E+01  2.21297270035644400E+01
  4.18947112612636110E-01  2.43792205743192800E+01  8.71653422168412990E+00
  3.50662231740508900E-01  1.83326024970252280E+01  6.81834966018604940E+00
  2.85767805251094040E-01  1.67996347719112360E+01  1.24829148255590820E+01
  3.45648959319623030E-01  1.31617681234202700E+01  2.89865264602256510E+01
  3.45648959319623030E-01  2.67428727952203930E+01  1.11011883766142500E+01
  6.42005949159872720E-01  1.91142768988625700E+01  7.42997517244718080E+00
  2.74003615458356760E-01  1.12447825922072600E+01  1.99926492562414810E+01
  3.87653287431749970E-01  3.39069008149161140E+00  3.35272351826006700E-01
  4.18948713530687210E-01  4.17941827901031450E+00  4.94792600120067050E-01
  4.53451232343747090E-01  1.47152717494794840E+01  3.98002832562702390E+00
  4.21603844523193420E-01  2.72066575164277960E+01  9.60223688792016540E+00
  2.62213147743524950E-01  2.91024778669263070E+01  1.83572987364748850E+01
  6.94903868090152520E-01  2.68131491838726890E+01  1.47656938643350970E+00
  6.31563936872940970E-01  1.77396184036639110E+01  9.87102096429358510E+00
  7.01778375544082420E-01  1.65422584839513260E+00  1.04918878313013780E+01
  3.46434506905438330E-01  2.77162410791150470E-01  5.03596020633114790E+00
  3.50662231740508900E-01  2.02371099999161610E+01  1.46590094936420330E+01
  3.01799748246536660E-01  2.37751074635010260E+01  3.48770701799951950E+00
  4.41298336829792340E-01  2.39446385645708480E+00  7.54307080059938250E+00
  3.39481361119070080E-01  2.45071418648391020E+00  4.81692929636034340E+00
  3.83181557852844270E-01  1.17806107120218170E+01  2.67816756929916120E+01
  6.75156127532392600E-01  2.95099729959740780E+01  1.98620910100651360E+01
  2.73281005279713530E-01  2.49410634105259670E+01  9.90957974151998930E+00
  6.65634982039605120E-01  3.62223453858489060E+00  2.00208998829721170E+01
  2.54824432159977790E-01  1.91332449832209410E+01  1.97380851083127950E+01
  2.84029264846615530E-01  2.46643645924970870E+01  2.53919069801509070E+00
  4.62836237406567810E-01  9.09786273363366150E+00  2.68660858081086960E+01
  3.33973424357718240E-01  7.23423189054811730E+00  1.49201607148095760E+01
  4.91872428060923640E-01  3.20273339343477440E+00  1.82832636191944720E+01
  5.52490392167627680E-01  1.42256312440370160E+01  1.65430247974187630E+01
  5.39466591144820300E-01  2.69344690646457250E+01  1.79891836356908460E+01
  5.65219172841477580E-01  7.22640611238637830E+00  1.35276719928961350E+01
  3.53776024442120150E-01  2.95921609029611830E+01  1.51727180972741880E+01
  5.54611473665029210E-01  1.86813535154349570E+01  2.47499466774557070E+01
  4.81368497469048420E-01  2.32147884443131220E+01  1.23413858467355780E+01
  2.84672167568555990E-01  4.61936959676025970E+00  1.27515540645648140E+01
  3.06898385793053400E-01  1.23035177796198100E+00  2.57671719375965330E+01
  4.49954956992444630E-01  2.21692538603406210E+01  2.18797151769856410E+01
  5.88686278844574580E-01  1.62006054883676710E+01  8.80276390872385580E+00
  4.36315933331792570E-01  1.52505219157497630E+01  2.35163575650743790E+01
  5.46155746035104350E-01  2.49761146363196290E+01  1.27154746923326290E+01
  4.11346310528290360E-01  2.34680532635817620E+01  1.97772569656463380E+01
  7.44650008855257360E-01  2.62801486736284000E+01  1.28867519596435970E+01
  4.68162992243922280E-01  2.39743489790245330E+01  2.82733914431652310E+01
  7.11073931023246340E-01  1.34788577556081660E+01  2.29919478104640970E+01
  3.02034441597155470E-01  1.93995688689088440E+01  6.53191176680454520E+00
  5.12509616084684260E-01  2.22181156004141730E+01  9.61175915285843980E+00
  3.40422717275118370E-01  3.88060347738277540E+00  2.94906339482505620E+01
  6.65634982039605120E-01  2.19234159737138480E+01  2.96256457239882170E+01
  3.75295693565172690E-01  1.53724012852513850E+01  1.36650448753478320E+01
  4.75626642073745920E-01  1.72587481825835130E+01  1.79635795706680560E+01
  4.72038094207023740E-01  1.07809494671480350E+01  2.06520430180298290E+01
  4.29902962432020440E-01  2.20353226981577420E+01  1.32079673230761440E+01
  5.68910711623079470E-01  1.05588401130496790E+00  1.97618262657038240E+01
  3.07263188066738420E-01  1.78333306629902180E+01  1.37641251965743000E+01
  6.10911033360540580E-01  9.46145959112271130E+00  9.43447283746614220E+00
  3.43353541919950760E-01  7.16708951602441500E+00  2.11720609207559070E+01
  3.15231116497538320E-01  3.26597013826883930E+00  9.93669682021914190E+00
  3.78068289465320630E-01  1.82031678792491900E+01  2.32007007244118880E+01
  2.54824432159977790E-01  4.75009632691473450E+00  1.07833053982801420E+01
  5.44558358435121190E-01  1.43214827541197990E+01  4.89654535012024180E+00
  3.56000803327192820E-01  2.04734052979449870E+00  2.75136897278170520E+00
  3.13454063710418570E-01  1.49709353278337010E+01  5.45443597883105720E+00
  6.12591031919131530E-01  1.20197362466721040E+00  1.61899491341155620E+01
  6.47236078597052340E-01  8.83369222012416700E-02  7.38242670480243570E+00
  2.65726189967390210E-01  1.65774254982508000E+01  2.65123337234850140E+01
  2.96653470797716330E-01  5.36935478477563870E+00  2.25127920133251390E+01
  3.45648959319623030E-01  1.38212405443528430E+01  1.85675709736516550E+01
  3.13454063710418570E-01  8.62727150812327890E+00  1.86504945302060610E+01
  3.39073066583844400E-01  2.07682426093548610E+01  2.41997162340854430E+01
  2.96256570285591500E-01  2.32036184646332370E+01  1.39731613975057590E+01
  4.19081387041561550E-01  4.73185945627828810E+00  2.09783345946693590E+01
  7.08391389715138510E-01  1.47761973962924710E+01  1.27603077657017640E+01
  7.16035261746952050E-01  4.42037540705076020E-01  2.76258914555859150E+01
  4.43133439323318520E-01  3.97052495070287390E+00  1.24226759232307400E+01
  2.73281005279713530E-01  2.69434753158041880E+00  1.63949254100615870E+00
  3.35017483125717060E-01  1.17268129650032710E+01  2.54515732419616500E+01
  5.09222041678605210E-01  1.17585990056175140E+00  2.25672544187370510E+01
  4.27719079604653450E-01  2.58008693139033230E+01  1.52568394871247680E+01
  5.81299825206354370E-01  2.06294683110983780E+01  1.38145172042362980E+01
  5.46155746035104350E-01  7.93106936439993680E+00  1.43845434144922790E+01
  3.05466220251299840E-01  2.65322082762779770E+01  1.53022400609425320E+01
  3.11838068626578210E-01  2.41077854141812650E+01  2.34800876330630570E+01
  6.27423008989955560E-01  2.89105895069973580E+01  2.81796363425914080E+01
  7.12424816007452400E-01  3.71252238336313710E+00  1.89377454037714460E+00
  4.41140732643827070E-01  9.76755230231498930E+00  1.12626840969110430E+01
  3.80273533482480450E-01  2.28930717968239460E+01  1.45736731232846160E+01
  3.29796701345061780E-01  1.83410155539802560E+01  7.17507790959928120E-02
  4.15252526658189590E-01  1.20846367269566300E+01  6.48376200490348250E+00
  2.59062449636064510E-01  2.74515245593961340E+01  7.92839768723751790E+00
  6.18419083689772810E-01  1.14010041301835570E+01  1.71934190349268110E+00
  5.04213456464067280E-01  9.32573333165278130E+00  1.59721943290725350E+01
  3.48156346672602490E-01  1.87386603645491440E+01  2.77722444198297280E+00
  2.89042915761794110E-01  2.62025027906140300E+01  1.58744408217353180E+01
  3.05466220251299840E-01  5.18214858748361530E+00  2.01207258207870900E+01
  6.49919166153384610E-01  2.22022773182934540E+01  1.65678641782515930E+01
  6.14379095469630790E-01  1.38802446223003530E-01  3.29900025362783510E+00
  7.00411917450214720E-01  2.94092376651612780E+01  1.16348902711136830E+01
  5.69344335137112000E-01  5.27703146989349920E+00  1.14161283279024380E+01
  2.57564851167384970E-01  1.49814456561247290E+01  2.70601256415240070E+01
  4.13050329149462850E-01  1.09339565016156670E+01  2.92271095397277810E+01
  6.18419083689772810E-01  2.78064017970938300E+01  6.01596813611677740E+00
  4.26523982883737140E-01  1.24389634203391370E+01  2.92564523656110820E+01
  3.78209123272245940E-01  2.71795399572108740E+01  1.95911344702336050E+01
  2.63055759251188670E-01  1.36293075536547680E+00  1.15777871013634130E-01
  5.00274833943758600E-01  9.94843269374535310E+00  1.42121471628722810E+01
  6.01687927537542500E-01  2.80647136841644490E+01  1.91734174937588870E+01
  4.86073626967704090E-01  2.14544084461095540E+01  2.34463826299560910E+01
  7.62474117278193650E-01  3.11957347657123400E+00  2.73828875438261260E+01
  4.87886881528419990E-01  1.03581982645277330E+01  6.80064436414485310E+00
  2.99038091422116640E-01  1.44053594858987620E+01  8.60132010075743030E+00
  3.50974061745161330E-01  1.36076243622393950E+01  1.06605601692548680E+01
  6.10572080928614460E-01  2.50485662816509380E+01  2.81775347997125070E+01
  3.01731430220296380E-01  1.71313485981219320E+01  2.16991004960677250E+01
  2.59062449636064510E-01  3.65559495769824360E+00  9.24664873634703180E-01
  6.99477888048091770E-01  5.13138433340660160E+00  1.44754786477609640E+01
  4.41666133880560000E-01  1.30283694051104320E+00  2.00041305310797850E+00
  6.86210935380316480E-01  1.58209902848852440E+01  1.07715609889736290E+01
  5.27425300578987690E-01  1.73897670364186040E+01  2.25057016009252880E+01
  7.54505484792745040E-01  4.64586347657223710E+00  2.38224413057118020E+01
  4.11696508529454960E-01  1.33981916347580410E+01  2.72787151459684660E+01
  6.26517897412854200E-01  2.60894518138284040E+01  1.42433058510983340E+01
  5.72142532162989690E-01  2.27439461707652730E+01  7.86186791521509320E+00
  3.47451934045076260E-01  2.21282135060203120E+01  2.26757673264856510E+01
  2.57564851167384970E-01  1.03177524082093420E+01  2.12155598548116800E+01
  5.33859136323620030E-01  8.68329262453609200E+00  1.51574972375587970E+01
  2.69169509893181310E-01  2.69221788403579580E+01  5.95067362717508170E+00
  4.24351701398837560E-01  8.97195721725193350E+00  1.68304888155275310E+01
  3.11762329988951370E-01  7.79197755730246390E+00  1.74553658450680090E+01
  3.50974061745161330E-01  1.08027295940745190E+01  1.75120191475818570E+01
  2.66929568161810020E-01  3.62736155154805620E+00  2.38907232700170840E+01
  7.20816873845379820E-01  4.18996342890516790E+00  5.90633890656608610E+00
  4.22201084465533680E-01  3.73766032601063140E+00  2.45704818949461200E+01
  3.09209541844886400E-01  6.93586270000886260E+00  2.58712225034558510E+01
  2.62213147743524950E-01  1.88387106305373240E+01  6.47382619324336520E+00
  7.60411681679863700E-01  2.33675433667322250E+01  1.01581525112640510E+01
  6.67521681419926690E-01  2.79780360046123350E+01  4.74312336409065870E+00
  4.37954134865551840E-01  1.37406967561285000E+01  1.22529695095019340E+01
  7.16654247500547470E-01  1.68235604325099080E+01  3.56192563451170980E+00
  7.12424816007452400E-01  2.14637130698675130E+01  7.95929735141878240E+00
  3.61198882346046800E-01  1.12426631745836720E+01  2.72954321954115820E+01
  3.82245446386266610E-01  2.80127795229378690E+01  2.56613201521463910E+01
  3.58737518624021320E-01  1.17283057803571860E+01  2.20957744736702000E+01
  5.81547682683179710E-01  1.90830357286589350E+01  2.36372158081486460E+01
  4.21963532045373490E-01  4.45514964534499570E-01  4.28723236600659700E+00
  3.12648490279368120E-01  1.05142317956563910E+01  1.13593080063442640E+01
  3.25036994184950640E-01  6.38797869886047300E+00  1.58706388523153650E+01
  3.83290088603488770E-01  1.09458703683413960E+01  3.86246864366902400E+00
  2.93443024193560210E-01  2.70328229335033330E+01  4.57636269081347710E+00
  2.66929568161810020E-01  2.08993236416322750E+01  1.47087383446687810E+01
  2.99038091422116640E-01  1.43533928895701950E+01  2.24873153932852330E+01
  6.00040109246873770E-01  2.40326046417160840E+01  2.72087683535629420E+01
  7.14535578675763720E-01  5.93494692401219840E+00  2.56581072355183610E+01
  3.06898385793053400E-01  1.15427408664068190E+01  2.04907454515277930E+01
  3.45648959319623030E-01  1.78471187359263120E+01  1.53555792947496280E+01
  3.87046365911375680E-01  1.13491446855358640E+01  6.16328182610853050E+00
  6.56539952722306990E-01  2.74917965625522240E+01  2.47643053519238170E+01
  5.07436062422724900E-01  1.58158928806068260E+01  2.27608025226863510E+01
  7.39270392714900380E-01  1.38202722967000980E+01  3.19227371648921520E+00
  5.38024295323284910E-01  1.62789307410319210E+01  1.37736339241266990E+01
  7.33199636544987770E-01  1.17709115526616590E+01  2.43842669725491700E+01
  6.31923671661538840E-01  2.28966546354200520E+01  2.06494641939315040E+01
  5.72951670348821020E-01  2.46543133062069800E+01  7.76366211814585230E+00
  6.40456937776772590E-01  1.31397877865170120E+01  2.42989693053723210E+01
  4.77241894706072770E-01  1.57539853068048360E+01  2.78434834311326820E+01
  7.64764367446448820E-01  1.43501427359561280E+01  1.41692080119451870E+01
  7.16535845940979770E-01  1.24543994643037570E+01  2.00270710490712180E+01
  3.10705613459761840E-01  1.73821495984859170E+01  1.58183047527620940E+01
  3.89901968262705180E-01  2.67575280095555490E+00  9.15139140269010910E+00
  7.15011499502423580E-01  6.22128024613433440E+00  1.79029459985906670E+01
  7.60297905848187840E-01  6.87004074753557600E+00  2.69370766004824950E+01
  2.65726189967390210E-01  9.72046079401880010E+00  2.08419878375388880E+01
  4.53492046339069340E-01  1.09985689606010520E+01  1.60931233967980880E+01
  5.18725390566230620E-01  2.79116945592063070E+01  1.64727610908589060E+01
  4.24020504903543660E-01  1.11894045446336200E+01  2.73995597633597580E+00
  5.17634268500846420E-01  8.15406618563159040E+00  1.05767409667642800E+01
  4.54567147313974470E-01  6.49556661042783560E+00  1.28190229023542790E+01
  3.65965634987757580E-01  2.22137333552170300E+01  8.73347932259597570E+00
  2.96256570285591500E-01  2.71803251878031060E+01  2.85486381714824340E+01
  5.50543265074639000E-01  6.94296354166129250E+00  9.86766204528284160E+00
  4.46540105696671490E-01  1.50877121698630980E+01  3.16128642553415730E+00
  6.47236078597052340E-01  2.04851812278592900E+01  5.42958027314881700E+00
  4.82769235883485770E-01  2.08486021007373990E+01  2.92256642409771710E+01
  2.97529618718302210E-01  1.87399449055338860E+01  1.47143635238359030E+01
  4.13811620468168510E-01  1.14711072108617800E+01  2.12072248020605980E+01
  4.87785457169642190E-01  1.51294656522608140E+01  8.90668940548598440E+00
  3.41778742319800830E-01  1.94339274153135760E+01  8.35852990922576920E+00
  4.05793634226126800E-01  1.00081380143848260E+01  2.02362571883059200E+01
  7.14516279726398110E-01  1.63936292302449790E+01  1.71478404422192480E+01
  3.71799304162545760E-01  2.42132892315730070E+01  1.95390049208645170E+01
  5.77820253962530560E-01  2.25265385632591300E+01  1.79043601355601470E+01
  4.75626642073745920E-01  2.47725564940285640E+01  2.39020408364322140E+01
  5.46562010559427060E-01  1.95047376927968800E+01  3.41381453091482760E+00
  3.29506256422424390E-01  1.74515295226498390E+01  2.10764894469085600E+01
  2.62213147743524950E-01  1.14464691495698950E+01  9.00520199855978380E+00
  3.63105686475124490E-01  1.98817046265082100E+01  1.52779204923059650E+01
  7.08391389715138510E-01  1.11339310514564360E+01  5.08929463766986600E+00
  4.26578460793149810E-01  2.40128019898679600E+01  2.27479984968513520E+01
  6.08873319065221350E-01  5.18219048125558500E+00  6.82519524252175460E+00
  5.39466591144820300E-01  2.44404500139962050E+01  2.61464828830766470E+01
  4.66553963192992600E-01  2.27272871821720700E+01  1.93072869816547980E+01
  4.82771447840326400E-01  6.03051180631017840E+00  7.51103133071387760E+00
  5.13004586318856950E-01  2.48037950683528830E+01  6.68847375661056360E+00
  3.17084428049163950E-01  2.29910172950823470E+01  4.02047529812091130E+00
  3.50974061745161330E-01  3.22374495113038950E+00  1.26926346974073250E+01
  3.82382183723224410E-01  8.37583742040431470E+00  2.41083702607846850E+01
  3.77759649416993960E-01  3.75129449843031670E+00  1.69306291784386360E+01
  5.74203886104520670E-01  7.88668126566915450E+00  2.06032257539238830E+01
  4.11346310528290360E-01  2.54123309893755080E+01  3.70364219983144730E+00
  5.06367095649294540E-01  1.09272089406553050E+01  8.27855681515999820E+00
  6.01687927537542500E-01  8.26378846278489830E+00  1.94896969518100640E+01
  2.49794182180603610E-01  4.45270087943637360E+00  2.93477395744054800E+01
  6.11481049571092420E-01  1.83003058956988840E+01  2.06719790129919970E+01
  5.03927515451986880E-01  7.68626649856715010E+00  4.25548599386507660E+00
  6.35485889077753010E-01  2.47445455874837140E+01  2.50126558272592800E+01
  2.99038091422116640E-01  1.53803546957697620E+01  1.71249405881377470E+01
  4.22541054278063120E-01  2.04142006830417340E+01  3.74711088314179670E+00
  3.05466220251299840E-01  1.63948167788886960E+01  1.29382590358428190E+01
  2.62213147743524950E-01  2.13905008417458440E+01  1.34546074936388220E+01
  3.61769499680632390E-01  9.63664452727975270E+00  2.95604767245680970E-01
  2.47647088603063280E-01  2.92352272392059190E+01  8.75521855511697210E+00
  3.11155895623034430E-01  1.57892834397314310E+01  1.30690027165222380E+01
  2.66929568161810020E-01  1.10347700442393020E+01  1.69393823298339220E+01
  6.90395435464654740E-01  7.53482219987630320E+00  1.84233075767121120E+01
  2.96503602823160150E-01  2.66116477071158770E+00  1.99932135375199740E+01
  6.57722721512726150E-01  2.16084158919775500E+01  1.16887831519124670E+01
  7.24777883420223110E-01  1.84248983339421100E+01  8.70168443775881250E+00
  5.48279863025970290E-01  9.63979208979643510E+00  2.16509078452461670E+01
  6.40748513009616880E-01  1.01423335447318090E+01  1.67740910375012180E+01
  2.56092450391898300E-01  3.28061255326579590E+00  1.90270422055459210E+01
  7.17499092254363010E-01  2.90047818405529690E+00  2.53549846989877350E+01
  4.66141488621800890E-01  1.17952936144397000E+01  3.85869925382789130E+00
  6.33759023001558490E-01  2.35360385453514920E+01  2.54001734946126660E+01
  5.48279863025970290E-01  8.39189085870272680E+00  7.57277007337566040E+00
  4.19081387041561550E-01  4.94777013971951350E+00  1.33733003434013820E+01
  5.70902198024309190E-01  9.00585941338463950E+00  9.86614023866945370E-01
  3.17950877609215300E-01  2.73708746461366170E+01  2.32009393092383800E+00
  5.96963967672292380E-01  2.03699926359185000E+01  1.18825120106410560E+01
  6.18832453479690690E-01  2.87475836103878990E+01  2.49815921410788140E+01
  2.63339374245984010E-01  1.90201609837500420E+01  2.88416497364397170E+01
  3.55036581058269410E-01  2.35546998649741080E+01  1.07766469779792700E+00
  5.84913004272127690E-01  6.31719507702401550E+00  1.49647173944736980E+01
  5.77235448209733180E-01  2.87713163215001200E+01  8.07430050231844380E+00
  5.01105313190319460E-01  2.51893902697691100E+01  5.92101636592254990E-01
  3.83598938984435380E-01  1.23940838034414420E+01  1.58859221509308330E+00
  5.98360795606824340E-01  5.51673154858437980E+00  2.78987841064253280E+01
  3.41778742319800830E-01  9.47712771486711420E+00  3.37896473504133170E+00
  3.29796701345061780E-01  1.55970476283972350E+01  5.59621058253462240E+00
  3.84420431658369740E-01  1.91354608449014750E+00  2.58958814380389450E+01
  4.91872428060923640E-01  3.06836340022008750E+00  1.42283133062845530E+01
  2.93443024193560210E-01  8.37344947454286980E+00  5.97214171754922680E+00
  5.81299825206354370E-01  1.27220164460570030E+01  1.31295491514476320E+01
  5.68243553274813350E-01  6.66681044613743090E+00  2.19330042031780900E+01
  5.39001667068871980E-01  8.32240974163568300E+00  1.33293720026511140E+01
  7.01587183784351610E-01  2.44895009675728200E+01  1.56987117462845500E+00
  4.45239477383046460E-01  2.41669026857999080E+01  1.74685239134356360E+01
  5.39001667068871980E-01  2.02131188111120820E+01  7.94959334147580420E+00
  2.86134314477376340E-01  2.68525528361120820E+01  8.95605353513169610E+00
  7.70254277643880240E-01  1.49227878558225250E+01  7.66634858479121380E+00
  3.45648959319623030E-01  2.26062559868989080E+01  1.17817620157640910E+01
  3.39481361119070080E-01  5.99662609920196130E-01  2.56272496395871770E+01
  3.04461637453634990E-01  3.84342099233127290E-01  5.67739470087879820E+00
  5.20369884994360540E-01  2.42713013199376210E+01  4.31325533023572930E+00
  2.65726189967390210E-01  1.16614845920448200E+01  1.05912187923346490E+01
  6.26908127420837150E-01  1.26106297028064670E+01  6.02482521550622960E-01
  3.48480710258510130E-01  5.03254730481779870E+00  2.94933769006291690E+01
  2.96653470797716330E-01  5.31475260154142060E-01  1.09888927329041410E+01
  6.31923671661538840E-01  2.79120986990173560E+01  1.53228007727112360E+01
  4.09705559579089850E-01  2.99480160723278650E+00  1.02684134012943140E+00
  6.72499163702481620E-01  4.91198495026783630E+00  9.33636017808862210E+00
  2.84029264846615530E-01  2.47755745297625540E+01  2.15879577538197400E+01
  5.34631033075580400E-01  1.03226832436849850E+01  3.14886100323568070E+00
  6.17076625982510940E-01  3.16097798232825470E+00  8.27007786051438210E+00
  6.55074006360275090E-01  1.48083461184965940E+01  2.84913880805277770E+01
  5.46562010559427060E-01  4.39582077955487890E+00  2.76689550953600120E+01
  5.17626013175185660E-01  4.80605792607610560E+00  2.19119397707108160E+01
  5.82207618145930890E-01  2.72949418515241500E+01  7.10190518190611900E+00
  5.98268629341587580E-01  1.14747859512264480E+01  1.91515330823044610E+01
  5.34553382826858140E-01  2.32701071082927090E+01  1.70776711148475900E+01
  3.76753951196820710E-01  8.65227996338321680E+00  2.83491229086594710E+01
  7.52518120402026810E-01  1.37527401232234480E+00  5.00326761880893930E+00
  4.81368497469048420E-01  5.96516524804985780E+00  5.20163476697614510E+00
  6.47413426355271770E-01  1.74425906447473300E+01  2.93810361433388220E+01
  3.05466220251299840E-01  2.69541202801931100E+00  3.03170268320981280E+00
  4.46689977500956030E-01  2.60972124188743920E+01  2.83102900524743290E+01
  6.18566685513849460E-01  1.64466385119007160E+01  5.17849753969795400E+00
  5.36592099856838090E-01  8.59927657501243740E+00  3.37549703174341160E+00
  5.09574347305064630E-01  2.36717576544344230E+01  7.20666429180868560E+00
  4.92328788949218680E-01  4.62959572979692260E+00  1.94512456951935630E+01
  4.83351594707823830E-01  1.89533235765251220E+01  2.60711747590330420E+01
  4.40650972415989980E-01  2.44511618911383800E+01  2.90447272437816690E+01
  6.10911033360540580E-01  5.72748422331612690E+00  3.32902449142238540E+00
  4.34172467284937990E-01  2.51979946040961950E+01  1.36697653010670430E+01
  7.03188417218805210E-01  4.05085160550907370E-01  2.33723284158639900E-01
  2.92799561075502800E-01  1.42435114442912810E+00  6.69789533316564520E-01
  5.68243553274813350E-01  2.26268673611427180E+01  2.45870030363546700E+01
  4.60682082706054620E-01  1.34840391406805790E+01  4.34385821741200930E+00
  6.41715074739605920E-01  1.59532133921337210E+01  1.21005086447785890E+01
  4.55206736325743130E-01  5.93996008573146920E+00  9.79871647523064480E+00
  4.22201084465533680E-01  7.58062413464271590E+00  1.67535062885334800E+01
  3.63079661055833470E-01  5.06160868675874550E+00  2.70521693279516530E+01
  2.63055759251188670E-01  2.15632546180659150E+01  2.87696314767239900E+01
  5.32877675645020420E-01  7.86898699445932780E+00  2.88079965038575950E+01
  5.77235448209733180E-01  2.50128252060765280E+01  1.90225102359773930E+01
  4.09775903561979240E-01  1.19439402278030830E+01  2.85833950867135510E+01
  6.93187364831086050E-01  1.05213553465441480E+01  2.37006875266211670E+01
  4.30054269381220950E-01  2.86805703658027400E+01  1.24983142828151870E+01
  5.07436062422724900E-01  2.60828506129555850E+01  1.16395780305123800E+01
  2.49948351789403130E-01  1.44325105647412460E+01  2.31105720685163370E+01
  3.16022212934137680E-01  1.03733662305679320E+01  9.27174356483083530E+00
  4.72818350263822220E-01  2.25339544656264620E+00  1.59279628626807030E+01
  4.46689977500956030E-01  1.70895462782153760E+01  2.83460137422640240E+01
  4.74581552528920360E-01  8.70316794494577550E+00  2.60165701635525510E+01
  4.86590143357422540E-01  2.89884469206200850E+01  2.39032022055957750E+01
  2.73281005279713530E-01  2.39222491564042980E+01  5.78119081965947150E+00
  5.20515140446715560E-01  1.36240585871780010E+00  1.87181103753823380E+01
  4.13811620468168510E-01  2.33906056603845690E+00  2.43739058637845360E+01
  3.81419328643079860E-01  2.57012853363274150E+00  9.91478315909993670E+00
  4.05593309893122810E-01  1.18883520544741510E+01  1.38841717449513280E+01
  5.85380732291966590E-01  8.23896897569055750E+00  2.50642867879602310E+01
  4.06599624824484800E-01  2.47677345596285720E+01  1.80709370059303010E+01
  6.40456937776772590E-01  1.38513250313398670E+01  2.16940246355214330E+01
  4.75626642073745920E-01  1.80074773018566110E+01  7.57688969803550630E+00
  5.09222041678605210E-01  2.31002053198052340E+00  6.48516783702100060E+00
  5.77820253962530560E-01  1.81139075408804720E+01  3.46056405300519690E+00
  3.80273533482480450E-01  1.26177871297921250E+01  1.21745150540559970E+01
  5.01406606281285510E-01  6.10694131642068870E+00  1.07401851368003940E+01
  3.59079136884617700E-01  4.46996537364571370E+00  1.74153812696184860E+01
  5.94092381958372510E-01  2.14882974597811480E+01  1.04433179658848160E+01
  2.54611020839302520E-01  1.55023756815276850E+01  2.05225219388532950E+01
  4.99223721401470310E-01  7.73013101213025510E+00  2.60199299552108770E+01
  2.54611020839302520E-01  1.53824766810022990E+01  2.48899671439775500E+01
  3.20574425314766210E-01  2.04393929895089280E+01  9.71209240250078310E+00
  2.85767805251094040E-01  1.82111297230849230E+01  2.42577992362891460E+00
  2.54611020839302520E-01  2.17382617010534250E+01  1.25915537272044970E+01
  4.12246671516209600E-01  2.84815804955438170E+01  2.63010626355121990E+01
  4.41298336829792340E-01  2.04325568101002270E+01  1.04744229195492530E+01
  7.09985914168247060E-01  6.45050479397766100E+00  1.93084178976414050E+01
  6.80956647410425740E-01  6.09124530884655970E+00  8.67292419935281880E+00
  4.75338540515479570E-01  1.27497362699408510E+01  3.76592078830866890E+00
  7.49588614928249000E-01  4.35117333048318770E+00  2.55678979524239020E+01
  4.74033319401206570E-01  2.15553341336074740E+01  2.44011335977007490E+01
  5.20515140446715560E-01  6.93508953323882870E+00  4.95150135121675830E+00
  5.48131117613959250E-01  1.35983291875031090E+00  2.08355307726991870E+01
  3.46733456860136300E-01  2.90148674071790610E+01  1.89600656985291350E+01
  6.97384645011991290E-01  2.65875572375274520E+01  2.93437890064563550E+01
  3.78209123272245940E-01  1.83385893013276160E+01  1.11581230394504820E+01
  3.82382183723224410E-01  8.33488565050961940E+00  6.64543990820500770E+00
  4.46537248270915300E-01  2.37164082590041050E+01  8.16142135473939060E+00
  6.08690451339190200E-01  1.94720524975963020E+01  1.40827696191256850E+01
  2.59062449636064510E-01  2.27589135193664480E+01  2.79245982142372780E+01
  4.43756654693070110E-01  2.16852408396130510E+01  2.72488474012215430E+01
  3.18942867500738640E-01  1.68714201080134810E+01  1.06300561900523040E+01
  7.16535845940979770E-01  9.92691765020124880E+00  4.33555123656017560E+00
  4.62836237406567810E-01  1.61049305792527660E+01  6.20420506904875420E+00
  6.97384645011991290E-01  1.36338057728921190E+01  1.54432368342596580E+01
  2.47647088603063280E-01  2.13589909352445280E+00  1.13462838597109240E+01
  4.05793634226126800E-01  2.81703622646236450E+01  2.73418571524701550E+01
  5.37364664263313330E-01  1.06392777657736520E+01  1.83845037775094800E+01
  5.72881440675418570E-01  1.50775155283347080E+01  6.33336827051916450E+00
  5.04213456464067280E-01  2.78708980168865140E-01  1.43446344427923790E+00
  3.86557871019070410E-01  2.12043822430804950E+01  3.91871080167080790E+00
  5.62178328188990490E-01  1.71847935604504620E+01  8.20670765836564800E+00
  6.41715074739605920E-01  1.46105400541086360E+01  9.93348420787632590E+00
  4.54567147313974470E-01  1.16430080319237250E+00  9.44688525905940150E+00
  3.97011970696729720E-01  1.78323966717279490E+01  2.16945963554902970E+01
  3.99477862283745790E-01  1.37186767850949850E+01  1.30897747541257270E+01
  5.15931587153482510E-01  1.13404456245664170E+01  1.13093343959804220E+01
  5.98026541173087530E-01  2.54385164883867110E+01  5.77709597548831690E+00
  5.94917806945655060E-01  1.39663999148218250E+01  5.97925062689474010E+00
  3.86557871019070410E-01  1.96604488746967720E+01  2.89507396998309120E+01
  5.52347772924787250E-01  2.09689533306333150E+01  2.60557196074531060E+01
  4.05793634226126800E-01  2.21791133767843900E+01  3.16991045403998810E+00
  4.66753989857397040E-01  2.30481007915189980E+01  3.23969016606298870E+00
  6.77666041374141330E-01  1.85966166137151670E+01  1.31427087200405840E+01
  3.23306573977224420E-01  1.88648443197099520E+01  9.66305065222813650E+00
  6.88340418185590860E-01  1.25504599491925220E+01  2.14272921379218180E+01
  4.11696508529454960E-01  9.20999507176321330E+00  2.52901629761057900E+01
  4.03052389307286420E-01  1.41429354306036000E+01  2.45796342748057980E+01
  2.97529618718302210E-01  2.21136445056550210E+01  2.38696686247590330E+01
  3.13090147150790890E-01  1.11049674424775930E+01  2.66151336872926020E+01
  5.01435669612667030E-01  1.33519309511926550E+01  6.88617856138059640E+00
  5.26482748420329030E-01  8.31103144780361620E+00  1.61492140002494970E+01
  6.75156127532392600E-01  1.90984141255875950E+01  1.18871343016923630E+01
  7.20816873845379820E-01  1.77137343213074350E+01  1.20614474672706390E+01
  5.30006102735105960E-01  2.38408247355504490E+01  2.42783222898384070E+01
  3.43353541919950760E-01  1.07018142681436230E+01  2.47213922107740910E+01
  5.32877675645020420E-01  4.98064947462137920E+00  4.93405087228249870E+00
  6.44956217916396120E-01  2.95128442977745710E+01  1.31764350794790040E+01
  3.55036581058269410E-01  2.72946879070414890E+01  3.98374076968201650E+00
  4.30054269381220950E-01  9.64389322024329590E+00  1.50903019018182450E+01
  4.93734512940847830E-01  1.67555577631773400E+01  2.72505142486322180E+01
  3.42409596243210680E-01  8.34359094394140040E+00  3.60172903269294190E-01
  5.58952633370732950E-01  1.76113184592699670E+01  2.66376276359596570E+01
  4.49954956992444630E-01  2.28679664906045870E+01  2.34145140153242610E+00
  4.11346310528290360E-01  5.31812575586583500E+00  5.81527832543221380E+00
  4.72818350263822220E-01  1.80672184753753340E+01  2.57121000572145060E+01
  5.00672486592370710E-01  2.57972104596538680E+01  1.97611815796497010E+01
  4.15334611176110170E-01  5.27170486125295310E+00  1.03627944315055130E+01
  7.70254277643880240E-01  1.34347650795532680E+01  8.15469330329109350E+00
  5.32262962461145860E-01  2.70952370945095210E+01  1.19042803513626510E+01
  4.01880163826280960E-01  7.16903825602947720E+00  1.50581202371088790E+00
  7.41720708060832300E-01  1.45783691163956670E+01  1.77882199641279680E+01
  3.01674668393272730E-01  1.33887934141791550E+01  1.37079614713689800E+01
  2.66929568161810020E-01  1.64881994860521960E+01  2.79624817672184740E+01
  4.15334611176110170E-01  1.97967411147638050E+01  1.10502907326490990E+01
  5.20369884994360540E-01  1.69926017047417910E+01  7.65826219987534440E-01
  2.84672167568555990E-01  1.87704748442578230E+01  5.10381517598165860E-01
  5.18912146576496980E-01  1.35621646277016930E+01  2.05724422093311220E+01
  3.90540239164096370E-01  2.30265226100061590E+00  1.29279042769480360E+01
  3.63079661055833470E-01  2.53498416556104620E+01  2.93186271285420120E+00
  4.73113776075054650E-01  1.87894020268459770E+01  1.93448751723195600E+00
  5.55687039951364880E-01  1.36298930634703570E+01  2.82171872140992760E+01
  6.97384645011991290E-01  1.84079361838521930E+01  1.81902828178086760E+01
  3.54092873053847420E-01  2.77647161977455570E+01  1.43397890913884790E+01
  7.37991961479508610E-01  2.82269978097282750E+01  1.78456713345624290E+01
  5.10790949981952740E-01  2.45713108483543150E+01  3.32779721330639290E+00
  7.03918080384424090E-01  1.23150606010742990E+01  2.67245722127393790E+00
  2.69326463995374250E-01  1.09156049070796170E+01  9.05298505656355700E+00
  5.39922025342825940E-01  1.28473602425700520E+00  1.39909923146196730E+01
  5.39922025342825940E-01  1.17066279618882590E+01  1.22995190628893720E+01
  3.52682444144397330E-01  7.37447806640822990E+00  1.98310837095207120E+01
  3.17084428049163950E-01  1.66616750040611170E+01  2.29345620924214690E+01
  3.92511582998476170E-01  2.51988797101369590E+00  2.63963268855622780E+01
  2.92799561075502800E-01  2.89808997053158810E+01  1.53825193460125400E+01
  3.63105686475124490E-01  1.27043228944749170E+01  2.84452318575111960E+01
  3.25036994184950640E-01  4.79777425463284770E+00  2.27544042690444960E+01
  5.70902198024309190E-01  2.93313647780222770E+01  1.03670904736243140E+01
  6.18138908065390960E-01  8.93947399432991570E+00  2.93003969497652930E+01
  3.10705613459761840E-01  1.25527882720170080E+01  2.35134666544656740E+01
  6.99092076263204730E-01  2.32348395934796860E+00  1.44549288333002400E-01
  4.40295189098215370E-01  1.49487197110579380E+01  2.43389688077931190E+01
  6.52034765531911640E-01  4.59754808548953160E-01  2.46456694956845120E+01
  5.12628979659419230E-01  1.69260741867138260E+01  2.58165758631774800E+01
  2.68569610726517900E-01  3.79947957001995060E+00  1.91039471995629700E+01
  4.41473589537221400E-01  2.20469940171128230E+01  1.99069441244113070E+01
  7.41623060643924430E-01  1.61046071489295140E+01  2.90102338100986690E+01
  2.49794182180603610E-01  9.33437074702032450E+00  2.85252281378877090E+01
  3.44856808658559500E-01  1.57667508231149820E+01  6.93711890158301610E+00
  6.83701617051292750E-01  1.74435566102064320E+01  2.47382515100904180E+01
  7.19599311285852310E-01  2.18197721448934810E+01  1.43368647249059010E+01
  6.67521681419926690E-01  2.89108932129949530E+01  9.17388016512808590E-01
  5.40946473112310590E-01  2.52766060981157280E+01  4.64988099931070130E+00
  3.83579206291793930E-01  1.81748152721380800E+01  2.39614417936587040E+01
  5.04339573614743570E-01  2.59952910609641530E+01  2.35310973250207930E+00
  6.35523375007872900E-01  3.84943656105108230E+00  2.26078009588698310E+01
  3.44905765886116280E-01  1.24937900707992640E+01  2.69257551891332980E+01
  2.65726189967390210E-01  1.68263902574984560E+01  6.30114190236828620E+00
  4.87785457169642190E-01  2.40824199202910940E+00  1.20561839003154640E+01
  3.71299762957800540E-01  4.23046539951975830E+00  7.55675762435139740E+00
  4.13811620468168510E-01  9.34871146664694310E+00  7.66819342101598880E+00
  5.69423614487483490E-01  5.50643831215261060E+00  1.25588068154009510E+01
  5.83429036676414100E-01  3.73169710193068530E+00  2.85808793574899980E+01
  5.30006102735105960E-01  2.00826327749883830E+01  2.21067130629032600E+01
  5.16710955738981780E-01  2.53764595342626580E+01  2.92843860490937580E+01
  2.65726189967390210E-01  2.65369083807561910E+01  1.95633980476787390E+01
  3.18942867500738640E-01  1.28705006018574720E+01  2.77837905755771150E+01
  3.23881608201221470E-01  2.91962135872492790E+01  6.60872924277921750E+00
  3.54092873053847420E-01  2.34590234377396530E+01  1.79636552340508260E+00
  5.12509616084684260E-01  3.14278022885208270E+00  4.32116689861580920E+00
  4.99223721401470310E-01  2.33573441946588360E+01  2.20948354592206190E+01
  2.56092450391898300E-01  1.31697222134166430E+01  1.18587571911221640E+01
  5.45765227979075810E-01  1.62236433874584350E+00  2.50110042999014150E+01
  6.94010183176834960E-01  2.98595948940586600E+00  1.09060345611883060E+01
  3.57201130995523370E-01  8.01021160238087400E+00  8.39263578698227520E+00
  5.25895496843049500E-01  6.13934049857456900E+00  1.37361399203276890E+01
  5.10790949981952740E-01  2.20212213368806790E+01  2.81429138583074550E+01
  4.89717368181109780E-01  2.08213401259585390E+01  2.50256012205061360E+01
  4.82769235883485770E-01  1.97362681420740320E+01  2.67545451746676650E+01
  6.93278360304079300E-01  2.41807074239663040E+01  1.41547355256477430E+01
  3.35017483125717060E-01  2.11092198397261690E+01  9.59555902350583520E+00
  3.26514001167033020E-01  1.62415769384507480E+01  3.76554221257832780E-01
  4.75880684447443510E-01  2.81336281121250270E+01  3.61225964593279690E+00
  4.22354771203238230E-01  1.86398622772595990E+01  1.04172599241192860E+01
  4.11966131227655820E-01  2.18638206403684730E+01  2.64108809235216670E+01
  7.30946391186454210E-01  2.32505925754228850E+01  5.03506798632403460E+00
  4.22201084465533680E-01  2.64924335428889710E+01  1.88771259735939410E+01
  5.15931587153482510E-01  1.74692040793229960E+01  6.74497861804983680E+00
  5.52347772924787250E-01  2.32565555169919130E+01  1.59913085471727500E+01
  2.49794182180603610E-01  1.77304299093165160E+01  2.00264443198028130E+01
  4.50103975287380020E-01  9.81177915705633910E-01  6.13740110570332580E+00
  3.61769499680632390E-01  1.05263378110199120E+01  5.96906918041493380E+00
  2.77147605524350650E-01  1.50439777688598240E+01  2.75902596099091610E+01
  7.64764367446448820E-01  9.58473305050204690E+00  1.91456760887119160E+01
  5.71326189973923350E-01  5.46752202361814540E+00  1.68607297424731540E+01
  4.07877171249442140E-01  2.67737422943672640E+00  2.31975761638976510E+00
  4.46540105696671490E-01  2.24688431350744900E+00  1.37749564528407800E+01
  5.07606992315717240E-01  2.05725396689774880E+00  8.48619332177100110E+00
  3.01731430220296380E-01  1.15028141372941450E+01  2.60765142690252710E+01
  4.32382463464541460E-01  1.75642033711687340E+01  1.09192749327112910E+01
  3.25762576013666160E-01  1.95338364895618180E+01  4.74893855590487850E-01
  6.24920360555607160E-01  4.40763970425441890E+00  1.55839696939413560E+01
  7.38532964590205680E-01  7.59186338678934720E+00  1.22777378260094260E+01
  3.92511582998476170E-01  2.64045525824554340E+01  9.46391103440991270E+00
  2.97561439636419770E-01  1.25813590053858860E+01  1.39963829961106420E+01
  3.46434506905438330E-01  1.38529227317654710E+01  2.66671474935034850E+01
  5.89502618647478990E-01  2.41319664901491250E+01  3.30280368616922000E-01
  3.32399546609116130E-01  1.10014963325433480E+00  1.20436163711139340E+00
  5.77649046292645880E-01  1.62098031050336320E+01  2.49972978905520260E+01
  4.31729360191427780E-01  1.31801182667222920E+01  1.44104946501358280E+01
  3.17950877609215300E-01  5.45701256812087280E+00  2.31210969682279170E+01
  4.75880684447443510E-01  2.56348337874927450E+01  8.13472229634581370E+00
  3.91816801400439550E-01  2.12188266097227260E+01  4.69566646826545500E+00
  2.50163292655703180E-01  8.23726831504024130E+00  2.65712969117448170E+01
  3.42074681651230290E-01  5.55673013517818150E+00  2.90185249445937890E+01
  3.50974061745161330E-01  1.01179546304059440E+01  5.38556574153548610E+00
  6.18566685513849460E-01  2.17580477429018690E+01  1.88209871876546020E+01
  3.24719866931951940E-01  3.73222073650768490E+00  1.76324306638758270E+01
  3.57201130995523370E-01  1.40546258734298470E+01  2.91671161772637290E+01
  3.13090147150790890E-01  1.74422579629017310E+01  1.71970538404175950E+01
  2.58355477869490890E-01  2.34919503616752370E+01  1.34999540186562290E+01
  4.83351594707823830E-01  1.24703878556694910E+01  1.58768526599580060E+01
  5.48463672908306780E-01  2.06995048545718450E+01  2.71216402214843340E+01
  4.24351701398837560E-01  7.78682466610958720E+00  2.16232940591449040E+01
  6.80557430527969220E-01  1.59770943258039870E+01  1.40650372616470350E+00
  3.73125396709624990E-01  2.51610869926038350E+01  8.83846700240484040E+00
  6.77808113742920780E-01  1.02442622532450860E+01  1.13824320621922340E+00
  7.67512613708393760E-01  9.35524947132562270E+00  2.27751169755482690E+00
  4.76544583128828500E-01  3.05419823686131500E+00  1.64369089377225950E+01
  6.97738347479756800E-01  2.74012392014978340E+01  2.65511603916315690E+01
  4.49545157175862540E-01  9.62097428951583210E+00  2.61189640305038290E+01
  6.25336422111717830E-01  9.14738381028482550E+00  5.47860112152663790E+00
  4.99487474973056500E-01  8.10167627396330480E+00  2.32708650628475270E+01
  6.67521681419926690E-01  1.24905272874807660E+01  4.87747217478204750E+00
  3.44170209092795430E-01  2.35873791564917780E+01  2.63763991011139110E+01
  4.01880163826280960E-01  1.36186950692098760E+01  8.06014162321787350E-01
  5.95035019805102560E-01  1.98648621099593860E+01  2.45154484017726130E+01
  5.20348764567513020E-01  1.65885892701391100E+01  9.84117821850348480E+00
  7.44845164893703690E-01  2.60923623821035240E+01  2.47205433085755710E+01
  6.94010688862415210E-01  6.12267416894332860E+00  1.18013089855395000E+00
  4.00156705760987560E-01  1.05230733427898070E+01  2.23580477912792870E+00
  6.57722721512726150E-01  2.17453475891207010E+01  2.19895215219120210E+00
  3.61198882346046800E-01  1.94338675923563000E+01  2.27166500663908020E+01
  6.07167866036927160E-01  1.45122489215371250E+00  2.38712419827302180E+01
  5.81677556670477180E-01  6.36425772214349020E+00  1.17920879927659050E+01
  3.17579752081870750E-01  2.74531685115021560E+01  8.90558621403581970E+00
  2.69169509893181310E-01  7.89492715140699990E+00  1.13182446661371510E+01
  5.36592099856838090E-01  2.50392368081206160E+01  1.16211506266866640E+01
  3.01799748246536660E-01  6.95477337225820950E+00  1.43497617947012510E+01
  4.05794678723965420E-01  1.60116249547958290E+00  2.17571144309536240E+01
  3.65995101567518470E-01  1.34830276185139010E+01  1.96915629227349100E+01
  3.39481361119070080E-01  2.44595749623896380E+01  1.02871711861526620E+01
  6.97384645011991290E-01  1.91484570878965310E+01  5.56603621765561570E+00
  6.82253548551889110E-01  1.47339556198343120E+01  2.08967403073894430E+00
  5.67035311113654220E-01  4.68431017552306540E+00  3.87530523787402540E+00
  6.47236078597052340E-01  9.50296882645089800E+00  1.31554450890083440E+01
  5.92513140571182980E-01  8.77465209717350270E+00  2.24109196788728510E+01
  4.71553509741754610E-01  1.78850023240104430E+01  1.45402911609530020E+01
  6.55885333720611730E-01  3.62856232045814760E+00  3.25920110793568970E+00
  2.83840017940612550E-01  2.35117412699510420E+01  2.13276757169667730E+01
  5.65219172841477580E-01  8.60850796592725940E+00  1.77727073963559260E+01
  3.48480710258510130E-01  3.43216295324452500E+00  2.62919894228971000E+01
  6.26908127420837150E-01  3.90868706999001820E+00  1.34899260842553520E+01
  2.62213147743524950E-01  2.26628508255542800E+01  1.38338048490139580E+01
  5.08737612195334600E-01  1.20513734430667800E+00  2.94684931927189990E+00
  4.59281804788439010E-01  2.25567476212746950E+01  2.58832581306389860E+01
  2.86550378078914000E-01  2.02858298596275400E+01  2.87031258807463240E+01
  2.99038091422116640E-01  3.05133369707533930E+00  2.43502299921658610E+01
  3.62493203924014780E-01  2.93064958376983230E+00  1.33430292104531340E+01
  5.64616421781660800E-01  1.83500809958515380E+01  1.94981561088800000E+01
  3.87533216804236250E-01  2.86793942619521900E+01  1.59917615375416860E+01
  3.90540239164096370E-01  5.12206694059400290E+00  1.77850501287219450E+01
  5.44640939783434240E-01  6.61551733345139150E+00  1.67082999027421830E+01
  3.84420431658369740E-01  1.71303990175104630E+01  1.41362298381315500E+01
  4.53492046339069340E-01  9.12973966203658270E-01  1.30709173593207680E+01
  6.38023782753992030E-01  6.97482204969154120E+00  3.36560962575284960E+00
  5.00672486592370710E-01  1.74576601689635990E+01  1.89191958030851880E+01
  6.08873319065221350E-01  7.00966318819345440E+00  2.30574883460520080E+01
  3.18942867500738640E-01  1.41743036701276140E+01  6.87486430400283230E+00
  2.65726189967390210E-01  2.06318973311335230E+01  4.39987257505348240E+00
  7.10410487391814980E-01  1.54122217603625110E+01  1.61160134989362300E+01
  4.66797018098134940E-01  2.63206218947313890E+01  7.48913616695658210E+00
  3.89889811574280460E-01  1.61180143818479920E+01  1.52741041618610640E+01
  2.92456502136063850E-01  1.84344751686417610E+01  1.01160995584120260E+00
  3.63079661055833470E-01  2.03299220985727230E+01  1.74910527380173730E+01
  4.13811620468168510E-01  2.00571699273858890E+01  2.96456546613086220E+01
  2.60417758313763680E-01  1.69820417532235870E+01  7.40213308987441640E+00
  4.41940562555082740E-01  3.15394131992471170E-01  1.41424471467467220E+01
  3.08418768867630710E-01  1.85315280656891610E+00  1.93921814761610560E+01
  3.04461637453634990E-01  1.05001270975374330E+01  1.90154098118515690E-01
  4.75626642073745920E-01  2.62864772984501550E+01  4.75600050903940550E+00
  4.19693779402500590E-01  1.24581498054731950E+01  1.88920007507522070E+01
  3.26514001167033020E-01  9.42826278577808630E+00  1.74245992138424840E+01
  3.55388479881239270E-01  6.13519598429384860E+00  6.67980272956809080E+00
  5.33859136323620030E-01  2.51050859909792510E+01  1.71935933331439370E+01
  3.39481361119070080E-01  6.32872254583610870E+00  2.10915481399062090E+01
  2.51153087880769550E-01  1.63661461235286470E+01  1.45922330646550140E+01
  4.21603844523193420E-01  5.07309024096298170E-01  2.33159146065025170E+00
  5.20348764567513020E-01  2.90458327467458480E+01  2.70415222672906380E+01
  6.86210935380316480E-01  1.22498126132171660E+01  9.64920654843470520E+00
  4.41140732643827070E-01  1.42795696101136310E+01  2.83660121932125970E-01
  6.26908127420837150E-01  3.18146172630618640E+00  1.53412030093219890E+01
  5.11871480770454750E-01  1.73837074703920570E+01  2.35443259358466750E+01
  4.70990686464341570E-01  1.98994720577034310E+01  4.47730328236311870E+00
  5.20369884994360540E-01  2.80090009298638700E+01  1.68925662770459780E+00
  3.04306421741581800E-01  1.11352030751608360E+01  2.52026693628215990E+01
  5.88333222664750720E-01  1.47317327317006740E+01  2.62528578222310500E+01
  6.64541222436485860E-01  8.18800778192967370E+00  9.39715995008039680E+00
  4.24351701398837560E-01  2.28877459548830160E+01  1.31851591546739680E+01
  5.55920758830291820E-01  1.97181656922404860E+01  9.20806557322358010E+00
  2.89042915761794110E-01  3.80007528606940820E+00  1.62659693769015660E+01
  2.47647088603063280E-01  1.91162653344028970E+01  1.09186276477865080E+01
  5.88686278844574580E-01  1.98468230463056550E+01  1.29456665594403080E+01
  3.53063097104977870E-01  2.39867532586904670E+01  6.40380447670018870E+00
  4.50600139601478670E-01  1.97242600244709720E+01  1.76033330851571850E+00
  6.65634982039605120E-01  2.82771577682888840E+00  2.34125247631340370E+01
  4.69750256464274060E-01  2.24870755111572510E+01  1.53203022373206950E+01
  6.13801455222646290E-01  2.03803782107696070E+00  1.48632197828001330E+01
  5.14582826754803690E-01  3.72841223016266900E+00  9.24821584206356920E+00
  3.81419328643079860E-01  2.23613792419425290E+01  1.24657104702225520E+01
  7.28196096543639280E-01  1.93031334614747610E+01  1.70814753239772410E+01
  7.33199636544987770E-01  1.04746307592118150E+01  1.03159337231083390E+01
  2.86550378078914000E-01  1.42387986052081690E+00  2.74084242885842430E+01
  2.52169786807371790E-01  7.84497760962489380E+00  1.51851538603146530E+01
  5.01406606281285510E-01  2.17555548548927650E+01  2.53551011334132570E+01
  4.18948713530687210E-01  2.66197277692107260E+01  2.57561410360749860E+01
  3.62620749938717070E-01  1.93807064619756880E+01  2.53413961378598420E+01
  3.15231116497538320E-01  1.41819613903830670E+01  1.24968681855545640E+00
  2.83840017940612550E-01  1.84639356705508040E+01  1.52261125740932620E+01
  4.72199721516180480E-01  1.95095494437516270E+01  1.02125891085830160E+01
  4.41666133880560000E-01  1.50566297740331890E+01  2.95588240028449330E+01
  3.39073066583844400E-01  2.06318360339560060E+01  1.59609331483355220E+01
  2.54831192030272870E-01  2.23695081359175170E+01  1.03640222303243110E+01
  6.65634982039605120E-01  2.29826462854338230E+01  2.88205231292210660E+01
  2.69326463995374250E-01  4.13044966473328850E-01  2.24125135443283520E+01
  3.08418768867630710E-01  5.46866718483423670E+00  1.95781655934305410E+01
  5.63324676144028570E-01  4.13424556840884350E+00  1.14166037971466100E+01
  2.49794182180603610E-01  2.37917809506952340E+01  2.92544179795041830E+01
  6.44956217916396120E-01  9.09664590869462760E-01  8.37923602903697960E+00
  4.26043897269923290E-01  2.00958188333584340E+00  2.78496383951494690E+01
  7.44533748089133770E-01  2.64119833640333200E+00  2.10337195102872450E+01
  2.47647088603063280E-01  2.69069077159704690E+01  5.39663070898538690E-01
  3.47451934045076260E-01  1.55737724798026190E+01  4.61372113834944830E-01
  4.83182858574677270E-01  2.36311716115686780E+00  1.87773259280596320E+01
  5.38382388131525950E-01  2.21580001478710250E+01  6.92003172709825610E+00
  6.08690451339190200E-01  2.92322358903531880E+01  2.23231088558391130E+01
  3.93024383017402490E-01  5.21351952988684890E+00  2.48187834562366090E+01
  2.54611020839302520E-01  1.14445473698343980E+01  7.72055167643003060E+00
  6.82253548551889110E-01  1.02234117314761440E+01  2.70766839504449130E+01
  7.67665169660178040E-01  2.57068982580728900E+01  2.20752670237344010E+01
  3.95839252948554370E-01  1.25799761797646760E+01  2.51707991165371960E+01
  5.15379284759350490E-01  2.06328144861187930E+01  1.43546350163790160E+00
  5.09222041678605210E-01  2.10009909493276440E+01  1.27896556812001730E+01
  4.72038094207023740E-01  2.41010482929669080E+01  1.19906933640224020E+01
  6.64541222436485860E-01  1.34086525786259930E+01  1.85080280162045430E+00
  4.84167632717154460E-01  2.07051572218584600E+01  8.88346274436603170E+00
  5.39922025342825940E-01  7.45527519847829630E+00  2.41140995196736720E+01
  3.77759649416993960E-01  2.41114800802588360E+01  2.16190254458089480E+01
  5.06367095649294540E-01  2.72095789534598930E+01  3.12773452034903030E+00
  3.05466220251299840E-01  1.65433863577631190E+01  6.90510633604826380E+00
  7.55604472483241980E-01  1.44913225290450890E+01  1.13253556920753610E+01
  7.68548325332126940E-01  2.84315682678149990E+01  9.37567307922076590E+00
  3.09209541844886400E-01  1.91429542270367000E+01  2.03014499073338900E+01
  4.71553509741754610E-01  2.48729634074912730E+01  2.00609492933633820E+01
  3.65995101567518470E-01  1.94002996563516560E+01  2.50871901886829510E+00
  6.26517897412854200E-01  1.62757614456338190E+01  2.37956406343544200E+01
  3.55388479881239270E-01  1.05085928074758690E+00  3.79914105203071490E+00
  3.90423892796942250E-01  7.79231870597123420E+00  2.24371128630984060E+01
  4.92172780862642510E-01  1.24546822101325570E+01  7.31169614920383640E+00
  6.66683478841499700E-01  1.17410715917442390E+01  1.79028960985290130E+01
  6.94903868090152520E-01  2.76644087596346290E+01  1.06203283055936520E+01
  7.65642972591057180E-01  6.13671945666212080E+00  2.41189156402165460E+01
  3.52682444144397330E-01  7.02129138319099600E+00  6.74096128736401300E+00
  5.39466591144820300E-01  2.44408144935451790E+01  1.53592713452145820E+01
  4.26043897269923290E-01  4.49706991708096910E+00  1.66309049833697600E+01
  2.53364602799301860E-01  2.55682047849077460E+01  6.63928888226632630E+00
  3.83290088603488770E-01  1.79360526562282490E+01  2.84766111796425640E+01
  5.55920758830291820E-01  1.59448062031797270E+01  2.64206280173667760E+00
  4.13050329149462850E-01  2.39484781004342030E+00  5.56707997626402930E+00
  5.20369884994360540E-01  1.97224616727513470E+00  1.31085982935577160E+00
  6.99477888048091770E-01  1.09454807980322250E+01  1.48778296187557210E+01
  3.59079136884617700E-01  2.62119624776426430E+01  8.73772864846619330E+00
  3.01799748246536660E-01  1.82183497639558250E+01  2.25210083464198830E+01
  5.28731261397185740E-01  8.02045323399171120E+00  5.23082579523277770E+00
  6.80338287111455390E-01  2.02977116305876000E+01  2.32971218866166720E+01
  4.74033319401206570E-01  1.66144422759561470E+01  1.59805354015434240E+01
  3.53302408788900560E-01  1.16677550593839610E+01  1.56430599592543690E+01
  4.03052389307286420E-01  2.00912742603531600E+01  6.40207250679439710E+00
  3.33973424357718240E-01  1.16790055299127680E+01  2.92778495430024750E+01
  4.68162992243922280E-01  2.56515321321720440E+01  1.44364905315305900E+00
  4.72192289519205580E-01  2.68860716565876000E+01  2.78394789876918760E+01
  6.73658304681401180E-01  2.27782453662744650E+01  2.69934193045183300E+01
  4.61178090502161720E-01  1.10662161865591660E-01  2.88001334379489010E+01
  4.18189647978318300E-01  9.54620469201179310E+00  1.20922205941167750E+01
  5.15379284759350490E-01  9.91418391508123340E+00  8.40444903178214810E+00
  5.34553382826858140E-01  7.50318263458895450E+00  1.16156753648902460E-01
  3.70336582810533970E-01  2.15448371295226440E+01  9.04085623936981800E+00
  6.42747544188997020E-01  1.86891567517138920E+01  2.71655851559588690E+01
  4.50600139601478670E-01  3.00608562438614650E+00  1.73621092149755860E+01
  3.55036581058269410E-01  1.34670424569020430E+01  5.17276848047070900E+00
  3.54092873053847420E-01  1.40227448652700540E+01  9.12973726428573680E+00
  5.13614394364816020E-01  2.01651291372095010E+01  2.07300851212868480E+01
  3.65995101567518470E-01  9.02031138767177690E+00  2.45220156089221890E+01
  5.25383403930900440E-01  6.75261711633983630E-01  2.16623303560012130E+01
  3.83598938984435380E-01  1.78843648897722680E+01  6.19523466006299370E-01
  4.86073626967704090E-01  7.95418062627813960E+00  1.09136361426026870E+00
  5.96963967672292380E-01  8.40410841475639180E-01  1.50372665424509750E+01
  4.66553963192992600E-01  2.80696841828893720E+01  2.67367697080128550E+00
  4.15252526658189590E-01  1.00053913857761660E+01  2.83485013581585290E+01
  6.36786611163594070E-01  2.09720928134198840E+01  1.98293124826086040E+01
  6.06760633376156730E-01  2.37501180375163520E-01  1.86515075538712200E+01
  5.25895496843049500E-01  2.30887253005972330E+01  8.90357198443946270E+00
  5.05409982910693060E-01  1.52229596420606620E+01  1.88557771798587130E+01
  5.18912146576496980E-01  1.36414273705710930E-01  2.63602861404766030E+01
  5.81677556670477180E-01  2.91345138733988950E+01  4.27111024952269600E+00
  2.50625569857546320E-01  2.75188135244547710E+01  2.74908818029176590E+01
  6.67521681419926690E-01  1.08828137826533790E+01  1.35132732274112170E+01
  6.52034765531911640E-01  2.13496808643350170E+01  1.75509607617110670E+01
  3.81419328643079860E-01  1.31087793985543010E+01  2.65412989002618180E+01
  3.18942867500738640E-01  1.98048353847463370E+00  2.23729357682441510E+01
  6.63973334543257470E-01  2.06982838744736290E+00  3.77062918215570430E+00
  4.05793634226126800E-01  2.07417920629964990E+01  2.14444675693826950E+01
  2.88617724104866640E-01  2.37981864503131750E+01  2.08325466073331140E+01
  3.17587838135982990E-01  2.72274221554108920E+01  1.87944870541243710E+01
  6.94010688862415210E-01  1.51842448798527700E+01  2.17400817537715660E+01
  3.25036994184950640E-01  1.18161107990942380E+01  1.31573208558109440E+01
  4.41940562555082740E-01  5.90174782427988110E+00  2.03208154536208060E+01
  3.05466220251299840E-01  1.92849259897666910E+01  1.49767240144338290E+01
  7.22984261441823330E-01  2.04393268109904900E+01  1.85790026839425620E+01
  4.60682082706054620E-01  2.67920949900452850E+01  2.14999599831962980E+01
  4.22201084465533680E-01  1.43017669152021230E+01  2.37698648090299150E+01
  6.24824560398126750E-01  1.30250343797697300E+01  1.80166696244330180E+01
  3.63079661055833470E-01  2.78817752815818100E+01  8.37774872424874670E+00
  3.25516939164680520E-01  2.81960469594646030E+01  2.40802018081641190E+01
  4.87886881528419990E-01  8.65249261828415680E+00  2.13385084081677900E+01
  4.34172467284937990E-01  1.56515416070948280E+01  9.66512471291634160E+00
  7.04082361725448710E-01  1.45631816422199130E+01  1.98706778543961560E+01
  4.40295189098215370E-01  1.75164805957915060E+01  2.63665929737629720E+00
  4.54567147313974470E-01  4.01184412044313100E+00  4.74462263144528510E+00
  4.89717368181109780E-01  2.77976853554060540E+00  2.22594510733009940E+01
  4.82771447840326400E-01  7.62024041015684080E+00  6.15895884550503060E+00
  3.54092873053847420E-01  2.40695872337033630E+01  2.02503489038053530E+01
  7.67457697882333090E-01  2.18828811977010140E+01  5.64473559742701790E+00
  4.43129600128677660E-01  5.02530242467998090E+00  1.60974323029129420E+00
  5.61514797181737530E-01  7.14631067627744000E+00  1.09600768539348860E+01
  5.82207618145930890E-01  1.57744960780196680E+01  2.67846451337405470E+01
  5.94092381958372510E-01  2.26382483069350150E+01  1.32358189586330480E+00
  5.64318884198494160E-01  1.06086081496503620E+01  2.58919465771724230E+01
  6.16837537735261420E-01  2.96662700789423360E+01  1.61731062290803710E+01
  4.20581746236023420E-01  2.35298119866372280E+01  1.50581659982138060E+01
  3.16022212934137680E-01  2.00196449183962000E+01  7.11714419025384260E+00
  4.59502380082057990E-01  1.13856871532953810E+01  7.00895032341832640E+00
  7.48336469443998900E-01  1.31833094675929940E+00  2.87979896427816230E+01
  6.90159994875631000E-01  1.76596898656164640E+01  4.69276437481423870E+00
  4.68364091588631840E-01  1.76947756494473400E+01  2.76605610268046180E+01
  4.05593309893122810E-01  1.96829897017327760E+00  2.01014135086387890E+01
  5.55687039951364880E-01  2.09566552273002600E+01  2.81940960976432460E+01
  2.83840017940612550E-01  2.52114440384754880E+00  1.79133203584029240E+01
  5.98280766214214580E-01  2.10400194630846040E+01  6.71923791132102100E+00
  5.84913004272127690E-01  8.72413916329015390E+00  1.15196897333857390E+01
  2.83840017940612550E-01  9.89234922770654990E+00  2.54380960253440480E+01
  2.83517655556827110E-01  2.01848072952065790E+00  2.11289868871988730E+00
  5.27599340399055180E-01  5.54393551842769480E+00  1.57645411270141270E+01
  6.24824560398126750E-01  1.20547377820955750E+01  8.35377220854150870E+00
  4.84167632717154460E-01  9.85703539955055420E+00  2.46714153609174110E+01
  5.66562802601083430E-01  9.04227446322684260E+00  2.03601616522798490E+01
  5.81213412342838430E-01  9.29729102439955390E+00  6.67511029137259100E+00
  5.13285974501586400E-01  2.77915984441266130E+01  2.03480452424675600E+01
  5.29625185962053640E-01  2.63371758993211880E+01  6.49387663147986240E+00
  3.30104909316010620E-01  2.86384598875969230E+01  1.09432523682379030E+01
  5.48174971142568520E-01  2.60214563335045000E+00  2.86218905119932710E+01
  4.72192289519205580E-01  1.90422146760902500E+01  1.57146858517139880E+01
  4.53126113496558960E-01  1.73279523758173540E+01  5.78657962324395480E+00
  5.25993347610763350E-01  1.34514578945576650E+01  9.79825509516940230E+00
  4.75338540515479570E-01  2.33273910645989770E+01  1.13922136350892470E+01
  4.30858982518450690E-01  1.98709019299848250E+01  1.60717076010842030E+01
  7.09741570678139940E-01  7.88032809504157060E+00  2.35867717096530780E+00
  5.05409982910693060E-01  9.91950039966032190E+00  2.26653609783180270E+01
  5.20369884994360540E-01  8.69461849508962810E+00  4.42731366618939330E+00
  2.73281005279713530E-01  1.38694949060146640E+01  1.91833643945293200E+01
  3.09574052588245370E-01  1.07768032037216170E+01  7.47797661236110490E+00
  3.18095930761502070E-01  2.85280734052616580E+00  1.94097969170588090E+01
  4.46537248270915300E-01  7.19397460080670740E+00  8.90358847937398860E+00
  6.38830345620663920E-01  8.16832196679967200E+00  2.74571713611144650E+01
  6.68397269451762100E-01  2.91151456406388720E+01  2.23586372120562600E+00
  5.32488384254616510E-01  2.38194701095454670E+01  2.60563923110964170E+00
  3.17579752081870750E-01  4.57533270189642490E+00  2.02590977109275910E+01
  5.16710955738981780E-01  2.51379275109062340E+01  2.70538526251850660E+01
  4.49545157175862540E-01  2.55683781561108110E+01  9.55236145215259920E+00
  3.20574425314766210E-01  2.33289859240084960E+01  2.78207481547834310E+01
  4.12246671516209600E-01  2.65570025794167390E+01  3.77383562634723320E+00
  4.94550785807675550E-01  8.90021110726365810E+00  8.48270419551894860E+00
  3.59079136884617700E-01  1.70928274831990840E+01  9.12188956963950130E+00
  6.10572080928614460E-01  1.05567828856390840E+01  1.22796569861684330E+01
  4.75338540515479570E-01  6.81124070686455330E+00  2.04362882429823780E+01
  5.09574347305064630E-01  9.17865860585144770E+00  1.05177103519077480E+01
  4.18189647978318300E-01  1.02118796772633650E+01  1.57189445619760200E+01
  3.76753951196820710E-01  1.84196362357353750E+01  2.90624171270271250E+01
  3.84533934306195220E-01  1.47142075434579540E+01  1.52675312071463180E+01
  6.60767019732147710E-01  3.35659030680500160E+00  7.00768319675547160E+00
  5.64318884198494160E-01  7.27406988959217050E+00  1.58163221912453590E+01
  4.69750256464274060E-01  5.67296615448656370E+00  2.25169612571573060E+00
  6.88340418185590860E-01  7.17134265984442900E+00  7.77014748363738670E+00
  5.93150731645016190E-01  2.57325367113464440E+01  2.34342762342505470E+01
  7.17499092254363010E-01  2.88735021621782340E+01  1.43783567453832400E+01
  3.79322922295397280E-01  2.73423822204441860E+01  1.71660648335910580E+01
  3.20574425314766210E-01  1.94419219592332850E+00  1.80921889309931140E+01
  7.17953871372127320E-01  1.08303444620357010E+00  1.75132633074250240E+01
  3.42409596243210680E-01  1.19609237963607440E+01  5.73690287661775860E+00
  4.43129600128677660E-01  1.90821423765018460E+01  2.95453065123506850E+01
  3.78068289465320630E-01  2.03678201765822000E+01  1.67508671889222820E+01
  4.75338540515479570E-01  1.98613276931972460E+01  1.97901967561202880E+01
  7.38532964590205680E-01  1.63900310531957240E+01  2.09672786204400480E+01
  5.07606992315717240E-01  2.30371212256522140E+01  2.98618781678761990E-01
  2.86134314477376340E-01  8.26737009107678310E+00  1.69757766535551080E+01
  5.07437626189109900E-01  1.28644418240209970E+01  5.99115726458515410E+00
  6.15073771326759470E-01  1.77516878692838350E+01  1.60897288249712610E+00
  3.30104909316010620E-01  1.43946760165364530E+01  2.08905682646585690E+01
  6.66683478841499700E-01  1.97695274759645870E+01  2.79032662780439970E+01
  7.49545055295440930E-01  1.25773961581700360E+01  1.10461065939049680E+01
  2.54824432159977790E-01  1.34909793369304490E+01  1.14620399945083150E+01
  5.72142532162989690E-01  2.62259761661310410E+01  2.70310913442051300E+01
  2.77147605524350650E-01  9.88256434856720570E+00  6.00546828286423380E+00
  4.68364091588631840E-01  3.96946243307753570E+00  1.45824984102002780E+01
  4.82771447840326400E-01  1.00385721162355850E+01  2.92454206842932470E+01
  2.50971712925384870E-01  1.14413733711242270E+01  1.01232713794851020E+01
  5.38024295323284910E-01  1.70171819307092280E+01  1.50523731101324890E+01
  4.13050329149462850E-01  6.05352258685953970E+00  2.26987996552376290E+01
  4.86590143357422540E-01  2.69872320701690000E+01  1.59501146108471640E+01
  3.16148313226467530E-01  2.85258627280630500E+01  1.99647746168986020E+01
  3.81419328643079860E-01  2.13926512434251560E+01  3.17548632930449330E+00
  6.52911031193170470E-01  1.36942409400246710E+00  7.16719591970270910E+00
  4.49150663742554990E-01  5.77478272981506360E+00  9.17488703636983870E-02
  4.73113776075054650E-01  3.85462777239714870E+00  2.11345704018781720E+01
  3.65995101567518470E-01  1.32418355072195360E+01  1.89979843144812510E+01
  3.46028387031474870E-01  4.70093111731211530E+00  1.21265242939807790E+01
  4.23675716525973380E-01  1.87047910762840960E+01  2.82316082239834220E+01
  2.47261092463374420E-01  2.55723968134045200E+01  1.21939034032820890E+01
  2.63339374245984010E-01  2.59621080149893830E+01  4.09301697206085360E+00
  2.59062449636064510E-01  2.38406294539251530E+01  9.12825144933170480E+00
  5.77180454669814490E-01  4.09042166171145820E+00  1.02774505010329150E+01
  4.06599624824484800E-01  1.81571613851119980E+01  1.71162206119394360E+01
  4.65278877330243820E-01  2.78202902839593770E+01  2.81388617845612180E+01
  3.07263188066738420E-01  3.41018116291336910E+00  2.17741319454624040E+01
  3.88697647565240350E-01  1.72940099812543550E+01  1.65116158836102290E+01
  6.62122603690132470E-01  2.98039037788072390E-01  2.33420810734224700E+01
  3.79322922295397280E-01  9.79849210005269280E+00  1.80230199212806210E+01
  3.53063097104977870E-01  2.88668445795763200E+01  3.22645289084776900E+00
  6.88885956497308970E-01  6.59186548258342240E+00  2.89937642125597210E+01
  5.33066537704075310E-01  1.15828053488597350E+00  2.66031367960696810E+01
  3.42074681651230290E-01  8.73537575989903740E+00  1.24505348712356840E+01
  4.24351701398837560E-01  2.48389885334768900E+01  2.29491540568700430E+01
  2.92456502136063850E-01  2.64106828847730210E+01  2.28664645668098530E+01
  5.90639534364661320E-01  1.58516587129963130E+01  1.97532276507674140E+01
  4.09705559579089850E-01  5.71764052619704350E+00  4.34747827891830770E+00
  3.59079136884617700E-01  2.06037169307124480E+01  1.52645796437589140E+01
  5.27599340399055180E-01  1.23370785685375230E+01  2.60612317163542220E+01
  5.38382256471750510E-01  2.55815043305997880E+01  2.07774481638542630E+01
  5.96963967672292380E-01  2.93819819664417210E+01  2.11273381485992150E+01
  2.96503602823160150E-01  1.50084945713020770E+01  2.07660150094468640E+01
  3.64593218166308700E-01  1.36236917386678850E+01  1.72323752606070110E+01
  4.18947112612636110E-01  2.25069260884525480E+01  1.10236384389377080E+01
  5.40946473112310590E-01  2.71273216862666400E+01  2.24434640890921320E+01
  3.35017483125717060E-01  1.12334234685885760E+01  9.56571492776342680E+00
  4.75626642073745920E-01  2.44838742654459590E+01  5.28612624204332530E+00
  3.04461637453634990E-01  1.61314697857304420E+01  4.31130726697372780E+00
  4.36315933331792570E-01  2.68281512539671030E+01  8.23500567676976660E+00
  6.77666041374141330E-01  2.81676126325899680E+01  2.30775493871683390E+01
  5.67035311113654220E-01  2.77189936456986570E+01  5.98686839721688550E-01
  3.38650161839631010E-01  2.86008537493801210E+01  2.06139332446894950E+01
  6.94010183176834960E-01  2.04656380375392250E+01  2.63196028488612830E+00
  7.10410487391814980E-01  2.90669353348485480E+01  5.58411312073430470E+00
  4.54567147313974470E-01  1.23979587561789070E+01  2.25586510765563480E+01
  2.52169786807371790E-01  2.90923694096733100E+01  2.31721481999621160E+01
  3.01799748246536660E-01  2.51922960310738590E+01  2.28577230600777840E+00
  4.27719079604653450E-01  4.12025002495080540E+00  2.67242794087325350E+01
  3.87762191716535260E-01  5.71138843362292010E+00  2.19208296684452650E+01
  5.72951670348821020E-01  2.14785192848117820E+01  1.55831819810295830E+01
  5.09222041678605210E-01  6.99991578047678600E+00  2.50569161176292750E+01
  5.25993347610763350E-01  6.63350679308711120E+00  5.95339267624635760E+00
  3.12648490279368120E-01  1.44060803363630290E+01  1.88668036376650970E+01
  3.32399546609116130E-01  1.00890643797506330E+01  7.57519958271204260E+00
  4.43807889241729470E-01  1.67683650932598030E+01  1.13848524569847760E+01
  3.44170209092795430E-01  1.60743280636036300E+01  2.59086463716681590E+01
  2.54824432159977790E-01  2.35620478898392420E+01  4.00167437419651950E+00
  4.21963532045373490E-01  1.67975679919918230E+01  2.15485918535577300E+00
  4.11696508529454960E-01  2.11430346561963170E+01  1.65087430810226470E+01
  4.11346310528290360E-01  2.00660496242125720E+00  2.70135826819579420E+01
  6.16837537735261420E-01  1.13726093269289770E+01  4.84976148521089100E-01
  4.83570943621045310E-01  9.30266207432937970E+00  2.77891916570531770E+01
  4.32382463464541460E-01  2.70186253850286170E+01  1.47478946294873180E+01
  5.92513140571182980E-01  2.55027692609325350E+01  1.05920220375480930E+01
  3.55036581058269410E-01  1.26097774332720650E+01  1.71294749940292450E+01
  4.74581552528920360E-01  1.49109870591250060E+01  9.46732181456354740E-01
  3.44905765886116280E-01  1.89346759518397170E+00  2.30296892556296870E+01
  5.96963967672292380E-01  1.22392662347066900E+01  1.48227556144992950E+01
  2.68569610726517900E-01  2.28144913329353720E+01  2.15512142013882340E+01
  5.80290806494985740E-01  1.37104085566790830E-01  9.33011784311619510E+00
  6.25336422111717830E-01  2.69635699649097060E+01  2.35977780894351100E+01
  6.17452885167652710E-01  4.30697264953655350E+00  1.83780437857083360E+01
  3.29506256422424390E-01  2.70592592501574250E+01  5.27725949363970150E+00
  2.58355477869490890E-01  2.86907096902604910E-01  1.24047955969057110E+01
  4.69641390777102340E-01  2.65282529176882380E+01  1.03159102270523490E+01
  3.49095179616795370E-01  6.46074001142805620E+00  2.79660535869164700E+01
  3.27988333844876360E-01  6.66432443453845650E+00  3.14692429579375380E-01
  3.86383264228710210E-01  5.74205531862193830E+00  2.67414637734787560E+01
  4.75543307221801650E-01  4.24405456124107430E+00  8.40340972739201850E+00
  5.07815655211632320E-01  5.36014839466335950E+00  1.87694131293446700E+01
  6.08088426536500660E-01  2.66750824498327970E+01  2.04379792518778380E+01
  3.93024383017402490E-01  3.28184228612800990E+00  1.19509732128175000E+01
  7.48336469443998900E-01  2.36804111537035950E+01  1.85560012428324620E+01
  3.13454063710418570E-01  1.87656961047866670E+01  2.28011590981681390E+01
  4.43133439323318520E-01  2.45255581347530840E+01  2.09061348039065110E+01
  3.62493203924014780E-01  2.60159248429136300E+01  3.21954355699194440E+00
  5.72881440675418570E-01  2.42787837848208450E+01  1.64583341434012060E+01
  3.71299762957800540E-01  2.63902240022835990E+01  5.59528478570494590E+00
  5.13143010843963320E-01  6.65530582210206050E+00  2.26187348664469660E+00
  3.87533216804236250E-01  5.99829079404090140E-01  1.02081519253505440E+01
  3.90540239164096370E-01  1.57100842153045740E+01  3.75598278799212930E+00
  4.11696508529454960E-01  1.46831634832701670E+01  2.51893743425782550E+01
  4.19670751191123690E-01  1.81524639186657350E+01  6.07006599391449250E+00
  5.39922025342825940E-01  1.53882589396871070E+01  4.71011903796834200E+00
  3.73125396709624990E-01  2.95909869292687660E+01  2.55017829293180580E+01
  5.72628172168292430E-01  1.88667613958064630E+01  4.32980894929838910E+00
  5.63660960642019760E-01  2.78356081098494740E+01  2.91669851633204790E+01
  7.54397230300637300E-01  2.80907075072789570E+01  2.15795133320595840E+01
  4.07877171249442140E-01  2.60959802019015720E+01  6.40297604974237360E-01
  4.61178090502161720E-01  2.08000566851215860E+01  4.74589963287510570E-01
  3.50974061745161330E-01  6.46651800982551530E+00  4.21400206851368700E+00
  4.22541054278063120E-01  1.91417932842428870E+01  1.11148167032662730E+00
  3.25036994184950640E-01  2.85657656930453570E+01  1.33828872835889530E+01
  4.96042965314236020E-01  1.42998036928767310E+01  2.73813370200132770E+01
  3.04461637453634990E-01  7.71494078769500200E+00  6.94013223204641250E+00
  4.21290506291976640E-01  1.34663486021277310E+01  2.96898183416171620E+01
  4.26578460793149810E-01  5.56417997907196590E+00  2.11205777341567040E+01
  3.91816801400439550E-01  2.54884917394885700E+01  7.27947801207184410E+00
  5.32262962461145860E-01  1.62251004540949810E+01  7.68297420045443860E+00
  6.07718241283317260E-01  1.07726710094868870E+01  2.19515520977443120E+01
  5.13425754976809310E-01  2.81269801559764970E+01  1.17355884303009880E+01
  5.46829204411607870E-01  2.53444453470606950E+01  1.61171521584136920E+01
  2.99038091422116640E-01  2.91101893113868120E+01  2.59702997598760670E+01
  3.65374026971610010E-01  1.98366682115027260E+00  9.45285016686590040E+00
  3.46733456860136300E-01  1.56579490456997820E+01  1.79110304795224340E+01
  5.01833768532536340E-01  1.92908680062551670E+01  1.89985480349370770E+01
  2.88617724104866640E-01  2.67806199249323060E+01  2.45913931985966630E+00
  3.13454063710418570E-01  1.85529553245973420E+01  1.41318701251631240E+01
  4.43756654693070110E-01  2.70941365130810960E+01  1.38755426862646000E+01
  5.20369884994360540E-01  5.13060394422166600E+00  7.95260508241292290E+00
  7.41720708060832300E-01  2.29992656623408220E+01  2.33274016643632150E+01
  2.99038091422116640E-01  2.79692893923633040E+01  7.72184790213508610E+00
  3.93024383017402490E-01  1.54066882827333820E+01  2.55412951915765230E+01
  2.53364602799301860E-01  1.56370342719166690E+01  2.43980982376498370E+01
  5.48463672908306780E-01  2.84211392660797910E+01  7.00587099592409500E+00
  5.63660960642019760E-01  2.94966587773764000E+01  1.75648751831683330E+01
  4.99487474973056500E-01  8.95099604383944940E+00  1.41597635150315160E+01
  5.32488384254616510E-01  1.81520066740986080E+01  1.61781803981917850E+01
  3.62493203924014780E-01  1.49467412956497070E+01  2.27779802814270550E+01
  3.90540239164096370E-01  1.67896477886340940E-01  6.34725701920719130E+00
  6.25248164210708260E-01  2.12086727571512200E+01  2.23626893821293750E+01
  3.93024383017402490E-01  3.07971302198822800E+00  5.99123006219987530E+00
  2.83517655556827110E-01  4.29434610628491510E+00  6.90514063188233520E+00
  5.16562546778196820E-01  1.55706401044240010E+01  1.45535904330485570E+01
  5.96777348356598920E-01  2.21170064746756660E+01  4.28442513053266530E+00
  3.35017483125717060E-01  7.14732937061466260E+00  1.74086946096736740E+01
  5.69344335137112000E-01  2.89487511328916830E+01  2.93749479856972330E+01
  5.55509338843663690E-01  1.18162835224753380E+01  1.66834362388201070E+01
  4.09775903561979240E-01  2.43638777991680370E+01  9.54458005627201440E+00
  3.20574425314766210E-01  1.99134285866215390E+01  1.00863493373624370E+00
  5.39466591144820300E-01  1.71951621649337340E+01  1.32088006133434420E+01
  5.18725390566230620E-01  1.20422398901398320E+01  2.76610300545851470E+01
  3.62493203924014780E-01  2.45843768992911790E+01  2.22048848852279730E+01
  4.23675716525973380E-01  2.51496494866258760E+01  1.47088949521717860E+01
  4.13050329149462850E-01  1.06245063217823080E+01  1.96980176313937850E+01
  3.01731430220296380E-01  4.42390959266134760E+00  1.17172662704965980E+00
  3.48156346672602490E-01  5.12472046217160050E+00  2.63447705961832030E+01
  6.83531487369900860E-01  1.89057082906909560E+01  2.18153519318284590E+01
  3.27197753470684690E-01  1.93431912397437240E+01  2.09049640931301890E+01
  3.50974061745161330E-01  1.94552381776125680E+01  1.81497320695972210E+01
  5.77649046292645880E-01  4.72395638740317110E+00  2.69346439062448400E+00
  5.13614394364816020E-01  2.15552932435508950E+00  1.69090105449850760E+01
  7.17953871372127320E-01  1.36194285784632500E+01  2.55694261910845700E+01
  3.01731430220296380E-01  7.04718227808916970E+00  8.14414265255986440E-01
  6.14584822297879540E-01  2.57876341222520400E+01  1.81171076526167130E+01
  4.69641390777102340E-01  2.42087930166213070E+01  1.10552403495947670E+01
  4.49154676673646060E-01  2.88162914706003830E+01  1.68159993048790990E+01
  4.82268891960512480E-01  5.05781710301932640E+00  6.85093679462491960E-01
  6.26908127420837150E-01  9.21207323376879470E+00  2.35480185403469240E+01
  2.50971712925384870E-01  1.30468308769602410E+01  9.12173308486122810E+00
  2.62213147743524950E-01  1.08787623023093070E+01  2.28148165344089160E+01
  6.45167794061425240E-01  2.16489963177513720E+01  2.09171342762994820E+01
  5.94931591270377070E-01  1.10070743090301860E+01  2.82218051724941250E+01
  7.68548325332126940E-01  1.16571187499946680E+00  1.18764480493764020E+01
  4.36195486319121350E-01  7.23853709615559990E+00  2.80737924446921350E+01
  5.33066537704075310E-01  1.69723648674888710E+01  1.98318906743191370E+01
  5.62178328188990490E-01  2.30764708510667130E+01  6.31562237340079320E+00
  2.97561439636419770E-01  3.21423798457037440E+00  2.93041929098018810E+01
  4.82771447840326400E-01  2.39723564271993470E+01  1.29367481207368370E+01
  6.61562106526255890E-01  2.76842647200616940E+01  1.29418646667942880E+01
  5.04339573614743570E-01  2.15755180633906360E+01  1.04951464564948570E+00
  3.45648959319623030E-01  4.90133004109044900E-01  2.06298838018399020E+01
  6.95947079841625180E-01  2.62998524623910870E+01  1.69110880812873140E+01
  4.75626642073745920E-01  1.31770208052493100E+01  1.65228909029364490E+01
  2.57534358191145160E-01  2.26602347507679840E+01  2.23881107334602590E+01
  6.30423428531534040E-01  2.56007338942009600E+01  2.60043733521902460E+01
  3.25516939164680520E-01  2.96328625192665850E+01  8.34338444446137470E+00
  3.14110289759674140E-01  1.66453847556257270E+00  1.32262293053926500E+01
  3.99477862283745790E-01  3.27905299888547130E+00  5.22323578225811240E+00
