1
  1002  2.96924426640336700E+01  2.96924426640336700E+01  1.00000000000000000E+00
        0.00000000000000000E+00  0.00000000000000000E+00  0.00000000000000000E+00
  2.62213147743524950E-01  1.89760207249046430E+01  2.34468165011753660E+01
  6.45167794061425240E-01  1.22541887045149790E+01  2.20086043785261970E+01
  5.94931591270377070E-01  1.81792968072599170E+01  2.38112805980786460E+01
  7.68548325332126940E-01  4.56864153056223900E+00  2.68565433562427850E+01
  4.36195486319121350E-01  1.38326632107893560E+01  2.71086295432048520E+01
  5.33066537704075310E-01  2.54708303503023150E+01  1.14131591017288620E+01
  5.62178328188990490E-01  2.16681117790863170E+01  1.16422675777296700E+00
  2.97561439636419770E-01  1.58736435901554480E+01  1.29170032431725680E+01
  4.82771447840326400E-01  1.19460513898031420E+01  2.69197547621526850E+01
  6.61562106526255890E-01  2.43320006624345170E+01  1.48165642702091220E+01
  5.04339573614743570E-01  2.81574344392662970E+01  5.60522283327710900E+00
  3.45648959319623030E-01  1.24446030435989080E+01  2.29807016413678830E+01
  6.95947079841625180E-01  6.53510739377625340E+00  2.85556354735247170E+01
  4.75626642073745920E-01  8.65349569774790160E+00  5.94384209468833370E+00
  2.57534358191145160E-01  1.78789003755795020E+01  7.39837600006609100E+00
  6.30423428531534040E-01  3.75033246341059550E-01  9.07950838826925730E+00
  3.25516939164680520E-01  1.67717663993521750E+00  2.11147315202213020E+01
  3.14110289759674140E-01  2.45091772694623420E+01  4.90558921612367270E-01
  3.99477862283745790E-01  1.58400512346466740E+01  9.78274688365140040E+00
  6.47236078597052340E-01  7.25848958765244310E+00  1.32313869755282440E+01
  5.28731261397185740E-01  3.98780488236680280E+00  4.10603610431848590E+00
  4.43807889241729470E-01  2.19601729168923610E+01  1.77031228978097590E+01
  4.82268891960512480E-01  2.08138627099850910E+01  2.77459941982385950E+01
  4.30858982518450690E-01  2.21868236463425070E+01  9.37172020775492240E+00
  4.18947112612636110E-01  2.88112084206742750E+00  4.34651911179912180E+00
  3.50662231740508900E-01  6.35447441089081890E+00  2.32169968097127180E+01
  2.85767805251094040E-01  2.60858242141933090E+01  2.38427795276013510E+01
  3.45648959319623030E-01  2.63322306808048800E+01  9.24347560383985820E+00
  3.45648959319623030E-01  2.95070651612041170E+01  1.18428249558074490E+01
  6.42005949159872720E-01  2.36030773118292570E+01  1.80916910469043200E+01
  2.74003615458356760E-01  2.24005660279381150E+01  7.61152887992315290E-01
  3.87653287431749970E-01  8.11938653161027090E+00  2.36370664097184610E+01
  4.18948713530687210E-01  2.65937292707213980E+00  1.68367982647525660E+01
  4.53451232343747090E-01  1.78596625432594580E-01  1.70849615752030850E+01
  4.21603844523193420E-01  8.54558513374241360E+00  2.17071505384151530E+01
  2.62213147743524950E-01  2.62578824823642240E+01  1.55320927242184440E+01
  6.94903868090152520E-01  2.71139711548803070E+01  1.35015850714530910E+01
  6.31563936872940970E-01  2.57988708509617660E+01  1.01280434438178360E+01
  7.01778375544082420E-01  1.71344912482584850E+01  2.54933455569733520E+01
  3.46434506905438330E-01  2.33195853313901830E+01  1.70627263383889270E+01
  3.50662231740508900E-01  1.91868621648062180E+00  1.45788556335794050E+01
  3.01799748246536660E-01  5.65690906904019370E+00  2.90281438833284110E+01
  4.41298336829792340E-01  1.96730603229834670E+01  2.47462991167232250E+01
  3.39481361119070080E-01  1.43783304659121430E+01  7.47520543015841280E+00
  3.83181557852844270E-01  1.68327061606851740E+01  2.17039675638725030E+01
  6.75156127532392600E-01  1.96440121110697210E+01  1.22109595550700370E+01
  2.73281005279713530E-01  2.39917433963643920E+01  1.89199830941879270E+01
  6.65634982039605120E-01  2.30072370036947260E+01  1.48914574592134270E+01
  2.54824432159977790E-01  2.70419025221471190E+01  2.80367460904427870E+01
  2.84029264846615530E-01  1.37071322329382160E+01  2.32091878794036390E+00
  4.62836237406567810E-01  1.72435927973701520E+01  6.07688917937319670E+00
  3.33973424357718240E-01  2.37142748170531410E+01  1.55967992563833810E+01
  4.91872428060923640E-01  2.90494866878431490E+01  2.82872279816594750E+00
  5.52490392167627680E-01  2.00887619553676940E+01  2.14622440929082090E+00
  5.39466591144820300E-01  1.07764114071186780E+01  1.86016188359911110E+01
  5.65219172841477580E-01  1.66290121268118400E+01  1.84946039044675810E+01
  3.53776024442120150E-01  1.45916366945900360E+01  1.84581662334431300E+01
  5.54611473665029210E-01  2.07528499676193900E+01  1.16800507935691500E+01
  4.81368497469048420E-01  2.92138439146700400E+01  1.90319647418923060E+01
  2.84672167568555990E-01  1.63745253754921550E+01  1.59373134837177480E+01
  3.06898385793053400E-01  9.08534537667547500E+00  6.62288645027711450E+00
  4.49954956992444630E-01  1.07556508562226720E+01  2.36395082951097560E+01
  5.88686278844574580E-01  7.36528673329147840E-01  1.16915715004014160E+01
  4.36315933331792570E-01  1.44742627249648450E+01  1.67061652890536830E+01
  5.46155746035104350E-01  1.12193251724368980E+01  1.18301773566221000E+01
  4.11346310528290360E-01  1.13158059212083370E+01  5.13420735377551020E+00
  7.44650008855257360E-01  2.28840541381865540E+00  2.95962498594204390E+01
  4.68162992243922280E-01  1.51631492902696290E+01  9.18622283855646770E+00
  7.11073931023246340E-01  5.39893354141913130E+00  1.55196761945818020E+01
  3.02034441597155470E-01  4.35612866991639610E+00  5.38010852856548190E+00
  5.12509616084684260E-01  2.01844561150822490E+01  2.96798615765838710E+01
  3.40422717275118370E-01  9.96812827083964950E+00  2.23379500255741910E+01
  6.65634982039605120E-01  1.36015719470105160E+01  1.81515968126596510E+01
  3.75295693565172690E-01  4.33350834675601960E+00  1.83244362923914360E+01
  4.75626642073745920E-01  2.49075027272778800E+01  2.44525091285817990E+01
  4.72038094207023740E-01  2.61032638999924770E+01  1.48148108689995120E+01
  4.29902962432020440E-01  7.59639936184245630E+00  1.78225400346760770E+01
  5.68910711623079470E-01  1.43149977685623710E+01  1.22779646022267470E+01
  3.07263188066738420E-01  3.56920712204130420E+00  2.64590344958890600E+01
  6.10911033360540580E-01  3.38099471106703220E+00  1.18603460082412240E+01
  3.43353541919950760E-01  2.83333316071922890E+01  2.92765470150741680E+01
  3.15231116497538320E-01  1.06082670030652690E+01  1.64928316478457330E+01
  3.78068289465320630E-01  2.94443695505892970E+01  2.90727589720575890E+01
  2.54824432159977790E-01  2.92886959632297450E+01  1.57080763511568510E+01
  5.44558358435121190E-01  2.02844058091087580E+01  1.65762424264575050E+01
  3.56000803327192820E-01  6.48403192276095020E+00  1.65777200728764700E+01
  3.13454063710418570E-01  2.40991210383327080E+01  1.35266355106553710E+01
  6.12591031919131530E-01  2.45826501548068420E+01  2.34090805333527070E+01
  6.47236078597052340E-01  2.27426530682197200E+01  2.95984527011076540E+01
  2.65726189967390210E-01  6.34347483838081510E+00  1.22789321918292680E+00
  2.96653470797716330E-01  1.42102476950009220E+01  1.46377086953699800E+01
  3.45648959319623030E-01  2.13137225519971270E+01  1.55753958642794820E+01
  3.13454063710418570E-01  1.61212403836103670E+01  2.55519228322053140E+01
  3.39073066583844400E-01  1.54398247889699820E+01  5.06998782422407320E+00
  2.96256570285591500E-01  2.07541667445328850E+01  5.69005932486244600E+00
  4.19081387041561550E-01  1.06520610003805380E+01  3.89179897933914190E-01
  7.08391389715138510E-01  8.72005624356216020E+00  1.72559693322275470E+01
  7.16035261746952050E-01  1.56498267358474480E+01  7.97322749634533600E+00
  4.43133439323318520E-01  2.97052666837857250E+00  2.16834566963840380E+01
  2.73281005279713530E-01  1.05465778205013830E+01  1.57235012718241500E+01
  3.35017483125717060E-01  2.21422807194522520E+01  1.43886158295461790E+01
  5.09222041678605210E-01  1.36871954772898690E+00  1.71798068028597100E+00
  4.27719079604653450E-01  2.21886278304929170E+00  1.52965063445189010E+01
  5.81299825206354370E-01  2.95521052310123590E+01  1.09171313961844870E+01
  5.46155746035104350E-01  1.61359444714093600E+01  2.71841739855094600E+01
  3.05466220251299840E-01  9.29765331080537650E+00  3.32054069189398550E+00
  3.11838068626578210E-01  2.65850174133481540E+01  1.23355389601976470E+00
  6.27423008989955560E-01  1.32517271025837610E+01  2.54153759316064940E+01
  7.12424816007452400E-01  2.82619741812769800E+01  2.08607895280013660E+01
  4.41140732643827070E-01  2.43961011497135520E-01  3.83501382544856730E-01
  3.80273533482480450E-01  1.65226923530181440E+01  1.46027302850110880E+01
  3.29796701345061780E-01  2.30977302477175960E+00  2.12842418007229100E+01
  4.15252526658189590E-01  1.85039921465156110E+01  1.90899527209439800E+01
  2.59062449636064510E-01  5.51437666902708660E+00  2.72578554483707410E+01
  6.18419083689772810E-01  8.36957147201046150E+00  3.70360679306190300E+00
  5.04213456464067280E-01  2.13101853525481000E+01  3.45653492320401590E+00
  3.48156346672602490E-01  8.66011287652015400E+00  1.49279595400084320E+01
  2.89042915761794110E-01  2.85366171690344640E+01  2.35027895094417650E+01
  3.05466220251299840E-01  2.21068870327344630E+01  1.97534961669894610E+01
  6.49919166153384610E-01  1.57666389650084900E+00  2.66954045039235840E+01
  6.14379095469630790E-01  6.01344249302716530E+00  1.34341818179172630E+01
  7.00411917450214720E-01  3.19643679548406560E+00  2.20034692500450110E+00
  5.69344335137112000E-01  1.25318655418568950E+01  9.58977904820904040E+00
  2.57564851167384970E-01  1.89005255856247350E+01  8.32726033991990630E-01
  4.13050329149462850E-01  5.85755025016979140E+00  2.66805875787184380E+01
  6.18419083689772810E-01  1.55008961620013820E+01  1.69442639745818400E+01
  4.26523982883737140E-01  1.92362096897446260E+01  8.28597611293687210E+00
  3.78209123272245940E-01  2.65651309323439550E+01  6.10108546646987190E+00
  2.63055759251188670E-01  2.20778010870327390E+01  2.79079396501186170E+01
  5.00274833943758600E-01  1.27947459459313610E+01  2.09988905764691330E+01
  6.01687927537542500E-01  6.82341503937480450E+00  1.10930933908669650E+01
  4.86073626967704090E-01  2.49142743410726770E+01  3.31020695332296770E+00
  7.62474117278193650E-01  1.22444403897338820E+01  1.73542463992697020E+01
  4.87886881528419990E-01  1.46231330675843200E+01  1.76173524777497970E+01
  2.99038091422116640E-01  1.13214497428559790E+01  1.92384063971389560E+01
  3.50974061745161330E-01  9.54349626024185940E+00  2.78941756188517620E+01
  6.10572080928614460E-01  4.68311531908634660E+00  6.83510854479912310E+00
  3.01731430220296380E-01  2.84729826704430520E+01  1.87787453908238790E+01
  2.59062449636064510E-01  7.99225787545867570E+00  2.55804509507795120E+00
  6.99477888048091770E-01  1.50159680929492170E+01  6.01770706962603620E+00
  4.41666133880560000E-01  2.16827235521410630E+01  7.23576366337958990E+00
  6.86210935380316480E-01  2.94107726906335150E+01  5.36921996995753760E+00
  5.27425300578987690E-01  1.45647403009551300E+01  1.38938803326277810E+01
  7.54505484792745040E-01  1.03285979399865190E+01  5.75339408519752560E+00
  4.11696508529454960E-01  2.25118567312733970E+01  7.43696042576047670E+00
  6.26517897412854200E-01  8.37601895063669310E+00  2.57865963239448600E+01
  5.72142532162989690E-01  2.28195475154222470E+01  2.32171080374194680E+01
  3.47451934045076260E-01  1.47026721783866140E+01  2.08504512985886950E+01
  2.57564851167384970E-01  2.32982520508393950E+01  2.38943097550643880E+01
  5.33859136323620030E-01  2.89861887075926750E+01  1.68367547214321810E-01
  2.69169509893181310E-01  1.04148854595955190E+01  1.38388190894329140E+01
  4.24351701398837560E-01  8.15700661971285080E+00  1.22152524486431490E+01
  3.11762329988951370E-01  1.09709487846893570E+01  6.60440884028957780E+00
  3.50974061745161330E-01  2.93887454747608960E+01  9.55412688142986790E-01
  2.66929568161810020E-01  1.72680130554146030E+01  1.26221091946987300E+01
  7.20816873845379820E-01  9.76479239341297500E+00  2.55438287960895100E+01
  4.22201084465533680E-01  2.91165003548427710E+01  2.67299708063857010E+01
  3.09209541844886400E-01  3.01075313332586970E+00  2.46503473754704490E+01
  2.62213147743524950E-01  1.42021417666502430E+01  2.23401847276763090E+01
  7.60411681679863700E-01  1.75130219178702260E+01  1.75077987955395820E+01
  6.67521681419926690E-01  7.13289482976475050E+00  5.26118687361004330E+00
  4.37954134865551840E-01  2.44320642746031070E+00  2.31817259988195300E+01
  7.16654247500547470E-01  1.81628470223811580E+01  2.64698249509077040E+01
  7.12424816007452400E-01  1.37631638510201420E+01  2.88545414308841120E+01
  3.61198882346046800E-01  1.93337143123168250E+01  2.05435134153801010E+01
  3.82245446386266610E-01  1.58798007228680190E+01  2.48809073744259840E+01
  3.58737518624021320E-01  1.68993942538716910E+01  2.24445059061443570E+01
  5.81547682683179710E-01  2.66245370945726060E+01  3.47557031199077530E+00
  4.21963532045373490E-01  9.95305153077862310E+00  2.31000045100538360E+01
  3.12648490279368120E-01  1.90281958774746090E+01  2.41361733568163290E+01
  3.25036994184950640E-01  2.06838228415840670E+01  1.58046835452180370E+01
  3.83290088603488770E-01  1.83251641453010810E+01  1.83122879266214010E+01
  2.93443024193560210E-01  1.77239944602125730E+01  2.46917469773702830E+01
  2.66929568161810020E-01  2.08033664965410340E+00  1.04382416711234200E+01
  2.99038091422116640E-01  1.08726675684115780E+00  1.94146075603146110E+01
  6.00040109246873770E-01  2.98996182904920270E+00  2.55587146744158180E+01
  7.14535578675763720E-01  8.33481825462449780E+00  1.98991109838607370E+01
  3.06898385793053400E-01  6.15172503494119830E+00  1.87085785095754100E+01
  3.45648959319623030E-01  2.65609153438180490E+01  1.86246280019330360E+01
  3.87046365911375680E-01  1.26665577993733560E+01  4.50601754619196890E+00
  6.56539952722306990E-01  1.17365180360229640E+01  1.07447434487424400E+01
  5.07436062422724900E-01  6.13506462307426050E+00  1.45491015832574070E+01
  7.39270392714900380E-01  2.39094542698833620E+01  6.05342049594123830E+00
  5.38024295323284910E-01  2.28244211840063830E+01  2.76179829332974120E+01
  7.33199636544987770E-01  7.62172400242085590E+00  6.57352255781214190E+00
  6.31923671661538840E-01  1.51171757485929350E+01  3.65836036899206500E+00
  5.72951670348821020E-01  1.98952644849322550E+01  9.03668772298243180E+00
  6.40456937776772590E-01  1.49004171291538030E+01  2.72459335447029960E+01
  4.77241894706072770E-01  1.73293578185014110E+01  1.48908340240573760E+01
  7.64764367446448820E-01  1.48714571983091820E+01  2.43348029702596800E+01
  7.16535845940979770E-01  1.50151233813666960E+01  1.05340735737870550E+01
  3.10705613459761840E-01  1.60591843656779890E+01  3.67852989668056370E+00
  3.89901968262705180E-01  9.17471097281210750E+00  1.91830151616709870E+01
  7.15011499502423580E-01  1.76456134818265050E+01  1.60393520676742940E+01
  7.60297905848187840E-01  2.63462158835089720E+01  1.97092911584768590E+01
  2.65726189967390210E-01  2.28099722226160820E+01  1.75706721108221370E+01
  4.53492046339069340E-01  2.50945788151008950E+01  1.95542021278174470E+01
  5.18725390566230620E-01  2.17288042457929330E+01  1.02029406781152280E+01
  4.24020504903543660E-01  1.75677720773619510E+01  2.20374067158710400E+01
  5.17634268500846420E-01  5.58990068420768700E+00  1.23846544752137270E+01
  4.54567147313974470E-01  2.02205059739099400E+01  1.45294423347433830E+01
  3.65965634987757580E-01  7.06701292838576660E+00  7.56165455604347690E+00
  2.96256570285591500E-01  1.82878257429630690E+01  2.20376002725802920E+01
  5.50543265074639000E-01  1.03810567791512160E+01  3.67182337204694460E+00
  4.46540105696671490E-01  2.24749547628353530E+01  2.85382112390554570E+01
  6.47236078597052340E-01  2.55496436136404840E+01  1.85490467479132310E+01
  4.82769235883485770E-01  3.20404634035681650E+00  9.39740659157916270E+00
  2.97529618718302210E-01  1.48040255193435220E+01  5.04399774706248480E+00
  4.13811620468168510E-01  1.80489017893523210E+01  1.14016443477294300E+01
  4.87785457169642190E-01  9.62047525779241220E+00  1.53290053991317250E+01
  3.41778742319800830E-01  1.27275850546137580E+01  2.86569727828462430E+01
  4.05793634226126800E-01  7.74666239235070810E+00  1.14946076085874080E+01
  7.14516279726398110E-01  3.49621312392740570E+00  2.27137507843092410E+01
  3.71799304162545760E-01  2.14629984753261830E-01  2.68025743437152460E+01
  5.77820253962530560E-01  1.00839078087056380E+01  8.18326626205987400E+00
  4.75626642073745920E-01  1.41434657447777910E+01  1.91556257913537280E+01
  5.46562010559427060E-01  8.79524602324076810E+00  2.61952776417344960E+00
  3.29506256422424390E-01  2.46171581597144320E+01  2.02126985403157990E+01
  2.62213147743524950E-01  7.97946804409413430E+00  5.64461815856788630E+00
  3.63105686475124490E-01  2.29759015444160500E+01  2.22956654196534100E+01
  7.08391389715138510E-01  1.15782329015945130E+01  1.38129014448228930E+01
  4.26578460793149810E-01  1.87668191224527090E+01  4.77060024251500630E+00
  6.08873319065221350E-01  1.44039008091622290E+01  8.42234344161857610E+00
  5.39466591144820300E-01  1.61607899157311290E+01  6.80174071694538270E+00
  4.66553963192992600E-01  9.95059181599784100E+00  4.59285293431821450E+00
  4.82771447840326400E-01  2.31627136624011670E+01  1.61982860375052200E+01
  5.13004586318856950E-01  1.72896163875057810E+01  1.08706394477770590E+01
  3.17084428049163950E-01  8.61566467246201740E+00  1.15585526857571300E+01
  3.50974061745161330E-01  9.21895626391575540E+00  1.10674976115074410E+01
  3.82382183723224410E-01  9.77991527065397650E-01  1.68040816286511010E+01
  3.77759649416993960E-01  1.88261480079716500E+01  1.15485051131537220E+01
  5.74203886104520670E-01  2.20491699417504240E+01  5.00955953738619100E+00
  4.11346310528290360E-01  9.97100851871174320E+00  1.91042760110208970E+01
  5.06367095649294540E-01  1.27307069261230340E+01  1.61824575534341050E+01
  6.01687927537542500E-01  6.36103571318631470E+00  2.02641988934594440E+01
  2.49794182180603610E-01  2.96278255329088150E+01  3.29129685311602000E+00
  6.11481049571092420E-01  1.89324394438829520E+01  2.27423128979188240E+00
  5.03927515451986880E-01  2.26842833452532280E+01  1.48535609274224180E+00
  6.35485889077753010E-01  7.14229576436231280E+00  3.95884370822489110E+00
  2.99038091422116640E-01  5.01156436409488220E+00  1.64520080202164500E+01
  4.22541054278063120E-01  1.00135739418153910E+01  2.85570624786054840E+01
  3.05466220251299840E-01  2.42327661366532820E+01  2.71690033343819070E+00
  2.62213147743524950E-01  2.28893219400757810E+01  1.28522868758793830E+01
  3.61769499680632390E-01  2.48831750261663950E+01  2.18534229304819620E+01
  2.47647088603063280E-01  1.82917297500761400E+01  2.95816739178207370E+01
  3.11155895623034430E-01  7.64115421725116840E-01  2.72078363279708310E+01
  2.66929568161810020E-01  2.91237690372595210E+01  1.29379658941001240E+01
  6.90395435464654740E-01  2.71056727905780160E+01  9.93168723062965950E+00
  2.96503602823160150E-01  1.34358202163276470E+00  3.40686143142877280E+00
  6.57722721512726150E-01  1.26708875375519540E+01  2.07716724218274120E+00
  7.24777883420223110E-01  6.05649124726916810E+00  2.80312034356528090E-01
  5.48279863025970290E-01  8.11665105444708250E+00  1.76070488135027860E+00
  6.40748513009616880E-01  1.86750142117651310E+01  9.19332535687421350E+00
  2.56092450391898300E-01  1.00868059590769460E+01  7.58350074122246910E-01
  7.17499092254363010E-01  6.82609560392426480E+00  1.55603818539418950E+01
  4.66141488621800890E-01  1.22475556890174960E+01  5.31041469176712240E+00
  6.33759023001558490E-01  8.36997924019380330E+00  1.85514831433538670E+01
  5.48279863025970290E-01  5.88114777459452580E+00  2.13125669410478800E+01
  4.19081387041561550E-01  7.13216861428687830E+00  8.44516528190613160E+00
  5.70902198024309190E-01  2.34278309371726830E+01  2.26204236904886940E+00
  3.17950877609215300E-01  2.60450169809071280E+01  1.20409351524479660E+01
  5.96963967672292380E-01  1.62646898593277560E+01  5.67084588222661260E+00
  6.18832453479690690E-01  2.37493790410663120E+01  1.26626213768706180E+01
  2.63339374245984010E-01  1.51296768020405140E+01  4.55353458150212020E+00
  3.55036581058269410E-01  2.80013299237779060E+01  1.16450418128910210E+01
  5.84913004272127690E-01  3.57450870927039420E-01  1.60622897210827240E+01
  5.77235448209733180E-01  2.54515740211280810E+01  8.97033464866451350E+00
  5.01105313190319460E-01  2.43148265747981680E+01  1.16866856137169410E+01
  3.83598938984435380E-01  1.59976420287724860E+01  9.01603310371369200E+00
  5.98360795606824340E-01  1.30341802274862550E+01  2.77659492957595330E+01
  3.41778742319800830E-01  2.91990593257811070E+01  2.83963493221465160E+01
  3.29796701345061780E-01  2.80166338671576870E+01  6.99702306831582540E+00
  3.84420431658369740E-01  2.43487912657091170E+01  1.59315991372420620E+01
  4.91872428060923640E-01  4.31559029391293510E-01  1.36662445501284300E+00
  2.93443024193560210E-01  4.82325114052527580E+00  1.09935257157752520E+01
  5.81299825206354370E-01  2.64426459192635690E+01  1.77055392445889590E+01
  5.68243553274813350E-01  1.21426126808392230E+01  3.18248299842658170E+00
  5.39001667068871980E-01  2.21292859107342730E+00  9.64335235495300220E+00
  7.01587183784351610E-01  1.70710297303376920E+01  3.69412423952251380E+00
  4.45239477383046460E-01  2.11064653682163870E+00  2.84204348244308630E+01
  5.39001667068871980E-01  1.42988285875389140E+00  2.42343595007997020E+01
  2.86134314477376340E-01  2.74293859290831000E+01  7.18197590614302770E+00
  7.70254277643880240E-01  1.71729737180238330E+01  1.36538655173519920E+01
  3.45648959319623030E-01  2.36298027491422290E+01  1.40945737171846660E+01
  3.39481361119070080E-01  1.04038169591401490E+01  2.79028493111585940E+01
  3.04461637453634990E-01  2.64671502760671730E+01  6.28671768053186320E-01
  5.20369884994360540E-01  1.15726300976069750E+01  6.02964243250771670E+00
  2.65726189967390210E-01  2.11153740989525470E+01  2.92143252045701020E+01
  6.26908127420837150E-01  8.23731667853379430E+00  2.70321874434467840E+01
  3.48480710258510130E-01  2.54606735946268690E+01  2.30185683158738890E+01
  2.96653470797716330E-01  1.16004246044535590E+01  3.85588993804587720E+00
  6.31923671661538840E-01  1.12154997076709080E+01  8.60867528625525580E+00
  4.09705559579089850E-01  2.09193500074301820E+01  2.63092581499353750E+00
  6.72499163702481620E-01  2.84683194384288960E+01  1.36836274144198780E+01
  2.84029264846615530E-01  2.08033860408491410E+01  1.72217572452952330E+01
  5.34631033075580400E-01  2.71036583257110020E+01  2.46751175528527260E+00
  6.17076625982510940E-01  8.34538136120178110E+00  2.94297193631794580E+01
  6.55074006360275090E-01  2.53491106834548670E+01  1.56520122519322790E+01
  5.46562010559427060E-01  3.02122303260788040E+00  9.66287583684206020E-01
  5.17626013175185660E-01  4.05124936561467490E+00  7.01728271776291820E-01
  5.82207618145930890E-01  2.53846268301713170E+01  2.76160124806190980E+01
  5.98268629341587580E-01  9.99508745889451330E+00  2.70593464521484390E+01
  5.34553382826858140E-01  1.83002655292616400E+01  8.07070911534754210E+00
  3.76753951196820710E-01  2.77000919672062690E+01  1.43980755502072100E+01
  7.52518120402026810E-01  6.42257253796533780E+00  1.76844096190912410E+01
  4.81368497469048420E-01  7.36357962777291060E+00  2.63503868613314720E+01
  6.47413426355271770E-01  2.35684306965139500E+01  2.85405733185598400E+01
  3.05466220251299840E-01  7.42292255053180750E+00  2.34591468353128430E+01
  4.46689977500956030E-01  2.53663528167246040E+01  2.04127564893411060E+01
  6.18566685513849460E-01  1.23377223371365150E+01  2.45304745288276140E+01
  5.36592099856838090E-01  1.32676197436529030E+01  2.26155677575685270E+01
  5.09574347305064630E-01  1.59505616424817620E-01  1.26253634290669330E+01
  4.92328788949218680E-01  2.61241365665708580E+01  1.28471620597429370E+01
  4.83351594707823830E-01  1.48700305242412780E+01  2.16641866093741840E+01
  4.40650972415989980E-01  1.60365896356380590E+01  1.52635238825599920E+01
  6.10911033360540580E-01  1.18522379231053890E+00  1.51999127038976670E+01
  4.34172467284937990E-01  1.30411189163800660E+01  5.23078111829455850E-02
  7.03188417218805210E-01  1.68542626261740300E+01  2.05979124284891380E+01
  2.92799561075502800E-01  2.08131763171691090E+01  2.09159087850949880E+01
  5.68243553274813350E-01  5.89814006689137040E+00  5.22491084302078070E+00
  4.60682082706054620E-01  8.80939614567852480E-01  6.97890914960040830E+00
  6.41715074739605920E-01  1.58389230056996190E+00  2.54043773293818410E+01
  4.55206736325743130E-01  6.50065582183171480E+00  6.96750073043078010E+00
  4.22201084465533680E-01  9.20476404749302370E+00  1.62345491656519700E+01
  3.63079661055833470E-01  6.74241154007823520E+00  2.38157633918180340E+01
  2.63055759251188670E-01  2.13066575887777990E+01  1.74351703154575650E+01
  5.32877675645020420E-01  1.07992238777167180E+01  2.26576676695225140E+01
  5.77235448209733180E-01  2.64921330665511090E+01  7.05358705558244470E+00
  4.09775903561979240E-01  6.27519684216959210E-01  5.98112071347058460E+00
  6.93187364831086050E-01  1.59867692001390970E+01  2.27365725428636980E-01
  4.30054269381220950E-01  1.26118086266808800E+01  1.14401099430190150E+01
  5.07436062422724900E-01  2.95819455113315040E+00  6.02205263479021190E+00
  2.49948351789403130E-01  1.01137247022814250E+01  1.33695534460349870E+01
  3.16022212934137680E-01  2.35018388065795070E+01  1.17615871102697330E+01
  4.72818350263822220E-01  1.75719418458047090E+01  2.29335165895109870E+01
  4.46689977500956030E-01  8.01475060045593320E+00  2.10149962767190530E+01
  4.74581552528920360E-01  1.36746695380532510E+01  1.55507352293610990E+00
  4.86590143357422540E-01  1.72804546913991790E+01  1.18697464788408380E+01
  2.73281005279713530E-01  1.24375787170860970E+01  4.20897360778511140E-01
  5.20515140446715560E-01  1.75635122896532750E+01  8.84758776462182260E+00
  4.13811620468168510E-01  2.07427951897251540E+00  1.12335715545070270E+00
  3.81419328643079860E-01  2.08303533652693420E+01  1.02577097279087910E+01
  4.05593309893122810E-01  6.29564006932871580E-01  1.88786284225826900E+01
  5.85380732291966590E-01  5.65225158513706560E+00  1.12836896980828140E+01
  4.06599624824484800E-01  1.16407501703184910E+01  2.34441979126799400E+00
  6.40456937776772590E-01  3.83011500850699440E+00  2.10244534692543890E+01
  4.75626642073745920E-01  2.41270624367486130E+01  2.14936583882296260E+01
  5.09222041678605210E-01  5.03451827855479820E+00  7.89688414438796380E+00
  5.77820253962530560E-01  2.88724090184059710E+01  2.27041821173805540E+01
  3.80273533482480450E-01  2.45223650268003790E+01  1.85385959967335090E+01
  5.01406606281285510E-01  2.82962921852575850E+01  2.63055773628498280E+01
  3.59079136884617700E-01  1.66792853116294600E+01  8.28208615443011810E+00
  5.94092381958372510E-01  9.88999521838146480E+00  7.02798132961333980E+00
  2.54611020839302520E-01  2.46230718868003850E+01  8.90705590136127160E+00
  4.99223721401470310E-01  2.55705570930933770E+01  2.13359280759369630E+01
  2.54611020839302520E-01  1.96188884686509510E+01  2.80216036494609090E+00
  3.20574425314766210E-01  2.08323152506252960E+01  2.69442792163792290E+01
  2.85767805251094040E-01  2.15543133053153680E+01  5.71271446557707830E+00
  2.54611020839302520E-01  1.22817600842364280E+01  3.99296978357188480E+00
  4.12246671516209600E-01  1.17503113109363340E+01  6.94491656567519030E+00
  4.41298336829792340E-01  1.04566892262182880E+01  1.76747256780731870E+01
  7.09985914168247060E-01  3.04663624501018490E+00  1.05789442418386020E+01
  6.80956647410425740E-01  2.77829616787608020E+01  2.73700454059655090E+01
  4.75338540515479570E-01  9.86885894429207870E+00  1.69719233953784010E+01
  7.49588614928249000E-01  1.90498887425968240E+01  3.62930223743997530E+00
  4.74033319401206570E-01  2.72401649964932130E+01  7.14229529791211530E-01
  5.20515140446715560E-01  1.79659774350012320E+01  2.86260906817116240E+00
  5.48131117613959250E-01  1.61450644889297370E+01  4.53256694779160880E+00
  3.46733456860136300E-01  1.65582814479708630E+01  1.14551047217065530E+01
  6.97384645011991290E-01  2.93144453024191250E+00  8.24977342429108870E+00
  3.78209123272245940E-01  1.98734887494746000E+01  2.26141633154361730E+01
  3.82382183723224410E-01  1.12405177101441410E+01  1.99148534323952940E+01
  4.46537248270915300E-01  9.02232512394972020E+00  1.23118681649610940E+01
  6.08690451339190200E-01  2.86448531642214060E+01  7.69361554780297750E+00
  2.59062449636064510E-01  1.17478480919297110E+01  9.32280463341400180E+00
  4.43756654693070110E-01  1.65948456749191210E+01  2.80664393449953310E+01
  3.18942867500738640E-01  2.04056546517598530E+01  2.45435152407778080E+01
  7.16535845940979770E-01  2.43631829684179130E+01  2.68143133793912190E+01
  4.62836237406567810E-01  2.17914512504158400E+01  2.61830763921516720E+00
  6.97384645011991290E-01  2.70577858711860840E+01  1.21108674117770720E+01
  2.47647088603063280E-01  2.06586839079654500E+01  1.08822803263563410E+01
  4.05793634226126800E-01  1.56983085127759630E+01  1.92072147023316400E+01
  5.37364664263313330E-01  1.20968637490979700E+01  1.95513099740122770E+01
  5.72881440675418570E-01  1.56202058773939550E+01  2.09216025973471000E+01
  5.04213456464067280E-01  2.38926930254820460E+01  2.96450658372166130E+01
  3.86557871019070410E-01  5.38271543707571180E+00  2.60372602037249940E+01
  5.62178328188990490E-01  8.30288450419669390E+00  4.88351682021145010E+00
  6.41715074739605920E-01  7.46492833570235260E+00  1.67594782079457080E+01
  4.54567147313974470E-01  1.65456015873779590E+01  1.25791128699173330E+01
  3.97011970696729720E-01  1.87551973327378580E+01  1.59721897395979120E+01
  3.99477862283745790E-01  2.88537427847473500E+01  2.45573807097429190E+01
  5.15931587153482510E-01  7.48711426498039680E+00  2.42820620292495410E+01
  5.98026541173087530E-01  5.07566879812941710E+00  4.39826438360611150E+00
  5.94917806945655060E-01  1.80873069684525910E+00  7.48235794533931120E+00
  3.86557871019070410E-01  7.54009797590714380E+00  3.01822087725023640E+00
  5.52347772924787250E-01  4.05365026709869890E+00  1.36744154705861830E+01
  4.05793634226126800E-01  1.55608922082628500E+01  2.64216685588530670E+01
  4.66753989857397040E-01  8.35990114854671700E+00  2.81186990017439240E+01
  6.77666041374141330E-01  2.25346037838600140E+01  2.44334165108001750E+01
  3.23306573977224420E-01  2.49868451542894410E+01  8.19919682272171180E+00
  6.88340418185590860E-01  5.02407059206558420E-01  2.54447142250021050E+00
  4.11696508529454960E-01  1.62385607097881990E+01  2.88441626521306740E+01
  4.03052389307286420E-01  2.88882723119536100E+01  1.82098214474314300E+01
  2.97529618718302210E-01  4.60023977521156890E+00  1.04467465753139400E+01
  3.13090147150790890E-01  1.17292529407193150E+01  7.81016476717466720E+00
  5.01435669612667030E-01  2.77479340477665560E+01  1.67569772303593010E+01
  5.26482748420329030E-01  3.16568753147493710E+00  3.44508031973356040E+00
  6.75156127532392600E-01  1.38603887411689030E+01  2.02706543611078520E+01
  7.20816873845379820E-01  1.15178349114814900E+01  1.59971036498043450E+01
  5.30006102735105960E-01  1.61818957916534850E+01  1.43434441161697010E+00
  3.43353541919950760E-01  2.61305376103412780E+01  1.62728373959550790E+01
  5.32877675645020420E-01  1.51218393254338200E+01  2.90516017335127080E+01
  6.44956217916396120E-01  2.37637845635790830E+01  1.09374925524284050E+00
  3.55036581058269410E-01  1.72375570004362190E+01  2.36902970204543660E+01
  4.30054269381220950E-01  2.95846283819143030E+01  8.13552919174877330E+00
  4.93734512940847830E-01  2.71866168260520240E+01  5.37394592269784340E+00
  3.42409596243210680E-01  1.86333924029210110E+01  1.36962782749020270E+00
  5.58952633370732950E-01  1.21357198875383410E+01  2.93382825093683800E+01
  4.49954956992444630E-01  1.65021357135266910E+01  1.95006210511377920E+01
  4.11346310528290360E-01  2.69814466371184520E+01  1.47211583774847940E+01
  4.72818350263822220E-01  4.66018474189692360E+00  2.24809520283944120E+01
  5.00672486592370710E-01  2.37879973949402270E+01  9.87100080592388630E+00
  4.15334611176110170E-01  1.18645102398566140E+01  4.51669487925936510E+00
  7.70254277643880240E-01  1.98515154123529920E+01  6.25754899485448400E+00
  5.32262962461145860E-01  2.49079696296873370E+01  1.37715390768634230E+01
  4.01880163826280960E-01  9.38789117554180310E+00  1.03343596725551180E+01
  7.41720708060832300E-01  3.37730800483828910E+00  1.77475872679938580E+01
  3.01674668393272730E-01  1.29084874667977530E+01  2.00520038673181630E+01
  2.66929568161810020E-01  8.46877159215311440E-01  2.19564008236477480E+01
  4.15334611176110170E-01  2.87716817010954140E+01  1.16471236693659050E+01
  5.20369884994360540E-01  1.70816319258253130E+01  8.92458037435490330E-01
  2.84672167568555990E-01  2.90748431432195000E+00  2.09585121771217970E+01
  5.18912146576496980E-01  4.19451655315404630E+00  1.52744578108290020E+01
  3.90540239164096370E-01  6.09983664622428010E+00  2.75390054176122310E+01
  3.63079661055833470E-01  1.27279549362846340E+01  2.36300847211455260E+01
  4.73113776075054650E-01  2.85105336842420770E+01  1.05579089887840550E+00
  5.55687039951364880E-01  1.78417513434563090E+01  1.79362425937031220E+00
  6.97384645011991290E-01  2.96761943167779980E+01  2.09022752384759580E+01
  3.54092873053847420E-01  1.41312399116533540E+01  2.34937740314975730E+01
  7.37991961479508610E-01  7.11657213735550260E+00  1.91086587017519670E+01
  5.10790949981952740E-01  2.24387693729345940E+01  1.68778290949870990E+01
  7.03918080384424090E-01  1.61144011925356350E+01  2.66589410710364220E+00
  2.69326463995374250E-01  9.37550677712896880E+00  6.12551736936295390E+00
  5.39922025342825940E-01  1.81153291597650750E+01  6.56686155745685520E-01
  5.39922025342825940E-01  1.59529939143361650E+01  2.19831106184725690E+01
  3.52682444144397330E-01  2.26113880873632520E+01  1.81611283494120780E+01
  3.17084428049163950E-01  2.18663042524622430E+01  3.07952722162182810E-01
  3.92511582998476170E-01  2.63320038105791380E+01  1.95379468037573020E+00
  2.92799561075502800E-01  1.63152206733177930E+01  2.27326395348450840E+01
  3.63105686475124490E-01  2.08230082242190240E+01  7.30242870253064420E+00
  3.25036994184950640E-01  1.35923145668797110E+00  1.88466326110827500E+01
  5.70902198024309190E-01  1.08589427708048960E+01  2.62288084850385350E+01
  6.18138908065390960E-01  2.10598147180067560E+01  9.28485327347805620E+00
  3.10705613459761840E-01  2.72900467057181860E+01  1.74274646920240170E+01
  6.99092076263204730E-01  2.83036232182720900E+01  1.06354632193690950E+01
  4.40295189098215370E-01  7.20619340147664640E+00  1.21452158445612670E+01
  6.52034765531911640E-01  1.83418642481352290E+00  1.75187313081765840E+01
  5.12628979659419230E-01  2.83455916869994730E+01  2.84215464688311810E+01
  2.68569610726517900E-01  2.02903812078299810E+01  2.21197410174990520E+01
  4.41473589537221400E-01  2.58304453893482630E+01  2.45233157863454880E+01
  7.41623060643924430E-01  2.95990671995175670E+01  1.47615876176901200E+01
  2.49794182180603610E-01  1.32959077957582640E+01  2.34004027289114020E+01
  3.44856808658559500E-01  2.43166084412913790E+01  8.39251734043336130E+00
  6.83701617051292750E-01  1.02647065040231000E+00  4.96328747779890200E+00
  7.19599311285852310E-01  1.74061843178855740E+00  6.17024103112225750E+00
  6.67521681419926690E-01  2.12359563889767280E+01  2.40110796924220010E+01
  5.40946473112310590E-01  1.42246663213883230E+01  9.55687730841620640E+00
  3.83579206291793930E-01  3.17705601548391980E+00  2.02357008386498230E+01
  5.04339573614743570E-01  2.43634303734972150E+00  5.15555100589905280E+00
  6.35523375007872900E-01  6.17241652918857490E+00  8.01136910879155370E+00
  3.44905765886116280E-01  9.91781275174243860E+00  9.80825156568317700E+00
  2.65726189967390210E-01  2.02545666627860930E+01  2.70408479516594800E+01
  4.87785457169642190E-01  1.85210301832512770E+01  2.27853168699205360E+01
  3.71299762957800540E-01  1.71236375663700390E+01  2.44072586517057640E+01
  4.13811620468168510E-01  2.17870260525723330E+01  1.19741315563099060E+01
  5.69423614487483490E-01  1.70359747700347480E+01  9.81896741672057520E+00
  5.83429036676414100E-01  1.16163165462529300E+01  6.63164591209649860E-01
  5.30006102735105960E-01  2.84570195355338460E+01  4.61529037603425610E+00
  5.16710955738981780E-01  1.33836817535987720E+01  8.91625040726539810E+00
  2.65726189967390210E-01  2.20778428679077660E+01  2.36086022557940250E+01
  3.18942867500738640E-01  2.11752705163540040E+01  5.24199084040011340E+00
  3.23881608201221470E-01  2.78358686782465700E+01  1.88567450678483300E+01
  3.54092873053847420E-01  1.80656086330694880E+01  6.81274207037502230E+00
  5.12509616084684260E-01  2.03899360211758560E+01  2.53747795262113700E+01
  4.99223721401470310E-01  2.09347870565706060E+01  2.16984254586536980E+01
  2.56092450391898300E-01  4.31425834456700400E+00  4.82347506355131550E+00
  5.45765227979075810E-01  1.09441763454959330E+01  7.46145698216409770E+00
  6.94010183176834960E-01  1.61893443282110210E+01  2.37110769952482490E+01
  3.57201130995523370E-01  1.06371817157747710E+01  1.94873090780817680E+01
  5.25895496843049500E-01  6.33869909133946850E+00  2.23406559156480850E+01
  5.10790949981952740E-01  4.04818048083646700E+00  2.84748828798771920E+01
  4.89717368181109780E-01  4.23652250206805720E+00  1.63072595152091110E+01
  4.82769235883485770E-01  5.59321210522657620E+00  6.23012032804213160E+00
  6.93278360304079300E-01  5.57558149843486550E+00  1.80182847674317000E+00
  3.35017483125717060E-01  1.67147824560952640E+01  8.97442926047639130E+00
  3.26514001167033020E-01  1.92716432241360710E+01  5.32800198293459020E+00
  4.75880684447443510E-01  4.81712337220642170E+00  2.15455260181540570E+01
  4.22354771203238230E-01  4.10805982046213280E+00  1.09720089048803970E+01
  4.11966131227655820E-01  2.46663922158645050E+01  9.57193797868135650E+00
  7.30946391186454210E-01  1.34043013692855690E+01  1.34077749396960240E+01
  4.22201084465533680E-01  9.14180997899798700E+00  2.65017481115082210E+01
  5.15931587153482510E-01  2.33506262511231240E+01  2.61135537071367060E+01
  5.52347772924787250E-01  2.12486424552669330E+00  3.73764351540676820E+00
  2.49794182180603610E-01  1.73823326327724490E+01  2.13902750250878600E+01
  4.50103975287380020E-01  1.28282192020358570E+01  1.05648793694116100E+01
  3.61769499680632390E-01  5.43822804438412090E+00  2.21071929765824750E+01
  2.77147605524350650E-01  5.65886404213633560E+00  1.04212207079175200E+01
  7.64764367446448820E-01  1.73137641733149150E+01  2.93209254596153030E+01
  5.71326189973923350E-01  6.31272223141313480E+00  2.58083244883697350E+01
  4.07877171249442140E-01  3.95260643872732230E+00  2.58555769484070800E+01
  4.46540105696671490E-01  9.25641062599165920E+00  5.21236565738578330E+00
  5.07606992315717240E-01  2.02440748239705610E+01  2.03533084243388130E+01
  3.01731430220296380E-01  4.12830017419514660E+00  2.19180653646467290E+01
  4.32382463464541460E-01  1.39116363552225590E+01  2.62443543724964240E+01
  3.25762576013666160E-01  1.67741380399145190E+01  1.54708398968237920E+01
  6.24920360555607160E-01  2.05187367642557850E+01  1.89380640457980580E+01
  7.38532964590205680E-01  1.55611255031976960E+01  1.18824913959616440E+01
  3.92511582998476170E-01  1.47361560996573630E+01  2.62267204152024500E+01
  2.97561439636419770E-01  2.68452598775520410E+00  1.97169231905790840E+01
  3.46434506905438330E-01  1.05529840780145430E+01  2.91065196987386900E+01
  5.89502618647478990E-01  2.64145783422699300E+01  8.31210287271605000E+00
  3.32399546609116130E-01  4.73351379204422610E+00  5.89449627293029450E+00
  5.77649046292645880E-01  8.87322678889648490E+00  9.28158818206679110E-01
  4.31729360191427780E-01  8.43493713640231490E-01  1.06776153659771180E+01
  3.17950877609215300E-01  4.62412742092446650E-01  2.37921324906927580E+01
  4.75880684447443510E-01  2.33470617957298640E+00  2.75275309459588160E+01
  3.91816801400439550E-01  9.27242723411151460E+00  1.81161056812984690E+00
  2.50163292655703180E-01  9.71100394377561220E+00  2.08981359459736570E+01
  3.42074681651230290E-01  9.73645076809520660E+00  1.24311675239320300E+00
  3.50974061745161330E-01  2.54496076949938120E+01  2.38285689704805250E+01
  6.18566685513849460E-01  1.26401301879577130E+01  6.42536773928098270E+00
  3.24719866931951940E-01  1.89206457234323050E+01  2.48873005199362820E+01
  3.57201130995523370E-01  1.94323246339514380E+01  9.84320409848877100E+00
  3.13090147150790890E-01  2.33416836962347820E+01  2.69423682578388970E+01
  2.58355477869490890E-01  1.36571324054248500E+00  4.03556978992643070E+00
  4.83351594707823830E-01  1.52448563430805920E+01  1.85911877641346730E+00
  5.48463672908306780E-01  1.88958621174397300E+01  7.16620900129795760E+00
  4.24351701398837560E-01  2.18587834339957610E+01  2.29548030998770220E+01
  6.80557430527969220E-01  4.76081141549737910E+00  2.94295949666847780E+01
  3.73125396709624990E-01  1.01576710085907770E+01  9.13140357693243130E+00
  6.77808113742920780E-01  2.44183061863069040E+01  7.37541726067550570E+00
  7.67512613708393760E-01  9.40016654711183360E+00  1.40937936055022240E+01
  4.76544583128828500E-01  2.92303847955277870E+01  9.86714310020602170E+00
  6.97738347479756800E-01  7.95540616761760240E+00  9.19829714591201860E+00
  4.49545157175862540E-01  2.73547612914270100E+01  1.81848188602776130E+01
  6.25336422111717830E-01  1.37661682494538020E+01  2.15670093728271510E+01
  4.99487474973056500E-01  2.96410284088715880E+01  7.20820056413519160E+00
  6.67521681419926690E-01  2.43173293020486700E+01  2.54314791376840080E+01
  3.44170209092795430E-01  1.69445120244781080E+01  1.86150100493014610E+00
  4.01880163826280960E-01  5.65622388766755970E+00  7.11222235131109580E+00
  5.95035019805102560E-01  4.61125221421292690E+00  1.18559728749262150E+01
  5.20348764567513020E-01  5.51516435741458460E+00  2.29855015212746420E+01
  7.44845164893703690E-01  1.85499751603069360E+01  1.48496155895943450E+01
  6.94010688862415210E-01  2.53946900343483220E+01  6.41208171674595380E+00
  4.00156705760987560E-01  2.89555694702570070E+01  2.17300126229942730E+01
  6.57722721512726150E-01  9.78101322048327760E+00  2.41656919510848200E+01
  3.61198882346046800E-01  2.73415095174678700E+01  2.14126573823649980E+01
  6.07167866036927160E-01  5.06286983123164090E+00  1.42450295271236020E+01
  5.81677556670477180E-01  2.27217235106748210E+01  1.36784835925934300E+01
  3.17579752081870750E-01  5.01697250276495140E+00  5.31093630245954800E+00
  2.69169509893181310E-01  2.37168982930139260E+01  2.35751541404926820E+01
  5.36592099856838090E-01  2.16821727326301140E+01  2.72130810936352820E+01
  3.01799748246536660E-01  6.57129958751917530E+00  2.66420815613573830E+01
  4.05794678723965420E-01  2.76580515777104520E+01  1.51791904165533250E+01
  3.65995101567518470E-01  2.13949772963605330E+01  1.10215295893643720E+01
  3.39481361119070080E-01  2.91482235153449740E+01  1.75115417064851440E+01
  6.97384645011991290E-01  8.30961574778133640E+00  1.05467992107465190E+01
  6.82253548551889110E-01  1.01527354496841480E+01  1.24386454646440860E+01
  5.67035311113654220E-01  2.13948972782146680E+01  1.66101969411353030E+01
  6.47236078597052340E-01  2.50133295730296650E+01  1.25971527680429440E+01
  5.92513140571182980E-01  7.07031357391651390E+00  2.73839611832720530E+01
  4.71553509741754610E-01  1.43494979273174930E+01  2.54543801568627970E+01
  6.55885333720611730E-01  7.95254985700898410E+00  2.26074040315820320E+01
  2.83840017940612550E-01  1.99965225058388790E+01  1.13192408132326390E+01
  5.65219172841477580E-01  2.23216890978903280E+01  1.11095701136797730E+01
  3.48480710258510130E-01  1.84943144294236110E+01  1.66798891626659300E+01
  6.26908127420837150E-01  3.46349412018774630E+00  7.03744264563531450E+00
  2.62213147743524950E-01  1.43509552206367110E+01  1.31082705953183270E+01
  5.08737612195334600E-01  2.57818991079054420E+01  1.06533981416689350E+00
  4.59281804788439010E-01  2.63918113551210890E+01  1.10436607397698520E+01
  2.86550378078914000E-01  2.00680794123097500E+01  2.75601786585912620E+01
  2.99038091422116640E-01  9.36195367159401930E+00  8.67888855972898550E+00
  3.62493203924014780E-01  2.52853474901523010E+01  1.75745649975028040E+01
  5.64616421781660800E-01  2.76704738522509890E+01  1.97294648836600860E+01
  3.87533216804236250E-01  1.83700291168010640E+01  2.53865822834283320E+01
  3.90540239164096370E-01  2.55494717438429430E+01  1.93334878838773250E+00
  5.44640939783434240E-01  1.17441530268508740E+01  2.35301429973421530E+01
  3.84420431658369740E-01  1.16626350541361480E+01  1.49018757029919280E+01
  4.53492046339069340E-01  4.69102817012682930E+00  3.42034211242141950E+00
  6.38023782753992030E-01  2.20520147155894400E+01  2.19107193744588570E+01
  5.00672486592370710E-01  3.04248295347838170E+00  2.85827309327473880E+01
  6.08873319065221350E-01  1.33629203193007630E+01  7.79109833101839210E+00
  3.18942867500738640E-01  6.32223885726565630E+00  4.44628628218346570E+00
  2.65726189967390210E-01  3.38903853421044230E-01  2.17972325660046770E+01
  7.10410487391814980E-01  1.02835168157539640E+01  1.09926977953727080E+01
  4.66797018098134940E-01  1.37718429689208540E+01  5.78102980475279080E-01
  3.89889811574280460E-01  1.04943323180858480E+00  1.82031712181971840E+01
  2.92456502136063850E-01  1.65303472282113440E+01  2.47038448856316820E+01
  3.63079661055833470E-01  1.66469371394912890E+01  7.56123895157507420E+00
  4.13811620468168510E-01  2.44431344499820680E+01  2.79406786241864250E+01
  2.60417758313763680E-01  9.07929567437863310E+00  2.74174502830435000E+01
  4.41940562555082740E-01  1.80521469491052680E+01  4.27903537348391170E+00
  3.08418768867630710E-01  1.40026098196250710E+01  1.03755824042673980E+01
  3.04461637453634990E-01  2.02336242615567130E+01  1.29931082698369200E+01
  4.75626642073745920E-01  2.06017617005247370E+01  1.36813230070508050E+01
  4.19693779402500590E-01  3.93484170183461400E+00  1.99698318394973380E+01
  3.26514001167033020E-01  1.79314657257752120E+01  9.81151947373632540E+00
  3.55388479881239270E-01  1.82907829146929400E+01  1.37805373905123250E+01
  5.33859136323620030E-01  2.11448152676050860E+01  6.42242424942616360E+00
  3.39481361119070080E-01  1.95306556633830580E+01  4.71468842813260910E+00
  2.51153087880769550E-01  2.70779430090294820E+01  2.52487192379036250E+01
  4.21603844523193420E-01  2.42190587556357750E+01  1.95762608787293540E+01
  5.20348764567513020E-01  1.68652481253440100E+00  1.11197617341490440E+01
  6.86210935380316480E-01  1.82845378170893190E+00  1.35466374788315600E+01
  4.41140732643827070E-01  1.80705630680076300E+01  2.13336089434026090E+01
  6.26908127420837150E-01  1.94330929595619430E+01  1.95609198518483430E+01
  5.11871480770454750E-01  9.13645609911562140E+00  9.45690038198576840E+00
  4.70990686464341570E-01  2.58080877085283080E+01  2.22764625041453070E+01
  5.20369884994360540E-01  2.29569661539684590E+00  2.04355571271813760E+01
  3.04306421741581800E-01  2.50339885918611390E+01  2.25061467456735610E+01
  5.88333222664750720E-01  3.29816507311235800E-01  2.28956895384870300E+01
  6.64541222436485860E-01  1.94212446255749640E+01  2.82566952322661180E+01
  4.24351701398837560E-01  2.01991635891364180E+01  5.11275884758187440E+00
  5.55920758830291820E-01  2.25092899201270060E+01  2.05149967716606700E+01
  2.89042915761794110E-01  2.03085463605227720E+01  9.79300181281993250E+00
  2.47647088603063280E-01  7.65823243859386340E+00  2.79842435686961580E+01
  5.88686278844574580E-01  1.55062814814092760E+01  1.82316660025311990E+01
  3.53063097104977870E-01  2.87049893091186380E+01  1.55387543932741000E+01
  4.50600139601478670E-01  2.42228809965647830E+01  3.94134311362545550E+00
  6.65634982039605120E-01  2.88941974021697800E+01  1.65393212157975680E+01
  4.69750256464274060E-01  5.74447124659053630E+00  1.93880752347519910E+01
  6.13801455222646290E-01  1.80796296859959340E+00  1.62534801139692390E+01
  5.14582826754803690E-01  2.01903458181746560E+01  4.17280746150778100E+00
  3.81419328643079860E-01  1.31061230513536180E+00  9.46357744890012680E+00
  7.28196096543639280E-01  1.10167883068660220E+01  2.47922205635656570E+01
  7.33199636544987770E-01  5.02958057323740440E+00  2.03555249661835230E+01
  2.86550378078914000E-01  2.76521412156150530E+01  4.74852364874632830E+00
  2.52169786807371790E-01  2.15079767170848260E+01  1.96232644895721030E+00
  5.01406606281285510E-01  2.43059477903354800E-01  1.96986594043461880E+01
  4.18948713530687210E-01  9.24525628543100280E-01  1.42041429511409870E+01
  3.62620749938717070E-01  2.79725167878651140E+01  2.31745195225448160E+01
  3.15231116497538320E-01  2.95517801138738110E+01  2.21246822926133790E+01
  2.83840017940612550E-01  1.06782365888487190E+01  4.77591929328104130E+00
  4.72199721516180480E-01  8.84014735560377220E+00  2.47910371235275380E+01
  4.41666133880560000E-01  2.16049909902313150E+01  2.50566705624199210E+01
  3.39073066583844400E-01  1.20981494992998040E+01  2.77269348821672810E+01
  2.54831192030272870E-01  2.69224263785840990E+01  1.68874996575741140E+00
  6.65634982039605120E-01  1.57575440314306870E+01  1.38909841547725930E+01
  2.69326463995374250E-01  2.37499652811646240E-01  1.01259337507239010E+01
  3.08418768867630710E-01  7.47405756544445230E+00  2.32675187753302510E+00
  5.63324676144028570E-01  2.21917493089611110E+01  1.58097093873004870E+01
  2.49794182180603610E-01  6.16532702470390600E+00  2.50006332346981670E+01
  6.44956217916396120E-01  2.12935362339374840E+01  2.60973346947945120E+01
  4.26043897269923290E-01  2.80348031096941880E+01  2.92870626371279880E-01
  7.44533748089133770E-01  1.82791902552812500E+01  1.26015946093793670E+01
  2.47647088603063280E-01  8.89993018186669000E+00  1.54730194137727200E+01
  3.47451934045076260E-01  4.87474004862450630E+00  9.86335626052781040E+00
  4.83182858574677270E-01  1.65737197348877070E+01  1.66788814122687300E+01
  5.38382388131525950E-01  2.79526113840583510E+01  2.20725768790636390E+01
  6.08690451339190200E-01  2.05022636305484450E+01  1.06173383816332660E+00
  3.93024383017402490E-01  1.63467299185903340E+01  2.62620224370564020E+01
  2.54611020839302520E-01  5.14277354272810780E+00  1.05483731539618690E+01
  6.82253548551889110E-01  5.75662234129249390E+00  2.41630634123085560E+01
  7.67665169660178040E-01  1.34810828821536130E+01  5.32363847425246830E+00
  3.95839252948554370E-01  1.49854375764672860E+01  1.60495653917345000E+01
  5.15379284759350490E-01  2.59525635460238990E+01  1.38396809609771200E+01
  5.09222041678605210E-01  2.77492803533634640E+00  2.66467666583382760E+01
  4.72038094207023740E-01  2.83371492002846920E+01  1.75307439788057340E+01
  6.64541222436485860E-01  2.79918554202722870E+01  2.51804501572277710E+01
  4.84167632717154460E-01  4.95083237774561090E+00  1.31558683496081130E+01
  5.39922025342825940E-01  2.51418933445969620E+01  4.31032015554252280E+00
  3.77759649416993960E-01  1.47017517555584230E+01  2.82442800198735250E+01
  5.06367095649294540E-01  1.45636511434784330E+01  1.14242623899113930E+00
  3.05466220251299840E-01  2.46060738291322470E+00  1.14067514083402410E+01
  7.55604472483241980E-01  8.85287158313633430E-01  2.90658926572264350E+01
  7.68548325332126940E-01  1.38904779222688250E+01  1.56537001334103480E+01
  3.09209541844886400E-01  5.99724604139028730E+00  8.93953300963109320E+00
  4.71553509741754610E-01  2.20991141385568710E+01  1.28294774034093690E+01
  3.65995101567518470E-01  1.10795652819118860E+01  4.26513029176319950E+00
  6.26517897412854200E-01  1.93153948124596080E+01  2.57524116806475720E+01
  3.55388479881239270E-01  1.57349112628659820E+01  1.59995563410401030E+01
  3.90423892796942250E-01  1.11655712755307790E+01  1.27909314926767850E+01
  4.92172780862642510E-01  2.07490612250507920E+01  8.21950819227521020E+00
  6.66683478841499700E-01  1.20086771985155320E+01  2.57725349384586910E+01
  6.94903868090152520E-01  2.69466753392444360E+01  2.43116835780799430E+01
  7.65642972591057180E-01  2.85921140179854930E-01  2.48610805358009510E+01
  3.52682444144397330E-01  1.71613246373648170E+01  2.52371915486127070E+00
  5.39466591144820300E-01  2.61603791421223160E+01  2.84258768600084400E+01
  4.26043897269923290E-01  4.03240789006952570E+00  1.26965497681640610E+01
  2.53364602799301860E-01  1.17465735582464820E+01  9.83506654798126510E+00
  3.83290088603488770E-01  9.12905151276719100E+00  2.33547005528652070E+01
  5.55920758830291820E-01  1.99192300864409940E+01  7.58089869377089620E+00
  4.13050329149462850E-01  1.92019975550402860E+01  2.21968026311533680E+01
  5.20369884994360540E-01  8.30415377057022040E+00  1.59566528504245950E+01
  6.99477888048091770E-01  1.07207446344393610E+01  1.58111987385726490E+00
  3.59079136884617700E-01  1.17785752593379400E+01  1.59125996205575590E+00
  3.01799748246536660E-01  1.87426880476945500E+01  2.16496607997762280E+01
  5.28731261397185740E-01  7.78445040674421840E+00  7.36220044867965750E-01
  6.80338287111455390E-01  5.22019324773979320E+00  2.81494408081834740E+01
  4.74033319401206570E-01  1.84714633418653310E+01  2.88828124943700040E+01
  3.53302408788900560E-01  6.99506274292141760E+00  2.29255852612427230E+01
  4.03052389307286420E-01  7.49347976927196240E-01  1.34015697377018590E+01
  3.33973424357718240E-01  2.25244979299053650E+01  2.30743024315408540E+00
  4.68162992243922280E-01  1.43397311445783570E+01  4.43591542820864330E+00
  4.72192289519205580E-01  2.65333174748376590E+01  2.12107713631627280E+01
  6.73658304681401180E-01  3.16024192695813480E+00  1.58666069566014980E+01
  4.61178090502161720E-01  2.33146030407651640E+01  7.09485815348197950E+00
  4.18189647978318300E-01  1.63360712975526570E+01  1.75565432295457700E+01
  5.15379284759350490E-01  2.61219553432171980E+01  2.95780597829781300E+01
  5.34553382826858140E-01  1.31458770099298580E+00  2.78498140441932160E+01
  3.70336582810533970E-01  2.51893648447820730E+01  4.16612862759554050E-01
  6.42747544188997020E-01  4.70016084442044320E+00  1.73403396429853340E+01
  4.50600139601478670E-01  1.92915621066649230E+01  1.66274341020229280E+01
  3.55036581058269410E-01  1.72967006081283120E+01  1.96279599313738340E+01
  3.54092873053847420E-01  3.78318191101359870E+00  2.37421030230713120E+01
  5.13614394364816020E-01  7.22128515873487140E+00  2.95516365969162290E+01
  3.65995101567518470E-01  2.32757459471916660E+01  2.51912591570166600E+01
  5.25383403930900440E-01  2.31052961158672230E+01  2.14170851168813280E+01
  3.83598938984435380E-01  2.17348427163025410E+01  1.49802975708905670E+01
  4.86073626967704090E-01  1.31958944433275820E+01  1.93187035373154790E+01
  5.96963967672292380E-01  9.63688257507167910E+00  2.00548818936977470E+01
  4.66553963192992600E-01  9.62265440183221620E+00  2.16087575155543200E+01
  4.15252526658189590E-01  2.10896966282248890E+01  1.44972208954223040E+01
  6.36786611163594070E-01  1.97589137999831300E+01  1.55183171115743260E+01
  6.06760633376156730E-01  2.08401645173082600E+01  2.28002403851341240E+01
  5.25895496843049500E-01  1.49450787024687340E+01  1.97554865317280350E+01
  5.05409982910693060E-01  1.04662811783117110E+01  2.09042521127738790E+01
  5.18912146576496980E-01  6.74320096899572090E+00  9.29843515900317820E+00
  5.81677556670477180E-01  2.65208528666016040E+01  2.73645657523313020E+01
  2.50625569857546320E-01  1.17260364306313660E+01  2.27323212929818370E+01
  6.67521681419926690E-01  1.86469917647647780E+01  1.05011582064038150E+01
  6.52034765531911640E-01  1.16230954602784740E+01  2.08756645758309460E+01
  3.81419328643079860E-01  2.17551270647580850E+01  2.93110603222731890E+01
  3.18942867500738640E-01  3.96266137676096090E+00  3.16350975182847400E+00
  6.63973334543257470E-01  1.93639645902329620E+00  2.22040552067736210E+01
  4.05793634226126800E-01  6.47299235615168470E+00  6.10720224651835330E+00
  2.88617724104866640E-01  1.92844066843473460E+01  2.29265416147541320E+01
  3.17587838135982990E-01  7.91023379756720320E-01  9.93078751929348160E+00
  6.94010688862415210E-01  9.64374320466878210E+00  2.96103357193746210E+01
  3.25036994184950640E-01  9.47929231090123460E+00  1.16905079182846520E+01
  4.41940562555082740E-01  2.42911187155791520E+01  2.23961152030307180E+01
  3.05466220251299840E-01  2.65667374273531390E+01  4.36056587443345210E+00
  7.22984261441823330E-01  1.50421603192427910E+01  2.28576052103504210E+01
  4.60682082706054620E-01  2.95936391994815470E+01  1.35599441070116120E+01
  4.22201084465533680E-01  2.81408659395705630E+01  9.52647550724839040E+00
  6.24824560398126750E-01  1.38599858685226050E+01  6.66270702449198820E+00
  3.63079661055833470E-01  1.34334288508485770E+01  9.99435817279366390E+00
  3.25516939164680520E-01  2.48275278970254920E+00  2.93648850491439810E+00
  4.87886881528419990E-01  2.11565932756722890E+01  4.43587103417048030E+00
  4.34172467284937990E-01  2.11200725614316300E+01  2.21683487293956330E-01
  7.04082361725448710E-01  2.57106197347196710E+01  2.63667313547910990E+01
  4.40295189098215370E-01  2.36695171337470070E+01  3.24362264401927810E+00
  4.54567147313974470E-01  2.98818005662759100E+00  2.38875904172465920E+01
  4.89717368181109780E-01  2.58172874864023320E+01  2.77156275547494420E+00
  4.82771447840326400E-01  9.10820305741690280E+00  7.76811534380960110E+00
  3.54092873053847420E-01  1.50562457783665100E+01  2.67461470732610880E+00
  7.67457697882333090E-01  2.49822511365108970E+01  2.89906611178551510E+01
  4.43129600128677660E-01  7.88586780757772670E+00  1.50888019200699690E+01
  5.61514797181737530E-01  8.46421535445339930E+00  1.31512175616625290E+01
  5.82207618145930890E-01  1.29574554259437700E+01  2.65881807129638510E+01
  5.94092381958372510E-01  5.29767638438801210E+00  1.84227226255425620E+01
  5.64318884198494160E-01  3.51971695694724000E+00  5.09360171421949030E+00
  6.16837537735261420E-01  3.36302103068196700E+00  1.91053779177543070E+01
  4.20581746236023420E-01  2.20472210990366580E+01  4.01495212127166030E+00
  3.16022212934137680E-01  2.53772785412350070E+01  1.45068996548777210E+01
  4.59502380082057990E-01  6.83158435142458840E-01  2.60378354536179830E+01
  7.48336469443998900E-01  1.93805087491778250E+01  1.36094088243145460E+01
  6.90159994875631000E-01  1.83659126910683450E+01  5.81274208625272590E+00
  4.68364091588631840E-01  1.72667818809742930E+01  7.00753715312436490E+00
  4.05593309893122810E-01  2.80362726096362670E+01  1.58970194564015920E+01
  5.55687039951364880E-01  1.88283934457897860E+01  1.75199189273886660E+01
  2.83840017940612550E-01  9.54142913242631610E+00  3.85707681774036980E+00
  5.98280766214214580E-01  1.35139014371555000E+01  2.42189634549537870E+01
  5.84913004272127690E-01  6.63798195815262200E+00  2.64085498809304120E+00
  2.83840017940612550E-01  1.05155156171170660E+01  2.01166199844110380E+01
  2.83517655556827110E-01  1.47197103405413370E+01  6.95465189701766740E+00
  5.27599340399055180E-01  4.50167925568956130E+00  1.92113878982092850E+01
  6.24824560398126750E-01  8.00624388358200000E+00  7.87569991971409690E+00
  4.84167632717154460E-01  8.97693271768941870E+00  2.09110326464991370E+01
  5.66562802601083430E-01  1.21388262439240320E+00  6.53960872888570320E-01
  5.81213412342838430E-01  2.26486009144514920E+01  3.21392310162905210E+00
  5.13285974501586400E-01  1.91027158406699030E+00  1.94772037231840720E+01
  5.29625185962053640E-01  2.74331507703361020E+01  6.36655432026251860E+00
  3.30104909316010620E-01  1.94079767592291860E+01  1.11458276270131300E+01
  5.48174971142568520E-01  2.32581210996270650E-01  2.78825439260841110E+01
  4.72192289519205580E-01  2.02351909820022260E+01  3.18719539758955420E+00
  4.53126113496558960E-01  5.63378185533123780E+00  9.60945349017639930E+00
  5.25993347610763350E-01  2.32655137026831580E+01  4.13293972897957930E+00
  4.75338540515479570E-01  3.94019359574109950E+00  6.04384793815162610E+00
  4.30858982518450690E-01  1.10867855116890000E+01  1.70646416256385220E+01
  7.09741570678139940E-01  1.22405747355973580E+01  1.25594646650797020E+01
  5.05409982910693060E-01  7.13284825011099420E+00  1.43769053785255740E+01
  5.20369884994360540E-01  2.05182170005643170E+01  2.87033405328607640E+01
  2.73281005279713530E-01  1.49900065255382610E+01  1.89491623524455230E+01
  3.09574052588245370E-01  2.55989777106663090E+00  6.79251288978220110E+00
  3.18095930761502070E-01  9.33236062839258200E+00  1.30106090008876800E+01
  4.46537248270915300E-01  9.14498871670479470E+00  2.85848702439379920E+01
  6.38830345620663920E-01  1.36660312957567050E+01  1.12598395258419830E+01
  6.68397269451762100E-01  1.98988347754072810E+01  2.36602095156060910E+01
  5.32488384254616510E-01  2.82226219065130160E+01  1.25043364385583970E+01
  3.17579752081870750E-01  1.01807020514718930E+00  2.34840134629472960E+01
  5.16710955738981780E-01  2.37149534946445770E+00  1.85563847455178070E+01
  4.49545157175862540E-01  7.24167084629227450E+00  1.01286895934204700E+01
  3.20574425314766210E-01  1.06806634591086580E+01  1.33105029979488130E+01
  4.12246671516209600E-01  1.44658424831727320E+01  3.92401970885316590E-02
  4.94550785807675550E-01  1.76281916206899180E+01  1.88458407825187210E+01
  3.59079136884617700E-01  2.37104118264096040E+01  2.29471633545067420E+01
  6.10572080928614460E-01  1.26423870549730000E+01  1.50690343473799400E+01
  4.75338540515479570E-01  1.94493534349039230E+01  1.31834926611525140E+00
  5.09574347305064630E-01  8.12551162458950320E+00  1.41670025396244090E+01
  4.18189647978318300E-01  1.23838345973309070E+01  7.48146772874251020E+00
  3.76753951196820710E-01  1.34968287374107380E+01  4.15361684910464920E+00
  3.84533934306195220E-01  1.58250848309343100E+01  1.99871341119055220E+01
  6.60767019732147710E-01  2.00220888277631990E+01  1.77521923720276680E+01
  5.64318884198494160E-01  1.24022528153503520E+01  8.46370747585455870E+00
  4.69750256464274060E-01  1.50725647820159980E+01  1.29871135917813590E+01
  6.88340418185590860E-01  2.70910023389935050E+01  2.61889546530986510E+01
  5.93150731645016190E-01  5.96534532479082100E+00  3.60722620995544930E+00
  7.17499092254363010E-01  2.97216940830237690E+00  1.44039188874864230E+01
  3.79322922295397280E-01  1.43959601817853130E+01  2.01176433815783140E+00
  3.20574425314766210E-01  1.53221978471969250E+01  6.99031258837772730E+00
  7.17953871372127320E-01  1.82138377981000130E+01  2.01843300547636810E+01
  3.42409596243210680E-01  8.76307803811506680E+00  2.39807327704503520E+01
  4.43129600128677660E-01  2.84156091960255030E+01  1.47975132798484030E+01
  3.78068289465320630E-01  2.45713119590552760E+01  1.77707897199300400E+01
  4.75338540515479570E-01  2.40196045184126700E+01  4.84413760194766050E+00
  7.38532964590205680E-01  4.32914393291698390E+00  8.92456972890198940E+00
  5.07606992315717240E-01  1.69021673199793270E+00  2.68189691840852800E+00
  2.86134314477376340E-01  2.25182572319104500E+00  2.60479274742435610E+01
  5.07437626189109900E-01  1.25162578065243630E+01  1.85946580373111270E+01
  6.15073771326759470E-01  1.16614585197528030E+00  2.03253310235192690E+01
  3.30104909316010620E-01  1.88385716369302930E+01  2.10255043598042340E+01
  6.66683478841499700E-01  2.76776933338508080E+01  8.54104003769995930E+00
  7.49545055295440930E-01  2.24202228404545350E+01  6.27966042077235190E+00
  2.54824432159977790E-01  2.68861810771813690E+01  9.01238962251921730E+00
  5.72142532162989690E-01  2.87648719991918150E+01  6.49381325086094560E+00
  2.77147605524350650E-01  1.40412913581377200E+01  2.28689768227964190E+01
  4.68364091588631840E-01  2.48472110962455520E+01  1.34983529457860010E+00
  4.82771447840326400E-01  2.89293280189103860E+01  2.76153334726439570E+01
  2.50971712925384870E-01  2.35356054961460330E+01  1.35055156800543030E+01
  5.38024295323284910E-01  4.66589166885442450E+00  2.36165166205082220E+01
  4.13050329149462850E-01  7.35656565061167280E+00  2.04587677786481880E+01
  4.86590143357422540E-01  2.31020649044515170E+01  5.13191186604963700E+00
  3.16148313226467530E-01  2.21759387081256950E+00  2.39015245938940170E+01
  3.81419328643079860E-01  4.10582413738777950E+00  7.81471410008256750E+00
  6.52911031193170470E-01  1.06311773053882130E+01  1.48011796476840090E+01
  4.49150663742554990E-01  2.02242061812814420E+01  2.63269578181236810E+01
  4.73113776075054650E-01  2.63013187986807680E+01  2.53204271415225650E+01
  3.65995101567518470E-01  1.16620939461683070E+01  1.84168687162614720E+01
  3.46028387031474870E-01  8.74000073570739740E+00  8.51054236118506320E+00
  4.23675716525973380E-01  1.73590619017714470E+01  7.89467755142536730E+00
  2.47261092463374420E-01  1.22458948732839050E+01  1.20503166565748890E+00
  2.63339374245984010E-01  2.60236861998150990E+01  2.06806946710672190E+01
  2.59062449636064510E-01  1.04537565898432460E+00  2.24428905276005150E+01
  5.77180454669814490E-01  2.12420664065072130E+01  1.99298899110619670E+01
  4.06599624824484800E-01  2.10459871123552450E+01  1.80515769045940110E+01
  4.65278877330243820E-01  2.15711589677822890E+01  2.09184122636903530E+01
  3.07263188066738420E-01  2.36110464667099580E+01  2.20821430334602410E+01
  3.88697647565240350E-01  6.48124178632039080E+00  1.25468711398835580E+01
  6.62122603690132470E-01  2.18985266042330590E+01  8.31794137945766640E+00
  3.79322922295397280E-01  1.09135481596434380E+01  2.64228057093092520E+00
  3.53063097104977870E-01  2.56992139502684510E+01  3.60584130762530600E+00
  6.88885956497308970E-01  4.00220207047327300E+00  2.47608595189536200E+01
  5.33066537704075310E-01  2.91738795331054210E+01  1.81218093126563870E+00
  3.42074681651230290E-01  2.40883902775916600E+01  1.72365770269259750E+01
  4.24351701398837560E-01  2.82997338401593200E+01  2.30282715488874690E+00
  2.92456502136063850E-01  1.91291335367432160E+00  4.55511780302136950E+00
  5.90639534364661320E-01  3.40090627133309550E+00  2.75519841157425030E+01
  4.09705559579089850E-01  2.29265183371043910E+00  2.46279988787915580E+01
  3.59079136884617700E-01  2.72237545288071060E+01  4.26617606225925260E+00
  5.27599340399055180E-01  3.55416459802224830E+00  2.94746124807832360E+01
  5.38382256471750510E-01  7.30898336504185500E+00  2.53211650492755780E+01
  5.96963967672292380E-01  1.50520415173097980E+01  1.49373176029125860E+01
  2.96503602823160150E-01  4.98681758649406960E+00  2.47666807333512540E+01
  3.64593218166308700E-01  8.59505098745243860E+00  7.08107053271785960E+00
  4.18947112612636110E-01  1.33279767967169640E+01  1.22610775388333730E+01
  5.40946473112310590E-01  1.33359313204569570E+01  3.07384701552916170E+00
  3.35017483125717060E-01  2.07134715958232720E+01  1.51458719743319750E+01
  4.75626642073745920E-01  1.10497704331300050E+01  2.72570826063657710E+01
  3.04461637453634990E-01  2.59787337099231690E+01  4.20057597887784780E+00
  4.36315933331792570E-01  1.42791706447632270E+01  2.81853778823854880E+00
  6.77666041374141330E-01  2.18153298896330630E+01  1.88146883082773330E+01
  5.67035311113654220E-01  5.74571671133908880E-01  3.79815030397100540E+00
  3.38650161839631010E-01  1.28434773184713120E+01  3.80238837983047660E+00
  6.94010183176834960E-01  1.13117310591250230E+01  2.83958429514742010E+01
  7.10410487391814980E-01  2.32694812275505530E+01  8.26438745591020660E+00
  4.54567147313974470E-01  2.27011029379021810E+01  1.01634185573418690E+01
  2.52169786807371790E-01  6.40902480967064840E+00  1.18539656600486700E+01
  3.01799748246536660E-01  1.50259331652251170E+01  4.80796367240426290E-01
  4.27719079604653450E-01  2.54013827146027220E+01  2.52785129077701850E+01
  3.87762191716535260E-01  1.04556560277726460E+01  2.17972711610044100E+01
  5.72951670348821020E-01  2.68496696742936680E+01  2.22066164344320040E+01
  5.09222041678605210E-01  2.27477372330173150E+01  1.20947620120290790E+01
  5.25993347610763350E-01  2.93118885446606860E+01  2.37537265800847090E+01
  3.12648490279368120E-01  2.84796903811672340E+01  1.93922567723632330E+01
  3.32399546609116130E-01  2.71164105948125390E+01  7.71493830677225830E+00
  4.43807889241729470E-01  6.33419403851837170E+00  1.01695369808967260E+01
  3.44170209092795430E-01  2.96719125521403410E+01  6.36561269895073330E+00
  2.54824432159977790E-01  7.86956668298649300E+00  2.17009758341466890E+01
  4.21963532045373490E-01  5.03684365306954000E+00  8.04384610696966010E-01
  4.11696508529454960E-01  5.50518571795682550E+00  2.52485291463248560E+01
  4.11346310528290360E-01  4.02530266100002180E+00  1.00329253201445250E+01
  6.16837537735261420E-01  7.03904244401991090E+00  2.14380948670153590E+01
  4.83570943621045310E-01  2.62885321306745960E+01  2.31011944100775110E+01
  4.32382463464541460E-01  1.10115858569081100E+00  1.26447405427345330E+01
  5.92513140571182980E-01  2.37409908999045530E+01  2.04981496439121860E+01
  3.55036581058269410E-01  1.12364385697957800E+01  1.78353975767467720E+01
  4.74581552528920360E-01  1.91634797947665980E+01  1.84936234519408910E+01
  3.44905765886116280E-01  2.42832106488020970E+01  1.93570101834333420E+00
  5.96963967672292380E-01  2.70108872388655040E+01  1.59440782445073260E+01
  2.68569610726517900E-01  4.02942777149064570E-02  4.47036489895664070E+00
  5.80290806494985740E-01  4.45873040247723650E+00  2.41362088091416640E+00
  6.25336422111717830E-01  3.04736335614060660E+00  1.30632558680203110E+01
  6.17452885167652710E-01  1.72744356710312200E+01  4.99729007693755810E+00
  3.29506256422424390E-01  1.53952423512100920E+01  1.06082372570389530E+00
  2.58355477869490890E-01  2.20577339944182320E+01  1.94211586120632800E+00
  4.69641390777102340E-01  1.29263457825630490E+01  9.79619925790842670E-01
  3.49095179616795370E-01  2.68869642967932730E+01  1.68871862003522540E+01
  3.27988333844876360E-01  2.09321343224741270E+01  1.89358367032299380E+00
  3.86383264228710210E-01  4.55417487935578520E+00  1.45234179372938250E+00
  4.75543307221801650E-01  2.90270607119491690E+01  2.56577011714994510E+01
  5.07815655211632320E-01  2.39328469554782260E+01  2.43214378097494690E+01
  6.08088426536500660E-01  1.93828950945322840E+01  2.69849676472921940E+01
  3.93024383017402490E-01  9.11710160482385130E+00  4.38445053290684950E+00
  7.48336469443998900E-01  1.77722599918209060E+01  2.78803273171136220E+01
  3.13454063710418570E-01  2.81110121931010570E+01  1.82821708286510970E+01
  4.43133439323318520E-01  1.70850195748312360E+01  2.69006328911740620E+01
  3.62493203924014780E-01  1.12218524272164400E+01  3.31663329347573430E+00
  5.72881440675418570E-01  1.91003238263819850E+01  2.69957605242616690E-02
  3.71299762957800540E-01  6.68477226000679000E+00  2.46601968536104760E+01
  5.13143010843963320E-01  1.99759841411826860E+01  1.05227389433162660E+01
  3.87533216804236250E-01  1.40869166874783040E+01  3.61916256132950930E+00
  3.90540239164096370E-01  1.12323040559203680E+01  2.18421495249667150E+01
  4.11696508529454960E-01  2.72625030245755230E+01  1.10217653609230980E+01
  4.19670751191123690E-01  2.71908871610462950E+01  2.31418802482638850E+01
  5.39922025342825940E-01  1.28869619055937880E-01  1.80769189932673560E+01
  3.73125396709624990E-01  1.48806266659599420E+00  1.01965957061203980E+01
  5.72628172168292430E-01  9.58817760515648490E+00  1.81978911852087570E+01
  5.63660960642019760E-01  2.10673407416781660E+01  1.27524995550853400E+01
  7.54397230300637300E-01  2.79594845071158210E+01  3.43127471133656310E+00
  4.07877171249442140E-01  1.35125631147234840E+01  1.45404783299700850E+01
  4.61178090502161720E-01  2.90086083357764930E+01  1.99559688933051580E+01
  3.50974061745161330E-01  5.39060759344879780E+00  8.67974577255272450E+00
  4.22541054278063120E-01  2.71634021015197220E+01  2.05760443888103030E+01
  3.25036994184950640E-01  2.90652882366601840E+01  1.23472211106244960E+01
  4.96042965314236020E-01  1.53120336643560670E+01  2.55505451040285050E+01
  3.04461637453634990E-01  1.83213970101257080E+01  2.46977229995558430E+01
  4.21290506291976640E-01  2.48887706588469830E+01  2.40399206479612280E+00
  4.26578460793149810E-01  2.57723830111608900E+01  1.69538212565796440E+01
  3.91816801400439550E-01  1.00101575713224680E+01  1.61167505746780190E+01
  5.32262962461145860E-01  2.16087847655745620E+01  1.37050554474302460E+01
  6.07718241283317260E-01  1.98170320596137870E+01  2.13828979671678030E+01
  5.13425754976809310E-01  2.76848139031839370E+01  1.59543373076764540E+00
  5.46829204411607870E-01  2.23962974492489620E+01  2.56488303040024550E+01
  2.99038091422116640E-01  2.14711885264983900E+00  1.93657463110295570E+00
  3.65374026971610010E-01  2.40174555268821020E+01  9.03662847143430350E+00
  3.46733456860136300E-01  1.25896627242570690E+01  1.41132227235148560E+01
  5.01833768532536340E-01  2.55725612839356660E+01  7.61801145437655510E+00
  2.88617724104866640E-01  1.23853145915307080E+01  2.03249190711100100E+01
  3.13454063710418570E-01  2.96163028318407840E+01  2.61821961665316780E+01
  4.43756654693070110E-01  5.69939772162954310E+00  1.67316574911284980E+01
  5.20369884994360540E-01  8.35562989640121500E-01  8.02531546930303460E+00
  7.41720708060832300E-01  2.72696050172022740E+01  2.90660271843138420E+01
  2.99038091422116640E-01  1.45837323964430540E+01  1.14530600156046150E+01
  3.93024383017402490E-01  1.11931819140666420E+01  2.94760931243725930E+01
  2.53364602799301860E-01  1.95165975742465000E+01  1.46017756277646740E+01
  5.48463672908306780E-01  2.48230795671325630E+01  1.67343807845769100E+01
  5.63660960642019760E-01  1.34993187351483550E+01  1.69268429623176710E+01
  4.99487474973056500E-01  2.92065791887036890E+01  3.91041048171223340E+00
  5.32488384254616510E-01  7.04811594378575810E+00  1.60197097456447790E+00
  3.62493203924014780E-01  2.39308778255856680E+01  1.65502577286861370E+01
  3.90540239164096370E-01  9.90029856958248010E-01  2.13151454382083650E+01
  6.25248164210708260E-01  2.46380312414403630E+01  1.06084573349968280E+01
  3.93024383017402490E-01  5.32412824969726910E+00  2.85844942610798910E+00
  2.83517655556827110E-01  3.96780416943673500E+00  1.45053253899617380E+01
  5.16562546778196820E-01  1.56372135186281240E+01  2.81374918255209360E+01
  5.96777348356598920E-01  9.93802601495124800E+00  2.61386755802185270E+00
  3.35017483125717060E-01  8.43447926529817240E-01  1.75085046856661180E+01
  5.69344335137112000E-01  2.34325829038937600E+01  1.08796199124084460E+01
  5.55509338843663690E-01  1.73792227226411380E+00  8.63026549943311850E+00
  4.09775903561979240E-01  4.72524156397116090E+00  2.55880190018238380E+01
  3.20574425314766210E-01  8.05484466541020970E+00  2.48958482864166970E+01
  5.39466591144820300E-01  1.62679201006950440E+01  1.06183125817770970E+01
  5.18725390566230620E-01  9.11686994956857430E+00  2.24535802644546260E+01
  3.62493203924014780E-01  2.47870061811201160E+01  2.09773721819294320E+01
  4.23675716525973380E-01  7.64992216030514170E+00  2.86557328056645060E+01
  4.13050329149462850E-01  2.30302832007111990E+01  9.36126087820713870E+00
  3.01731430220296380E-01  6.95565320952675310E+00  7.73424832239321440E-01
  3.48156346672602490E-01  1.40943839362163330E+01  2.78473993356220650E+01
  6.83531487369900860E-01  2.60248523213653900E+01  5.18734185389232930E+00
  3.27197753470684690E-01  1.71541875158743640E+00  2.34169213367014780E+01
  3.50974061745161330E-01  2.71695565587377390E+01  1.89633127517316640E+01
  5.77649046292645880E-01  2.88810701910582740E+01  8.85594420521951520E+00
  5.13614394364816020E-01  2.15196809168599860E+01  2.84478528715066050E+01
  7.17953871372127320E-01  2.31012487769210790E+01  1.93552659737398260E+01
  3.01731430220296380E-01  1.30870310332073920E+00  2.29375717272136620E+01
  6.14584822297879540E-01  1.08772142198436890E+01  9.80823925124640890E+00
  4.69641390777102340E-01  2.25209673756121590E+01  2.66573589669511190E+01
  4.49154676673646060E-01  2.80644444199317360E+01  2.40694871980774470E+01
  4.82268891960512480E-01  2.48648035290296680E+01  5.29378460207186840E+00
  6.26908127420837150E-01  2.08730711972480340E+00  1.22598618490855350E+01
  2.50971712925384870E-01  2.64280191407151710E+00  7.34674627356968560E+00
