1
  1002  2.96924426640336700E+01  2.96924426640336700E+01  1.00000000000000000E+00
        0.00000000000000000E+00  0.00000000000000000E+00  0.00000000000000000E+00
  4.53451232343747090E-01  1.59227346402841160E+01  2.54286219216074440E+01
  4.21603844523193420E-01  9.55894483439284310E+00  2.95279769441075930E+01
  2.62213147743524950E-01  2.13888171657234200E+01  2.46362271122240340E+01
  6.94903868090152520E-01  7.58687735561475480E+00  2.96778444775192510E+01
  6.31563936872940970E-01  1.42304231117055390E+01  2.83275423597399120E+01
  7.01778375544082420E-01  2.54064363199846890E+01  1.00668814074672780E+01
  3.46434506905438330E-01  1.68800903144868430E+01  6.48306192525769730E+00
  3.50662231740508900E-01  1.58939690099396070E+01  1.63229879981037160E+01
  3.01799748246536660E-01  1.40486199128862430E+01  2.74125475467162080E+01
  4.41298336829792340E-01  3.84144112067306440E+00  1.18106549463889010E+01
  3.39481361119070080E-01  2.30887131767749220E+00  7.33168584808114780E+00
  3.83181557852844270E-01  1.13360281136571630E+01  2.09802502696807840E+01
  6.75156127532392600E-01  2.87352590070804580E+01  9.94880614227430370E-01
  2.73281005279713530E-01  6.72559102271053980E+00  6.44264885530665140E+00
  6.65634982039605120E-01  2.05757021910396740E+01  1.11201319472178090E+01
  2.54824432159977790E-01  1.85936974030844380E+00  1.14993536923557840E+01
  2.84029264846615530E-01  2.03900982179512090E+00  2.34495584553027890E+01
  4.62836237406567810E-01  2.95814154546391710E+01  6.00260303027580020E+00
  3.33973424357718240E-01  1.15498758508674340E+01  5.06798816243251780E+00
  4.91872428060923640E-01  8.28868506976963810E+00  1.86805707091648260E+01
  5.52490392167627680E-01  2.73700025002921450E+01  3.41628412708118300E+00
  5.39466591144820300E-01  2.51234536840001250E+01  1.67983453537821820E+01
  5.65219172841477580E-01  1.80486983816027260E+01  2.64853466450495030E+01
  3.53776024442120150E-01  2.84438348729948950E+01  8.32343344859591210E+00
  5.54611473665029210E-01  5.72578151823862220E+00  4.51406278322111910E+00
  4.81368497469048420E-01  8.91052323647973490E+00  1.79324868123606040E+01
  2.84672167568555990E-01  2.77282278800849370E+01  2.30233539081210450E+01
  3.06898385793053400E-01  2.65379115831622200E+01  6.23430556231153150E+00
  4.49954956992444630E-01  2.96665885761443630E+01  1.55316141731421990E+01
  5.88686278844574580E-01  1.79830779721109760E+01  2.00740462622253770E+01
  4.36315933331792570E-01  2.14003151957498510E+01  2.20158749534729740E+00
  5.46155746035104350E-01  7.12630491524432140E+00  2.43436308348159860E+01
  4.11346310528290360E-01  3.12658915998782930E+00  1.13485302512653930E+01
  7.44650008855257360E-01  4.56671026740512080E+00  1.82208553246468980E+01
  4.68162992243922280E-01  4.55714554971416770E+00  1.40883138045381420E+01
  7.11073931023246340E-01  2.73679381119015660E+01  1.99508745002796920E+01
  3.02034441597155470E-01  8.57814218862173840E-01  9.89089815736982910E+00
  5.12509616084684260E-01  3.73301112368826790E+00  1.06546396345239460E+01
  3.40422717275118370E-01  1.92629633263319950E+01  2.39510240447661500E+01
  6.65634982039605120E-01  1.59595165685415990E+00  1.78149144230024670E+01
  3.75295693565172690E-01  5.60938471568247900E+00  1.86277097324412360E+01
  4.75626642073745920E-01  5.10697524518340630E+00  2.74588069243578200E+01
  4.72038094207023740E-01  1.63847914324256150E+01  2.62299196055861690E+01
  4.29902962432020440E-01  1.15704239374098900E+01  8.37400592347129090E+00
  5.68910711623079470E-01  1.54693692799040190E+01  2.67240355078143570E+01
  3.07263188066738420E-01  2.23236402752429480E+01  1.37189634680041640E+01
  6.10911033360540580E-01  1.99045159466533650E+01  1.73526411464997570E+01
  3.43353541919950760E-01  2.53433954398724740E+01  1.31896877603576180E+01
  3.15231116497538320E-01  2.17672475653687630E+01  2.71492583381612570E+01
  3.78068289465320630E-01  1.03252007713892700E+01  1.20873045534167640E+00
  2.54824432159977790E-01  1.97378225980644690E+01  7.88738620020362900E+00
  5.44558358435121190E-01  2.40585638440089870E+01  8.58573223987287900E+00
  3.56000803327192820E-01  2.77926875512320710E+01  2.61222055514403410E+00
  3.13454063710418570E-01  2.44973751784146250E+01  2.88045279364588770E+00
  6.12591031919131530E-01  1.25992434368431800E+01  1.72324422091119520E+01
  6.47236078597052340E-01  8.95189206832550430E+00  1.68050584967497690E+01
  2.65726189967390210E-01  1.27582502631511140E+01  1.56640825542452720E+01
  2.96653470797716330E-01  2.33968953540414080E+01  1.85066525762564280E+01
  3.45648959319623030E-01  4.39314188536413400E+00  1.92966407538112430E+01
  3.13454063710418570E-01  1.56667297273339940E+01  1.91001369392708290E+01
  3.39073066583844400E-01  6.58402355625021050E+00  7.17105518076087380E+00
  2.96256570285591500E-01  1.01834380464283050E+01  2.81561911351839210E+01
  4.19081387041561550E-01  2.81139732643679090E+00  1.05186620831481910E+01
  7.08391389715138510E-01  1.53623020357838790E+01  1.33969444590738630E+01
  7.16035261746952050E-01  4.82807822730715760E+00  1.12093930640161580E+01
  4.43133439323318520E-01  1.58819669842226560E+01  7.68448224440589730E+00
  2.73281005279713530E-01  6.44235026012582870E-01  2.78642000358108960E+01
  3.35017483125717060E-01  1.81552771173899710E+01  8.60443076179169180E+00
  5.09222041678605210E-01  4.81045832710816510E+00  1.50309182360334250E+01
  4.27719079604653450E-01  2.72341883127217630E+01  5.95891024552810490E+00
  5.81299825206354370E-01  2.04803977591558880E+01  2.12127401953561620E+01
  5.46155746035104350E-01  1.03649687557616680E+01  1.95858597706799640E+01
  3.05466220251299840E-01  1.38174612070715080E+01  1.69325197161760780E+01
  3.11838068626578210E-01  3.75332021668373320E+00  1.94444724737018400E+01
  6.27423008989955560E-01  2.56339959364720400E+01  2.59109951409594750E+01
  7.12424816007452400E-01  2.86942474121201800E+01  1.70152996325237000E+01
  4.41140732643827070E-01  2.82227437864744960E+00  2.18443110769622530E+01
  3.80273533482480450E-01  1.45004638074573030E+01  1.66025650159745410E+01
  3.29796701345061780E-01  3.12756509773819860E-01  2.65243678672613540E+01
  4.15252526658189590E-01  6.61778402757353670E+00  1.38136207681922460E+01
  2.59062449636064510E-01  3.82614886703299550E+00  1.46664923267197130E+00
  6.18419083689772810E-01  1.42792847214246430E+01  2.21072351197268130E+01
  5.04213456464067280E-01  2.85057206815026620E+01  2.31536703777085510E+01
  3.48156346672602490E-01  2.72953276059161710E+01  1.37036950843584790E+01
  2.89042915761794110E-01  1.63999826991746890E+01  1.07677690136130750E+01
  3.05466220251299840E-01  1.08924155454123190E+01  1.12734822100805960E+01
  6.49919166153384610E-01  2.61215590746852440E+01  1.25746665931727880E+01
  6.14379095469630790E-01  2.16066003478606030E+01  2.16100237080826250E+01
  7.00411917450214720E-01  2.42180554423818610E+01  2.41125400203706630E+01
  5.69344335137112000E-01  1.05883991811400300E+01  2.90582332603429490E+00
  2.57564851167384970E-01  1.33023127789715170E+01  1.16244796854503620E+01
  4.13050329149462850E-01  1.85399240839554020E+01  1.68084424040550570E+01
  6.18419083689772810E-01  1.72738134359317640E+01  9.35014556003145710E-01
  4.26523982883737140E-01  1.28953456813884200E+01  6.60277088158041450E+00
  3.78209123272245940E-01  2.70121021785479380E+01  6.73387672483158270E+00
  2.63055759251188670E-01  9.04421236689763750E+00  2.90766985542414420E+01
  5.00274833943758600E-01  1.03976669538070960E+01  2.49645965448832140E+01
  6.01687927537542500E-01  1.30908895684194540E+01  8.57662015165656480E+00
  4.86073626967704090E-01  2.53064014448751990E+01  2.12826645761705390E+01
  7.62474117278193650E-01  8.40221826486344270E+00  1.55074306138983150E+01
  4.87886881528419990E-01  2.16834090678703260E+01  9.51901103934199890E+00
  2.99038091422116640E-01  1.15759470585551630E+00  2.00978819828680600E-01
  3.50974061745161330E-01  2.64439690210631360E+01  1.42926756528016590E+01
  6.10572080928614460E-01  3.97304518829701830E+00  6.93432922850418800E+00
  3.01731430220296380E-01  1.36089377674980890E+01  1.47873650850136700E+00
  2.59062449636064510E-01  1.35932656519942880E+01  2.03861926753418390E+00
  6.99477888048091770E-01  6.39153181639855460E-02  1.91362694459599880E+00
  4.41666133880560000E-01  1.52908877531826130E+01  2.47612397282960930E+01
  6.86210935380316480E-01  2.48436937230763810E+01  1.56061141942379250E+01
  5.27425300578987690E-01  5.29303318405462700E+00  3.52435768993641040E+00
  7.54505484792745040E-01  1.76779229663052180E+01  1.08055669817026860E+01
  4.11696508529454960E-01  2.55934087419371630E+00  1.92597728552559500E+01
  6.26517897412854200E-01  1.92270317402717300E+01  2.20387313780222910E+01
  5.72142532162989690E-01  2.36027802089895560E+00  2.09427210985107270E+01
  3.47451934045076260E-01  1.14938161848226910E+01  3.04428801827589360E+00
  2.57564851167384970E-01  1.96685522288935490E+01  1.12907114848930640E+01
  5.33859136323620030E-01  1.00695247646047400E+01  1.00685734383246390E+01
  2.69169509893181310E-01  3.64721956681098770E+00  2.21043432688177290E+01
  4.24351701398837560E-01  1.86136894653927240E+01  1.59750849701092840E+01
  3.11762329988951370E-01  2.39452876334357660E+00  2.88492854865681960E+01
  3.50974061745161330E-01  5.88081135760967740E+00  1.40200594016938980E+01
  2.66929568161810020E-01  7.38949949528472150E-01  2.54689521503727110E+01
  7.20816873845379820E-01  1.36566747672682900E+01  1.07131551958626900E+01
  4.22201084465533680E-01  1.17615529693189110E+01  2.02809646958955230E+01
  3.09209541844886400E-01  5.46997424762184540E+00  2.51715022901194950E+01
  2.62213147743524950E-01  1.08112506313656380E+01  2.71724927572971530E+01
  7.60411681679863700E-01  2.62083322081334100E+01  1.60831442225652060E+01
  6.67521681419926690E-01  2.30365296393870120E+01  6.81183122985917230E+00
  4.37954134865551840E-01  2.36609188167622870E+01  4.67810631826135560E-01
  7.16654247500547470E-01  1.35928491363014350E+01  1.43499868603327770E+01
  7.12424816007452400E-01  9.31088012688021930E+00  1.10559340282676150E+01
  3.61198882346046800E-01  2.87687014393621650E+01  5.86768174689291120E+00
  3.82245446386266610E-01  8.10251714976558720E+00  2.01544397638600120E+01
  3.58737518624021320E-01  1.46529508687383230E+01  1.82773341698717680E+01
  5.81547682683179710E-01  1.19131878138931030E+01  1.56357842232725340E+01
  4.21963532045373490E-01  7.06483677272269000E+00  2.26147703180782360E+01
  3.12648490279368120E-01  7.37199893642615220E+00  3.40988891754770100E+00
  3.25036994184950640E-01  2.59212568195692690E+01  1.71289252556382370E+01
  3.83290088603488770E-01  1.18884452892483810E+01  1.78632560308194870E+00
  2.93443024193560210E-01  1.43752524535032200E+01  9.36019356539842030E+00
  2.66929568161810020E-01  1.72896741973851250E+01  6.02746446034625190E+00
  2.99038091422116640E-01  4.27549256033484770E+00  3.97403883409402510E+00
  6.00040109246873770E-01  1.48813921604007260E+01  1.46124216095988950E+01
  7.14535578675763720E-01  1.37074265236530040E+01  7.40217245289330260E+00
  3.06898385793053400E-01  2.58571664403961350E+01  6.06482347180346440E+00
  3.45648959319623030E-01  7.45212743887234910E+00  1.88639163957287350E+00
  3.87046365911375680E-01  2.40711369028511050E+01  1.86199381966607260E+01
  6.56539952722306990E-01  1.36838228713083330E+01  1.78885773624024540E+01
  5.07436062422724900E-01  1.69001883635747170E+01  2.38868445473860800E+01
  7.39270392714900380E-01  2.66262991765486490E+01  2.36087750929334470E+00
  5.38024295323284910E-01  9.86071095532403600E+00  1.34015179128095240E+01
  7.33199636544987770E-01  6.41986520906065120E+00  1.59713459888040210E+01
  6.31923671661538840E-01  9.25205343327418640E+00  1.23970858550364800E+01
  5.72951670348821020E-01  2.39745858910909500E+01  5.98889707852018380E+00
  6.40456937776772590E-01  1.53078127537701430E+01  9.39139340354397770E+00
  4.77241894706072770E-01  1.00742755167821070E+01  2.31792475241063980E+01
  7.64764367446448820E-01  9.87359488408372780E-01  2.88434087583793360E+01
  7.16535845940979770E-01  1.17352730687818790E+01  2.74942523338171870E+01
  3.10705613459761840E-01  1.11871820504221540E+01  1.98257942622968880E+01
  3.89901968262705180E-01  1.59151334544005860E+01  1.52440081777060520E+01
  7.15011499502423580E-01  1.04267737093040460E+01  8.38917904553212960E+00
  7.60297905848187840E-01  4.33587501206265280E+00  2.28689055211054640E+01
  2.65726189967390210E-01  1.35469771434187030E+01  2.26014424644270870E+01
  4.53492046339069340E-01  9.61907390882556430E+00  2.86492952254355730E+01
  5.18725390566230620E-01  2.18325466722228720E+01  1.29942297232289690E+01
  4.24020504903543660E-01  9.71347425142679550E+00  2.43449612689032370E+01
  5.17634268500846420E-01  1.92238199992052440E+01  2.48060310360592200E+01
  4.54567147313974470E-01  2.38186881815792940E+01  7.61619825775710610E+00
  3.65965634987757580E-01  1.35849144810634290E+01  2.60525823240513360E+01
  2.96256570285591500E-01  1.94066961691578260E+01  1.27562090948099120E+00
  5.50543265074639000E-01  1.56505331342756250E+01  1.13326609995472690E+01
  4.46540105696671490E-01  1.50393651991810970E+01  2.13632683990370640E+01
  6.47236078597052340E-01  1.30422482886562570E+01  2.18417605974145630E+01
  4.82769235883485770E-01  7.06147013882328260E-01  7.96708032962420630E+00
  2.97529618718302210E-01  7.36243197743904790E+00  1.25836895636579160E+01
  4.13811620468168510E-01  4.75720481000222860E+00  2.90207006541295700E+01
  4.87785457169642190E-01  1.15624316441269010E+01  2.56565831798748470E+01
  3.41778742319800830E-01  1.12711931134423600E+01  1.49565061004167500E+01
  4.05793634226126800E-01  2.80177920790621190E+01  1.34559744341719650E+01
  7.14516279726398110E-01  9.46696786588894670E+00  7.22933116717356410E+00
  3.71799304162545760E-01  1.44941516579528220E+01  1.00127914998893100E+01
  5.77820253962530560E-01  6.46485791761086050E+00  1.28344940584134960E+01
  4.75626642073745920E-01  2.51424711754631360E+01  5.74874910809446500E+00
  5.46562010559427060E-01  2.40572556542122340E+01  2.92597165705128930E+01
  3.29506256422424390E-01  7.16985463490827260E+00  6.84878724297921340E+00
  2.62213147743524950E-01  1.89607143644735420E+01  9.40521218996315510E-01
  3.63105686475124490E-01  2.13729699684335480E+01  5.79021584611071920E+00
  7.08391389715138510E-01  2.01352031299279090E+01  5.80358524678406700E+00
  4.26578460793149810E-01  1.75888451897535280E+01  1.40524192236146810E+01
  6.08873319065221350E-01  1.02926600465688230E+01  2.07381468437210190E+01
  5.39466591144820300E-01  1.42299484659101430E+01  8.54204213457801840E+00
  4.66553963192992600E-01  1.43811973095573130E+01  4.58251182329636290E+00
  4.82771447840326400E-01  1.13460921837909300E+01  2.47110118097223110E+01
  5.13004586318856950E-01  1.86948243249355280E+01  1.27056317732519430E+01
  3.17084428049163950E-01  2.90869731031685350E+01  1.79660765603924090E+01
  3.50974061745161330E-01  2.14923187628195610E+01  1.90457209324179320E+01
  3.82382183723224410E-01  2.82453869999070900E+01  2.17142810108057350E+01
  3.77759649416993960E-01  2.01118323350005920E+01  4.71881925055187330E+00
  5.74203886104520670E-01  1.91760313067674280E+01  2.63299097141197260E+01
  4.11346310528290360E-01  9.66266289631842310E+00  9.21586602906854320E+00
  5.06367095649294540E-01  1.79699805602981540E+01  1.75278531740814930E+01
  6.01687927537542500E-01  1.15094365748842780E+01  5.38772756884462470E-02
  2.49794182180603610E-01  2.60883078079234490E+01  2.51608673987302960E+01
  6.11481049571092420E-01  6.86245092343241490E+00  2.64030273398617290E+00
  5.03927515451986880E-01  2.67081946134714910E+01  2.62610538183058040E+01
  6.35485889077753010E-01  2.34540156576762190E+01  1.66333618275082600E+01
  2.99038091422116640E-01  9.27717347899438850E+00  9.81237481390634510E+00
  4.22541054278063120E-01  2.29967327789755950E+01  8.53122668746954640E+00
  3.05466220251299840E-01  2.10477766633397680E+01  3.69809375752585990E+00
  2.62213147743524950E-01  5.85078497557607500E+00  1.34076633964844860E+01
  3.61769499680632390E-01  6.36543479367748780E+00  2.60230776703689170E+01
  2.47647088603063280E-01  1.46082019204251430E+00  1.45802145045931560E+01
  3.11155895623034430E-01  1.49617246060199480E+00  2.11256054201748210E+01
  2.66929568161810020E-01  2.30547787469326050E+01  4.41059747809187020E+00
  6.90395435464654740E-01  1.84433205870150750E+00  8.24909757227354850E+00
  2.96503602823160150E-01  7.34407545225970890E+00  1.54788132886695740E+01
  6.57722721512726150E-01  1.98690423010532410E-01  3.33448145543207670E-01
  7.24777883420223110E-01  2.21992410641612780E+01  1.98559631406062420E+01
  5.48279863025970290E-01  3.89818250638086820E+00  2.85900826972049630E+01
  6.40748513009616880E-01  2.42706241310093310E+01  1.76129677155522440E+01
  2.56092450391898300E-01  5.29896645859903080E+00  1.42990870270110350E+01
  7.17499092254363010E-01  1.78595087313763410E+01  4.76964764851002080E+00
  4.66141488621800890E-01  1.68595399694486620E+01  1.27786804213905680E+01
  6.33759023001558490E-01  1.92826218752115320E+01  9.63214720518003810E+00
  5.48279863025970290E-01  3.47691577622350860E+00  3.69408202125124330E+00
  4.19081387041561550E-01  2.29072409267270590E+01  1.17663231054323280E+01
  5.70902198024309190E-01  2.00592089538984870E+01  8.71234010985820540E+00
  3.17950877609215300E-01  1.20813944245558670E+01  1.27688638632766110E+01
  5.96963967672292380E-01  1.48814547990835400E+01  1.21834665453129120E+01
  6.18832453479690690E-01  9.95159360864683330E+00  1.75787801975995920E+01
  2.63339374245984010E-01  1.74610084428548550E+01  9.81146019104001610E+00
  3.55036581058269410E-01  1.56863166080333160E+01  6.09521360537106460E+00
  5.84913004272127690E-01  1.10446615057990400E+01  2.27497638474448540E+01
  5.77235448209733180E-01  7.90400875682614950E+00  1.42659075717299170E+01
  5.01105313190319460E-01  4.20243981212879800E+00  2.01211895896236330E+01
  3.83598938984435380E-01  2.78328883833577550E+01  2.23640289238891730E+01
  5.98360795606824340E-01  1.65355854987930260E+01  2.87174480595987300E+01
  3.41778742319800830E-01  2.31038477960513800E+01  2.61832568955343210E+01
  3.29796701345061780E-01  5.74510330707155250E+00  5.99893035992316200E+00
  3.84420431658369740E-01  2.61919178930892190E+01  1.83278724184965010E+01
  4.91872428060923640E-01  8.74886962863357630E+00  2.55927852703349460E-01
  2.93443024193560210E-01  2.83326032077836220E-01  2.59018845926907740E+01
  5.81299825206354370E-01  2.31246404509774380E+01  1.07899572347326240E+01
  5.68243553274813350E-01  2.57783361028716480E+01  2.22229457358199870E+01
  5.39001667068871980E-01  2.27280179300077380E+01  2.95320723899638050E+01
  7.01587183784351610E-01  2.78193348333666290E+01  2.92340000147554340E+01
  4.45239477383046460E-01  3.58172958072788460E+00  1.75540841621209860E+01
  5.39001667068871980E-01  2.17339784162904270E+01  8.49371337358579480E+00
  2.86134314477376340E-01  2.35393573475796860E+00  4.38885423724669010E+00
  7.70254277643880240E-01  8.52519878314444490E+00  2.81015608361470800E+01
  3.45648959319623030E-01  9.38087152381361730E+00  3.15659461889700490E+00
  3.39481361119070080E-01  7.54553684297754050E-02  5.22286670073620310E+00
  3.04461637453634990E-01  1.91508637623684490E+01  7.64949975989526190E+00
  5.20369884994360540E-01  5.40297799864637170E+00  2.43447826121507620E+01
  2.65726189967390210E-01  5.51307311526344090E+00  1.64365099318294410E+01
  6.26908127420837150E-01  1.45669610647708490E+01  3.50743536518332410E+00
  3.48480710258510130E-01  1.98853899333792190E+01  1.38505808503690170E+01
  2.96653470797716330E-01  7.72610773901161970E+00  2.28936987538961850E+01
  6.31923671661538840E-01  9.11237259808309470E+00  1.43007861636434330E+01
  4.09705559579089850E-01  2.16127722562203740E+01  2.94938591610325030E+01
  6.72499163702481620E-01  2.35533740975771020E+01  1.26459615587009290E+01
  2.84029264846615530E-01  1.77743058537708550E+01  5.76709040906822690E+00
  5.34631033075580400E-01  1.56131370819728130E+00  9.43957133249063500E+00
  6.17076625982510940E-01  1.33413835279233910E+01  4.27923036527904440E+00
  6.55074006360275090E-01  2.34331030213675450E+00  1.47693902149458830E+01
  5.46562010559427060E-01  2.91449860203134430E+01  2.06865286365713640E+01
  5.17626013175185660E-01  2.42206343262459180E+01  1.03441907494195180E+01
  5.82207618145930890E-01  2.29001111009458140E+01  5.56637064699688540E+00
  5.98268629341587580E-01  1.28504572206301350E+01  1.32653925599788720E+01
  5.34553382826858140E-01  1.98986635554547320E+01  3.03379183023482750E+00
  3.76753951196820710E-01  4.75004019816028130E+00  2.82312370820838620E+01
  7.52518120402026810E-01  1.17451764315890150E+00  1.55497176836183060E+01
  4.81368497469048420E-01  2.94300232158436970E+01  1.86861151931060050E+01
  6.47413426355271770E-01  2.80037311367949080E+01  2.78511203693445280E+01
  3.05466220251299840E-01  2.36389072582679470E+00  1.38113450980823240E+01
  4.46689977500956030E-01  2.45647147994042140E+01  1.93740884224740060E+01
  6.18566685513849460E-01  2.05780306384640840E+00  2.32406939284324210E-02
  5.36592099856838090E-01  5.36507486578143580E+00  1.00790022160061330E+01
  5.09574347305064630E-01  1.22735070786321290E+01  4.63619504507748740E+00
  4.92328788949218680E-01  4.00279098854148700E+00  2.61077050847115540E+01
  4.83351594707823830E-01  8.05213690137314230E+00  2.61056096866424770E+01
  4.40650972415989980E-01  3.03593277650994510E+00  7.61020872120405570E+00
  6.10911033360540580E-01  1.50861148861815070E+01  1.58037314323930220E+01
  4.34172467284937990E-01  2.09073439616574820E+01  1.70636628753156040E+01
  7.03188417218805210E-01  6.38481698814698270E+00  2.71694083411235030E+01
  2.92799561075502800E-01  2.63316594217205340E+01  1.26456960000572720E+00
  5.68243553274813350E-01  5.11841798093965480E+00  6.64048507770483010E+00
  4.60682082706054620E-01  1.99057125215746280E+01  2.34744352433578600E+01
  6.41715074739605920E-01  5.76409200643391980E+00  2.83612327161120920E+01
  4.55206736325743130E-01  2.23547980774573140E+01  2.23719071540733550E+01
  4.22201084465533680E-01  2.08849956405048830E+01  2.02198537719042680E-01
  3.63079661055833470E-01  7.29998156784859380E+00  6.16898600487456860E+00
  2.63055759251188670E-01  2.08325322689748770E+01  8.34554300782570910E+00
  5.32877675645020420E-01  2.54243562456089760E+01  1.78269413028472350E+01
  5.77235448209733180E-01  1.49326546743786630E+01  2.57135029404772660E+01
  4.09775903561979240E-01  2.67127019244987420E+01  2.93267354153479120E+01
  6.93187364831086050E-01  6.05771630729434740E+00  8.60123944415972910E-01
  4.30054269381220950E-01  2.50645718207037800E+01  2.03557194063348210E+01
  5.07436062422724900E-01  9.96180895853189160E+00  3.78062703637893540E+00
  2.49948351789403130E-01  2.85064608709532910E+00  4.18741535924242920E+00
  3.16022212934137680E-01  2.96255524389047870E+01  2.90814371469137920E+01
  4.72818350263822220E-01  9.53321605753543540E+00  8.16623598579340990E-01
  4.46689977500956030E-01  1.61753473330445100E+01  6.84481346713944650E+00
  4.74581552528920360E-01  7.37945678714411370E+00  1.33548771757074810E+01
  4.86590143357422540E-01  1.21985774759521700E+01  2.10861633819142110E+01
  2.73281005279713530E-01  4.32772329782913450E+00  2.77209129248561260E+01
  5.20515140446715560E-01  2.02633905364321510E+01  2.64547973534723160E+01
  4.13811620468168510E-01  7.53106318414951660E-01  2.71748027245867650E+01
  3.81419328643079860E-01  2.22064365784005880E+01  2.31941995686509160E+01
  4.05593309893122810E-01  8.92448031196631500E+00  2.46001847410840110E+01
  5.85380732291966590E-01  1.33093972824340250E+01  2.51425164167885950E+01
  4.06599624824484800E-01  2.45837610582315720E+00  9.15744764328117000E+00
  6.40456937776772590E-01  2.86569510902086510E+01  1.01337460437587850E+01
  4.75626642073745920E-01  1.05531183485231160E+01  2.40020756236433640E+01
  5.09222041678605210E-01  1.66883089693217350E+01  1.00223494004303890E+01
  5.77820253962530560E-01  2.82471338537598700E+01  1.12802227862723610E+01
  3.80273533482480450E-01  1.38756114061637610E+01  2.43616133670211890E+01
  5.01406606281285510E-01  1.14933032307816560E+01  2.37384787701323030E+01
  3.59079136884617700E-01  2.70554213675543420E+01  2.09737256676863770E+01
  5.94092381958372510E-01  2.35006137765639790E+00  3.50919200938913670E+00
  2.54611020839302520E-01  2.73924821140268160E+01  9.76119598133529290E+00
  4.99223721401470310E-01  5.54451775397456450E+00  2.94792638415135750E+01
  2.54611020839302520E-01  2.91621447707615080E+00  5.69850852123824050E+00
  3.20574425314766210E-01  1.17533574815162750E+01  1.22218069892415460E+01
  2.85767805251094040E-01  1.28472869013652420E+01  2.72971010218978380E+01
  2.54611020839302520E-01  2.36319917024854150E+01  1.39823489863386090E+01
  4.12246671516209600E-01  1.23408527692153850E+01  1.95956109624411890E+01
  4.41298336829792340E-01  2.26041467149123570E+01  3.07118539630990830E+00
  7.09985914168247060E-01  2.63745711499956490E+01  5.19125343527321890E+00
  6.80956647410425740E-01  1.43737804415917270E+01  8.64058667091894250E-01
  4.75338540515479570E-01  1.25421801321143040E+01  1.21233386596787760E+01
  7.49588614928249000E-01  5.72307324615143640E+00  8.84546633768710680E+00
  4.74033319401206570E-01  3.87683469548702320E+00  1.61155519733846260E+01
  5.20515140446715560E-01  1.89979340461934500E+01  8.45994659122485260E+00
  5.48131117613959250E-01  2.02387764034085510E+01  2.01106222751063830E+01
  3.46733456860136300E-01  1.34561359375618640E+01  2.69034044223868880E+01
  6.97384645011991290E-01  1.65234903740003780E+01  2.74226917675314220E+01
  3.78209123272245940E-01  2.11463149498575720E+01  1.35714776575407720E+01
  3.82382183723224410E-01  1.23562335375079100E+01  2.53032200090136710E+01
  4.46537248270915300E-01  1.95558272090967230E+01  1.31276807129959160E+01
  6.08690451339190200E-01  2.93540494085077230E+01  3.15767161972322620E+00
  2.59062449636064510E-01  2.22750166869390110E+01  1.08295617582843140E+01
  4.43756654693070110E-01  9.54427045958694720E+00  1.58896797292415800E+01
  3.18942867500738640E-01  9.58236691194964860E+00  1.51273768543963490E+01
  7.16535845940979770E-01  1.71667816562037420E+01  3.51473232294230440E+00
  4.62836237406567810E-01  5.45321567108073600E+00  2.33638656194142700E+01
  6.97384645011991290E-01  2.04034985592201570E+01  2.45195787240802830E+01
  2.47647088603063280E-01  2.83124898410870340E+00  4.68317472034443400E+00
  4.05793634226126800E-01  4.61082844533540560E+00  2.17373804950459970E+01
  5.37364664263313330E-01  2.62228365757559740E+01  2.32345029563455230E+01
  5.72881440675418570E-01  2.11591092128834220E+01  2.55406683859329820E+01
  5.04213456464067280E-01  1.85609458766541020E+01  1.17000338086446760E+01
  3.86557871019070410E-01  8.86565359830734680E+00  9.24149698241568810E+00
  5.62178328188990490E-01  2.61735642410874720E+01  9.06390146230821790E+00
  6.41715074739605920E-01  2.61533699579990580E+01  2.05420800082521320E+01
  4.54567147313974470E-01  2.12260224702288620E+01  2.66018427158874180E+01
  3.97011970696729720E-01  2.19652042245773380E+01  2.39330874767731030E+01
  3.99477862283745790E-01  1.36835274667527520E+01  9.38309577968508180E+00
  5.15931587153482510E-01  1.23326871899877430E+01  3.61350701440968130E+00
  5.98026541173087530E-01  1.77911186698528320E+01  6.73067582291056790E+00
  5.94917806945655060E-01  1.18154672103160950E+01  1.13085410591997190E+01
  3.86557871019070410E-01  1.34775679578587290E+00  1.31849448541465700E+01
  5.52347772924787250E-01  2.77370763973789920E+01  1.70564379745417360E+00
  4.05793634226126800E-01  9.31106221316368380E+00  2.36205312811205590E+01
  4.66753989857397040E-01  1.52038505797089700E+01  8.29021403627129240E+00
  6.77666041374141330E-01  1.47940292565099310E+00  1.06478327308962100E+01
  3.23306573977224420E-01  2.20970683523627680E+01  2.89448888976943980E+01
  6.88340418185590860E-01  1.87411266247504860E+01  5.86424665675660960E+00
  4.11696508529454960E-01  1.34136337851915370E+01  1.22836606679039290E+01
  4.03052389307286420E-01  2.83796937869789760E+00  1.32870851001228500E+01
  2.97529618718302210E-01  1.40662986169033990E+01  2.55962753486390260E+01
  3.13090147150790890E-01  1.28890773638925820E+01  1.51009299895480370E+01
  5.01435669612667030E-01  1.19404004843664960E+01  9.88583832758003030E+00
  5.26482748420329030E-01  2.85521607524864470E+00  6.66038012102163710E+00
  6.75156127532392600E-01  8.16800996930262540E+00  6.73697180775939140E+00
  7.20816873845379820E-01  1.83663750966356820E+01  1.59133676135294170E-01
  5.30006102735105960E-01  1.65986676046581150E+01  2.21245448990461390E+01
  3.43353541919950760E-01  2.52449645920442620E+01  2.67997602884706120E+01
  5.32877675645020420E-01  1.67854991394823930E+01  5.40855541204662500E+00
  6.44956217916396120E-01  2.44500468960792040E+01  1.36091827462834870E+01
  3.55036581058269410E-01  2.42550803619451760E+01  3.95997764753481680E+00
  4.30054269381220950E-01  1.30272206359942310E+01  2.30629551609974510E+01
  4.93734512940847830E-01  9.06098186191045760E+00  2.27569682771902460E+01
  3.42409596243210680E-01  9.44876661592925870E+00  2.03003050134258100E+01
  5.58952633370732950E-01  2.51611875009475590E+01  2.92981157754976670E+01
  4.49954956992444630E-01  2.88277231942052870E+01  2.71272042095906300E+01
  4.11346310528290360E-01  9.80429562731096030E+00  5.23297133088278170E+00
  4.72818350263822220E-01  5.01214187047214650E+00  1.70886287889326990E+01
  5.00672486592370710E-01  2.15629907556636870E+01  1.05001463156575530E+01
  4.15334611176110170E-01  1.72687964104970460E+01  9.16093066393827550E+00
  7.70254277643880240E-01  2.41625739463544950E+01  2.65412344734973900E+01
  5.32262962461145860E-01  1.42855971242555100E+01  2.66134614293636000E+01
  4.01880163826280960E-01  4.12915836100926730E+00  5.40414469412041850E+00
  7.41720708060832300E-01  1.06033543070739930E+00  1.20939116794639790E+01
  3.01674668393272730E-01  3.88277656738576870E+00  9.09624168662050180E-01
  2.66929568161810020E-01  2.90534226710487500E+01  1.48959951763158820E+01
  4.15334611176110170E-01  1.56307439590589840E+01  2.91706502475463760E+01
  5.20369884994360540E-01  4.89892601107509670E+00  2.55388579107055100E+00
  2.84672167568555990E-01  1.86858791159095820E+01  2.05904212356347750E+01
  5.18912146576496980E-01  2.18597203222905030E+01  5.05583754365559730E+00
  3.90540239164096370E-01  5.79144266050736700E+00  7.42572451896939790E+00
  3.63079661055833470E-01  1.34145563448428490E+01  2.76117164420676320E+01
  4.73113776075054650E-01  2.68150798047289380E+01  2.23015079436272430E+01
  5.55687039951364880E-01  7.40538353298021870E+00  7.70094865424515080E+00
  6.97384645011991290E-01  1.50350149204509550E+01  6.92157169382133830E+00
  3.54092873053847420E-01  2.08554772264664570E+00  1.32147667024427910E+01
  7.37991961479508610E-01  8.20762535804940900E+00  2.73030639250598210E+00
  5.10790949981952740E-01  1.66809497622576150E+01  1.15843926131253080E+01
  7.03918080384424090E-01  1.21739227572885560E+01  1.43783099464691320E+01
  2.69326463995374250E-01  7.45746779884458810E+00  2.56445347980627430E+01
  5.39922025342825940E-01  1.90540829439176810E+01  1.07826101554478640E+01
  5.39922025342825940E-01  1.93568995846625040E+01  2.10863529307552520E+00
  3.52682444144397330E-01  1.91769280612870820E+01  3.54901524930302960E+00
  3.17084428049163950E-01  1.08459788347879180E+01  2.14794932892798440E+01
  3.92511582998476170E-01  5.49547181232361130E+00  1.28577900403415240E+01
  2.92799561075502800E-01  2.43804439271305500E+01  3.41613970791637110E-01
  3.63105686475124490E-01  2.07876770993130290E+01  2.91188778341699450E+00
  3.25036994184950640E-01  2.07967930769961600E+01  2.91532635260491550E+01
  5.70902198024309190E-01  1.84644916568249760E+01  1.88944109348557310E+01
  6.18138908065390960E-01  2.82947190970056040E+01  1.44405891440625990E+01
  3.10705613459761840E-01  9.51077771037460980E+00  1.96506926781980910E+01
  6.99092076263204730E-01  2.51078359198038900E+01  4.57665591174025100E+00
  4.40295189098215370E-01  1.37945531392069150E+01  6.17134454421483540E+00
  6.52034765531911640E-01  1.22721643579780790E+01  2.87523762275138210E+01
  5.12628979659419230E-01  7.06501146915869520E-02  1.45741085564161640E+01
  2.68569610726517900E-01  1.13453790207564540E+01  5.63335928488094240E+00
  4.41473589537221400E-01  8.75263320741118280E+00  2.06593212147789380E+01
  7.41623060643924430E-01  1.54307341072202280E+01  2.35875601132238980E+01
  2.49794182180603610E-01  2.95509949884501070E+01  2.68837900259652120E+01
  3.44856808658559500E-01  9.06449207586621060E-01  1.38545271364555430E+01
  6.83701617051292750E-01  1.23181106477860350E+01  7.55094581938315650E+00
  7.19599311285852310E-01  3.07461783695682240E+00  2.37109551527237340E+01
  6.67521681419926690E-01  2.86881922121710180E+01  1.95619474939834250E+01
  5.40946473112310590E-01  3.08415654045340170E+00  6.41982453289298500E-01
  3.83579206291793930E-01  1.32168089108559240E+01  2.83312328617072210E+01
  5.04339573614743570E-01  2.68000317463197750E+01  5.42792562390466490E-01
  6.35523375007872900E-01  1.47235311568628370E+01  5.62831265916774730E+00
  3.44905765886116280E-01  3.35955146570181370E-01  2.05716257940417580E+01
  2.65726189967390210E-01  1.73347636512631600E+01  2.69072543721753630E+01
  4.87785457169642190E-01  7.32186763104841540E+00  1.85236018135284400E+01
  3.71299762957800540E-01  2.11062791470527530E+01  1.98097932839729080E+01
  4.13811620468168510E-01  1.55845717591947130E+01  2.05920573690186570E+00
  5.69423614487483490E-01  9.06608034390211690E+00  5.87820472590482450E+00
  5.83429036676414100E-01  1.91539399089470170E+01  4.64305188656105020E+00
  5.30006102735105960E-01  1.61491240027617020E+01  1.97902843308397140E+01
  5.16710955738981780E-01  2.24517522220597420E+01  1.71996590696112080E+01
  2.65726189967390210E-01  2.45178407739634030E+01  5.34998060982751870E+00
  3.18942867500738640E-01  2.69415454021462390E+01  1.35215187928834650E+00
  3.23881608201221470E-01  1.71719763842923180E+01  2.63414734790104850E+01
  3.54092873053847420E-01  2.21623090608866850E+01  2.41047488369259400E+00
  5.12509616084684260E-01  1.79012947339943280E+00  2.42063615248155700E+01
  4.99223721401470310E-01  1.63370999039974760E+01  1.54343070511422730E+00
  2.56092450391898300E-01  2.31573674188151630E+01  7.87254239238287750E+00
  5.45765227979075810E-01  6.37285634689954430E+00  1.81147613219839590E+01
  6.94010183176834960E-01  2.48697387290453560E+00  1.22479385517532280E+01
  3.57201130995523370E-01  1.22907612746523100E+01  9.10274517115445470E+00
  5.25895496843049500E-01  3.60240324438646730E+00  1.38136575492520000E+01
  5.10790949981952740E-01  3.09924288599491280E+00  2.92831096773290260E+01
  4.89717368181109780E-01  2.26415807297336290E+01  1.87254416805402820E+01
  4.82769235883485770E-01  2.75524969476626470E+01  2.37698240508963790E+01
  6.93278360304079300E-01  2.81402387078398210E+01  1.83173442298983890E+01
  3.35017483125717060E-01  1.45818850262662010E+01  2.42494240605831490E+01
  3.26514001167033020E-01  2.68309436752176680E+01  7.56518634023185670E+00
  4.75880684447443510E-01  2.02091066249052030E+01  2.74477121251263720E+01
  4.22354771203238230E-01  1.90291769873990720E+00  6.68926639869631150E+00
  4.11966131227655820E-01  2.13971389645166280E+01  2.32048412468375530E+01
  7.30946391186454210E-01  1.37453396306868360E+01  1.57888942692347950E+01
  4.22201084465533680E-01  2.13140840706159820E+00  1.99752897122643740E+01
  5.15931587153482510E-01  2.25668944387204240E+00  5.18440816962350490E+00
  5.52347772924787250E-01  8.03812129327535450E+00  8.79867579285225430E+00
  2.49794182180603610E-01  7.83953283221637150E+00  9.57544722816180990E+00
  4.50103975287380020E-01  1.86478168639168870E+01  2.81275279021577130E+01
  3.61769499680632390E-01  2.16075082244601760E+01  1.74412074690696810E+01
  2.77147605524350650E-01  1.71876846671981130E+01  2.81348617976891080E+01
  7.64764367446448820E-01  2.69548646360456840E+01  1.74702518602973530E+01
  5.71326189973923350E-01  1.97673214001632860E+01  7.02763950808084740E+00
  4.07877171249442140E-01  1.56231279865757170E+01  9.84928854019965880E-01
  4.46540105696671490E-01  2.80628453042226620E+01  6.27580680447707100E+00
  5.07606992315717240E-01  1.77667793708434480E+01  1.31298826488984000E+01
  3.01731430220296380E-01  2.16138240199233600E+01  2.25255221357295880E+01
  4.32382463464541460E-01  2.04277637720177300E+01  7.78096956530701880E+00
  3.25762576013666160E-01  2.72717994275532370E+01  2.56021489952253810E+01
  6.24920360555607160E-01  1.72642540668220690E+01  2.17799030216108450E+00
  7.38532964590205680E-01  2.33067682019047560E+01  2.08101630776951050E+01
  3.92511582998476170E-01  1.58746171830674780E+01  2.14345682778089820E+01
  2.97561439636419770E-01  3.85207795552797540E+00  2.93675610527699420E+00
  3.46434506905438330E-01  6.66009394063878980E+00  1.70581573996461880E+00
  5.89502618647478990E-01  1.91352345257727310E+01  1.98407315750294660E+01
  3.32399546609116130E-01  7.47758960987458200E+00  1.60923145664957480E+01
  5.77649046292645880E-01  3.12510654984744110E+00  2.00729260136885440E+01
  4.31729360191427780E-01  2.94742513139985330E+00  2.83531384951451850E+01
  3.17950877609215300E-01  6.13187960720169660E+00  1.20040440457046330E+01
  4.75880684447443510E-01  1.52195194049847830E+00  4.18518871713625810E+00
  3.91816801400439550E-01  7.47426195268297370E+00  2.85971310976374370E+01
  2.50163292655703180E-01  1.58507207401889940E+01  8.59525500906180010E+00
  3.42074681651230290E-01  2.42271445782580200E+01  2.23484014524745690E+00
  3.50974061745161330E-01  7.99117689743635660E+00  1.65417984250602430E+01
  6.18566685513849460E-01  4.85105336508098710E+00  7.79404432597647380E+00
  3.24719866931951940E-01  2.32127850806190320E+01  1.35826035633744620E+01
  3.57201130995523370E-01  1.27673792671139720E+01  1.13223075571295570E+01
  3.13090147150790890E-01  1.26912195528418540E+01  2.78750238750178100E+01
  2.58355477869490890E-01  2.45832072043052000E+01  1.59317081195757690E+00
  4.83351594707823830E-01  2.02281880787542080E+00  2.81468268797534120E+01
  5.48463672908306780E-01  1.96317388277713110E+01  2.82916018519167200E+01
  4.24351701398837560E-01  1.10317748963184810E+01  1.20422752481555890E+01
  6.80557430527969220E-01  1.06612158783847570E+01  1.57804193597814280E+01
  3.73125396709624990E-01  2.24262406046949040E+01  9.08531549587163490E+00
  6.77808113742920780E-01  1.83941223311990890E+01  2.85371789928959970E+00
  7.67512613708393760E-01  5.25685738669829840E+00  2.62267871039163260E+01
  4.76544583128828500E-01  1.23712981484408350E+00  1.85430576217622600E+00
  6.97738347479756800E-01  1.33584839194853680E+01  2.96526032719678380E+00
  4.49545157175862540E-01  1.65738815951083610E+01  1.57632652769737970E+01
  6.25336422111717830E-01  7.88767138946067450E+00  1.75125366227706430E+01
  4.99487474973056500E-01  1.22166639158835970E+01  2.60574402495837370E+00
  6.67521681419926690E-01  1.80305480576468400E+01  1.50525250041437550E+01
  3.44170209092795430E-01  2.00152129019032150E+01  1.82977181533221190E+01
  4.01880163826280960E-01  1.93066964684282210E+01  1.65386501628308550E+01
  5.95035019805102560E-01  2.29517784704506020E+01  2.38566546090641220E+01
  5.20348764567513020E-01  7.36552342618482210E-01  1.86286558034503500E+01
  7.44845164893703690E-01  9.74893304381145500E+00  2.72106545910877210E+01
  6.94010688862415210E-01  2.59452342474906810E+01  7.06004490406655010E+00
  4.00156705760987560E-01  6.79243520595802150E+00  2.81945724048294970E+01
  6.57722721512726150E-01  8.81579804471746260E+00  3.98460860533794270E+00
  3.61198882346046800E-01  2.37747253402389980E+00  1.11671575310608520E+01
  6.07167866036927160E-01  2.84995024772325540E+01  2.43048015481094450E+01
  5.81677556670477180E-01  8.02986886381280840E+00  2.50169056623745330E+01
  3.17579752081870750E-01  2.66836590527956520E+00  2.76579872525332750E+01
  2.69169509893181310E-01  1.08077218011389910E+01  2.56137392390841260E+01
  5.36592099856838090E-01  1.03982733590196390E+01  2.97424786856332450E-01
  3.01799748246536660E-01  2.46705836180372270E+01  2.85906824761936420E+01
  4.05794678723965420E-01  1.37732693344332770E+01  5.20599348032442500E+00
  3.65995101567518470E-01  1.50184887917359870E+01  1.89025883518617090E+01
  3.39481361119070080E-01  1.62973722297553290E+01  1.89344513312215770E+01
  6.97384645011991290E-01  2.55939249490686790E+01  2.43531229427124100E+01
  6.82253548551889110E-01  4.76851769898338680E+00  1.33752496930363750E+00
  5.67035311113654220E-01  7.95933159452567820E+00  5.51305102141840300E+00
  6.47236078597052340E-01  2.05872205068519700E+01  9.80886803061134320E+00
  5.92513140571182980E-01  2.21615434211399350E+01  2.61350303069355050E+01
  4.71553509741754610E-01  3.98100356212623560E+00  2.17988613656580020E+00
  6.55885333720611730E-01  1.03884136384746860E+01  1.44724651280686910E+01
  2.83840017940612550E-01  2.17153837213507690E+01  7.66747303412966370E+00
  5.65219172841477580E-01  6.87495875651344160E+00  1.47574393919908040E+01
  3.48480710258510130E-01  2.26803659362796070E+01  1.31707574163717280E+01
  6.26908127420837150E-01  2.78685834993341790E+00  1.59711544918962160E+01
  2.62213147743524950E-01  2.84524837438764420E+01  2.11039915461681960E+01
  5.08737612195334600E-01  2.20975312232934980E+01  1.53956687364228700E+01
  4.59281804788439010E-01  2.24471876598973060E+01  7.79667307538644390E+00
  2.86550378078914000E-01  1.94493907099708070E+01  6.95541555847454780E-01
  2.99038091422116640E-01  1.49809404964277350E+01  2.88764053003731180E+01
  3.62493203924014780E-01  6.05788882026573900E+00  6.70696709643206820E+00
  5.64616421781660800E-01  8.41253659153226960E+00  1.32463046082532280E+01
  3.87533216804236250E-01  7.19160669506967930E+00  2.34131927381945570E+01
  3.90540239164096370E-01  1.53097161274740190E+01  1.67785843300254380E+01
  5.44640939783434240E-01  5.85163267028984000E+00  2.07975384335893580E+00
  3.84420431658369740E-01  2.78256488420881570E+01  2.09456671388252720E+01
  4.53492046339069340E-01  7.13420521779405710E+00  2.62894034749705200E+01
  6.38023782753992030E-01  2.75988360890226760E+01  1.62268835820211490E+01
  5.00672486592370710E-01  2.74972667367284840E+01  1.05079134709380460E+01
  6.08873319065221350E-01  2.02575271215064670E+01  1.61862304616036180E+01
  3.18942867500738640E-01  8.47313667133994920E+00  2.91875705818290250E+01
  2.65726189967390210E-01  2.40513717993652460E+01  2.15140898492793010E+01
  7.10410487391814980E-01  2.52309342253751330E+01  8.72902556213343490E-01
  4.66797018098134940E-01  4.79386779841535480E+00  2.08858882277347430E+01
  3.89889811574280460E-01  2.64709493799748190E+01  1.35532611821000350E+01
  2.92456502136063850E-01  2.43645920929772470E+01  1.64589540323751040E+01
  3.63079661055833470E-01  3.36312734507176400E+00  1.67760586128940790E+01
  4.13811620468168510E-01  1.65849258432186520E+00  1.39490021775495560E+01
  2.60417758313763680E-01  1.10873959602561420E+01  2.03873099651466990E+01
  4.41940562555082740E-01  2.12206127623338820E+01  1.57670514376319650E+01
  3.08418768867630710E-01  6.25691888147684420E-01  1.11385612958814930E+01
  3.04461637453634990E-01  7.30541028451565740E+00  9.43052257896568410E+00
  4.75626642073745920E-01  1.55801911325846250E+01  2.06179250900018970E+01
  4.19693779402500590E-01  5.15752511470398910E+00  1.92805961559718850E+01
  3.26514001167033020E-01  1.16082924935635190E+01  9.12827235861036000E+00
  3.55388479881239270E-01  2.09951937060430290E+01  5.18022711287821910E+00
  5.33859136323620030E-01  1.21585414869391460E+01  2.26467838360770950E+01
  3.39481361119070080E-01  2.74225890653465640E+01  5.15968835669384160E+00
  2.51153087880769550E-01  1.45139635339808050E+01  1.38452186725630500E+01
  4.21603844523193420E-01  2.59953795270302590E+01  2.78740114142862940E+01
  5.20348764567513020E-01  2.06580017069227470E+01  1.43252448892468390E+01
  6.86210935380316480E-01  1.98488896328318380E+01  2.95040031591324340E+01
  4.41140732643827070E-01  1.57985647620534970E+01  1.03536864148300330E+01
  6.26908127420837150E-01  2.91968009235184240E+01  1.35856626156120020E+01
  5.11871480770454750E-01  2.66024509311688860E+00  1.72966352558740510E+01
  4.70990686464341570E-01  1.72163361255790230E+01  2.95406357622843000E+01
  5.20369884994360540E-01  2.16446011887032020E+01  3.12518668729637160E+00
  3.04306421741581800E-01  1.61312214723737850E+01  2.28134547463590490E+01
  5.88333222664750720E-01  9.59205865803152950E+00  1.87558454767918120E+01
  6.64541222436485860E-01  1.07757601805852880E+00  5.23406714930508880E+00
  4.24351701398837560E-01  2.44586236938663970E+01  2.09580780440669340E+01
  5.55920758830291820E-01  9.09045437508329000E+00  2.60900496933994720E+01
  2.89042915761794110E-01  1.46203501311578940E+01  7.81363710742181720E+00
  2.47647088603063280E-01  6.30485412673874630E+00  6.13702746896095340E+00
  5.88686278844574580E-01  2.34746959760189750E+01  2.53298889509003190E+01
  3.53063097104977870E-01  5.26737499336480130E+00  1.36764194787093330E+01
  4.50600139601478670E-01  1.27150505188487720E+01  6.90427268680160470E-02
  6.65634982039605120E-01  2.77572940579792030E-01  1.75360117481375040E+01
  4.69750256464274060E-01  1.61749405458851040E+01  2.45411519497751060E+01
  6.13801455222646290E-01  1.69337310356034790E+01  7.58538880911375110E+00
  5.14582826754803690E-01  2.86112429664126790E+01  2.31592234991557120E+00
  3.81419328643079860E-01  1.43750366877130100E+01  2.49352083811327350E+01
  7.28196096543639280E-01  2.11186769367741260E+01  6.84976846939500120E+00
  7.33199636544987770E-01  1.11666051673149230E+01  4.07292763246214400E+00
  2.86550378078914000E-01  1.85016515216739530E+01  1.01695087732504190E+01
  2.52169786807371790E-01  1.88966854699736190E+01  1.53610856845994610E+01
  5.01406606281285510E-01  1.51804016634761880E+00  1.92857330323852950E+01
  4.18948713530687210E-01  1.49805153194898450E+01  1.06341764066157920E+01
  3.62620749938717070E-01  1.93753101517355160E+01  1.57802506486143080E+01
  3.15231116497538320E-01  2.21032394571296460E+01  6.50514614817844720E+00
  2.83840017940612550E-01  2.33282202966749170E+01  3.05225896626178230E+00
  4.72199721516180480E-01  2.84860048615836130E+01  2.53837558803054930E+01
  4.41666133880560000E-01  2.32034787149930040E+01  1.77941212065705270E+01
  3.39073066583844400E-01  9.93007358204975080E-01  1.68310539468358090E+01
  2.54831192030272870E-01  4.90890698342557740E+00  9.43281084620392820E+00
  6.65634982039605120E-01  1.86664032016975130E+01  1.38815749923120770E+01
  2.69326463995374250E-01  2.24817315970888490E+01  1.79842620432239890E+01
  3.08418768867630710E-01  7.24510931973402440E+00  1.11803054150156240E+01
  5.63324676144028570E-01  1.20302283463213080E+00  2.03027632340343410E+01
  2.49794182180603610E-01  5.60990554447076840E+00  1.22259408397690310E+01
  6.44956217916396120E-01  2.34387965074825930E+01  2.21867856339317380E+01
  4.26043897269923290E-01  2.74397708012132250E+01  2.16571043141943880E+01
  7.44533748089133770E-01  1.71408284171614550E+01  2.52743363384477250E+01
  2.47647088603063280E-01  1.96194270467438160E+01  3.95462873926039830E+00
  3.47451934045076260E-01  1.67388789119229100E+01  2.30476762257050250E+01
  4.83182858574677270E-01  1.94969735876659520E+01  1.20111807687841060E+01
  5.38382388131525950E-01  1.22340225813980970E+01  9.32094539184863360E-01
  6.08690451339190200E-01  1.33335677570520500E+01  1.98289560598944020E+01
  3.93024383017402490E-01  2.49434352065134600E+01  1.45214264534990600E+01
  2.54611020839302520E-01  2.59304743803798420E+01  1.65104577174971380E+00
  6.82253548551889110E-01  1.22168248108027730E+00  2.29120026724725850E+01
  7.67665169660178040E-01  6.42936028810570730E+00  1.94236307713683660E+01
  3.95839252948554370E-01  2.64888492032914440E+01  1.13629621463213900E+01
  5.15379284759350490E-01  2.28067931786633020E+01  8.89710878983878750E-01
  5.09222041678605210E-01  4.67478835687115970E+00  4.67490202844561860E+00
  4.72038094207023740E-01  6.36717350591337090E+00  2.31719589965113360E+01
  6.64541222436485860E-01  3.70030203014068170E+00  2.11729669881201160E+01
  4.84167632717154460E-01  3.09897922901727800E+00  2.73362484093352260E+00
  5.39922025342825940E-01  1.62845349283457170E+01  2.53403337125082120E-01
  3.77759649416993960E-01  4.15700668256109830E+00  1.69577589398518000E+01
  5.06367095649294540E-01  2.48101997294461580E+01  6.67074240358800630E+00
  3.05466220251299840E-01  2.85211870985144530E+01  2.23441695311879980E+01
  7.55604472483241980E-01  1.89441597995448490E+00  2.69149623672870600E+01
  7.68548325332126940E-01  9.55491523852167290E+00  2.05722462250468090E+00
  3.09209541844886400E-01  6.02447350149070180E+00  2.54452172042087170E+01
  4.71553509741754610E-01  1.91886243923890730E+01  2.73744716471032560E+01
  3.65995101567518470E-01  8.73977479368829440E+00  5.00338059540822580E+00
  6.26517897412854200E-01  2.58914555858273270E+01  3.50945358078532350E+00
  3.55388479881239270E-01  1.65548397480036980E+01  1.65675881411830870E+01
  3.90423892796942250E-01  2.70832935418137810E+01  1.53377621726786980E+01
  4.92172780862642510E-01  1.62597127995591610E+01  2.66301885371523730E+00
  6.66683478841499700E-01  2.28818664091345740E+01  1.45165453393554530E+01
  6.94903868090152520E-01  9.98659296788165560E+00  2.20114500349796530E+01
  7.65642972591057180E-01  2.28358845606876920E+01  2.73114369429109870E+01
  3.52682444144397330E-01  3.82468284319253160E+00  4.53075914433089460E+00
  5.39466591144820300E-01  1.75971114893316210E+01  1.20968285942775680E+01
  4.26043897269923290E-01  1.02704706958223010E+01  1.16659390592663530E+01
  2.53364602799301860E-01  2.71016172507270920E+01  1.11493529410620360E+01
  3.83290088603488770E-01  1.60223987819764600E+01  1.70774039826441850E+01
  5.55920758830291820E-01  2.46229076687799520E+01  2.52992416807651490E+01
  4.13050329149462850E-01  2.25802798872087000E+01  3.92454554283367420E+00
  5.20369884994360540E-01  1.94231216013781780E+01  2.09106028596392090E+01
  6.99477888048091770E-01  6.71463317516820000E+00  5.28352443049777780E+00
  3.59079136884617700E-01  3.25242139427884600E+00  2.25922844679328850E+01
  3.01799748246536660E-01  1.63427027112298330E+01  6.11563106607356040E+00
  5.28731261397185740E-01  8.78750829171448620E+00  2.17721148138702250E+01
  6.80338287111455390E-01  2.54169177915371480E+01  1.14478923668617320E+01
  4.74033319401206570E-01  6.79551696697425810E+00  2.53076608287077960E+01
  3.53302408788900560E-01  2.29208983256232110E+00  9.94691348596339080E+00
  4.03052389307286420E-01  2.42450505565909470E+01  2.01602628571856890E+01
  3.33973424357718240E-01  5.41754031499547390E+00  1.56130062554739680E+01
  4.68162992243922280E-01  2.34507838272616280E+01  3.79270325959898980E+00
  4.72192289519205580E-01  1.31244370474261770E+01  2.39598845601288670E+01
  6.73658304681401180E-01  1.45083494633931260E+01  2.21007395443916450E+00
  4.61178090502161720E-01  5.02685178425573030E-01  1.31585150275191330E+01
  4.18189647978318300E-01  2.81346016935626720E+01  5.41496707111198020E+00
  5.15379284759350490E-01  1.59819651424107540E+01  1.23434039712293250E+01
  5.34553382826858140E-01  2.89215401883761200E+01  6.75017369586240260E+00
  3.70336582810533970E-01  2.54023146328478160E+01  2.84010171482824310E+01
  6.42747544188997020E-01  1.09221149527016430E+01  7.12580360984953650E+00
  4.50600139601478670E-01  2.08013660735032000E+01  1.79732833438705160E+01
  3.55036581058269410E-01  1.26063107967691770E+01  1.62654407200603010E+01
  3.54092873053847420E-01  1.45658893071664190E+01  1.12864145149596440E+01
  5.13614394364816020E-01  1.81498730374544230E+01  9.45217924663348800E+00
  3.65995101567518470E-01  8.24598692241749730E+00  2.24837272052468760E+01
  5.25383403930900440E-01  2.74689021804658820E+01  2.47743338992422650E+01
  3.83598938984435380E-01  8.93963574472921610E-01  2.39240152102339470E+01
  4.86073626967704090E-01  2.20769486666840820E+01  1.57503748551799580E+00
  5.96963967672292380E-01  2.11317276887774550E+00  1.23455437683990370E+00
  4.66553963192992600E-01  4.37574925861881690E+00  9.91815573186594610E+00
  4.15252526658189590E-01  1.25277800706000410E+01  1.05885851324012490E+01
  6.36786611163594070E-01  1.09905116489749230E+01  2.86233537061833520E+01
  6.06760633376156730E-01  2.38253342730439640E+01  4.81972376591523320E+00
  5.25895496843049500E-01  1.89333537827818180E+01  2.31517222041118590E+01
  5.05409982910693060E-01  5.81180468983125300E+00  1.48729163236056370E+01
  5.18912146576496980E-01  1.10971153822545660E+01  1.04575156788835120E+01
  5.81677556670477180E-01  1.01826330806536410E+01  6.15035872326889610E+00
  2.50625569857546320E-01  1.84979226386629170E+01  2.71658036439022120E+01
  6.67521681419926690E-01  8.31778619363806730E+00  1.33039667072262110E+00
  6.52034765531911640E-01  4.46854476891733740E+00  2.50498407532754750E+01
  3.81419328643079860E-01  1.89353804873307180E+01  2.89077039327289180E+01
  3.18942867500738640E-01  1.01996702599037620E+01  2.91581773249132180E+01
  6.63973334543257470E-01  3.63968674983998010E+00  1.50027073939160940E+01
  4.05793634226126800E-01  2.48602738027933730E+01  3.50025354274662210E+00
  2.88617724104866640E-01  1.51275359945309070E+01  1.47387142520698730E+00
  3.17587838135982990E-01  2.22473077281694140E+01  2.08972199079390070E+01
  6.94010688862415210E-01  2.57011429682196950E+01  1.92866530739823290E+01
  3.25036994184950640E-01  2.64741836860603530E+01  1.49670154485224480E+01
  4.41940562555082740E-01  1.75849103577160410E+01  1.83929564253343190E+01
  3.05466220251299840E-01  1.72129390684126050E-02  2.83957398048384810E+01
  7.22984261441823330E-01  1.91564363273832700E+00  2.54378766478012390E+01
  4.60682082706054620E-01  2.27639548560912030E+01  2.85339566049379630E+01
  4.22201084465533680E-01  1.17111602644821830E+01  1.77631072383355320E+01
  6.24824560398126750E-01  1.81839244016453810E+01  2.13483629531983040E+01
  3.63079661055833470E-01  1.30511322345340230E+01  2.07959247521727270E+01
  3.25516939164680520E-01  2.59539565107026380E+00  2.46396521067144500E+01
  4.87886881528419990E-01  6.49677508050012960E+00  2.92204381184825620E+01
  4.34172467284937990E-01  2.66924790494161070E+01  2.40838654456487720E+01
  7.04082361725448710E-01  2.05359037983080980E+01  2.24951382080224570E+01
  4.40295189098215370E-01  1.94878191341180660E+01  1.88759997479227270E+01
  4.54567147313974470E-01  1.15857478180300020E+01  1.91735041690041790E+01
  4.89717368181109780E-01  5.40738872222999590E+00  2.01541470653873670E+01
  4.82771447840326400E-01  1.15681549612360260E+01  2.18204182368310100E+01
  3.54092873053847420E-01  2.25361905476289690E+01  1.24554268505993340E+01
  7.67457697882333090E-01  1.68807229821986730E+01  2.08599527157563180E+01
  4.43129600128677660E-01  2.12997636639028900E+01  2.05994766500885870E+01
  5.61514797181737530E-01  1.54452545043808770E+01  2.22855546540542660E+01
  5.82207618145930890E-01  1.48651920081887760E+01  1.98383169668720390E+01
  5.94092381958372510E-01  4.28044555767890600E+00  8.86284345318616400E+00
  5.64318884198494160E-01  2.91611329176525020E+01  2.61700301751115030E+01
  6.16837537735261420E-01  7.82077286035328890E+00  2.11596220280031130E+01
  4.20581746236023420E-01  1.52757650933658390E+01  2.33546835626892600E-01
  3.16022212934137680E-01  2.28604202102650480E+01  2.29523866088276660E+01
  4.59502380082057990E-01  1.32333031588643060E+01  8.16902754728615400E-01
  7.48336469443998900E-01  1.01459822917216110E+00  3.07173777363937810E+00
  6.90159994875631000E-01  2.95958545557938600E+01  2.49948075429933500E+01
  4.68364091588631840E-01  8.41798546894091080E+00  7.85185259541814770E+00
  4.05593309893122810E-01  2.48619349300260130E+01  1.85764263831505790E+01
  5.55687039951364880E-01  2.12138336169718400E+00  2.38450504034695940E+00
  2.83840017940612550E-01  2.44621684900533730E+00  5.96117126370005930E+00
  5.98280766214214580E-01  3.35355396197537030E+00  9.61182138721424370E+00
  5.84913004272127690E-01  2.39019119997757910E+01  2.81395854692382950E+01
  2.83840017940612550E-01  2.94397698007120530E+01  9.64195524600947170E+00
  2.83517655556827110E-01  8.85045915923031150E+00  2.52864267592358550E+01
  5.27599340399055180E-01  4.60716334535272320E+00  1.30948367724082910E+01
  6.24824560398126750E-01  2.41136955068402480E+01  1.14792411871606710E+01
  4.84167632717154460E-01  1.57800664326383230E+01  5.26146658791190270E+00
  5.66562802601083430E-01  8.46186074975003600E+00  1.01023788453023790E+01
  5.81213412342838430E-01  2.68820634321119590E+01  2.83516568711218680E+01
  5.13285974501586400E-01  1.53366727548668940E+01  4.36819693597867250E+00
  5.29625185962053640E-01  1.84014243662498630E+01  2.54506741242685130E+01
  3.30104909316010620E-01  1.24089117334176050E+00  2.77796990357011640E+01
  5.48174971142568520E-01  2.49112968633035870E+01  2.76258330109637630E+01
  4.72192289519205580E-01  7.66887475555406000E+00  1.94186010273198240E+01
  4.53126113496558960E-01  2.17320506503778400E+01  4.09332111973018970E+00
  5.25993347610763350E-01  8.07582961491602090E+00  1.11236319930846950E+01
  4.75338540515479570E-01  7.20223172872130760E+00  1.08963169935528330E+00
  4.30858982518450690E-01  2.88926291349665090E+01  2.95938825304597940E+01
  7.09741570678139940E-01  6.34863414978967900E+00  2.08969869897930320E+01
  5.05409982910693060E-01  9.20784928412005320E+00  8.41995644077335830E+00
  5.20369884994360540E-01  1.07159695021977890E+01  2.63965872884542210E+01
  2.73281005279713530E-01  4.82511393750705950E+00  2.38007653094366280E+01
  3.09574052588245370E-01  4.35234493010545800E+00  6.09396110373816490E+00
  3.18095930761502070E-01  8.98882304052971830E-01  1.45163257588792330E+01
  4.46537248270915300E-01  2.03127049479840630E+01  3.92055104654476150E+00
  6.38830345620663920E-01  2.72844151439960040E+01  1.20223667819179630E+01
  6.68397269451762100E-01  2.95786465882311700E+01  2.36255831210432490E+01
  5.32488384254616510E-01  2.17076578237395810E+01  1.42873740131887250E+01
  3.17579752081870750E-01  1.63328806553454590E+01  8.29652920241078990E+00
  5.16710955738981780E-01  1.63632170978398970E+01  4.44890085247988230E+00
  4.49545157175862540E-01  2.72293259075916050E+01  1.45105848452948130E+01
  3.20574425314766210E-01  1.62382453012189250E+01  1.39355774734996680E+01
  4.12246671516209600E-01  1.53778189874182690E+01  2.85880363457914870E+00
  4.94550785807675550E-01  1.22810902043141400E+01  2.44303164104939730E+01
  3.59079136884617700E-01  1.13991253363109810E+01  2.34441338489704740E+00
  6.10572080928614460E-01  1.07629925533356480E+01  1.85001620427717450E+01
  4.75338540515479570E-01  1.08913654586771940E+01  9.48485493467109110E+00
  5.09574347305064630E-01  2.39091778059317670E+00  2.26909833465864070E+01
  4.18189647978318300E-01  6.56340178852751690E+00  9.69250904435999950E+00
  3.76753951196820710E-01  2.74076608405550410E+00  2.61639218000405230E+01
  3.84533934306195220E-01  2.88764725227933640E+01  4.02698138036229470E+00
  6.60767019732147710E-01  2.52324937846213830E+01  2.24327872235419700E+00
  5.64318884198494160E-01  3.33950705496040530E+00  1.86735788484449190E+01
  4.69750256464274060E-01  2.60395411591580380E+01  2.69687435732580670E+01
  6.88340418185590860E-01  2.18023397883656390E+01  1.16931974384192350E+01
  5.93150731645016190E-01  2.79701965594771240E+01  4.39165697870748420E+00
  7.17499092254363010E-01  2.31762229583749320E+01  2.06371297173309640E+00
  3.79322922295397280E-01  1.40034726663933780E+01  1.17569848296775580E+01
  3.20574425314766210E-01  2.20513115963237180E+01  5.87240709031625570E+00
  7.17953871372127320E-01  6.24085517432361050E+00  1.09750975867686440E+01
  3.42409596243210680E-01  1.25246555480990430E+01  2.03263109989458890E+01
  4.43129600128677660E-01  1.03167019845196430E+01  1.25328091410740970E+01
  3.78068289465320630E-01  1.09464055866744110E+01  1.75291205357123230E+01
  4.75338540515479570E-01  1.59134001616328310E+01  3.56572831798581900E+00
  7.38532964590205680E-01  1.11865274924580260E+01  1.33294738241134960E+01
  5.07606992315717240E-01  2.90339055784412000E+01  8.95074799623736260E+00
  2.86134314477376340E-01  7.63257911317308930E+00  2.21084353321519980E+01
  5.07437626189109900E-01  1.12058534758070220E+01  1.11997369026707690E+00
  6.15073771326759470E-01  1.18921893713078270E+01  6.32613801339329830E+00
  3.30104909316010620E-01  2.12414271577140990E+01  2.39296892690052840E+01
  6.66683478841499700E-01  2.84988299164239470E+01  1.24978867329752280E+01
  7.49545055295440930E-01  5.68423886672910150E-01  2.16395970747996240E+01
  2.54824432159977790E-01  5.43723987395508600E+00  2.12108886152634850E+01
  5.72142532162989690E-01  2.86514632305398750E+01  1.56322389276555110E+01
  2.77147605524350650E-01  1.10361938775151390E+01  6.08190597396775610E+00
  4.68364091588631840E-01  1.98668742921628270E+01  2.55514780220270660E+01
  4.82771447840326400E-01  8.72359618275455340E+00  1.95526084642459810E+01
  2.50971712925384870E-01  2.33060592345608310E+01  2.89940085978435960E+01
  5.38024295323284910E-01  1.41213487335420050E+01  1.89988842730207460E+01
  4.13050329149462850E-01  2.60149297139037650E+01  6.90606214587923260E-02
  4.86590143357422540E-01  1.47317499293407260E+01  1.74365226920781210E+01
  3.16148313226467530E-01  1.69272734483742370E+01  8.51480777757956810E+00
  3.81419328643079860E-01  1.85345292509271860E+01  3.90330360495538320E+00
  6.52911031193170470E-01  1.40654124906604460E+01  2.08548454622394280E+01
  4.49150663742554990E-01  2.30960204882335240E+01  1.56102912563037550E+01
  4.73113776075054650E-01  1.29087027139511840E+01  9.78293638854077590E+00
  3.65995101567518470E-01  1.58388992417887380E+01  1.44926739027789950E+01
  3.46028387031474870E-01  2.66264714790168390E+01  2.54163687282331840E+01
  4.23675716525973380E-01  1.07389924198620990E+01  1.92465743018859210E+00
  2.47261092463374420E-01  4.35165932744212380E+00  1.23539596182169080E+01
  2.63339374245984010E-01  1.36665900752701770E+01  2.38343304960189070E-01
  2.59062449636064510E-01  1.19990810205785530E+01  5.45516512397490510E+00
  5.77180454669814490E-01  2.05646795331527980E+01  1.90338971466912880E+01
  4.06599624824484800E-01  7.01585390244852650E+00  2.17897980226795730E+01
  4.65278877330243820E-01  3.10218695566553170E-01  1.64063204657003860E+01
  3.07263188066738420E-01  2.83209922192917320E+01  2.04641272981498190E+01
  3.88697647565240350E-01  2.09657827030667220E+01  4.43840670248259710E+00
  6.62122603690132470E-01  2.94506360611207650E+01  1.15708369823438060E+01
  3.79322922295397280E-01  4.41359621096748800E+00  3.31098908544584700E+00
  3.53063097104977870E-01  3.00050400429676720E+00  2.68447147735435150E+01
  6.88885956497308970E-01  1.57010563783655460E+01  1.80988169728143230E+01
  5.33066537704075310E-01  1.84453425951823020E+00  1.66445822925558350E+01
  3.42074681651230290E-01  2.07060348631227060E+01  2.35258151936971560E+01
  4.24351701398837560E-01  1.29621685547777310E+00  7.27878534709131750E+00
  2.92456502136063850E-01  2.26066541616242770E+01  4.74280013473848960E+00
  5.90639534364661320E-01  2.79503337104054490E+01  9.12699481600002830E+00
  4.09705559579089850E-01  2.77078664132582910E+01  6.47196263602372750E-01
  3.59079136884617700E-01  1.89414809203082190E+01  1.74664821486873230E+01
  5.27599340399055180E-01  2.69956615482001860E+01  2.72499792356578680E+01
  5.38382256471750510E-01  2.88994576562189560E+01  2.86260748915876060E+01
  5.96963967672292380E-01  2.48576771329865170E+01  7.77096842476454960E+00
  2.96503602823160150E-01  3.67830541821590230E+00  2.45267627734678690E+01
  3.64593218166308700E-01  2.56264009004767470E+00  1.81671645635597050E+01
  4.18947112612636110E-01  2.57944602951177760E+01  8.16122396265000560E+00
  5.40946473112310590E-01  3.52215454598964860E+00  2.75691447617810400E+01
  3.35017483125717060E-01  7.83192327514374400E+00  3.86417886221927310E+00
  4.75626642073745920E-01  4.82374219752553300E+00  1.61605154182523730E+01
  3.04461637453634990E-01  2.13392050011181450E+01  2.88349162372758090E+01
  4.36315933331792570E-01  9.97371724998367170E-01  2.47350706366342660E+01
  6.77666041374141330E-01  1.25092152230336230E+01  1.85193714549138130E+01
  5.67035311113654220E-01  6.57561932338243160E+00  3.78296128080216310E+00
  3.38650161839631010E-01  1.75492900061657910E+01  8.31163500699136470E+00
  6.94010183176834960E-01  1.25703884371934120E+01  2.63576010507665970E+01
  7.10410487391814980E-01  2.79112681707345760E+01  2.64170500646176800E+01
  4.54567147313974470E-01  2.92517471328393980E+01  2.25516095629447940E+01
  2.52169786807371790E-01  1.96351667056321590E+01  2.28158721952172780E+01
  3.01799748246536660E-01  1.86009805544670430E+01  1.80326691775098770E+01
  4.27719079604653450E-01  2.23965072556272700E+01  1.00923328695670910E+01
  3.87762191716535260E-01  2.40188876409571850E+01  2.30411865559089260E+01
  5.72951670348821020E-01  7.34233196130175080E+00  1.03053973210705190E+01
  5.09222041678605210E-01  1.81943359025902320E+01  7.76158097387183150E+00
  5.25993347610763350E-01  1.28471178973182210E+01  1.79960821536989670E+00
  3.12648490279368120E-01  2.38758521009915230E+01  2.81790687668760500E+00
  3.32399546609116130E-01  2.09184718351463550E+00  1.86809557361499930E+01
  4.43807889241729470E-01  1.11515671405195120E+00  9.42529470312584650E-01
  3.44170209092795430E-01  2.78119133514302850E+01  1.52696730669148070E+01
  2.54824432159977790E-01  2.71571594439749970E+01  4.62852543767943740E+00
  4.21963532045373490E-01  3.82447902654976030E+00  7.95591355921202580E+00
  4.11696508529454960E-01  8.56241015315093530E+00  2.69129929805828990E+01
  4.11346310528290360E-01  4.17930043448536810E+00  2.40280085770031310E+01
  6.16837537735261420E-01  2.62659378281831830E-01  4.24411787991043000E+00
  4.83570943621045310E-01  2.96239199053331110E+01  2.76125554246778680E+01
  4.32382463464541460E-01  7.29435092259816020E+00  2.02533974001887000E+01
  5.92513140571182980E-01  1.15029638424451870E+01  1.67348839435531040E+01
  3.55036581058269410E-01  6.17266209443158420E+00  2.47610831438598280E+01
  4.74581552528920360E-01  4.98061398182634290E+00  5.60858301556847930E+00
  3.44905765886116280E-01  1.05723688009892490E+01  1.68420419199824710E+01
  5.96963967672292380E-01  1.28460203271081850E+01  5.58142578765716380E+00
  2.68569610726517900E-01  2.04342124518346680E+01  1.35696306542924340E+01
  5.80290806494985740E-01  1.54734781371851060E+01  2.81490654431134640E+01
  6.25336422111717830E-01  2.92978181505780880E+01  7.84705664172800700E+00
  6.17452885167652710E-01  1.83392402049056070E+01  1.55986556598243200E+00
  3.29506256422424390E-01  2.12201988604645490E+01  1.49965278467860250E+01
  2.58355477869490890E-01  2.89145738034565870E+01  2.78298300078166210E+01
  4.69641390777102340E-01  1.44286667613546000E+01  2.94094200456923890E+01
  3.49095179616795370E-01  1.02201284228018730E+01  4.59667771016031160E+00
  3.27988333844876360E-01  2.09786035574253770E+01  8.91727878720864990E+00
  3.86383264228710210E-01  2.43874838658214980E+01  9.45641220418622550E+00
  4.75543307221801650E-01  6.97590931901149340E+00  1.19149383328248620E+01
  5.07815655211632320E-01  1.34783009278086910E+01  2.91830109779017520E+01
  6.08088426536500660E-01  3.23895487971174710E+00  2.53159824333555110E+01
  3.93024383017402490E-01  1.67509214434488810E+01  1.83599266541737690E+01
  7.48336469443998900E-01  1.77612313073199640E+01  2.26545355274630150E+01
  3.13454063710418570E-01  2.61765468392211030E+01  1.07271714801689240E+01
  4.43133439323318520E-01  2.90692166364681870E+01  2.16729880728543310E+01
  3.62493203924014780E-01  5.55485002805174140E+00  1.77224848721360640E+01
  5.72881440675418570E-01  3.65567610574366770E-01  6.92161332117679870E+00
  3.71299762957800540E-01  4.99197333878181390E+00  1.22834776355598120E+01
  5.13143010843963320E-01  2.47988025456144570E+01  1.24863244678238900E+01
  3.87533216804236250E-01  6.25060126401392150E+00  2.40227116995800780E+01
  3.90540239164096370E-01  7.32359083296119180E+00  4.38059239553776350E+00
  4.11696508529454960E-01  1.00095649101538410E+01  2.57893388778011680E+01
  4.19670751191123690E-01  6.43693089139364090E+00  7.91540480435379660E+00
  5.39922025342825940E-01  7.62728105204625000E+00  2.71500093833348690E+01
  3.73125396709624990E-01  2.64404444441888910E+01  2.15427137563888920E+01
  5.72628172168292430E-01  1.47223605967192410E-01  1.03993326592220260E+01
  5.63660960642019760E-01  1.69062812460821700E+01  1.74163669212319550E+01
  7.54397230300637300E-01  1.81336076843697180E+01  2.41513276270413830E+01
  4.07877171249442140E-01  2.24959213055079520E+01  1.62211796437550360E+01
  4.61178090502161720E-01  2.13856278055651320E+01  9.28671707981982660E-01
  3.50974061745161330E-01  2.70063623171276710E+01  1.30418436380979050E+01
  4.22541054278063120E-01  2.39878485945972630E+01  1.26342329701163610E+00
  3.25036994184950640E-01  4.93798415241567130E+00  3.44732862911623440E-01
  4.96042965314236020E-01  3.11916475822437670E+00  8.54303025124144360E+00
  3.04461637453634990E-01  2.11570853096176390E+01  7.88043154446458870E+00
  4.21290506291976640E-01  1.47769932404615220E+01  2.74297576084573260E+01
  4.26578460793149810E-01  1.87709933336411120E+01  7.02505905498266350E+00
  3.91816801400439550E-01  1.23651604804495270E+01  2.35485470420135740E+01
  5.32262962461145860E-01  2.69969075848048410E+01  1.87655497262821310E+01
  6.07718241283317260E-01  2.02767796261779550E+01  1.03239143196702800E+00
  5.13425754976809310E-01  3.10251669466536130E+00  1.73625587137850990E+00
  5.46829204411607870E-01  2.18075317835851980E+01  2.81250595862056270E+01
  2.99038091422116640E-01  2.64901433762245090E+01  2.47872890962982350E+01
  3.65374026971610010E-01  2.20511652032919230E+01  4.39371305629084220E-01
  3.46733456860136300E-01  5.96183594262266680E+00  2.96376103082031010E+00
  5.01833768532536340E-01  2.04110345475953250E+01  2.13343585739418270E+00
  2.88617724104866640E-01  2.76255206088448690E+01  1.28840141811370100E+01
  3.13454063710418570E-01  1.06703656238189260E+01  2.77298651655165570E+01
  4.43756654693070110E-01  4.31681108931559620E+00  2.69893235609020190E+01
  5.20369884994360540E-01  2.07001560070602610E+01  2.83139317501632350E+01
  7.41720708060832300E-01  5.66978160761869090E+00  2.21793141429395820E+01
  2.99038091422116640E-01  2.21096563180191410E+01  7.11865666879214580E+00
  3.93024383017402490E-01  1.68845100720189370E+01  1.36361708476805140E+01
  2.53364602799301860E-01  7.40265239533977760E+00  1.66722739830519520E+01
  5.48463672908306780E-01  2.70684226653422220E+01  8.40674927929483750E+00
  5.63660960642019760E-01  2.46431087869375390E+01  2.20951032676544660E+01
  4.99487474973056500E-01  1.79426253602453880E+00  2.18784218216682580E+01
  5.32488384254616510E-01  2.50964690923168090E+01  8.87319799736872030E+00
  3.62493203924014780E-01  9.40421043436533210E+00  2.11292986803473650E+01
  3.90540239164096370E-01  2.05393621545026330E+01  1.52281919391428580E+01
  6.25248164210708260E-01  4.69492698690209580E-01  9.04916899470746470E+00
  3.93024383017402490E-01  5.87242316500397270E+00  1.69906559094679860E+01
  2.83517655556827110E-01  2.92807266777848160E+01  1.62108481502568790E+01
  5.16562546778196820E-01  6.97614220952962950E+00  8.68076990428495420E+00
  5.96777348356598920E-01  2.55962219957629600E-01  1.96347447190510280E+01
  3.35017483125717060E-01  2.70401574950703180E+01  9.28961588110183810E+00
  5.69344335137112000E-01  1.71297287843434740E+01  1.92946436192512250E+01
  5.55509338843663690E-01  1.78061004570869730E+01  2.75788047850639550E+01
  4.09775903561979240E-01  2.67222331640671880E+01  4.12717920853157680E+00
  3.20574425314766210E-01  2.38498599520371750E+01  1.57633321050326140E+01
  5.39466591144820300E-01  8.09963255766304440E+00  1.21880822373114710E+01
  5.18725390566230620E-01  2.40505022931436830E+01  1.47012963994199810E+01
  3.62493203924014780E-01  1.92826456238317800E+01  1.81011119342875340E+01
  4.23675716525973380E-01  2.83233898855254650E+01  3.20884739729399550E+00
  4.13050329149462850E-01  2.60316666057966590E+01  2.88663078492003750E+01
  3.01731430220296380E-01  5.71799181356700180E+00  5.36906107898672320E+00
  3.48156346672602490E-01  1.81533194358049940E+00  5.92579896603249610E+00
  6.83531487369900860E-01  1.75610630815939790E+01  1.63183457843932620E+01
  3.27197753470684690E-01  1.98500265352067940E+01  1.04434086982664190E+01
  3.50974061745161330E-01  9.92557918891671060E+00  1.65866347362993200E+01
  5.77649046292645880E-01  4.08337615762666140E+00  5.43656898661991050E-02
  5.13614394364816020E-01  6.80790501405102870E+00  1.71532647093863670E+01
  7.17953871372127320E-01  2.78649778253309710E+01  7.42247992644984130E+00
  3.01731430220296380E-01  2.09977325451934860E+01  1.58473692665134220E+00
  6.14584822297879540E-01  1.67919390517973670E+01  1.47219732237782900E+01
  4.69641390777102340E-01  1.07178870530319050E+01  5.24580110462644100E+00
  4.49154676673646060E-01  2.57079608912304880E+01  1.48712999590590090E+01
  4.82268891960512480E-01  2.17851070719139910E+01  1.82660104340105500E+01
  6.26908127420837150E-01  1.40630169279354910E+01  1.30924352562487250E+01
  2.50971712925384870E-01  3.62985068232980450E+00  2.67806620740172510E+01
  2.62213147743524950E-01  7.45023425839883830E+00  2.79323613608375010E+01
  6.45167794061425240E-01  1.95967962578799120E+01  1.48006139970661950E+01
  5.94931591270377070E-01  2.50939259046681580E+01  2.31615473039701170E+01
  7.68548325332126940E-01  2.06250344360745680E+01  1.25513072607774650E+01
  4.36195486319121350E-01  3.33224119025695090E+00  5.14706208349696400E+00
  5.33066537704075310E-01  3.60462152996235870E+00  1.27539144210073290E+01
  5.62178328188990490E-01  1.78108172769185490E+01  2.86960921762497600E+01
  2.97561439636419770E-01  9.57495851143137950E+00  4.56282582748642880E+00
  4.82771447840326400E-01  2.56886530073709130E+01  1.39398534826075660E+01
  6.61562106526255890E-01  2.33448730953135310E+01  9.55750844036276880E+00
  5.04339573614743570E-01  2.66116979167481310E+01  1.00352060441464860E+01
  3.45648959319623030E-01  8.02545664625132640E+00  4.60276440549819110E+00
  6.95947079841625180E-01  8.21913945111156610E+00  2.37542502329822620E+01
  4.75626642073745920E-01  1.63815544980268300E+01  9.08800513001821740E+00
  2.57534358191145160E-01  1.33065700664401380E+01  1.66932739703640000E+01
  6.30423428531534040E-01  2.34914699237687580E+01  1.94542594299450720E+01
  3.25516939164680520E-01  1.15577418580805330E+01  2.64687593516723250E+01
  3.14110289759674140E-01  2.40159229891857320E+01  6.87423312946494120E+00
  3.99477862283745790E-01  9.51734756751582010E+00  2.51447141234190140E+01
  6.47236078597052340E-01  1.40639242749581360E+01  2.33529752148214950E+01
  5.28731261397185740E-01  2.89502337806638510E+01  4.93635246561141020E+00
  4.43807889241729470E-01  9.81914709299765320E-01  2.61368710828082450E+01
  4.82268891960512480E-01  2.16776686911713160E+01  1.65693542553534670E+01
  4.30858982518450690E-01  3.53703524833255090E+00  5.98907611386052000E+00
  4.18947112612636110E-01  2.11030789098388710E+01  2.74657538310951640E+01
  3.50662231740508900E-01  2.70954853829950900E+01  2.30745984201146830E+01
  2.85767805251094040E-01  2.93972863608107820E-01  2.26377587519693610E+01
  3.45648959319623030E-01  1.03561401758503000E+01  1.08998553565869860E+01
  3.45648959319623030E-01  2.25660298300732230E+01  2.16002925151054050E+01
  6.42005949159872720E-01  2.23092697456268320E+01  2.49120070492902310E+01
  2.74003615458356760E-01  2.41357545405361830E+01  3.34313446484184460E+00
  3.87653287431749970E-01  2.95452742306421070E+01  1.26152977784755150E+01
  4.18948713530687210E-01  1.14981055993407160E+00  6.31486100053727830E+00
