1
  1002  2.96924426640336700E+01  2.96924426640336700E+01  1.00000000000000000E+00
        0.00000000000000000E+00  0.00000000000000000E+00  0.00000000000000000E+00
  5.54611473665029210E-01  2.01377475432416590E+01  2.59505670642251300E+01
  4.81368497469048420E-01  1.36739937787796480E+01  2.35173186553554250E+01
  2.84672167568555990E-01  2.09939332143130140E+01  2.33082761946496570E+01
  3.06898385793053400E-01  5.46747937902797790E+00  2.93274757772594620E+01
  4.49954956992444630E-01  9.11116695456043150E+00  2.46396381034926430E+01
  5.88686278844574580E-01  1.06899054277137570E+00  1.31171337741319310E+01
  4.36315933331792570E-01  2.47213877817070300E+01  8.09634143820778900E+00
  5.46155746035104350E-01  1.01382235420655660E+01  9.58691585534310420E+00
  4.11346310528290360E-01  1.61717468126091680E+01  2.69328181534042880E+01
  7.44650008855257360E-01  7.32155271696688640E-01  1.44062566201630240E+01
  4.68162992243922280E-01  2.32676696209469610E+01  4.63713784075873910E+00
  7.11073931023246340E-01  1.43687060447114110E+01  2.44857564349600840E+01
  3.02034441597155470E-01  4.51453531554605550E+00  2.78954518535384110E+01
  5.12509616084684260E-01  7.41753543669002010E+00  7.66241389396604690E-02
  3.40422717275118370E-01  2.19769047361948180E+01  4.08607675940895110E+00
  6.65634982039605120E-01  3.77111556279486800E+00  7.11741219394940840E+00
  3.75295693565172690E-01  5.27274730951139860E+00  2.00963077254590810E+01
  4.75626642073745920E-01  2.37656338876592660E+01  1.55957234614201640E+00
  4.72038094207023740E-01  1.58773926139666810E+01  8.73065064825515340E+00
  4.29902962432020440E-01  5.49978502297968760E+00  1.82245202841334120E+01
  5.68910711623079470E-01  1.61049494937387720E+00  4.41209310376810300E-01
  3.07263188066738420E-01  2.65385957992728690E+01  1.64892288893523400E+01
  6.10911033360540580E-01  2.34431597426101420E+01  5.22913392651475830E-01
  3.43353541919950760E-01  2.29788739347085120E+00  3.50122411152480150E+00
  3.15231116497538320E-01  6.54230443392296300E+00  2.62614335752542920E+00
  3.78068289465320630E-01  5.85594966396807060E+00  2.38790653318720060E+01
  2.54824432159977790E-01  2.93111249745969000E+01  2.25423230818562960E+01
  5.44558358435121190E-01  2.38978847335119440E+01  6.80084272322292090E+00
  3.56000803327192820E-01  7.90841853502241940E+00  1.35999509208939260E+01
  3.13454063710418570E-01  1.60749197356251550E+01  2.25421563253329220E+01
  6.12591031919131530E-01  2.22278397725385690E+01  2.79003249228122030E-01
  6.47236078597052340E-01  8.10792980938265370E+00  2.40821424801828740E+01
  2.65726189967390210E-01  5.03262117389040320E+00  1.77100214427998990E+01
  2.96653470797716330E-01  2.60168096381986870E+01  1.92457089221917030E+01
  3.45648959319623030E-01  1.17956285165329880E+01  1.93009067766078460E+01
  3.13454063710418570E-01  2.14273133311813670E+01  1.81115402315974980E+01
  3.39073066583844400E-01  2.83750483403107340E+01  1.67637440140068570E+01
  2.96256570285591500E-01  1.53992081156702000E+00  1.61940343795408950E+01
  4.19081387041561550E-01  2.14384329628022560E+01  2.93047956138826930E+01
  7.08391389715138510E-01  2.77121094398750640E+01  1.51886986611628330E+01
  7.16035261746952050E-01  3.78860493824415160E-01  9.00628630418194480E+00
  4.43133439323318520E-01  2.44825462914174570E+01  6.94684806451770240E-01
  2.73281005279713530E-01  1.47902806368881560E+01  2.66473954305750770E+01
  3.35017483125717060E-01  1.29423109011477580E+01  7.87219316589128140E+00
  5.09222041678605210E-01  1.75564668405689870E+01  1.85040985316779540E+01
  4.27719079604653450E-01  2.27770717813957330E+01  1.49843233553330610E+01
  5.81299825206354370E-01  2.26544309268604530E+01  1.81647283343040120E+01
  5.46155746035104350E-01  2.05614341521759370E+00  1.73455999943820270E+01
  3.05466220251299840E-01  2.82739834342438990E+01  4.19178123560439800E+00
  3.11838068626578210E-01  8.57072336574532120E+00  7.29874144400906030E-01
  6.27423008989955560E-01  2.66616299250084620E+01  6.39973475020536590E+00
  7.12424816007452400E-01  2.29276716526876850E+01  1.09872848648560220E+01
  4.41140732643827070E-01  1.79108179418805010E+00  2.90430857004985690E+00
  3.80273533482480450E-01  1.80250178406321910E+01  2.91206611393978960E+01
  3.29796701345061780E-01  1.33166261128897960E+01  1.89534982137260290E+01
  4.15252526658189590E-01  1.22690278649083010E+01  2.10169092924827230E+01
  2.59062449636064510E-01  1.58517278342299780E+01  1.65777151070655330E+01
  6.18419083689772810E-01  2.27369042619161380E+01  9.67104335289040760E+00
  5.04213456464067280E-01  3.10505127565613970E+00  1.97745404639908560E+01
  3.48156346672602490E-01  1.38965379126196260E+01  2.09450262598438750E+01
  2.89042915761794110E-01  6.55303775896570520E+00  6.81982227428451000E+00
  3.05466220251299840E-01  1.06021211985636440E+01  8.32355096421528630E-01
  6.49919166153384610E-01  2.85056821351476020E+01  1.05500983522959010E+01
  6.14379095469630790E-01  1.26417739000870740E+01  2.31516371857734310E+01
  7.00411917450214720E-01  1.26469818004766190E+01  8.86364973649763320E+00
  5.69344335137112000E-01  1.13872745682496030E+01  7.64892760087548670E+00
  2.57564851167384970E-01  2.79397767841146060E+01  2.65038825445107560E+01
  4.13050329149462850E-01  1.21132904495691060E+01  9.84072174717490890E+00
  6.18419083689772810E-01  1.74413396153052530E+00  1.08875211088770070E+01
  4.26523982883737140E-01  2.92653036321437200E+01  5.96256815442471750E+00
  3.78209123272245940E-01  1.81857347242424230E+01  2.67156912874225760E+01
  2.63055759251188670E-01  1.28252039113798450E+01  1.86221111807091760E+01
  5.00274833943758600E-01  1.00969811795115250E+01  1.88012276989328980E+01
  6.01687927537542500E-01  1.26111113843773540E+01  1.77795077304510550E+01
  4.86073626967704090E-01  2.93728200477196920E+01  2.17981538304795350E+01
  7.62474117278193650E-01  2.87001930016086000E+01  1.84488311251375090E+01
  4.87886881528419990E-01  9.11351070401158480E+00  1.91144865467290900E+01
  2.99038091422116640E-01  1.56090352620066850E+01  1.70800297499867430E+01
  3.50974061745161330E-01  2.38475866238639180E+01  2.93430816386545670E+01
  6.10572080928614460E-01  4.71924730086891310E+00  1.15329559944928640E+01
  3.01731430220296380E-01  7.99949221268845980E+00  3.29688395152457050E+00
  2.59062449636064510E-01  9.07407125777313620E+00  4.60966331794907090E-01
  6.99477888048091770E-01  2.90227258760717640E+01  2.95496899780947190E+01
  4.41666133880560000E-01  2.89641111588646540E+01  1.72747415849800670E+01
  6.86210935380316480E-01  2.65371609976150000E+01  1.25837653993789350E+01
  5.27425300578987690E-01  3.95109670418819190E+00  1.66783514971015270E+01
  7.54505484792745040E-01  2.41619656814708610E+01  1.34086228352490270E+01
  4.11696508529454960E-01  2.38518126212096390E+01  2.65320287702247200E+01
  6.26517897412854200E-01  2.87654211718016450E+01  2.82493348452294910E+01
  5.72142532162989690E-01  8.63747952508533600E+00  2.70042156245199830E+00
  3.47451934045076260E-01  1.18416765929224500E+01  1.60509203201557400E+01
  2.57564851167384970E-01  2.07438939033101020E+01  1.57661187405125600E+01
  5.33859136323620030E-01  1.71760345231500650E+01  2.94584606914107750E+01
  2.69169509893181310E-01  1.08395476746785400E+01  7.01407487754517870E+00
  4.24351701398837560E-01  2.23659084791068990E+01  4.74430488643697500E+00
  3.11762329988951370E-01  1.48666025259494270E+01  4.97729115878392480E+00
  3.50974061745161330E-01  1.24462377105004180E+01  2.02726847963901090E+01
  2.66929568161810020E-01  1.48791699492954430E+01  1.01207512962921430E+01
  7.20816873845379820E-01  6.94299786897474740E-01  2.11442428434355100E+01
  4.22201084465533680E-01  6.05017965982646720E+00  1.75745960557405140E+01
  3.09209541844886400E-01  1.98363270399177020E+01  1.34554353443151000E+01
  2.62213147743524950E-01  2.59991288842205210E-01  6.00564171149166450E+00
  7.60411681679863700E-01  2.02758365794003090E+01  1.02965734499818550E+01
  6.67521681419926690E-01  2.87369167562571980E+01  6.91958449437464300E+00
  4.37954134865551840E-01  1.26945540931900120E+01  2.74825771292376120E+01
  7.16654247500547470E-01  8.50312735131609010E+00  4.18189648485225350E+00
  7.12424816007452400E-01  2.74725041392728290E+01  7.85326785772706960E-01
  3.61198882346046800E-01  1.56256953646344210E+01  2.74785208504076340E+01
  3.82245446386266610E-01  1.94173578858383490E+01  2.01400144253372060E+01
  3.58737518624021320E-01  2.90804169207633270E+00  2.64220454151922330E+01
  5.81547682683179710E-01  1.38194363727753890E+01  1.41650354188201850E+01
  4.21963532045373490E-01  2.74209006165404150E+01  1.98848576954510390E+01
  3.12648490279368120E-01  2.11918456605018830E+01  1.54154964937508670E+01
  3.25036994184950640E-01  2.19594844416547910E+00  2.85346098883527900E+01
  3.83290088603488770E-01  1.27418693107196360E+01  3.17914673736563990E+00
  2.93443024193560210E-01  1.34359963506519740E+01  7.48446205821667830E+00
  2.66929568161810020E-01  7.63536839673606240E+00  4.64853548691918480E+00
  2.99038091422116640E-01  2.71767747879107730E+01  2.61836517770253500E+01
  6.00040109246873770E-01  1.81163293873825100E+01  2.57399789944267820E+01
  7.14535578675763720E-01  6.45513342051308570E+00  2.90084152013911200E+01
  3.06898385793053400E-01  2.24688249423020900E+00  1.59728972990755850E+01
  3.45648959319623030E-01  2.96170219588700250E+00  3.31763530791562600E+00
  3.87046365911375680E-01  1.00512996986927340E+01  8.14957039370953850E+00
  6.56539952722306990E-01  1.11706169048666320E+01  1.83706004450710160E+01
  5.07436062422724900E-01  5.63540611438747780E+00  2.47363996468576840E+01
  7.39270392714900380E-01  8.67648856907232080E+00  2.03459971367445930E+01
  5.38024295323284910E-01  1.97110282480840590E+01  1.43018978358351970E+01
  7.33199636544987770E-01  2.16605519589373970E+01  5.66211385067330660E+00
  6.31923671661538840E-01  1.92214132033873040E+01  2.51982448392057140E+01
  5.72951670348821020E-01  1.59981891238477140E+01  1.91282462109681720E+01
  6.40456937776772590E-01  7.45402043635389780E+00  1.52981374161192360E+01
  4.77241894706072770E-01  2.65458791148322110E+01  2.43889357493641250E+00
  7.64764367446448820E-01  9.26688034148654440E+00  1.24065849582942640E+01
  7.16535845940979770E-01  1.52979008629820830E+01  1.80463490143175740E+01
  3.10705613459761840E-01  5.59424742047956510E+00  1.94916815660330300E+01
  3.89901968262705180E-01  9.26372923124659490E+00  2.71413915961894890E+01
  7.15011499502423580E-01  4.10075973654932740E+00  4.30423443325120480E+00
  7.60297905848187840E-01  1.51354058312399700E+00  2.23757936043635440E+01
  2.65726189967390210E-01  1.12522202228872480E+01  4.91721054308108490E+00
  4.53492046339069340E-01  1.66897541215827090E+01  8.28842592900335620E+00
  5.18725390566230620E-01  1.71092921042853090E+01  1.12388794813136550E+01
  4.24020504903543660E-01  5.10952073834226890E+00  7.48863072463477850E+00
  5.17634268500846420E-01  1.73641237393222950E+01  1.47741265244371580E+01
  4.54567147313974470E-01  1.70378258037216990E+01  2.96029627056422870E+00
  3.65965634987757580E-01  2.62418165175512320E+01  7.80894685202143450E+00
  2.96256570285591500E-01  8.81634824771970220E+00  2.76608821939258680E+01
  5.50543265074639000E-01  1.96827469672441710E+01  2.28534095962371280E+01
  4.46540105696671490E-01  1.70796421674423440E+01  2.58697147605115560E+01
  6.47236078597052340E-01  1.99561453594166420E+01  2.10160456187838920E+01
  4.82769235883485770E-01  2.74740666127554360E+01  2.78742727963478600E+01
  2.97529618718302210E-01  1.60361896860325570E+01  1.43784100230091450E+01
  4.13811620468168510E-01  1.04416564215474650E+01  1.23061177424118550E+01
  4.87785457169642190E-01  1.45090067583884540E+01  2.95412913136647060E+00
  3.41778742319800830E-01  2.29265024285333400E+01  7.01132344401000030E+00
  4.05793634226126800E-01  1.69884626940536130E+01  1.21565479391761040E+01
  7.14516279726398110E-01  9.69195066496339840E+00  2.94012971748231210E+01
  3.71799304162545760E-01  2.52911396238941570E+01  5.94573558259220290E-01
  5.77820253962530560E-01  7.77946747496966040E+00  2.13088715092735800E+01
  4.75626642073745920E-01  8.74312814199570280E+00  2.17315459980027330E+01
  5.46562010559427060E-01  1.34449880107204170E+01  1.52287770846837100E+01
  3.29506256422424390E-01  7.03994100105083390E+00  7.20123195242720020E+00
  2.62213147743524950E-01  2.84591716757290920E+01  2.37812774068350410E+01
  3.63105686475124490E-01  1.68984966521697720E+01  2.66653786456122650E+01
  7.08391389715138510E-01  1.45642086921668810E+01  2.76018029413948690E+01
  4.26578460793149810E-01  1.97411527812706820E+01  8.18540841742651890E+00
  6.08873319065221350E-01  9.62576570809916450E+00  2.62105537825644210E+01
  5.39466591144820300E-01  2.19877082158836470E+01  2.52811277283022910E+01
  4.66553963192992600E-01  2.45887787462783760E+01  6.06431314721004000E+00
  4.82771447840326400E-01  1.31310025155066640E+01  2.12674079225175240E+01
  5.13004586318856950E-01  1.76115824259063880E+01  2.83292710507086940E+01
  3.17084428049163950E-01  1.48762444526310560E+01  1.23000153958198750E+01
  3.50974061745161330E-01  1.36942129575551090E+01  1.32411335690253490E+01
  3.82382183723224410E-01  1.48814566339851790E+01  2.10067976068360810E+01
  3.77759649416993960E-01  4.32056965579747310E+00  8.90883563903049590E+00
  5.74203886104520670E-01  6.80383228228174190E+00  1.91426317614646780E+01
  4.11346310528290360E-01  7.46425415102572920E-01  2.96716181715292610E+01
  5.06367095649294540E-01  1.26361346800801240E+01  1.94376319971162240E+01
  6.01687927537542500E-01  1.16851985485058840E+01  1.51122336258044570E+01
  2.49794182180603610E-01  7.02525487592800600E+00  1.60779866606951990E+01
  6.11481049571092420E-01  7.46484563887185710E+00  2.54069275177708010E+00
  5.03927515451986880E-01  7.53291896144651400E+00  1.66339492941696680E+01
  6.35485889077753010E-01  5.88316623485420640E+00  1.19768428130491260E+01
  2.99038091422116640E-01  2.76194656140662960E+01  5.12013371409672220E+00
  4.22541054278063120E-01  2.10724340474864280E+01  2.74333303543277690E+01
  3.05466220251299840E-01  5.06495804390154800E+00  4.63820195318773720E+00
  2.62213147743524950E-01  1.57731606666692400E+01  5.71797680770633490E+00
  3.61769499680632390E-01  1.64765950093067740E+01  7.11475996299634340E+00
  2.47647088603063280E-01  1.89469049981328190E+01  1.61416832274078100E-01
  3.11155895623034430E-01  1.66330100198193730E+01  1.63020360937159300E+01
  2.66929568161810020E-01  1.60109035144169810E+01  2.14747584694960450E+01
  6.90395435464654740E-01  1.12812116583995600E+01  9.11632373812479280E+00
  2.96503602823160150E-01  1.19113666242605090E+01  4.74551634315168690E+00
  6.57722721512726150E-01  8.65804940762877880E+00  2.28988639436663350E+01
  7.24777883420223110E-01  2.18277309763651710E+01  1.71541256678648320E+01
  5.48279863025970290E-01  1.93930797692758610E+01  1.73010924115929580E+01
  6.40748513009616880E-01  2.16097727587971210E+01  2.00969064318391590E+01
  2.56092450391898300E-01  2.34883678685174040E+01  1.71962233050495530E+01
  7.17499092254363010E-01  2.06574987932621000E+01  8.86986040572058340E+00
  4.66141488621800890E-01  1.43192099323743210E+01  2.16408394630881490E+01
  6.33759023001558490E-01  1.39918756030570070E+01  1.13862644466933410E+01
  5.48279863025970290E-01  1.65578124653718500E+01  1.81569234809544110E+01
  4.19081387041561550E-01  4.80839804575072090E+00  3.42068818138459110E+00
  5.70902198024309190E-01  2.56407241982026760E+01  2.50479878716065190E+01
  3.17950877609215300E-01  7.47263855828357660E-01  5.69149301236719830E+00
  5.96963967672292380E-01  2.10374294698440490E+01  5.44241412779138580E-01
  6.18832453479690690E-01  2.60928819961964710E+01  2.14455020805786130E+01
  2.63339374245984010E-01  8.46417258733050560E+00  8.50824707327108070E+00
  3.55036581058269410E-01  2.06286983557465220E+01  5.32002959076391950E+00
  5.84913004272127690E-01  2.07398358043474820E+01  1.71220733912866670E+00
  5.77235448209733180E-01  4.99760365647549780E+00  1.40630353624122990E+01
  5.01105313190319460E-01  7.24615009525849900E+00  2.33246839385045880E+01
  3.83598938984435380E-01  3.36575405459358200E+00  2.07674698214773770E+01
  5.98360795606824340E-01  4.50121413544901650E+00  1.95032411058748710E+01
  3.41778742319800830E-01  2.70464151679817310E+01  3.09530063536308920E+00
  3.29796701345061780E-01  9.08602353862212910E+00  7.29388930448137970E+00
  3.84420431658369740E-01  1.38220679515703020E+01  1.94563536343376280E+01
  4.91872428060923640E-01  4.22709822381974920E+00  2.71990044894434300E+00
  2.93443024193560210E-01  1.54282507876939420E+01  2.35234010515004640E+01
  5.81299825206354370E-01  3.32547202669801310E+00  2.83677731147067650E+01
  5.68243553274813350E-01  2.46818699239961180E+01  2.44341937687473170E+01
  5.39001667068871980E-01  1.47920314071886380E+01  1.68975663503772080E+01
  7.01587183784351610E-01  1.83083451372551380E+01  9.33705473608742050E+00
  4.45239477383046460E-01  1.39187640649776210E+01  6.12733848471086960E+00
  5.39001667068871980E-01  1.95744553040401040E+01  1.13895260046241300E+01
  2.86134314477376340E-01  5.50923583160396470E+00  3.49189419087316420E+00
  7.70254277643880240E-01  2.68129684233894350E+01  1.40156552539017020E+01
  3.45648959319623030E-01  1.58581337708616720E+01  1.35460073205924230E+01
  3.39481361119070080E-01  1.48026735082739320E+01  9.51936476598261020E+00
  3.04461637453634990E-01  1.49317776906975190E+01  1.54007085088429520E+01
  5.20369884994360540E-01  1.24020888316581760E+00  1.80315527924454390E+01
  2.65726189967390210E-01  1.42936587271031040E+01  9.06190179288510580E+00
  6.26908127420837150E-01  2.17044574896612230E+01  8.02706819217027600E+00
  3.48480710258510130E-01  9.61375174546454230E+00  1.58083580994794420E+01
  2.96653470797716330E-01  9.38988311006155920E+00  1.34608523720938250E+01
  6.31923671661538840E-01  1.08738192098962350E+01  1.96243327429703990E+01
  4.09705559579089850E-01  2.79180867617951730E+01  2.29223376191908660E+01
  6.72499163702481620E-01  1.08573392769319420E+01  2.65608832359796740E+01
  2.84029264846615530E-01  2.01633017306112340E+01  2.51129294849877670E+01
  5.34631033075580400E-01  1.71677543190236360E+00  9.36770982885538930E+00
  6.17076625982510940E-01  6.59050975814617420E+00  2.12090989590212930E+01
  6.55074006360275090E-01  1.21429610407820210E+01  2.33248719650969210E+00
  5.46562010559427060E-01  2.84484144175818980E+00  4.20155094571432390E+00
  5.17626013175185660E-01  1.77299773502674500E+01  1.04095345191860940E+01
  5.82207618145930890E-01  2.48941022271496310E+01  2.15019268107378210E+01
  5.98268629341587580E-01  1.90948928457222710E+01  2.46268020820152200E+00
  5.34553382826858140E-01  2.55981661395487810E+01  2.79570452149717460E+01
  3.76753951196820710E-01  4.11328892799431410E+00  1.37074858792914820E+01
  7.52518120402026810E-01  2.44685775877104990E+01  4.85182303125860770E+00
  4.81368497469048420E-01  4.01599649495965230E+00  5.99816868596930600E+00
  6.47413426355271770E-01  7.30771761974564880E+00  2.75012890412967580E+01
  3.05466220251299840E-01  3.65602517963888560E+00  5.43259612374100700E-02
  4.46689977500956030E-01  2.92348022907803720E+01  2.26200029565071680E+00
  6.18566685513849460E-01  2.05605384194698040E+01  7.53821543304604450E+00
  5.36592099856838090E-01  8.33167664539424990E+00  2.52437891770510100E+01
  5.09574347305064630E-01  4.59175419323062780E+00  2.06602982099453700E+01
  4.92328788949218680E-01  1.24426687253351350E+01  7.21348967037292250E+00
  4.83351594707823830E-01  1.82068550161968720E+01  1.92529074117416460E+01
  4.40650972415989980E-01  5.54113166264178150E+00  2.31237205262837580E+01
  6.10911033360540580E-01  1.02922395575245250E+01  1.33230474785579250E+01
  4.34172467284937990E-01  2.30692377121964650E+01  2.92408790653163000E+01
  7.03188417218805210E-01  2.52102986753658270E+01  1.44200490518802040E+01
  2.92799561075502800E-01  1.63229576006427590E+01  3.17818314717595700E+00
  5.68243553274813350E-01  2.72950759429987780E+01  1.04175211720046960E+01
  4.60682082706054620E-01  1.39879209486305300E+01  2.86180756593488400E+01
  6.41715074739605920E-01  2.16602338467494990E+01  1.05135010752222300E+01
  4.55206736325743130E-01  2.96420043662545680E+01  1.66883749645404900E+01
  4.22201084465533680E-01  2.61098443632426050E+01  5.50707784950275240E+00
  3.63079661055833470E-01  2.71711317887589450E+01  4.63367519946873680E+00
  2.63055759251188670E-01  1.65231811237272520E+01  1.46716429236741850E+01
  5.32877675645020420E-01  1.45733914527915460E+01  4.18586335367989810E+00
  5.77235448209733180E-01  5.65537222766944400E+00  1.22397906894201870E+00
  4.09775903561979240E-01  2.93254502966372320E+01  1.32763962542663200E+01
  6.93187364831086050E-01  2.51736627472113130E+01  1.75483270121612980E+01
  4.30054269381220950E-01  3.31038751651842930E+00  2.62555823591001400E+00
  5.07436062422724900E-01  9.60240781124807800E-01  1.00813951637023200E+01
  2.49948351789403130E-01  2.11908180527750640E+01  1.93109882680411250E+01
  3.16022212934137680E-01  9.16809113109300000E+00  2.54070784667161260E+01
  4.72818350263822220E-01  8.28391786455795650E+00  7.27567972079588540E+00
  4.46689977500956030E-01  1.69267483418316080E+01  6.44429581841589540E+00
  4.74581552528920360E-01  4.62004748052509750E+00  2.51633516146675230E+01
  4.86590143357422540E-01  2.17614848142198310E+00  2.01169812686621970E+01
  2.73281005279713530E-01  2.78715951497292980E+01  4.60718264961299970E+00
  5.20515140446715560E-01  1.57308030129063300E+01  1.51999670619125930E+01
  4.13811620468168510E-01  2.71889976230793240E+01  1.61805377279820950E+01
  3.81419328643079860E-01  6.33361085212268370E+00  2.52854562837354280E+01
  4.05593309893122810E-01  2.58533176321193920E+01  1.72455292447814480E+00
  5.85380732291966590E-01  8.06600147522075340E+00  5.40801171374641850E+00
  4.06599624824484800E-01  2.16489753133135100E+01  2.61642777613997130E+01
  6.40456937776772590E-01  6.75604249725925050E+00  2.43552265132420370E+01
  4.75626642073745920E-01  2.65061316291525810E+01  2.65706036959855750E+01
  5.09222041678605210E-01  1.79900561964429850E+01  2.77367518615172640E+00
  5.77820253962530560E-01  1.25700718160742910E+01  4.12399252299477400E+00
  3.80273533482480450E-01  2.32389368665039310E+01  2.23302556469940240E+00
  5.01406606281285510E-01  2.83112875615581960E+01  1.96491319836930070E+01
  3.59079136884617700E-01  2.25239138925318270E+01  2.26930741498077740E+01
  5.94092381958372510E-01  3.85036503859923760E-01  2.45554072508604190E+01
  2.54611020839302520E-01  3.97572919182934080E+00  5.26442054035135330E+00
  4.99223721401470310E-01  2.64876260383156390E+01  1.86050139619372920E+01
  2.54611020839302520E-01  4.62022672575577340E+00  2.90216199776033220E+01
  3.20574425314766210E-01  2.43898450718406280E+00  7.67528531246827410E-01
  2.85767805251094040E-01  2.64366646989073180E+01  8.27184582784831510E-01
  2.54611020839302520E-01  1.04656599011429490E+01  2.90537735476405600E-01
  4.12246671516209600E-01  1.66471943946076840E+01  1.53652993748529470E+01
  4.41298336829792340E-01  3.67936765889172750E+00  1.16863125070944540E+01
  7.09985914168247060E-01  8.66340862614636900E+00  1.08337882707530790E+01
  6.80956647410425740E-01  1.64291769264058130E+00  2.47696263644175580E+01
  4.75338540515479570E-01  2.17374812348615090E+01  1.35501447775491220E+00
  7.49588614928249000E-01  4.67370137281892010E+00  3.31661480591299850E-01
  4.74033319401206570E-01  2.39439848523923010E+01  1.62490494212774620E+01
  5.20515140446715560E-01  1.37338312985667570E+01  1.68633576654934600E+01
  5.48131117613959250E-01  1.42743015103425890E+01  1.59422099460888200E+01
  3.46733456860136300E-01  2.75268060294781770E+00  1.26100694807981610E+01
  6.97384645011991290E-01  2.27771974418583590E+01  1.38443621052130230E+01
  3.78209123272245940E-01  1.63531846473706110E+01  2.54796231975523210E+01
  3.82382183723224410E-01  1.44087017675043560E+01  1.34025065781395850E+01
  4.46537248270915300E-01  2.35462439362552310E+00  1.82907644421839210E+01
  6.08690451339190200E-01  1.45828177701461640E+01  1.09832066361822300E+00
  2.59062449636064510E-01  1.31859459912146060E+01  2.67476007650104680E+01
  4.43756654693070110E-01  2.32345193260585890E+01  1.96452934696815230E+01
  3.18942867500738640E-01  2.55453413618808800E+01  3.63702414303972570E+00
  7.16535845940979770E-01  3.88648765497490560E+00  1.05004912088414580E+01
  4.62836237406567810E-01  2.91600921421559040E+01  2.72349579848068860E+01
  6.97384645011991290E-01  5.38937294805219040E+00  2.46917125313648670E+00
  2.47647088603063280E-01  1.11424967376888230E+01  1.22057551828075930E+01
  4.05793634226126800E-01  1.20003779471712730E+01  2.48304955680146940E+01
  5.37364664263313330E-01  2.04220066187341590E+01  1.64918158337548560E+01
  5.72881440675418570E-01  1.23500394215580900E+01  2.20011121400643250E+01
  5.04213456464067280E-01  2.55403594378413390E+01  6.25392198324726320E+00
  3.86557871019070410E-01  5.07126969955957300E+00  9.38918399009596530E+00
  5.62178328188990490E-01  2.00249373836562510E+01  2.70605645654678640E+01
  6.41715074739605920E-01  1.20032203303685080E+01  1.18355105125344600E+01
  4.54567147313974470E-01  6.17717469406463330E+00  6.17283935175789540E+00
  3.97011970696729720E-01  1.19215390030942390E+01  1.41266916755106650E+01
  3.99477862283745790E-01  2.53935369934188730E+01  8.59230238185577380E+00
  5.15931587153482510E-01  1.64228095913608100E+01  1.71015803444977020E+01
  5.98026541173087530E-01  7.72402479197035860E+00  2.86749912210539540E+01
  5.94917806945655060E-01  1.54259709969021280E+01  2.94553175457988350E+01
  3.86557871019070410E-01  1.89880788890041040E+01  8.48912516014630110E+00
  5.52347772924787250E-01  1.80847123596737660E+01  3.58638192478728970E-01
  4.05793634226126800E-01  1.78851673311460040E+01  1.25361165604309710E+01
  4.66753989857397040E-01  1.34785970205548720E-01  1.56755730335730230E+00
  6.77666041374141330E-01  2.41757239272896070E+01  1.15977493878778000E+01
  3.23306573977224420E-01  2.28275652196165610E+00  2.09197202413224910E+01
  6.88340418185590860E-01  4.71493239063595840E+00  1.28300358648988110E+01
  4.11696508529454960E-01  1.03718807640838120E+01  2.85044905405009070E+01
  4.03052389307286420E-01  3.96918454578255010E+00  2.91119112280378330E+01
  2.97529618718302210E-01  2.24499818921693830E+01  1.91352720616423470E+01
  3.13090147150790890E-01  3.43307451611522560E+00  5.42924227455498710E+00
  5.01435669612667030E-01  2.65335729923197760E+01  2.32551014023463020E+01
  5.26482748420329030E-01  2.45862672787058790E+01  1.94128371967533440E+01
  6.75156127532392600E-01  1.92843895653395270E+00  2.60952970837238350E+01
  7.20816873845379820E-01  1.83203420088687030E+01  1.14978144754264590E+01
  5.30006102735105960E-01  1.37165879871689230E+01  8.25775600348426230E+00
  3.43353541919950760E-01  8.68281416799029770E-01  6.34278550042852010E+00
  5.32877675645020420E-01  2.90559417665979080E+01  2.50445972799163780E+01
  6.44956217916396120E-01  2.35075696254623950E+01  2.75298197976924330E+01
  3.55036581058269410E-01  2.01817315333520140E+01  9.58130314129431680E-01
  4.30054269381220950E-01  1.65901189707808430E+01  9.28326757739627160E+00
  4.93734512940847830E-01  1.24251743637451870E+01  3.04550592487551340E-02
  3.42409596243210680E-01  1.23129728997380750E+01  5.67085334739546190E+00
  5.58952633370732950E-01  1.44064923171564930E+01  2.01952002845790620E+01
  4.49954956992444630E-01  2.73555593255143460E+01  9.40146511859572340E+00
  4.11346310528290360E-01  2.77522584292951820E+01  2.83224850210946230E+00
  4.72818350263822220E-01  3.94394922329390030E+00  2.13985052041768850E+01
  5.00672486592370710E-01  1.62022850066347070E+01  1.17012812070028090E+01
  4.15334611176110170E-01  2.69744716784293250E+01  3.88149132213041880E+00
  7.70254277643880240E-01  1.95052862610444540E+01  5.28303730404043750E+00
  5.32262962461145860E-01  1.78641841014066290E+01  8.12410648244506110E+00
  4.01880163826280960E-01  1.43606710484258640E+01  1.49861277984761680E+01
  7.41720708060832300E-01  6.34063793782176970E+00  8.89071256929519650E+00
  3.01674668393272730E-01  1.33823932699369050E+01  2.47129621120817370E+01
  2.66929568161810020E-01  1.32813576817820070E+01  2.41537835138842990E+01
  4.15334611176110170E-01  1.29435324001892040E+01  1.13535072420121140E+01
  5.20369884994360540E-01  1.72906173722539670E+00  6.91469307109892830E+00
  2.84672167568555990E-01  1.22317409470511010E+01  7.96195144973254630E+00
  5.18912146576496980E-01  1.75075695871920160E+01  2.73028231525599980E+01
  3.90540239164096370E-01  1.99433494963171290E+01  2.44757805458013780E+01
  3.63079661055833470E-01  2.00508054592310710E+01  2.36286219038094100E+00
  4.73113776075054650E-01  1.41255004788464960E+01  5.23313692467495620E+00
  5.55687039951364880E-01  2.29677885500884070E+01  1.65733442677181590E+01
  6.97384645011991290E-01  2.36408148593551350E+01  8.43803349481903280E+00
  3.54092873053847420E-01  1.46521252230918490E+01  2.23900511119339390E+01
  7.37991961479508610E-01  1.22561038667845920E+01  2.63920966534253410E+01
  5.10790949981952740E-01  1.14642943480336080E+01  2.26244678294857310E+01
  7.03918080384424090E-01  2.53702198364899440E+01  2.92142547568584230E+01
  2.69326463995374250E-01  5.04848207800357860E+00  2.42286328421377600E+01
  5.39922025342825940E-01  1.13577813333753210E+01  4.11847257674548220E+00
  5.39922025342825940E-01  5.15067370692435310E+00  1.51695071365166320E+01
  3.52682444144397330E-01  1.95975967969255510E+01  7.41551265176352100E+00
  3.17084428049163950E-01  1.53026927007611930E+01  6.78230537956528320E+00
  3.92511582998476170E-01  2.29774938177969690E+01  2.84203636283077930E+01
  2.92799561075502800E-01  9.02990117905738110E+00  2.39017252244046570E+01
  3.63105686475124490E-01  2.64734632726533090E+01  9.98039933246960940E+00
  3.25036994184950640E-01  6.61736570466956310E-01  1.08570364825735160E+01
  5.70902198024309190E-01  5.86140767301154940E+00  4.27287355771087630E+00
  6.18138908065390960E-01  7.06443802033640370E+00  1.40856529845590010E+01
  3.10705613459761840E-01  1.75428382658367960E+01  2.64686244283521930E+01
  6.99092076263204730E-01  1.22776243286821240E+01  2.85399085991081270E+01
  4.40295189098215370E-01  2.02709244123040480E+01  2.20564075297472930E+01
  6.52034765531911640E-01  2.86791858377153660E+01  5.05831384262743100E+00
  5.12628979659419230E-01  4.56033749117191970E+00  1.58832868520678280E+00
  2.68569610726517900E-01  1.53174792586315970E+01  6.19338052733489080E-01
  4.41473589537221400E-01  2.79894772338343150E+01  2.05362656400861350E+01
  7.41623060643924430E-01  2.99693768745909760E+00  1.36690649582762550E+01
  2.49794182180603610E-01  1.07062206455728270E+01  8.13709275862513870E+00
  3.44856808658559500E-01  1.92678247753775090E+00  1.34843348713887840E+01
  6.83701617051292750E-01  3.41257550918146760E+00  1.01243061862199310E+00
  7.19599311285852310E-01  1.78154533809274370E+01  2.15303101760375990E+01
  6.67521681419926690E-01  1.50872652246659250E+01  1.42027027364499910E+01
  5.40946473112310590E-01  1.61048303259120010E+01  8.06656455195668440E-01
  3.83579206291793930E-01  2.77496989868033380E+01  1.12529709475732160E+01
  5.04339573614743570E-01  1.46783289273683820E+01  2.56605332898717260E+01
  6.35523375007872900E-01  1.98945529611114220E+01  1.13648379378261670E-02
  3.44905765886116280E-01  1.16319636107207370E+01  2.14300965708345860E+01
  2.65726189967390210E-01  2.90061142053787260E-01  1.34771025507204350E+01
  4.87785457169642190E-01  2.34856471670154970E+01  3.06401195997409200E+00
  3.71299762957800540E-01  1.77459068151637530E+01  5.13998761686104190E+00
  4.13811620468168510E-01  1.32937112268621540E+01  2.80876291683000580E+01
  5.69423614487483490E-01  1.92562745707137070E+01  1.91696151084494350E+01
  5.83429036676414100E-01  1.68414555488756420E-01  1.77703731276995960E+01
  5.30006102735105960E-01  6.00358603060807550E+00  1.45223988142175640E+01
  5.16710955738981780E-01  2.49244216625441730E+01  7.06761549381212980E+00
  2.65726189967390210E-01  1.17347631368239220E+01  3.44828858908929450E-01
  3.18942867500738640E-01  1.41546736169173520E+01  9.62977160060934880E+00
  3.23881608201221470E-01  2.80779753669893280E+01  9.67643427089148390E+00
  3.54092873053847420E-01  9.74502398357287800E+00  7.47517699614135010E+00
  5.12509616084684260E-01  3.90004755598863810E+00  2.58382124532444950E+01
  4.99223721401470310E-01  1.49320813808236750E+01  1.92416168779269120E+01
  2.56092450391898300E-01  2.75389554667620830E+00  2.05828784333737750E+01
  5.45765227979075810E-01  7.19614666610719220E+00  1.29295035816536380E+01
  6.94010183176834960E-01  1.33117877368074020E+01  8.19687953559383150E-01
  3.57201130995523370E-01  2.86678477145496910E+01  2.22602501094767650E+01
  5.25895496843049500E-01  2.96279451272096570E+01  1.02030376172939600E+01
  5.10790949981952740E-01  6.62452638031980800E+00  7.22976228990975760E-01
  4.89717368181109780E-01  9.57824141186752340E+00  2.22135948542669010E+01
  4.82769235883485770E-01  2.22295030745597660E+01  2.88738925403159070E+01
  6.93278360304079300E-01  1.15798432077285030E+01  6.40111910555122150E+00
  3.35017483125717060E-01  2.69186607640434910E+01  1.93188941868400050E+01
  3.26514001167033020E-01  1.86437301250438880E+01  2.21689561327723900E+01
  4.75880684447443510E-01  3.57470005999118450E+00  1.25973868439415960E+01
  4.22354771203238230E-01  2.08476384971052230E+01  1.87328914410069840E+01
  4.11966131227655820E-01  1.71227227429041310E+01  7.53973308581429260E+00
  7.30946391186454210E-01  1.00293076877828360E+01  6.42837940948389890E+00
  4.22201084465533680E-01  1.26927966361469360E+01  6.33394391848388060E+00
  5.15931587153482510E-01  1.53089078983039040E+01  2.18204735062713520E+01
  5.52347772924787250E-01  1.89680986146938470E+01  1.04026013287117780E+01
  2.49794182180603610E-01  2.43849438767682190E+01  2.90751596848323820E+01
  4.50103975287380020E-01  2.83405031430752640E+01  2.20357867880926460E+00
  3.61769499680632390E-01  1.61397316657558430E+01  2.47717016801210300E+01
  2.77147605524350650E-01  2.75436022708269160E+01  3.48765347155121310E+00
  7.64764367446448820E-01  3.79534767329191650E+00  2.71090391755631860E+01
  5.71326189973923350E-01  1.39662816077090180E+01  2.64666437947594200E+01
  4.07877171249442140E-01  2.25668771614882360E+01  6.35404932558520930E+00
  4.46540105696671490E-01  4.40798687826953820E+00  1.58185505688562600E+01
  5.07606992315717240E-01  1.50535157998337430E-01  1.25198136850535470E+01
  3.01731430220296380E-01  1.03542607299814460E+01  8.76717862036585420E+00
  4.32382463464541460E-01  3.51024748365453430E+00  1.58269253571132930E+01
  3.25762576013666160E-01  3.00382139010884060E+00  1.93510363562421000E+00
  6.24920360555607160E-01  1.90760208291987110E+01  2.39502044760333170E+01
  7.38532964590205680E-01  1.86976912199444740E+01  2.77080066010370520E+01
  3.92511582998476170E-01  9.46947436565082330E-01  1.15145674058730170E+01
  2.97561439636419770E-01  1.32216364056196540E+01  2.60170828985454890E+01
  3.46434506905438330E-01  3.65719042632350000E+00  3.33772119249560490E+00
  5.89502618647478990E-01  2.45122089305330170E+01  2.82467651886584330E+01
  3.32399546609116130E-01  2.61186214411581440E+01  8.49576633151882280E+00
  5.77649046292645880E-01  2.37348140135370760E+01  2.15042648716480080E+01
  4.31729360191427780E-01  1.52715174905258720E+01  1.60536786751885070E+01
  3.17950877609215300E-01  4.32649612377906400E+00  2.84859813648298680E+01
  4.75880684447443510E-01  1.50724938386825240E+00  5.46380946324716280E+00
  3.91816801400439550E-01  6.68316355347707350E+00  1.13062455544614230E+01
  2.50163292655703180E-01  4.83574330607434000E+00  1.06811828339504840E+01
  3.42074681651230290E-01  2.04402086385413920E+01  2.78623377326447220E+01
  3.50974061745161330E-01  2.58452553457792750E+01  2.70660143107562800E+01
  6.18566685513849460E-01  1.78704445002215660E+01  2.36458275667869740E+01
  3.24719866931951940E-01  2.65100788377217780E+01  1.08430229864884760E+01
  3.57201130995523370E-01  2.04843501626912640E+01  1.32987440830752880E+01
  3.13090147150790890E-01  1.29101562805216310E+01  1.74276945493881150E+00
  2.58355477869490890E-01  2.51460865818340410E+01  5.60165575265085460E+00
  4.83351594707823830E-01  1.95320098950450460E+01  9.28868718803539470E+00
  5.48463672908306780E-01  2.22051262872913780E+01  1.57751664316197540E+01
  4.24351701398837560E-01  2.69478215674697590E+01  5.38823810425305980E+00
  6.80557430527969220E-01  3.31190635464182260E-01  1.90233975483184890E+01
  3.73125396709624990E-01  1.63421839717432780E+01  2.51272493197796630E+00
  6.77808113742920780E-01  2.27928710940737600E+01  2.06761048593200170E+01
  7.67512613708393760E-01  1.64884632861376620E+01  2.35407552693060640E+01
  4.76544583128828500E-01  4.70348396593819200E+00  5.33155409564204860E+00
  6.97738347479756800E-01  1.43947460443388520E+01  7.23448888477141950E+00
  4.49545157175862540E-01  1.53517841519925340E+01  2.27847935972869320E+01
  6.25336422111717830E-01  8.00164144370671160E+00  1.91618626562106020E+01
  4.99487474973056500E-01  2.88082149547439780E+01  2.31048766970212680E+01
  6.67521681419926690E-01  5.22605970700153400E+00  2.71493338700812640E+01
  3.44170209092795430E-01  4.86358026958260140E+00  1.00885275297094420E+01
  4.01880163826280960E-01  5.85290425964372840E+00  7.84792991015889640E+00
  5.95035019805102560E-01  9.72189513582829260E+00  1.01743709634596110E+00
  5.20348764567513020E-01  1.63140151608137420E+01  1.28102070049609670E+01
  7.44845164893703690E-01  1.93760239542936400E+01  3.77488243608455900E+00
  6.94010688862415210E-01  6.01397872977849080E+00  1.32994742039701560E+01
  4.00156705760987560E-01  5.71040038924716240E+00  9.84694031137468960E+00
  6.57722721512726150E-01  2.52001876470229360E+01  1.24521044315620260E+01
  3.61198882346046800E-01  1.72923161798071980E+01  9.64746160896340930E+00
  6.07167866036927160E-01  1.54815926196484650E+01  3.49743183284279760E+00
  5.81677556670477180E-01  2.66253823243296000E+01  2.44507783850305280E+01
  3.17579752081870750E-01  7.52429958153109980E-01  2.89412841317657620E+01
  2.69169509893181310E-01  1.53105614180049480E+01  2.49606309468527600E+01
  5.36592099856838090E-01  1.51569788622836100E+01  1.14938122453039870E+01
  3.01799748246536660E-01  3.08775241039829760E+00  2.57868817362000580E+01
  4.05794678723965420E-01  2.58915711565051830E+01  7.09428736753694440E+00
  3.65995101567518470E-01  2.09686578365430840E+01  4.68458627641025500E+00
  3.39481361119070080E-01  8.21906186783931330E+00  2.78774230037715220E+01
  6.97384645011991290E-01  2.69102885292077550E+00  2.94752940950278730E+01
  6.82253548551889110E-01  9.82277654462666660E+00  2.29040017042710930E+00
  5.67035311113654220E-01  1.41186652487104530E+01  1.85524936391256010E+01
  6.47236078597052340E-01  6.22381932624672630E+00  1.56768357881166520E+01
  5.92513140571182980E-01  1.42531283556309330E+01  2.96363083310672910E+01
  4.71553509741754610E-01  1.51944007685420140E+01  1.30694316986357980E+01
  6.55885333720611730E-01  2.65185389989647890E+01  1.74511177612971230E+01
  2.83840017940612550E-01  1.32944630504577290E+01  1.83415993033550820E+01
  5.65219172841477580E-01  2.18427174580909310E+01  2.33168652855751760E+01
  3.48480710258510130E-01  4.22872168215407560E-01  2.21782308426775070E+01
  6.26908127420837150E-01  1.37953949379261540E+01  2.05818108218512830E+00
  2.62213147743524950E-01  2.54919551369011440E+01  5.21348816071553590E+00
  5.08737612195334600E-01  6.19585507429645240E+00  2.78135376869045740E+01
  4.59281804788439010E-01  1.03197994788486560E+01  4.72938760982638850E+00
  2.86550378078914000E-01  2.80756270426133630E+01  7.80288246477692660E+00
  2.99038091422116640E-01  2.19156976683424000E+01  2.24231453554776860E+01
  3.62493203924014780E-01  2.83960239408678060E+01  2.44026565542287490E+01
  5.64616421781660800E-01  2.56923726368971920E+00  5.27641924125580000E+00
  3.87533216804236250E-01  1.06197906689616860E+01  1.71458306069102410E+01
  3.90540239164096370E-01  1.35050991337943030E+01  2.73122033936295910E+01
  5.44640939783434240E-01  2.27518696256891030E+01  1.44781369898182960E+00
  3.84420431658369740E-01  1.62541923398490270E+01  2.89292422670443550E+01
  4.53492046339069340E-01  1.86837108851102510E+01  2.29473777008221060E+01
  6.38023782753992030E-01  1.79263032760073000E+01  6.86488269183394100E+00
  5.00672486592370710E-01  2.65480328749231230E+01  2.75456708767443000E+01
  6.08873319065221350E-01  9.38868611618843470E+00  5.25220668171377540E+00
  3.18942867500738640E-01  8.78525891552436100E+00  5.95545168438008420E+00
  2.65726189967390210E-01  2.30054430673744790E+01  1.73938789604889160E+01
  7.10410487391814980E-01  2.27378871978885330E+01  2.64078689745602940E+01
  4.66797018098134940E-01  6.31805204373511310E+00  2.68459281143463360E+01
  3.89889811574280460E-01  1.02309407320784780E+01  1.43218204158206780E+01
  2.92456502136063850E-01  2.12910509773702610E+01  9.65585783745301280E+00
  3.63079661055833470E-01  1.07546064817881280E+01  1.48622277703783880E+01
  4.13811620468168510E-01  2.84609830820252010E+01  1.16122334751842330E+01
  2.60417758313763680E-01  1.18378974312431460E+01  8.34556017970232670E+00
  4.41940562555082740E-01  1.24870085007673070E+00  2.01238637461159160E+01
  3.08418768867630710E-01  2.24883999340694740E+01  1.97389995762729380E+01
  3.04461637453634990E-01  2.33791190048070130E+01  7.47187400563196040E+00
  4.75626642073745920E-01  2.07835611137523840E+01  2.77087249676532950E+00
  4.19693779402500590E-01  1.55026986629937560E+01  1.55481768689034470E+00
  3.26514001167033020E-01  1.24701153130992690E+01  5.02169762468745340E+00
  3.55388479881239270E-01  7.39617710573940460E+00  9.18885834275868520E+00
  5.33859136323620030E-01  8.84015427031141780E+00  2.84903577797078280E+01
  3.39481361119070080E-01  1.83335233953893210E+01  1.65786502252383380E+01
  2.51153087880769550E-01  5.05293307022953990E+00  4.07390237207310420E+00
  4.21603844523193420E-01  2.44958456558796560E+01  1.84322288337346190E+01
  5.20348764567513020E-01  4.91732784947724170E+00  2.16367992287994400E+01
  6.86210935380316480E-01  2.63516354617044720E+01  2.01681673886145210E+01
  4.41140732643827070E-01  2.94139125576394670E+01  1.50258880399458460E+01
  6.26908127420837150E-01  2.18407918236233310E+01  1.17690343937512300E+01
  5.11871480770454750E-01  9.15304840026890250E+00  8.13227741038439510E+00
  4.70990686464341570E-01  2.82285593271911780E+01  2.72921380802566670E+01
  5.20369884994360540E-01  2.25201634079394250E+01  2.77478441208608870E+00
  3.04306421741581800E-01  9.60331856734852170E+00  2.40680705895058300E+01
  5.88333222664750720E-01  2.65046697079655850E+00  1.16822362008043670E+01
  6.64541222436485860E-01  1.75452063395031600E+01  1.59571941031185960E+01
  4.24351701398837560E-01  4.67643061149694630E+00  1.84511289079180190E+01
  5.55920758830291820E-01  6.20835735210512850E+00  2.01014092452825220E+01
  2.89042915761794110E-01  1.24145744872498510E+01  1.26694361721949350E+01
  2.47647088603063280E-01  1.43208467513957720E+01  1.22030785387095070E+01
  5.88686278844574580E-01  2.37484198426886690E+01  1.46861830960121280E+01
  3.53063097104977870E-01  4.44008735450924960E+00  7.88276097103596030E+00
  4.50600139601478670E-01  1.55077773494451210E+01  2.42626544794887420E+01
  6.65634982039605120E-01  6.44077487127280610E+00  2.24818734469651070E+01
  4.69750256464274060E-01  1.10567344527930230E+01  1.40864774749316320E+01
  6.13801455222646290E-01  1.99280349378243640E+01  1.24862343557743750E+01
  5.14582826754803690E-01  1.94016814496157650E+01  1.62390772991866830E+01
  3.81419328643079860E-01  2.09023164982374960E+00  6.09032418364383330E+00
  7.28196096543639280E-01  1.07284544185941540E+01  1.60354682630556940E+01
  7.33199636544987770E-01  1.91095797839469630E+01  1.13204901176416820E+00
  2.86550378078914000E-01  1.85717376586423020E+01  1.71572345974401020E+01
  2.52169786807371790E-01  2.05866005306488590E+01  2.89583814482220840E+01
  5.01406606281285510E-01  1.87710167452340710E+01  7.62881139893465750E+00
  4.18948713530687210E-01  1.99620441077987550E+00  1.27239855454044210E+01
  3.62620749938717070E-01  4.47834893812225590E-01  2.00595145960599800E+01
  3.15231116497538320E-01  1.56397681896378770E+01  2.54438060002234390E+01
  2.83840017940612550E-01  2.00628103030775480E+01  3.00949377844166710E+00
  4.72199721516180480E-01  1.12070177168595730E+01  2.07322753382050640E+01
  4.41666133880560000E-01  9.12638218142660310E+00  1.51865822909703370E+01
  3.39073066583844400E-01  6.57373842133310230E+00  7.67976889927622430E+00
  2.54831192030272870E-01  2.72753988121927050E+01  2.31094718995856740E+01
  6.65634982039605120E-01  8.48341340385707810E-01  2.68926517414947810E+01
  2.69326463995374250E-01  1.52257753959508260E+01  9.08264636440166840E+00
  3.08418768867630710E-01  5.43125358762412880E-01  4.46495179348467630E+00
  5.63324676144028570E-01  2.56511089108002390E+01  2.38505137632332840E+01
  2.49794182180603610E-01  9.43345358538253190E+00  1.14062796993038380E+01
  6.44956217916396120E-01  1.10183498865277510E+01  2.98311169311062230E+00
  4.26043897269923290E-01  2.33756221049922490E+00  1.46309696196654910E+01
  7.44533748089133770E-01  1.66287724043175160E+01  2.06743452447055560E+01
  2.47647088603063280E-01  1.69534573123464760E+01  2.87102809182464360E+01
  3.47451934045076260E-01  2.36749138288762640E+01  2.86666030227564120E+01
  4.83182858574677270E-01  1.73572001558169120E+01  2.26421787654140660E+01
  5.38382388131525950E-01  1.47719903196667510E+01  8.41559758322950200E+00
  6.08690451339190200E-01  1.57013882836121010E+01  9.81984008477618890E+00
  3.93024383017402490E-01  1.72129070505422990E+01  1.29663521549125220E+01
  2.54611020839302520E-01  1.88137993375717660E+01  1.45143594353592410E+01
  6.82253548551889110E-01  7.19983462302549790E+00  1.77716328237310110E+01
  7.67665169660178040E-01  1.32354829186926540E+01  1.02074925088295530E+01
  3.95839252948554370E-01  2.33558767810782620E+01  1.55957197300640050E+01
  5.15379284759350490E-01  2.16137740274418280E+01  3.31164304729391870E+00
  5.09222041678605210E-01  1.71531152537550290E+01  8.67327165316627100E-01
  4.72038094207023740E-01  2.91462938228044730E+01  2.40379181079028900E+01
  6.64541222436485860E-01  2.55610735364692910E+01  2.26120846352671520E+01
  4.84167632717154460E-01  2.48884928280517920E+01  1.64074527893163020E+01
  5.39922025342825940E-01  2.59361436484127490E+01  1.15081193099181040E+01
  3.77759649416993960E-01  1.55699581786632560E+01  1.23089314157043150E+01
  5.06367095649294540E-01  2.06492141948694790E+01  1.48020478184847450E+01
  3.05466220251299840E-01  8.38279266855156640E+00  1.51209691189900250E+01
  7.55604472483241980E-01  2.32598735985749520E+01  2.50391059166720570E+01
  7.68548325332126940E-01  5.24554362096939370E+00  1.66983672222227110E+01
  3.09209541844886400E-01  2.55204456687548320E+01  1.95931900584720890E+01
  4.71553509741754610E-01  3.75689215709089200E+00  2.37871526589624090E+01
  3.65995101567518470E-01  2.05971746461316490E+01  2.27932355287125430E+01
  6.26517897412854200E-01  2.04607224622213980E+01  6.29914644308284450E+00
  3.55388479881239270E-01  1.87157969995409380E+01  1.99186873255728900E+01
  3.90423892796942250E-01  2.74344340540459020E+01  1.69458743246563800E+01
  4.92172780862642510E-01  9.68851122319974150E+00  2.79138463687874960E+01
  6.66683478841499700E-01  2.05437497627267760E+01  1.76884482327725400E+01
  6.94903868090152520E-01  2.86713866017821250E+01  1.41662756473208640E+01
  7.65642972591057180E-01  1.76653672811072480E+01  4.00592595401025960E+00
  3.52682444144397330E-01  4.43999555282569960E+00  2.43563476333507080E+01
  5.39466591144820300E-01  9.32188703040119470E+00  1.81088127841480960E+01
  4.26043897269923290E-01  3.58036696610384860E+00  9.39719065433425980E+00
  2.53364602799301860E-01  1.84629506162565990E+01  3.37179443604284890E+00
  3.83290088603488770E-01  2.28924499885108810E-01  7.91815845461209290E+00
  5.55920758830291820E-01  7.25763165048516880E+00  2.54410354384980300E+01
  4.13050329149462850E-01  8.78040174061292510E+00  1.38364685032585850E+01
  5.20369884994360540E-01  2.75651178700743850E+01  7.10712749923751370E+00
  6.99477888048091770E-01  2.21631722956553890E+01  2.76939333208052110E+01
  3.59079136884617700E-01  3.85185304006786780E+00  2.02063775701963170E+01
  3.01799748246536660E-01  2.41793183252702240E+01  7.59730230032355980E+00
  5.28731261397185740E-01  2.74333351811497610E+01  1.82028949971695190E+01
  6.80338287111455390E-01  1.03634442087031430E+01  2.30792365865459490E+01
  4.74033319401206570E-01  1.08181021444767200E+01  5.51761236320417400E+00
  3.53302408788900560E-01  1.00053773393269050E+01  2.71301430005801050E+01
  4.03052389307286420E-01  2.10402128979362000E+01  2.56315660128787390E+01
  3.33973424357718240E-01  1.63320260440087350E+01  2.96547705949063670E+01
  4.68162992243922280E-01  2.73968413681335830E+01  2.02809663067068910E+00
  4.72192289519205580E-01  1.91005636714150990E+01  1.31883014275347710E+01
  6.73658304681401180E-01  2.54878118419140980E+01  9.66097333085790840E+00
  4.61178090502161720E-01  5.63577518802007480E+00  5.42613575308822240E+00
  4.18189647978318300E-01  2.13087895257992660E+01  1.61364822022341490E+01
  5.15379284759350490E-01  9.58499384706700400E+00  2.12089878311750370E+01
  5.34553382826858140E-01  2.66160228027649810E+01  2.55669683140158530E+01
  3.70336582810533970E-01  2.81932074422326800E+01  3.51336561193884480E+00
  6.42747544188997020E-01  1.80532957113883190E+01  1.35706996009750260E+01
  4.50600139601478670E-01  1.25625482920436330E+01  1.56917797469291980E+01
  3.55036581058269410E-01  2.58694963903937880E+01  1.06159022362815920E+01
  3.54092873053847420E-01  1.82071598606573380E+01  1.45550094934969860E+01
  5.13614394364816020E-01  2.24732058151280260E+01  2.18228179138052100E+01
  3.65995101567518470E-01  2.36559259280367410E+01  3.90004049051009800E+00
  5.25383403930900440E-01  1.54986806146693720E+01  2.62814760328110600E+01
  3.83598938984435380E-01  5.03929598591241760E-02  6.61623344145053770E+00
  4.86073626967704090E-01  8.37815356610572690E+00  1.71479836093827270E+01
  5.96963967672292380E-01  1.49438353426484220E+01  5.94199592560162500E+00
  4.66553963192992600E-01  5.55666626317955980E+00  2.08877398617549770E+01
  4.15252526658189590E-01  2.41545045758593130E+01  1.71128527686080680E+01
  6.36786611163594070E-01  5.47784396300626500E+00  2.58694092822532230E+01
  6.06760633376156730E-01  2.65776972770787760E+00  1.00115328273785340E+01
  5.25895496843049500E-01  2.45524159828131840E+01  1.54565068915770210E+01
  5.05409982910693060E-01  6.53585253768166120E+00  1.67855710451467890E+01
  5.18912146576496980E-01  2.27792188238225220E+01  3.78047850506247010E+00
  5.81677556670477180E-01  1.72732334358050250E+01  1.95151903185258040E+00
  2.50625569857546320E-01  1.51977281770130790E+01  2.68865905508909360E+00
  6.67521681419926690E-01  2.95188298600728420E+01  1.13912907287081390E+01
  6.52034765531911640E-01  2.87765486326442070E+01  1.18565343118760040E+00
  3.81419328643079860E-01  1.36057507063784050E+01  1.77549623919386940E+01
  3.18942867500738640E-01  4.39852193578017040E+00  9.60090193186773530E+00
  6.63973334543257470E-01  2.03667518999925080E+01  1.97055985251918810E+01
  4.05793634226126800E-01  1.33840791312069070E+01  6.78828224447013100E+00
  2.88617724104866640E-01  1.88329795188455190E+01  2.15841334826775610E+01
  3.17587838135982990E-01  1.43178957797309890E+01  1.02834009280334210E+01
  6.94010688862415210E-01  8.87740742198142390E+00  9.44704783205612490E+00
  3.25036994184950640E-01  2.05117943444330170E+01  1.39820944577941300E+01
  4.41940562555082740E-01  1.03059010098368230E+01  2.05792345018497290E+01
  3.05466220251299840E-01  2.36111941952235430E+01  2.29110267247243870E+01
  7.22984261441823330E-01  2.76873358766372310E+01  2.90599405211346420E+01
  4.60682082706054620E-01  2.73672832446824540E+01  2.69371633968178800E+01
  4.22201084465533680E-01  9.17650817604915050E-01  1.14863608455656910E+00
  6.24824560398126750E-01  6.66577021977552600E+00  1.02168301474015220E+01
  3.63079661055833470E-01  1.36710032330002240E+01  9.14948655864870730E+00
  3.25516939164680520E-01  1.07011730986775210E+00  2.39428246295793090E+01
  4.87886881528419990E-01  2.28698255981378120E+01  5.50450577359976640E+00
  4.34172467284937990E-01  1.25844046301794300E+01  2.42270042139629280E+01
  7.04082361725448710E-01  3.93078910876511110E+00  1.47720806639384140E+01
  4.40295189098215370E-01  1.34716287134638740E+01  4.59609554308087990E+00
  4.54567147313974470E-01  1.03036418990468660E+01  3.81640484815308150E+00
  4.89717368181109780E-01  2.03149207333551550E+01  2.36788310663290640E+01
  4.82771447840326400E-01  1.32617901526606000E+01  2.92199434938618340E+01
  3.54092873053847420E-01  4.60605700830910260E+00  2.63386207459047950E+01
  7.67457697882333090E-01  1.66080045659610570E+01  5.11555457816158390E+00
  4.43129600128677660E-01  2.69980659762294910E+00  2.51515580799767450E+01
  5.61514797181737530E-01  5.63732074204779290E+00  1.08056829815520830E+01
  5.82207618145930890E-01  2.90885881088312250E+01  3.84374484372729130E+00
  5.94092381958372510E-01  1.91280820452307760E+01  6.59358829698345070E+00
  5.64318884198494160E-01  2.39823615897728710E+01  2.03210139650253970E+01
  6.16837537735261420E-01  2.88773157486466660E+01  1.59373468375342940E+01
  4.20581746236023420E-01  2.25443220884587840E+01  8.65094159498313610E+00
  3.16022212934137680E-01  1.89303274514263790E+01  1.39568313814538760E+01
  4.59502380082057990E-01  1.82475804501407380E-01  6.42641864192349480E-01
  7.48336469443998900E-01  2.32448102209851640E+00  2.74624818230298220E+01
  6.90159994875631000E-01  2.45531157243050160E+01  2.56842783876790720E+01
  4.68364091588631840E-01  8.10382564617579600E+00  1.44001992133081340E+01
  4.05593309893122810E-01  1.94344859989505100E+01  2.19303384974861400E+01
  5.55687039951364880E-01  1.70779048744143440E+01  1.94545957273379600E+01
  2.83840017940612550E-01  5.50470841857794110E+00  2.23228705448307600E+01
  5.98280766214214580E-01  2.73819059556003050E+00  2.41112002361549570E+01
  5.84913004272127690E-01  2.09009704557421540E+01  2.46541074355755260E+01
  2.83840017940612550E-01  1.81079567494011580E+01  2.24890314737951550E+01
  2.83517655556827110E-01  2.30013922271126820E+01  1.89564617275683350E+01
  5.27599340399055180E-01  1.33238757384750970E+01  2.02756933652047020E+01
  6.24824560398126750E-01  8.49381733579033420E+00  1.60438401313926950E+01
  4.84167632717154460E-01  4.28746792946318500E+00  1.76309369433009700E+01
  5.66562802601083430E-01  2.06655518898836800E+01  1.15648546001914130E+01
  5.81213412342838430E-01  2.37313504842902030E+01  2.37890540716130090E+01
  5.13285974501586400E-01  1.87958996602331250E+01  2.07836111898445710E+01
  5.29625185962053640E-01  1.54899433597438010E+01  2.01059258633125000E+01
  3.30104909316010620E-01  1.33589109596463600E+01  1.61004337567614790E+01
  5.48174971142568520E-01  7.24484276270736950E+00  6.34856982267031890E+00
  4.72192289519205580E-01  1.58587997151525920E+00  2.90934442054611430E+01
  4.53126113496558960E-01  1.03468257614836270E+01  2.42123791557952580E+01
  5.25993347610763350E-01  1.31667001587493160E+01  5.51290829960580540E+00
  4.75338540515479570E-01  1.82472033698287070E+01  2.46727911909134290E+01
  4.30858982518450690E-01  1.48519212886788360E+01  2.10203243928922360E+00
  7.09741570678139940E-01  1.59146533085248370E+00  4.28197653785479120E+00
  5.05409982910693060E-01  2.60255701024381070E+00  2.30171860853929250E+01
  5.20369884994360540E-01  2.67454065525109910E+00  7.69594126702636670E+00
  2.73281005279713530E-01  2.11767694137705500E+01  2.38374649391581780E+01
  3.09574052588245370E-01  2.76753365846944770E+01  4.05893868188694110E+00
  3.18095930761502070E-01  8.60598305497969210E-01  5.00443955717578510E+00
  4.46537248270915300E-01  2.74044882796920720E+00  1.54041709278009480E+01
  6.38830345620663920E-01  1.71396919690354640E+01  2.47865979334080110E+01
  6.68397269451762100E-01  2.45794357164909880E+01  3.43583236553220180E+00
  5.32488384254616510E-01  9.96682461930572220E+00  2.51216668238274640E+01
  3.17579752081870750E-01  9.20611144598017540E-01  1.22236200547117150E+01
  5.16710955738981780E-01  2.53820729345057470E+01  1.87391363444882870E+01
  4.49545157175862540E-01  1.64545145636349690E+01  3.90859905257068800E+00
  3.20574425314766210E-01  8.01399710582644610E+00  8.91508481991197320E+00
  4.12246671516209600E-01  6.35480734478283620E+00  1.92350811915457100E+00
  4.94550785807675550E-01  1.83619848821346490E+01  5.82018825387183640E+00
  3.59079136884617700E-01  2.79596603981873460E+01  2.21549889778098400E+01
  6.10572080928614460E-01  2.94000558611321670E+01  2.61900802226037010E+01
  4.75338540515479570E-01  2.66361013042715730E+01  2.96348683463649710E+01
  5.09574347305064630E-01  7.61149351765862470E+00  2.23827019224513710E+01
  4.18189647978318300E-01  2.41444302137911430E+01  2.43762469822587890E+00
  3.76753951196820710E-01  6.89171776461055430E+00  1.20587283768237100E+01
  3.84533934306195220E-01  1.12365443449572950E+01  2.82413497137637820E+01
  6.60767019732147710E-01  7.65597725910909690E-01  2.50149871756048240E+00
  5.64318884198494160E-01  2.86478015477493030E+00  1.65859800068909210E+01
  4.69750256464274060E-01  7.48876467381483750E+00  1.09364810398835730E+01
  6.88340418185590860E-01  1.11223277149789120E+01  2.93074471169649230E+01
  5.93150731645016190E-01  7.35327402588962900E+00  2.01935059514721220E+01
  7.17499092254363010E-01  6.78550552317239840E+00  5.17015946416882510E+00
  3.79322922295397280E-01  6.30082869797230490E+00  1.83343454584335030E+01
  3.20574425314766210E-01  2.32782700837941730E+01  6.20007915690132540E+00
  7.17953871372127320E-01  1.51593973263890000E+00  8.13304028621775640E+00
  3.42409596243210680E-01  2.65194753156343840E+01  2.23062653523658200E+01
  4.43129600128677660E-01  2.00755711133750050E+01  1.55586602245202790E+01
  3.78068289465320630E-01  1.74909244416857880E+01  5.84426026908671940E+00
  4.75338540515479570E-01  1.60056464658708680E+01  6.41764836443378520E+00
  7.38532964590205680E-01  2.30333614551511980E+01  1.24328459216304740E+01
  5.07606992315717240E-01  1.67115802424393460E+01  1.02932835933156250E+01
  2.86134314477376340E-01  1.30496646177107150E+01  2.58478674426981360E+00
  5.07437626189109900E-01  1.27985113535039650E+01  2.52720442238142910E+01
  6.15073771326759470E-01  5.25783474084799350E+00  2.84309181403562480E+01
  3.30104909316010620E-01  1.41799023947615050E+01  2.28839338915895640E+01
  6.66683478841499700E-01  1.15421846737385730E+01  1.30594748112965370E+01
  7.49545055295440930E-01  3.51142009638648300E+00  1.85891202076647590E+01
  2.54824432159977790E-01  8.40012817427729890E+00  7.99366584115231230E+00
  5.72142532162989690E-01  7.61549979416006370E-01  2.56583109162217620E+01
  2.77147605524350650E-01  2.96509041128783510E+01  4.49297951093205410E+00
  4.68364091588631840E-01  2.62755242272937760E+01  3.34441514316196290E+00
  4.82771447840326400E-01  1.79446096886163840E+00  2.35858754231609670E+01
  2.50971712925384870E-01  2.79774108586109950E+01  1.60477838257272330E+00
  5.38024295323284910E-01  2.78631423279152410E+01  1.32361059062759330E+01
  4.13050329149462850E-01  2.66533377557722670E+01  1.55553249900967390E+00
  4.86590143357422540E-01  2.16279640361415590E+01  2.31015375139583060E+00
  3.16148313226467530E-01  1.00558134753410100E+01  1.16688221123644770E+01
  3.81419328643079860E-01  1.84398259586021210E+01  4.85034332322352490E+00
  6.52911031193170470E-01  7.91745701028775000E+00  1.19729940776189410E+01
  4.49150663742554990E-01  4.82167853456667930E+00  2.26005475874968410E+01
  4.73113776075054650E-01  1.21095368300485000E+01  1.07266476391456430E+01
  3.65995101567518470E-01  1.17523071988861430E+01  2.00959894847320550E+01
  3.46028387031474870E-01  1.56541249042868370E+01  2.30500525250209480E+00
  4.23675716525973380E-01  9.42029444821578110E+00  1.43736705075089210E+01
  2.47261092463374420E-01  1.44095964043758280E+00  6.19786396605880800E+00
  2.63339374245984010E-01  8.59848138601817520E+00  1.31863836699748130E+01
  2.59062449636064510E-01  8.12159818986074460E+00  1.08199892042882450E+00
  5.77180454669814490E-01  1.11213519208019950E+01  1.03731621203217120E+01
  4.06599624824484800E-01  2.72535478757027860E+01  2.24491053356546250E+01
  4.65278877330243820E-01  2.69403583064310010E+01  1.15054709337014170E+01
  3.07263188066738420E-01  1.67957151003484580E+00  2.07363913214854210E+01
  3.88697647565240350E-01  2.96189750083544560E+00  1.75890002635509820E+01
  6.62122603690132470E-01  7.48880119493474620E+00  8.08495271446454570E+00
  3.79322922295397280E-01  1.56623363743327300E+01  4.46701042307238260E+00
  3.53063097104977870E-01  2.12739694109532740E+01  2.25446654312263310E+01
  6.88885956497308970E-01  1.76089349620454880E+01  1.73082901304964030E+01
  5.33066537704075310E-01  2.43121837057027150E+01  2.24521731155679840E+01
  3.42074681651230290E-01  1.43200188408798040E+01  1.76413834066479610E+01
  4.24351701398837560E-01  2.21637743844269510E+01  7.08182300052034910E+00
  2.92456502136063850E-01  1.44434220240072780E+01  1.27289087393688960E+01
  5.90639534364661320E-01  1.36295577889528360E+01  3.57758958360771830E+00
  4.09705559579089850E-01  1.82617311047407680E+01  1.89639714523014810E+00
  3.59079136884617700E-01  1.38191216892892450E+01  1.25428349016077760E+01
  5.27599340399055180E-01  2.12969234659830460E+01  1.36516438042290190E+01
  5.38382256471750510E-01  1.08846163548826830E+01  1.14632298159228330E+01
  5.96963967672292380E-01  1.67525959696072280E+01  1.38426119630074760E+01
  2.96503602823160150E-01  2.77387430704732910E+01  2.59877886590346600E+01
  3.64593218166308700E-01  1.04620903614709920E+01  7.52158317000742380E+00
  4.18947112612636110E-01  2.80913326064327970E+01  8.93427754408514650E+00
  5.40946473112310590E-01  8.74376193667573000E+00  1.59293749149441990E+00
  3.35017483125717060E-01  1.52087371949908670E+01  1.06242365768759190E+01
  4.75626642073745920E-01  2.17387926412977530E+01  1.88357880032505560E+01
  3.04461637453634990E-01  4.24668403334386820E+00  2.21137258606018140E+01
  4.36315933331792570E-01  1.65859681727570520E+00  1.19386398038713640E+01
  6.77666041374141330E-01  2.91761812873970820E+01  2.04472710376325610E+01
  5.67035311113654220E-01  2.55210722997506390E+01  2.63795144101615000E+00
  3.38650161839631010E-01  3.19696159059078780E+00  6.03642830798751810E+00
  6.94010183176834960E-01  7.14425682108062250E+00  3.80592176640997600E+00
  7.10410487391814980E-01  3.18153035137879850E-01  2.32315256882322560E+01
  4.54567147313974470E-01  1.37397499309513600E+01  2.54665791015512010E+01
  2.52169786807371790E-01  2.95754209798694350E+01  1.38877992406352430E+01
  3.01799748246536660E-01  1.79710227969894130E+01  1.23266780027366970E+00
  4.27719079604653450E-01  2.40079728474423390E+01  9.49986277447624520E+00
  3.87762191716535260E-01  2.87445757190191280E+01  2.93720248969007120E+00
  5.72951670348821020E-01  2.44734878011702510E+01  1.03843224323576490E+01
  5.09222041678605210E-01  7.37187555626617200E-01  7.18525400279602080E+00
  5.25993347610763350E-01  1.27086535576011510E+01  1.66566275059972640E+01
  3.12648490279368120E-01  2.44442409492332300E+01  2.96334304989219600E+01
  3.32399546609116130E-01  2.85278607376240000E+01  2.65470942128998930E+01
  4.43807889241729470E-01  2.19745402006917520E+01  1.29567234436044510E+01
  3.44170209092795430E-01  5.77728125791326890E+00  2.17210078023742060E+01
  2.54824432159977790E-01  3.58125483241101560E+00  1.74132855832483100E+01
  4.21963532045373490E-01  2.13477788482533200E+01  6.85787482347922330E+00
  4.11696508529454960E-01  5.09199134203832670E-02  2.85974825031831660E+01
  4.11346310528290360E-01  5.83189847097332330E+00  2.52681383318973830E-01
  6.16837537735261420E-01  9.98560057564855620E+00  1.07388629949502390E+01
  4.83570943621045310E-01  2.47144223521434580E+01  2.33844799924543560E+01
  4.32382463464541460E-01  2.84392538530408740E+01  2.57876818382893550E+01
  5.92513140571182980E-01  1.34797681539934950E+01  2.22842355515476530E+01
  3.55036581058269410E-01  1.16892775786278340E+01  5.35803687303523720E+00
  4.74581552528920360E-01  1.30440954982328470E+01  1.22375394555379520E+01
  3.44905765886116280E-01  1.63635318474460830E+01  2.62021975382776800E+01
  5.96963967672292380E-01  2.73078112128067050E+01  2.14474799242322940E+01
  2.68569610726517900E-01  2.63587918486351840E+00  1.91542826197244230E+01
  5.80290806494985740E-01  1.90916892386681490E+01  2.64032986876382620E+01
  6.25336422111717830E-01  1.16267509669823620E+01  1.70477738078522910E+01
  6.17452885167652710E-01  2.17738240106108480E+01  1.46920317783251950E+01
  3.29506256422424390E-01  2.59563139321010040E+01  3.72668361564670650E-01
  2.58355477869490890E-01  1.46326006865566440E+01  1.07656829924019530E+01
  4.69641390777102340E-01  2.06294103861536900E+01  3.70252573974170040E+00
  3.49095179616795370E-01  1.12455526251014340E+01  7.16398887368574130E-01
  3.27988333844876360E-01  2.64707564150806680E+01  4.80501136606768500E+00
  3.86383264228710210E-01  2.76138092317310180E+01  1.90999378621878080E+01
  4.75543307221801650E-01  1.00709754476576290E-01  5.23173654949829550E+00
  5.07815655211632320E-01  2.37168199614549200E+01  1.79253808476575390E+01
  6.08088426536500660E-01  2.48412578910118250E+01  1.68142701967165760E+00
  3.93024383017402490E-01  5.91316457331968600E+00  7.05549194336410680E+00
  7.48336469443998900E-01  8.30705371711330900E+00  2.65276283778579830E+01
  3.13454063710418570E-01  1.80775447420842250E+00  2.13435053151331040E+01
  4.43133439323318520E-01  2.64925585793919820E+01  9.17451249611184670E+00
  3.62493203924014780E-01  3.78332707103414780E+00  1.99017997517870720E+00
  5.72881440675418570E-01  3.64565426794047820E+00  2.27499713732769460E+01
  3.71299762957800540E-01  1.85791571734846880E+01  1.59119154844744650E+01
  5.13143010843963320E-01  1.09940103198839890E+01  2.49297105685022840E+01
  3.87533216804236250E-01  9.60216001633074430E+00  4.28017021985674350E+00
  3.90540239164096370E-01  1.21736062620131000E+01  1.86695598693291020E+01
  4.11696508529454960E-01  8.20293336410943040E+00  6.39550185915037960E+00
  4.19670751191123690E-01  1.59374806651779850E+01  1.08203057218743980E+01
  5.39922025342825940E-01  8.44722736284783690E+00  2.95535178556299910E+01
  3.73125396709624990E-01  2.95604700290440800E+01  3.01378777244904940E+00
  5.72628172168292430E-01  1.20796749819237450E+01  1.10766756091351230E+00
  5.63660960642019760E-01  1.85981323612580920E+01  1.80788408489964850E+01
  7.54397230300637300E-01  1.94543094850944250E+00  1.72072230069982850E+00
  4.07877171249442140E-01  1.63095775996531210E+01  1.73274419762730240E+00
  4.61178090502161720E-01  1.06163763236086730E+01  2.76675851642511610E+01
  3.50974061745161330E-01  2.35801559458172890E+01  1.01491205353064230E+01
  4.22541054278063120E-01  2.27265840746136010E+01  7.79140989292625190E+00
  3.25036994184950640E-01  8.06624263324257920E+00  1.29382730860050290E+01
  4.96042965314236020E-01  1.16179270212470160E+01  2.74479730026001220E+01
  3.04461637453634990E-01  6.39726999372433540E+00  2.34568246351599930E+01
  4.21290506291976640E-01  1.96098855860955650E+01  1.82453610073405700E+01
  4.26578460793149810E-01  2.18555709583566870E+01  2.43243200811814160E+01
  3.91816801400439550E-01  2.54859530141533030E+01  7.78106101399692030E+00
  5.32262962461145860E-01  2.84351948296890350E+01  2.14020014824293480E+01
  6.07718241283317260E-01  9.88917848452482670E-01  1.69089730729957710E+01
  5.13425754976809310E-01  3.67726797551821920E+00  8.29245315477343330E+00
  5.46829204411607870E-01  5.12820020863377040E+00  8.45908506189908320E+00
  2.99038091422116640E-01  2.37521484858628720E+01  5.71687918062819640E+00
  3.65374026971610010E-01  7.83951339522521720E+00  1.63891098508289110E+00
  3.46733456860136300E-01  7.53590675924596450E+00  9.27558151816311490E-01
  5.01833768532536340E-01  4.69786964103291990E+00  2.35424137557069920E+01
  2.88617724104866640E-01  2.94762571511760730E+00  1.08580384678241510E+01
  3.13454063710418570E-01  9.44782209577369160E+00  2.34634964642953780E+01
  4.43756654693070110E-01  2.09097144161671620E+01  2.65829274176301880E+01
  5.20369884994360540E-01  7.78401963722370560E+00  9.97385995029561380E+00
  7.41720708060832300E-01  2.12786398638157160E+01  2.14389813532431720E+01
  2.99038091422116640E-01  1.17496491412325670E+01  2.54880816078858920E+01
  3.93024383017402490E-01  2.32244658331700400E+01  2.23297891923560070E+01
  2.53364602799301860E-01  2.07430796679371420E+01  2.94390081789106760E+01
  5.48463672908306780E-01  2.87145685137477780E+01  1.25397076651926350E+01
  5.63660960642019760E-01  2.64829617542637510E+01  2.86075584697755230E+01
  4.99487474973056500E-01  9.44140894818274030E+00  3.40840809518155790E+00
  5.32488384254616510E-01  2.88994996429419830E+01  9.43584325166162510E+00
  3.62493203924014780E-01  2.02774245260083030E+01  4.45556562986927410E+00
  3.90540239164096370E-01  1.48375487838738710E+01  2.86656465558061410E+01
  6.25248164210708260E-01  1.56528952699406170E+01  7.65679262132856040E+00
  3.93024383017402490E-01  1.55439320262112320E+01  2.82657800738510470E+01
  2.83517655556827110E-01  2.02013235756705310E+00  1.65175317497925960E+01
  5.16562546778196820E-01  1.99330295218984300E+01  2.85537980636403470E+01
  5.96777348356598920E-01  1.15036895693786520E+00  2.81180627415522370E+01
  3.35017483125717060E-01  5.25028294820474000E+00  1.89468555563762100E+01
  5.69344335137112000E-01  2.51140855503290370E+01  2.03724265637247900E+01
  5.55509338843663690E-01  1.89494849921364870E+01  2.89792258233319940E+01
  4.09775903561979240E-01  7.07347788154676490E+00  1.52611288865860040E+00
  3.20574425314766210E-01  2.13162469063967000E+01  4.09277091333326660E+00
  5.39466591144820300E-01  2.76908741876685160E+01  1.21732307307358700E+01
  5.18725390566230620E-01  1.66459023668295530E+01  2.19371271234667300E+01
  3.62493203924014780E-01  8.95202341420440460E+00  6.61542402960262790E+00
  4.23675716525973380E-01  1.47211806234462570E+01  2.34075515419879210E+01
  4.13050329149462850E-01  1.02375232929411300E+01  1.78487245673829450E+01
  3.01731430220296380E-01  2.16336395728531090E+01  4.62804163057803030E+00
  3.48156346672602490E-01  1.54951227486853180E+01  5.17484864460813480E+00
  6.83531487369900860E-01  1.06547088486838110E+01  2.17473372622430680E+01
  3.27197753470684690E-01  1.76925360786511890E+00  1.41372550068467610E+01
  3.50974061745161330E-01  2.79519962658771740E+01  1.62198569008299280E+01
  5.77649046292645880E-01  2.76244066581998950E+01  2.38644741525799410E+01
  5.13614394364816020E-01  2.56719333224538600E+01  4.45949658228130020E+00
  7.17953871372127320E-01  9.54958666817324620E+00  1.68725972425946080E+01
  3.01731430220296380E-01  2.01222730158251440E+01  1.87555186382670840E+01
  6.14584822297879540E-01  2.78389576205037910E+01  6.00592061737448990E+00
  4.69641390777102340E-01  1.26347494579370170E+01  1.46178597226160760E+01
  4.49154676673646060E-01  2.57570090355822390E+01  1.34073541801323870E+01
  4.82268891960512480E-01  2.70610149396861610E+00  6.69404188706782220E+00
  6.26908127420837150E-01  2.76639386110308190E+01  2.50676427361098460E+01
  2.50971712925384870E-01  3.30539475768815950E+00  4.87366717348866630E+00
  2.62213147743524950E-01  1.96922479712668270E+01  2.78140138660295580E+01
  6.45167794061425240E-01  1.65255412090377230E+01  2.79277160778654370E+01
  5.94931591270377070E-01  2.69851229865237840E+00  8.81074779582321630E+00
  7.68548325332126940E-01  2.62589321117919850E+01  1.54511354596546490E+01
  4.36195486319121350E-01  1.00012446514359910E+01  1.51262508147535200E+01
  5.33066537704075310E-01  1.91608646238943900E+01  1.52202262748271140E+01
  5.62178328188990490E-01  1.78625304665796560E+01  2.02499032835669580E+01
  2.97561439636419770E-01  1.20565792531197810E+00  3.35235300081779330E+00
  4.82771447840326400E-01  2.26804471094772850E+01  2.39453119383969370E+01
  6.61562106526255890E-01  5.08429283594716530E+00  6.40378543077499710E+00
  5.04339573614743570E-01  4.65175328504924490E-01  3.65642665813678480E+00
  3.45648959319623030E-01  1.60472912178864750E+01  1.60057531950544250E+01
  6.95947079841625180E-01  2.71992393966101710E+01  8.26674398429882020E+00
  4.75626642073745920E-01  8.30774638791644900E+00  1.81058557685635400E+01
  2.57534358191145160E-01  2.35680529467526160E-01  2.92403418387728100E+01
  6.30423428531534040E-01  5.18286810074801530E-01  1.57640454529758840E+01
  3.25516939164680520E-01  2.67549690829949040E+01  7.34727078282716750E+00
  3.14110289759674140E-01  2.58403100411300670E+01  1.00537698576601950E+00
  3.99477862283745790E-01  1.73104567427763560E+01  8.87300901646387710E+00
  6.47236078597052340E-01  1.10095583726242360E+01  1.69204044722968790E+00
  5.28731261397185740E-01  2.10617762322940830E+01  1.26220867513163190E+01
  4.43807889241729470E-01  2.57961704335845280E+01  1.65972498464016060E+01
  4.82268891960512480E-01  9.77819133551243880E+00  1.98206090004511320E+01
  4.30858982518450690E-01  1.85544872667037990E-01  2.77660430371100060E+01
  4.18947112612636110E-01  6.17487211822371050E+00  3.26140471785675780E+00
  3.50662231740508900E-01  1.82782805122408650E+01  1.52557159040271860E+01
  2.85767805251094040E-01  2.72374104206945270E+01  2.05679926996320470E+01
  3.45648959319623030E-01  1.86361423303932840E+01  1.25158792480823230E+01
  3.45648959319623030E-01  2.53521747110472130E+00  2.64923650629622380E+00
  6.42005949159872720E-01  1.65008953189754060E+00  1.91186782084643210E+01
  2.74003615458356760E-01  1.12123625038964700E+01  2.56849306935265570E+01
  3.87653287431749970E-01  1.19784856642395180E+01  3.36181752979479990E+00
  4.18948713530687210E-01  2.80633418375721670E+01  1.74544896187715960E+01
  4.53451232343747090E-01  2.18028064915536820E+01  9.11335861523917860E+00
  4.21603844523193420E-01  2.46548808781088020E+01  8.95075927742627190E+00
  2.62213147743524950E-01  8.02213025572243770E+00  5.60978194148326280E-01
  6.94903868090152520E-01  2.83796029717728080E+00  2.17730195295664610E+01
  6.31563936872940970E-01  1.27543652280673040E+01  1.35240400552424130E+01
  7.01778375544082420E-01  1.15184634371464530E+01  2.38350165768085130E+01
  3.46434506905438330E-01  2.30229308467828560E+01  2.31907479567532100E+01
  3.50662231740508900E-01  6.45467337339775680E+00  2.60069061594828240E+01
  3.01799748246536660E-01  2.96274408828710670E+01  7.29991457173538900E+00
  4.41298336829792340E-01  7.12343842777608670E+00  2.64287494311554280E+01
  3.39481361119070080E-01  1.56020225732801150E+01  2.10173961541392770E+01
  3.83181557852844270E-01  2.51105009597088010E+01  1.10966564952060940E+01
  6.75156127532392600E-01  2.48212474763642670E+01  2.70218773243352080E+01
  2.73281005279713530E-01  2.08063905801260600E+01  2.05380280863908420E+01
  6.65634982039605120E-01  2.89228707493395520E+01  8.23863478362141950E+00
  2.54824432159977790E-01  2.63307081745778930E+01  4.06530165020422010E+00
  2.84029264846615530E-01  2.91536188710990880E+01  1.94858401853125290E+01
  4.62836237406567810E-01  2.37438054929723350E+01  1.88955562489063520E+01
  3.33973424357718240E-01  5.91914553779456390E+00  1.89358712786003950E+01
  4.91872428060923640E-01  2.56552944801489030E+01  2.61106240877976960E+01
  5.52490392167627680E-01  3.65442215803944230E+00  2.48047208840849930E+01
  5.39466591144820300E-01  2.11419317694021840E+01  2.83942754768279570E+01
  5.65219172841477580E-01  1.64735864076345330E+00  1.53407993550289970E+01
  3.53776024442120150E-01  9.70072326113617040E+00  8.80131807692587210E+00
