1
  1002  2.96924426640336700E+01  2.96924426640336700E+01  1.00000000000000000E+00
        0.00000000000000000E+00  0.00000000000000000E+00  0.00000000000000000E+00
  4.75626642073745920E-01  2.28873834760330580E+01  2.30967959515879540E+01
  2.57534358191145160E-01  1.12013324904714830E+01  1.97325506512629510E+01
  6.30423428531534040E-01  2.10500200655657890E+01  2.32297015069105870E+01
  3.25516939164680520E-01  6.77585881650289150E+00  2.42341850260343680E+01
  3.14110289759674140E-01  1.19661930143006000E+01  2.44541573955111320E+01
  3.99477862283745790E-01  2.67165501979728150E+01  9.42989969604066940E+00
  6.47236078597052340E-01  1.74125615692967340E+01  7.49670307310156760E+00
  5.28731261397185740E-01  1.02142346213592000E+01  7.11069960497321940E+00
  4.43807889241729470E-01  8.96228706865841400E+00  2.42979700795476640E+01
  4.82268891960512480E-01  2.66030760054584550E+01  1.15616551111144240E+01
  4.30858982518450690E-01  2.36857801605111220E+01  1.07490589976773220E+01
  4.18947112612636110E-01  1.97159656917699200E+01  2.28327380496024050E+01
  3.50662231740508900E-01  2.66886307387638940E+01  1.10152389861950730E+00
  2.85767805251094040E-01  7.31622036283256260E+00  7.55862869696201490E+00
  3.45648959319623030E-01  2.50571876576469210E+01  8.30588552856131910E+00
  3.45648959319623030E-01  2.90756506821248840E+01  9.11649636663880440E+00
  6.42005949159872720E-01  6.24590089844916370E-01  1.79791445285496040E+01
  2.74003615458356760E-01  2.67915760740815930E+01  2.66987809246627390E+00
  3.87653287431749970E-01  1.80391173114796710E+01  1.14115781647114750E+01
  4.18948713530687210E-01  5.68810935865655590E+00  2.03244622896748800E+01
  4.53451232343747090E-01  2.75244650012599120E+01  1.19616423180811940E+00
  4.21603844523193420E-01  2.41129874703737310E+01  1.70604291481215500E+01
  2.62213147743524950E-01  1.89589385401820320E+01  2.74250860529667650E+01
  6.94903868090152520E-01  9.26632970483596980E-02  6.98245101553516530E+00
  6.31563936872940970E-01  5.15701199524753930E+00  6.43562646709705800E+00
  7.01778375544082420E-01  3.00396573086824770E+00  2.37815073726803910E+01
  3.46434506905438330E-01  2.58421540869484720E+01  1.83481953922568200E+01
  3.50662231740508900E-01  2.35473724779450220E+01  9.98032585610201290E+00
  3.01799748246536660E-01  4.07195685033618910E+00  9.19427049469337020E+00
  4.41298336829792340E-01  2.16097133884766170E+01  1.84879310416724110E+01
  3.39481361119070080E-01  2.18823858286408640E+01  2.14969474835051290E+00
  3.83181557852844270E-01  7.20298050446638080E+00  2.36689403047645010E+01
  6.75156127532392600E-01  5.81880876670877270E+00  1.82772186294190850E+01
  2.73281005279713530E-01  6.90451729221246960E-02  1.61161548631264250E+01
  6.65634982039605120E-01  8.95571162173658840E+00  1.78098738284606770E+01
  2.54824432159977790E-01  2.39898092089441450E+01  1.77251495864402530E+01
  2.84029264846615530E-01  8.03986126804774060E-01  1.70707015955140090E+01
  4.62836237406567810E-01  2.92276127872979070E+01  1.77978712216244510E+01
  3.33973424357718240E-01  1.76754560512022150E+01  2.58156084438171870E+01
  4.91872428060923640E-01  2.22329499658755450E+01  1.34366253164159520E+01
  5.52490392167627680E-01  4.02497758776411100E+00  1.88684554970030120E+01
  5.39466591144820300E-01  3.53679547696361320E+00  2.89275677706894890E+01
  5.65219172841477580E-01  1.66463502463177020E+01  2.29947280339098440E+01
  3.53776024442120150E-01  1.00093890452328170E+01  8.88067934938581870E+00
  5.54611473665029210E-01  1.42338357641907830E+01  2.14712294610255230E+01
  4.81368497469048420E-01  2.65300719556280140E+01  1.06017887477610200E+01
  2.84672167568555990E-01  2.30176104094862630E+01  1.33372761149998510E+01
  3.06898385793053400E-01  2.51883442505693790E+01  1.20692497302325300E+01
  4.49954956992444630E-01  2.53978120891867430E+01  3.78226533053801100E-01
  5.88686278844574580E-01  9.93827728894672190E+00  2.46326929326946950E+01
  4.36315933331792570E-01  1.92958921920333670E+01  4.95016698677522180E+00
  5.46155746035104350E-01  2.17833434339879270E+01  8.91714646533691280E+00
  4.11346310528290360E-01  1.01739773972237080E+00  1.10203363270191470E+00
  7.44650008855257360E-01  1.92626545533600040E+01  6.27340801099300900E-02
  4.68162992243922280E-01  9.31171259465712350E+00  1.88859066808453840E+01
  7.11073931023246340E-01  1.29258729429297930E+01  1.68768723159275710E+01
  3.02034441597155470E-01  1.53021117597752810E+01  1.77329713560083990E+01
  5.12509616084684260E-01  2.16756776134868550E+01  6.92028976901622170E+00
  3.40422717275118370E-01  2.22153021813799210E+00  1.65079930239116380E+01
  6.65634982039605120E-01  1.65413942053120310E+01  1.90185909617080110E+01
  3.75295693565172690E-01  1.18059545206393960E+01  8.09321685891453240E+00
  4.75626642073745920E-01  5.73694456376712480E+00  2.20333506720645820E+01
  4.72038094207023740E-01  6.34363817247108130E+00  1.05496742273959190E+01
  4.29902962432020440E-01  1.47717130328573400E+01  1.71036308675605080E+01
  5.68910711623079470E-01  7.32211937375935040E+00  6.70499455269684660E+00
  3.07263188066738420E-01  1.56211950398297410E+01  8.97889931522520610E+00
  6.10911033360540580E-01  2.85902033259083130E+01  2.60309724707650430E+01
  3.43353541919950760E-01  1.78467825459294080E+01  3.06963011111315880E+00
  3.15231116497538320E-01  4.45099423272489240E+00  1.57349152611396140E+01
  3.78068289465320630E-01  1.80627355663154550E+00  1.09947850260580110E+00
  2.54824432159977790E-01  1.48424656010793380E+01  2.93972026317720110E+01
  5.44558358435121190E-01  1.29482819530332910E+01  1.89294940790874620E+01
  3.56000803327192820E-01  1.70134196900786210E+01  1.81130433367440200E+01
  3.13454063710418570E-01  9.92517442894321710E+00  1.75599407677464860E+01
  6.12591031919131530E-01  2.15828215260646950E+01  2.21066945197856270E+01
  6.47236078597052340E-01  2.74035027959622860E+01  1.70846654575514410E+01
  2.65726189967390210E-01  1.52295884725468600E+00  1.90806657073465760E+01
  2.96653470797716330E-01  1.59686043180134330E+01  1.62132617071892220E+01
  3.45648959319623030E-01  7.18713497529659230E-01  2.81354576409530850E+01
  3.13454063710418570E-01  6.74661988991158970E+00  7.37326728654729900E+00
  3.39073066583844400E-01  4.79067162710791820E+00  2.38595129131891640E+01
  2.96256570285591500E-01  1.00470721078740970E+01  6.03654499753520480E-01
  4.19081387041561550E-01  9.95136108367093540E-01  2.72428095261993520E-01
  7.08391389715138510E-01  2.60547482710624720E+01  1.69564671498871280E+01
  7.16035261746952050E-01  2.29973350685970570E+01  1.43707838895767050E+01
  4.43133439323318520E-01  1.09274043568160710E+01  1.36421521046398450E+01
  2.73281005279713530E-01  2.50309903162375880E+01  1.45604487897169170E+01
  3.35017483125717060E-01  2.30784011780999020E+01  2.23090547463726270E+01
  5.09222041678605210E-01  2.51996297916900860E+01  2.58048238193743450E+01
  4.27719079604653450E-01  5.86461143495348840E+00  2.71032520800720620E+00
  5.81299825206354370E-01  1.24902655353242460E+01  1.14703468857205380E+01
  5.46155746035104350E-01  1.94413824956974110E+01  1.53707645928253940E+01
  3.05466220251299840E-01  1.76491659703208480E+01  2.71765693384385440E+01
  3.11838068626578210E-01  1.29450363509746880E+01  6.37458465370911040E+00
  6.27423008989955560E-01  2.12856094146167400E+01  5.81230380102427000E+00
  7.12424816007452400E-01  1.37317976480336000E+01  2.67202976805916240E+01
  4.41140732643827070E-01  1.14263202403814820E+01  1.82794283247496520E+01
  3.80273533482480450E-01  2.23262573495872870E+01  4.10794279684389620E+00
  3.29796701345061780E-01  2.66782890279303370E+01  2.37262383446574850E+01
  4.15252526658189590E-01  1.90601289759643220E+00  1.96436154181287610E+01
  2.59062449636064510E-01  2.59894858735051280E+01  1.31021664647256220E+01
  6.18419083689772810E-01  1.22757356323417890E+00  2.89541409750736070E+01
  5.04213456464067280E-01  2.75474956463835280E+01  1.12770455759783100E+01
  3.48156346672602490E-01  3.22973032929273040E+00  1.26993544644432600E+01
  2.89042915761794110E-01  1.60029745807812810E+01  2.70682513008914400E+01
  3.05466220251299840E-01  8.77532990316504250E+00  9.62664061854619570E-01
  6.49919166153384610E-01  2.73258398891363110E+01  1.11528261558412110E-01
  6.14379095469630790E-01  1.46570402480264390E+01  2.47677081597346140E+01
  7.00411917450214720E-01  2.49403326169825800E+01  1.78170604981113280E+01
  5.69344335137112000E-01  7.87953995995983810E+00  1.04990658758203150E+00
  2.57564851167384970E-01  9.81041982485401930E+00  1.58284997460622880E+01
  4.13050329149462850E-01  1.98471943269004530E+00  1.72227878714762890E+01
  6.18419083689772810E-01  2.37378654889130690E+01  1.94467846919943100E+01
  4.26523982883737140E-01  6.37085266485569160E+00  2.67632094458644860E+01
  3.78209123272245940E-01  9.37375402567985460E+00  6.32636647712734760E-01
  2.63055759251188670E-01  1.56769667280970280E+01  5.29622389851196300E+00
  5.00274833943758600E-01  1.04241253615206380E+01  1.12500812510705720E+01
  6.01687927537542500E-01  2.79543445911064690E+01  2.26738232432306930E+01
  4.86073626967704090E-01  1.86550737750427300E+01  1.07919054295469400E+01
  7.62474117278193650E-01  4.82716560386821580E+00  2.87557141137730100E+01
  4.87886881528419990E-01  6.99522044052358450E+00  9.73259245185814060E+00
  2.99038091422116640E-01  6.59922422860916850E-01  2.09952654187457010E+00
  3.50974061745161330E-01  9.33257643885205470E+00  4.84657801006567900E+00
  6.10572080928614460E-01  1.15040683624843020E+01  2.17609482875160970E+01
  3.01731430220296380E-01  1.49320677576504890E+00  2.22987733157580120E+01
  2.59062449636064510E-01  1.14759897746285270E+01  2.41575871234003690E+01
  6.99477888048091770E-01  2.48549656480272990E+01  1.62206067072316740E+01
  4.41666133880560000E-01  2.61611690668659590E+01  8.79900102836015560E+00
  6.86210935380316480E-01  2.35023683665981050E+01  2.67648160957238980E+01
  5.27425300578987690E-01  1.73776946612788170E+01  1.98946178528532940E+01
  7.54505484792745040E-01  8.37461979752384700E+00  1.31353442785975240E+01
  4.11696508529454960E-01  2.83258813597771210E+01  9.01526964604917860E+00
  6.26517897412854200E-01  9.58646767663407040E+00  1.66831339143474970E+01
  5.72142532162989690E-01  1.59454823851760710E+01  1.53432450368929450E+01
  3.47451934045076260E-01  1.06996227461134070E+01  1.79735029180338590E+01
  2.57564851167384970E-01  2.05382311956149710E+00  2.36547500510636080E+01
  5.33859136323620030E-01  1.22308751863419500E+00  6.50158036758020860E+00
  2.69169509893181310E-01  2.68161226065752200E+01  2.08937290427572830E+01
  4.24351701398837560E-01  8.66460413956474970E+00  3.78156251621653630E+00
  3.11762329988951370E-01  1.91100670057064160E+01  6.53490538538405820E+00
  3.50974061745161330E-01  2.40629609721030350E+01  9.50472412444504220E+00
  2.66929568161810020E-01  3.70136528437686160E-01  2.86391481196624550E+01
  7.20816873845379820E-01  1.48390532295360360E+01  1.34040534106217630E+01
  4.22201084465533680E-01  1.64140776078181430E+01  2.40208129110707440E+00
  3.09209541844886400E-01  2.95112017263117040E+01  3.11697117422697990E+00
  2.62213147743524950E-01  7.05118643905864050E+00  2.68699998974954540E+01
  7.60411681679863700E-01  2.20169760354716430E+01  2.08042487094785500E+01
  6.67521681419926690E-01  1.30623888895765320E+01  2.01362093302132590E+01
  4.37954134865551840E-01  2.87794329920815390E+01  1.92681156018681210E+01
  7.16654247500547470E-01  1.90120105206087850E+00  3.03297806535945290E+00
  7.12424816007452400E-01  7.00408973629480250E+00  1.15319338340247480E+01
  3.61198882346046800E-01  1.09791806931037020E+01  1.44920926813769630E+01
  3.82245446386266610E-01  1.05477649567199340E+01  1.82375893949428340E+00
  3.58737518624021320E-01  2.74382247542831550E+01  6.14304231256194560E+00
  5.81547682683179710E-01  1.90221161448191830E+01  9.78457372442672480E+00
  4.21963532045373490E-01  1.00359967061997710E+01  2.03024671764317900E+01
  3.12648490279368120E-01  1.73630947105863240E-01  2.77664806634751640E+01
  3.25036994184950640E-01  1.03710114311345190E+01  2.85372273510750320E+01
  3.83290088603488770E-01  1.29120506860999030E+01  1.19621133937235240E+00
  2.93443024193560210E-01  1.22582311348505840E+01  1.44270628888406060E+01
  2.66929568161810020E-01  1.18361578751254890E+01  4.16840990332947570E+00
  2.99038091422116640E-01  2.73950451170595390E+01  2.55207144218713400E+01
  6.00040109246873770E-01  1.72577846607759260E+01  2.15567625904409860E+01
  7.14535578675763720E-01  1.24612706405882610E+01  3.41178549471297330E+00
  3.06898385793053400E-01  2.03597014058896950E+01  1.71030829716250570E+01
  3.45648959319623030E-01  9.06038327733566720E+00  2.73645311969350260E+01
  3.87046365911375680E-01  2.54671953882752650E+01  2.92371597018217670E+01
  6.56539952722306990E-01  2.40732845366046600E+01  8.49754638941558230E+00
  5.07436062422724900E-01  1.27782371831515250E+01  2.59603901572731890E+01
  7.39270392714900380E-01  1.79019711349708860E+01  6.53701483260007880E-01
  5.38024295323284910E-01  1.60603174879116930E+01  1.37075069316714940E+01
  7.33199636544987770E-01  1.83119631249008600E+01  2.07408124033913840E+01
  6.31923671661538840E-01  1.94328256867584270E+01  2.18025945046685660E+01
  5.72951670348821020E-01  2.06715983056654420E+00  7.21594742307023380E+00
  6.40456937776772590E-01  7.51934376749015150E+00  1.42362706985668130E+01
  4.77241894706072770E-01  2.89869311869443680E+00  2.79480155165539660E+01
  7.64764367446448820E-01  8.67835587564041160E+00  2.00781998351972670E+01
  7.16535845940979770E-01  8.31231842815502730E+00  1.07368280355958950E+01
  3.10705613459761840E-01  2.83608709542413420E+01  1.12292650127940890E+01
  3.89901968262705180E-01  7.86917194550154340E+00  5.79658480586320300E+00
  7.15011499502423580E-01  9.77125223918063310E+00  1.35887038028495740E+01
  7.60297905848187840E-01  6.86688853550805160E+00  1.29975116915419220E+01
  2.65726189967390210E-01  2.76830277727388040E+01  7.77078276786330320E+00
  4.53492046339069340E-01  2.30886096306131070E+01  2.88899303527338240E+01
  5.18725390566230620E-01  5.94914276578208860E+00  8.15505680602288410E+00
  4.24020504903543660E-01  1.63818837470006430E+01  2.85846213209315430E+01
  5.17634268500846420E-01  1.63746515638387780E+01  4.94121528904577810E+00
  4.54567147313974470E-01  1.96433774808063790E+01  2.72126793404354640E+01
  3.65965634987757580E-01  1.24298909458237950E+01  1.52904530621317180E+01
  2.96256570285591500E-01  1.35472083577553360E+01  2.09689965289259420E+01
  5.50543265074639000E-01  1.52531017799934610E+01  8.20456940365945190E+00
  4.46540105696671490E-01  1.50157574580386900E+01  9.42911431935633000E+00
  6.47236078597052340E-01  1.27088421539039140E+01  2.14016576175295300E+01
  4.82769235883485770E-01  2.32359007100545620E+01  1.72793847314554330E+01
  2.97529618718302210E-01  2.09251188967189810E+01  1.82101043866312860E+01
  4.13811620468168510E-01  2.03180216634903310E+01  1.78222972258157210E+01
  4.87785457169642190E-01  2.22576312498821380E+01  1.76302801217366640E+01
  3.41778742319800830E-01  1.97511130282657030E+01  6.66024338212145570E+00
  4.05793634226126800E-01  1.36173000802326050E+01  2.44501025077409220E+01
  7.14516279726398110E-01  9.37168914432182550E+00  8.02461619254824040E+00
  3.71799304162545760E-01  1.68075199241192590E+01  1.73219184531232420E+01
  5.77820253962530560E-01  8.82014830392715150E+00  5.61986110766103760E+00
  4.75626642073745920E-01  2.12201925184912850E+01  2.60546596426237120E+01
  5.46562010559427060E-01  6.31513800400218980E+00  6.19674387118156120E+00
  3.29506256422424390E-01  2.47523840747196750E+01  2.19173880470039680E+01
  2.62213147743524950E-01  2.86251575377580460E+01  1.61529532835907080E+01
  3.63105686475124490E-01  4.66321831626495430E+00  8.89041556984695270E+00
  7.08391389715138510E-01  1.84691816154468390E+01  5.74175583147125490E+00
  4.26578460793149810E-01  1.61555784426337150E+01  4.02322614630065000E+00
  6.08873319065221350E-01  6.55403094765295440E+00  1.97708549232553420E+01
  5.39466591144820300E-01  7.99142560958704710E+00  2.41461808439463400E+01
  4.66553963192992600E-01  4.32850360786785160E+00  1.65066623947722920E+01
  4.82771447840326400E-01  4.11971375108648190E+00  2.33865747161522960E+01
  5.13004586318856950E-01  2.63816872049235370E+01  3.34129330570898600E+00
  3.17084428049163950E-01  9.32965590700816880E+00  1.05541611574787400E+01
  3.50974061745161330E-01  1.37428450612898970E+01  1.93791022561637090E+01
  3.82382183723224410E-01  6.96594978516526100E+00  7.83689526463672070E-01
  3.77759649416993960E-01  1.68847526852240970E+01  2.06536713937899240E+01
  5.74203886104520670E-01  4.12458554573436140E+00  2.26606866807168130E+00
  4.11346310528290360E-01  2.24621798088301470E+01  1.85050276499144320E+01
  5.06367095649294540E-01  1.15941053745095260E+01  1.73473242296661110E+01
  6.01687927537542500E-01  1.72580075921836450E+01  6.24067110579477280E+00
  2.49794182180603610E-01  1.67338268235119290E+01  6.91074800556981830E+00
  6.11481049571092420E-01  1.50307178239120560E+01  1.05032043912409080E+01
  5.03927515451986880E-01  5.39900482322814310E+00  4.57209993527643020E+00
  6.35485889077753010E-01  2.67455537472185720E+01  1.35788800032086740E+01
  2.99038091422116640E-01  1.40257988435990960E+01  1.27575347479528300E+01
  4.22541054278063120E-01  1.25399629423535050E+01  1.37694246640235600E+01
  3.05466220251299840E-01  1.13422272320247690E+01  1.65762720379370800E+01
  2.62213147743524950E-01  5.50290718361755630E+00  1.73952632867736980E+01
  3.61769499680632390E-01  1.74808923380578990E+01  1.29790562119649020E+01
  2.47647088603063280E-01  2.29857017001267780E+01  1.02506602188408850E+01
  3.11155895623034430E-01  1.37804905483302370E+01  1.87182905466499320E+01
  2.66929568161810020E-01  5.17773091993467730E+00  1.69785611152323060E+01
  6.90395435464654740E-01  1.54898640523321920E-01  1.97495277402454260E+01
  2.96503602823160150E-01  2.63440547333727570E-01  2.07353958612522720E+01
  6.57722721512726150E-01  1.46344796909625980E+01  2.84946119269469270E+01
  7.24777883420223110E-01  2.15495672429427110E+01  2.72221682494221220E+01
  5.48279863025970290E-01  1.50659281447692650E+00  9.49591938740359960E+00
  6.40748513009616880E-01  5.00787525570193550E+00  2.11888680445341290E+01
  2.56092450391898300E-01  7.49693669912109860E+00  2.78450896337390890E+01
  7.17499092254363010E-01  2.59809439180769170E+01  2.09901820174583210E+00
  4.66141488621800890E-01  2.23143823358875260E+01  6.18107393411840890E+00
  6.33759023001558490E-01  2.67495181118528540E+01  2.24043796356487550E+01
  5.48279863025970290E-01  1.71278558869943180E+01  4.08547257708442490E+00
  4.19081387041561550E-01  6.76659719487664900E-01  2.39963186553853940E+01
  5.70902198024309190E-01  2.63409004844532960E+00  2.03078463112347730E+01
  3.17950877609215300E-01  2.73205112179613610E+01  1.04869170338706220E+01
  5.96963967672292380E-01  3.31699858246397070E+00  1.00196400630296520E+01
  6.18832453479690690E-01  1.24407330767686520E+01  2.07918850694966830E+00
  2.63339374245984010E-01  4.53278246068048850E+00  2.64134699037573630E+01
  3.55036581058269410E-01  6.92721448147445960E+00  4.28574381021094200E+00
  5.84913004272127690E-01  1.40571408569904470E+01  9.80936498982953430E+00
  5.77235448209733180E-01  1.41435296284306740E-01  2.94517094843735090E+01
  5.01105313190319460E-01  9.06668914778819260E+00  1.56825407511220440E+01
  3.83598938984435380E-01  1.37010594374149710E+01  5.84574032861418760E+00
  5.98360795606824340E-01  1.35238796212569670E+01  1.34995528673868530E+01
  3.41778742319800830E-01  9.87869278111505440E+00  1.82134997164592680E+01
  3.29796701345061780E-01  8.02433625969088380E+00  1.17424172950985050E+01
  3.84420431658369740E-01  2.59564788903463540E+01  9.97741929972095500E-01
  4.91872428060923640E-01  1.37933172495502370E+00  1.65503968138485610E+01
  2.93443024193560210E-01  1.98245211620872790E+01  7.29068557195027720E+00
  5.81299825206354370E-01  5.97087808283576300E-01  1.01651846505462200E+01
  5.68243553274813350E-01  1.70217359407574380E+01  1.62038942088472960E+00
  5.39001667068871980E-01  2.60030698871732180E+01  1.57103365361674520E+01
  7.01587183784351610E-01  4.05262449297696300E+00  2.22053891948109410E+01
  4.45239477383046460E-01  2.52493599638529280E+01  6.89261276523030730E+00
  5.39001667068871980E-01  2.25798533509461490E+01  7.45574866357352480E+00
  2.86134314477376340E-01  1.76994196809911170E+01  1.08301820303616210E+01
  7.70254277643880240E-01  1.49554016128274070E+01  7.23963397039602440E-01
  3.45648959319623030E-01  7.10067899566026560E+00  3.49215110987710360E+00
  3.39481361119070080E-01  2.75794622408142020E+01  1.41104352993565700E+01
  3.04461637453634990E-01  2.19549520005193340E+01  1.41884514176992840E+01
  5.20369884994360540E-01  4.66859399180400910E+00  2.56424527368802830E+01
  2.65726189967390210E-01  1.88552651540858900E+00  1.06572440566828400E+01
  6.26908127420837150E-01  2.59308729998908060E+01  1.45431548978366760E+01
  3.48480710258510130E-01  9.48074518692402710E+00  1.35082009411277640E+00
  2.96653470797716330E-01  6.76479724862564780E+00  5.26479125918452070E+00
  6.31923671661538840E-01  1.35611019056829440E+01  2.63510593999587690E+00
  4.09705559579089850E-01  4.49663576455827930E+00  2.76315390957115560E+01
  6.72499163702481620E-01  6.44267526297306680E+00  2.29380178087667520E+01
  2.84029264846615530E-01  1.44713683407764580E+00  1.03259457133554570E+01
  5.34631033075580400E-01  1.57316472627575570E+01  1.70101868737649480E+01
  6.17076625982510940E-01  2.34568719264446730E+01  1.25469323109557730E+01
  6.55074006360275090E-01  9.25503043957573190E+00  2.63830113556434970E+01
  5.46562010559427060E-01  3.50801111745548470E-01  3.98971994483968470E+00
  5.17626013175185660E-01  1.01178321999571800E+01  1.02796025689509830E+01
  5.82207618145930890E-01  2.39169010062298990E+01  2.33371818041749070E+01
  5.98268629341587580E-01  6.98715641666973490E+00  2.85600343166047670E+01
  5.34553382826858140E-01  2.10531864290938450E+01  2.86769312536826390E+01
  3.76753951196820710E-01  1.71986313259758530E+01  2.54848566306538380E+00
  7.52518120402026810E-01  7.80339686052550090E+00  8.79188108346145820E+00
  4.81368497469048420E-01  2.62871053796465400E+01  4.77612192525174170E+00
  6.47413426355271770E-01  2.81681944546427760E+01  1.81288664148785230E+01
  3.05466220251299840E-01  2.30559659630703950E+01  2.12739986070357430E+01
  4.46689977500956030E-01  2.94139920407198440E+01  5.48014231847616620E+00
  6.18566685513849460E-01  2.47220659340540340E+00  5.12789858910233760E+00
  5.36592099856838090E-01  2.78443379683287660E+01  1.59862615741015710E+01
  5.09574347305064630E-01  4.87162610098643170E+00  1.46515592879307380E+00
  4.92328788949218680E-01  1.42678074344372000E+00  1.90749490311128350E+00
  4.83351594707823830E-01  2.79046355420183470E+01  2.68827559771169010E+01
  4.40650972415989980E-01  1.13698779716437170E+01  1.85300213889875740E+00
  6.10911033360540580E-01  1.59585609482187390E+01  7.28276357492817540E+00
  4.34172467284937990E-01  4.95306003967348740E+00  1.14502415763474640E+01
  7.03188417218805210E-01  3.22911225155088340E+00  1.70147578726951560E+01
  2.92799561075502800E-01  7.96287985147956690E+00  2.81462408460337130E+01
  5.68243553274813350E-01  3.79714770171142660E-02  2.31112222630601030E+01
  4.60682082706054620E-01  2.71556617807147340E+01  2.03216261286620630E+00
  6.41715074739605920E-01  2.84593230851749120E+01  2.15388899163351370E+01
  4.55206736325743130E-01  1.83246733893684990E+01  2.53675621742189290E+01
  4.22201084465533680E-01  1.18792827202226030E+01  2.36094236982595900E+01
  3.63079661055833470E-01  2.49860621038809020E+00  1.05203513594639160E+01
  2.63055759251188670E-01  3.81310149528651280E-01  1.09808757004301650E+01
  5.32877675645020420E-01  1.27179147346294350E+01  2.40644692255205400E+01
  5.77235448209733180E-01  1.27555210047284930E+01  1.26103498687185350E+01
  4.09775903561979240E-01  2.69650957665572340E+01  1.45998744727415790E+01
  6.93187364831086050E-01  1.83413114624736200E+01  4.34652070593127430E+00
  4.30054269381220950E-01  1.27904728345825940E+01  2.50235578903465240E+01
  5.07436062422724900E-01  1.97887471919982150E+01  1.85756500537622990E+01
  2.49948351789403130E-01  1.02378229740426270E+00  4.41577608323116080E+00
  3.16022212934137680E-01  1.54372100331290390E+00  5.02150015646931450E+00
  4.72818350263822220E-01  1.72947715176294120E-02  8.01615621471245810E-01
  4.46689977500956030E-01  2.46699536011329630E+01  7.57011702014315710E+00
  4.74581552528920360E-01  6.40908433198888710E+00  1.41436131049945980E+01
  4.86590143357422540E-01  1.10076059627552460E+01  2.47368127299747190E+01
  2.73281005279713530E-01  2.18514857069003480E+01  1.97823190037679420E+01
  5.20515140446715560E-01  1.06598655541331640E+01  2.10087516994180420E+01
  4.13811620468168510E-01  2.44159376001027050E+01  6.68462228987509640E+00
  3.81419328643079860E-01  5.08842945851016900E+00  9.50034359260660290E+00
  4.05593309893122810E-01  1.38003123874598860E+01  2.78360054345497440E+01
  5.85380732291966590E-01  1.06218857423549360E+01  1.60539529598068850E+01
  4.06599624824484800E-01  3.42917756310888280E+00  8.89698116158671940E+00
  6.40456937776772590E-01  5.28650615874671990E+00  1.37115840667088520E+01
  4.75626642073745920E-01  1.97255145084694800E+01  1.15914838311633840E+01
  5.09222041678605210E-01  1.91580551705263850E+01  1.63868604604614950E+01
  5.77820253962530560E-01  1.11679619880339840E+01  2.81129410362902090E+01
  3.80273533482480450E-01  1.63674412741012210E+01  2.20915895205183550E+01
  5.01406606281285510E-01  1.87932835269677910E+01  1.18816456092276010E+01
  3.59079136884617700E-01  1.90849484231515410E+01  2.56582213135619530E+01
  5.94092381958372510E-01  2.13093499562172680E+01  1.61947380422201770E+01
  2.54611020839302520E-01  3.81518209997370090E+00  3.85306538891890950E+00
  4.99223721401470310E-01  2.20787404876705690E+01  1.14106087509757860E+01
  2.54611020839302520E-01  5.75921471886301720E+00  1.44714171386014700E+01
  3.20574425314766210E-01  7.69461086827617710E+00  1.23027453295236860E+01
  2.85767805251094040E-01  9.53912586220454270E+00  1.98195718335653550E+00
  2.54611020839302520E-01  7.62873501952493440E+00  2.11654883382276890E+01
  4.12246671516209600E-01  1.90504125080980630E+01  2.48881435559901970E+01
  4.41298336829792340E-01  6.61394146227479760E+00  8.88282422211113070E+00
  7.09985914168247060E-01  1.70032118645723940E+00  2.45546720673561830E+01
  6.80956647410425740E-01  2.43304799545718920E+01  2.09993934518502560E+01
  4.75338540515479570E-01  2.26901400334332380E+01  2.75949456372580390E+01
  7.49588614928249000E-01  1.79950276106078060E+01  8.76586230146139830E+00
  4.74033319401206570E-01  5.98820304931995030E+00  7.16348228750928410E+00
  5.20515140446715560E-01  2.68983214414798400E+01  7.72634863008301840E+00
  5.48131117613959250E-01  2.32162999000732770E+01  2.47295224608058210E+01
  3.46733456860136300E-01  2.01946507908265080E+01  2.88749101071791540E+01
  6.97384645011991290E-01  1.93133930497339500E+01  2.83156619144640200E+01
  3.78209123272245940E-01  1.58231285636931600E+01  1.28228889496248840E+01
  3.82382183723224410E-01  1.23043896538397170E+01  7.31358521675034550E-01
  4.46537248270915300E-01  1.35318681029797330E+01  8.23067781386662030E+00
  6.08690451339190200E-01  1.50400651382656460E+01  1.61003103155210640E+01
  2.59062449636064510E-01  1.69457955284791610E+00  1.18291470815973340E+01
  4.43756654693070110E-01  2.88144381158602590E+01  2.94203282801641170E+01
  3.18942867500738640E-01  1.15357587273371890E+01  1.92636436209115660E+01
  7.16535845940979770E-01  1.13452304173514820E+01  5.22070513410493310E+00
  4.62836237406567810E-01  2.87502703798706420E+01  2.99112122496570410E+00
  6.97384645011991290E-01  2.14075121773917270E+01  1.22796328141904660E+00
  2.47647088603063280E-01  2.23936999976008660E+01  8.25933346456595530E+00
  4.05793634226126800E-01  1.65688663332680120E+01  1.65821643255950410E+01
  5.37364664263313330E-01  2.53889830122787700E+00  1.32532056539777190E+01
  5.72881440675418570E-01  1.55729664682201520E+01  2.26180943376918440E+01
  5.04213456464067280E-01  1.34355365046824390E+01  1.79798758258288170E+01
  3.86557871019070410E-01  1.10437952102378730E+01  1.06165723247820040E+01
  5.62178328188990490E-01  2.50134197790649860E+01  5.91327499538560450E+00
  6.41715074739605920E-01  1.25783142774173060E+01  8.75484026503702850E+00
  4.54567147313974470E-01  1.88505717808041030E+01  2.27192291611841350E+01
  3.97011970696729720E-01  1.97282650371886170E+01  2.44468783597555550E+01
  3.99477862283745790E-01  2.46845778743732040E+01  2.93089401610838430E+01
  5.15931587153482510E-01  1.92584935225324400E+01  8.71398447110079390E+00
  5.98026541173087530E-01  1.97243175242907150E+01  1.32655076269027030E+01
  5.94917806945655060E-01  2.55318056002872140E+01  1.10215124213868110E+01
  3.86557871019070410E-01  1.54115583399602030E+01  2.54239798282721130E+01
  5.52347772924787250E-01  1.36890091599370130E+01  2.54187183428420450E+01
  4.05793634226126800E-01  1.16395567193925600E+01  1.41034077754705190E+01
  4.66753989857397040E-01  2.83422246083879410E+01  2.77254782824195160E+01
  6.77666041374141330E-01  9.79238400191689530E+00  2.93561316052772660E+01
  3.23306573977224420E-01  1.44282580729403770E+01  7.91677196665288110E+00
  6.88340418185590860E-01  4.25016106489386300E+00  1.28801429916986780E+01
  4.11696508529454960E-01  1.70991674860360020E+01  1.04749137872206650E+01
  4.03052389307286420E-01  1.34547990483335620E+01  1.16633427343532520E+01
  2.97529618718302210E-01  2.48743339894636930E+01  2.50668195095143320E+01
  3.13090147150790890E-01  6.18619554272391440E+00  2.50205241898834170E+01
  5.01435669612667030E-01  5.64888463940804630E-01  5.01538104808747500E+00
  5.26482748420329030E-01  5.98757369045177070E+00  9.61778490390991610E+00
  6.75156127532392600E-01  4.48506970255301680E+00  5.31545480594859040E+00
  7.20816873845379820E-01  4.48649043213774230E+00  1.76829926894713590E+01
  5.30006102735105960E-01  1.81965069720034870E+01  2.78074319570361870E+01
  3.43353541919950760E-01  1.27056945511395940E+01  2.69639433662946470E+01
  5.32877675645020420E-01  1.70305615265777630E+01  1.51359072979246960E+01
  6.44956217916396120E-01  1.81259768797581630E+01  2.12188817135968670E+00
  3.55036581058269410E-01  2.91907553994708520E+01  3.69753987145616450E+00
  4.30054269381220950E-01  1.91907523942269870E+01  2.26764189170045770E+00
  4.93734512940847830E-01  2.92050828743499160E+01  2.73048028326407750E+01
  3.42409596243210680E-01  7.27735232420295390E+00  1.05132793571401490E+01
  5.58952633370732950E-01  1.32804158222052080E+01  1.06489066292162830E+01
  4.49954956992444630E-01  2.94469661264887530E+01  1.86828357569382530E+01
  4.11346310528290360E-01  5.10580383529149180E+00  2.35452608991125120E+00
  4.72818350263822220E-01  1.44942016005262180E+01  1.90422501442360530E+01
  5.00672486592370710E-01  1.14095110461408120E+01  1.14240415523922480E+01
  4.15334611176110170E-01  1.07692414598898300E+01  2.58966443033339640E+00
  7.70254277643880240E-01  2.08824665824427850E+01  1.43083363740440440E+01
  5.32262962461145860E-01  1.73216966127376890E+01  2.84098012497700690E+01
  4.01880163826280960E-01  2.39640319042943770E+01  2.89595983003373940E+01
  7.41720708060832300E-01  1.27057252077552880E+01  2.27901317062843920E+01
  3.01674668393272730E-01  5.17479865605455650E-01  1.24739112050015280E+01
  2.66929568161810020E-01  2.79958057806250940E+01  5.85934947738761200E+00
  4.15334611176110170E-01  2.02603622067910050E+01  5.62396982535842230E+00
  5.20369884994360540E-01  1.34839250087868890E+01  2.87458702323839860E+01
  2.84672167568555990E-01  1.72536254356117520E+01  1.68408376962911850E+01
  5.18912146576496980E-01  2.78314979539663380E+01  1.49309936507813590E+01
  3.90540239164096370E-01  4.02512475494381230E+00  1.51723470761097270E+01
  3.63079661055833470E-01  2.58356945918990140E+01  5.48946593137160300E+00
  4.73113776075054650E-01  1.28738457585558180E+01  5.59398594551288400E+00
  5.55687039951364880E-01  1.20859448588983580E+01  6.25479264171049460E+00
  6.97384645011991290E-01  6.36799654683420440E-01  1.34649885602703760E+01
  3.54092873053847420E-01  1.10753997927838320E+01  6.25630990641538000E+00
  7.37991961479508610E-01  6.53106080738574680E+00  2.11167049206947550E+01
  5.10790949981952740E-01  1.74462309572126060E+01  2.37435298682837410E+01
  7.03918080384424090E-01  2.71235574287876910E+01  2.77762556462559540E+01
  2.69326463995374250E-01  4.45491638050720960E+00  1.19455136624712390E+01
  5.39922025342825940E-01  1.24713908211721770E+01  4.66525169868120580E+00
  5.39922025342825940E-01  2.83531025437730830E+00  2.19619204173826820E+01
  3.52682444144397330E-01  1.65143843588563310E+00  1.31981245662310250E+01
  3.17084428049163950E-01  4.74993106360792620E+00  2.69512253312805190E+01
  3.92511582998476170E-01  1.21964087668309900E+01  1.95266157393536660E+01
  2.92799561075502800E-01  3.29757810849689470E+00  2.52527945144954820E+00
  3.63105686475124490E-01  1.57121538032441330E+01  2.75251705576672960E+00
  3.25036994184950640E-01  2.75379878170389000E+01  2.18457660712263970E+01
  5.70902198024309190E-01  1.56910244140877850E+01  2.78691827963926220E+01
  6.18138908065390960E-01  6.53179461938419690E+00  1.59907420194170730E+01
  3.10705613459761840E-01  2.42722501375289140E+01  1.85760234681898590E+01
  6.99092076263204730E-01  1.48141167961365630E+01  2.18638001964099790E+00
  4.40295189098215370E-01  8.30958468939669000E+00  6.49946061732127590E+00
  6.52034765531911640E-01  2.29533687356988840E+01  9.17296382127374340E+00
  5.12628979659419230E-01  1.82641706945532080E+01  2.44019513959458010E+01
  2.68569610726517900E-01  2.27521844148211620E+01  1.55300193164942490E+01
  4.41473589537221400E-01  2.75779343787904810E+01  5.28768484655007680E+00
  7.41623060643924430E-01  2.51289552918121830E+01  3.28295863292686980E+00
  2.49794182180603610E-01  1.53925520074841770E+01  2.60598306402501300E+01
  3.44856808658559500E-01  2.60835910510258420E+01  8.01748922426478750E+00
  6.83701617051292750E-01  8.24950361370774130E-02  2.16986766014703460E+01
  7.19599311285852310E-01  1.42869864293405300E+01  2.27435138900582250E+01
  6.67521681419926690E-01  2.07834680581658800E+01  9.60458463298916070E+00
  5.40946473112310590E-01  1.76022369647016900E+00  1.83098664109437190E+01
  3.83579206291793930E-01  1.13173605199236030E+00  7.41423446236103350E+00
  5.04339573614743570E-01  1.09786513936713310E+01  9.72918715286218650E+00
  6.35523375007872900E-01  5.03240348486526030E+00  1.49830096751971700E+01
  3.44905765886116280E-01  1.59607203888470930E+00  2.68624047415517350E+01
  2.65726189967390210E-01  2.35578211756454930E+01  2.15460734909153970E+01
  4.87785457169642190E-01  2.69371909472410560E+01  2.46951169310179710E+01
  3.71299762957800540E-01  2.55908863105090420E+01  1.26144175159758770E+01
  4.13811620468168510E-01  1.66652980503210560E+01  2.77293309093088570E+01
  5.69423614487483490E-01  2.36812403943057180E+01  7.33754546492579610E+00
  5.83429036676414100E-01  2.36579745635520670E+01  2.80239065258272610E+01
  5.30006102735105960E-01  2.54327921648086260E+00  9.20068171068744430E+00
  5.16710955738981780E-01  1.46437390693298770E+01  2.58979669734724420E+01
  2.65726189967390210E-01  1.02611719189688020E+01  9.44949983887627280E+00
  3.18942867500738640E-01  7.90349581519197830E+00  2.18824904597461970E+01
  3.23881608201221470E-01  2.80169999629666220E+01  4.66193745408670160E+00
  3.54092873053847420E-01  7.12581234251213760E+00  5.80440759187281150E+00
  5.12509616084684260E-01  4.20784941010941880E+00  1.08412767522731050E+01
  4.99223721401470310E-01  2.04388421829329760E+01  2.66792548175254860E+01
  2.56092450391898300E-01  2.19502734172471070E+01  2.58727627937714570E+01
  5.45765227979075810E-01  1.82491577872467910E+01  2.89576919114964470E+01
  6.94010183176834960E-01  2.60926456780055920E+01  2.02593949921087240E+01
  3.57201130995523370E-01  2.31119846585255180E+01  8.17646344605196520E+00
  5.25895496843049500E-01  1.74018499864355540E+01  5.12311653325405740E+00
  5.10790949981952740E-01  2.88342710076213860E+01  6.24204668386101340E+00
  4.89717368181109780E-01  1.96804398661092930E+01  1.06280938343748450E+01
  4.82769235883485770E-01  2.12256067009913960E+01  2.50693060410814180E+01
  6.93278360304079300E-01  2.20296487005327430E+01  1.01502756478598980E+01
  3.35017483125717060E-01  1.16154653616918370E+00  1.95603459386944000E+01
  3.26514001167033020E-01  2.32589713805109350E+01  1.90011978738374570E+00
  4.75880684447443510E-01  2.71963034289643130E+01  1.95505964553582210E+01
  4.22354771203238230E-01  1.84157343256703850E+01  2.34801793174465770E+01
  4.11966131227655820E-01  5.56044390121385580E+00  5.47349359076804290E+00
  7.30946391186454210E-01  1.27088341044672630E+01  7.38931394811201430E+00
  4.22201084465533680E-01  1.91802342161682550E+01  2.38382866425632470E+01
  5.15931587153482510E-01  1.17016761689091520E+01  1.58377799041044420E+01
  5.52347772924787250E-01  2.72319364863519910E+00  1.91276475958495670E+01
  2.49794182180603610E-01  5.06929772604306720E+00  9.61550024132513670E-02
  4.50103975287380020E-01  4.35531173094506930E+00  9.89056889525078200E+00
  3.61769499680632390E-01  2.95151104904841650E+01  8.00390534424892230E+00
  2.77147605524350650E-01  7.86822018092130550E+00  1.93069520457046800E+00
  7.64764367446448820E-01  1.62071248560778610E+01  1.12396436397995530E+01
  5.71326189973923350E-01  1.59688619814660790E+01  9.78529493531085670E+00
  4.07877171249442140E-01  1.80827490901204160E+00  2.16644475901157460E+01
  4.46540105696671490E-01  5.13588814846686240E+00  7.51368935859372740E+00
  5.07606992315717240E-01  2.76086763987001720E+01  9.58944589626611870E+00
  3.01731430220296380E-01  1.66354114920265100E+01  1.58781226029206600E+01
  4.32382463464541460E-01  1.60463276090245190E+01  2.49080122451228300E+01
  3.25762576013666160E-01  2.26954221697826880E+01  2.95622734879720250E+01
  6.24920360555607160E-01  2.91972938234140250E+01  2.84231425071547930E+01
  7.38532964590205680E-01  1.64389111552909420E+01  4.51473152715387020E-01
  3.92511582998476170E-01  1.45641470311410280E+01  1.23259533979019160E+01
  2.97561439636419770E-01  7.29067455988643420E+00  2.18200806195797200E+01
  3.46434506905438330E-01  2.86654360359326250E+01  8.29097873557823210E+00
  5.89502618647478990E-01  1.45777926108136850E+01  4.04256988238511190E+00
  3.32399546609116130E-01  6.95826719351472440E+00  2.62828311842359420E+01
  5.77649046292645880E-01  2.42113969452149690E+00  2.88885273548724340E+01
  4.31729360191427780E-01  1.04484086487294030E+01  4.50460486272487160E+00
  3.17950877609215300E-01  2.19537158614670670E+01  1.68501469765494460E+01
  4.75880684447443510E-01  2.73919616169056160E+00  1.51587296084789590E+01
  3.91816801400439550E-01  1.51284880720264780E+01  3.23083424198382870E+00
  2.50163292655703180E-01  1.88681697574581510E+01  1.48185079484096710E+01
  3.42074681651230290E-01  1.78619915758611540E+01  1.54074754954997440E+01
  3.50974061745161330E-01  1.76639054581687630E+01  1.43068162811546050E+01
  6.18566685513849460E-01  1.77800185602774370E+01  2.26567929161599860E+01
  3.24719866931951940E-01  1.08754152221338880E+00  2.17978755733403450E+01
  3.57201130995523370E-01  1.66389646308946590E+01  2.69592672946107330E+01
  3.13090147150790890E-01  2.54070863115015090E+01  8.86401481387702720E+00
  2.58355477869490890E-01  6.22604789051354150E+00  5.39682571837646560E+00
  4.83351594707823830E-01  7.50003602031599390E+00  5.00585695898948120E+00
  5.48463672908306780E-01  2.93806202761244890E+01  1.26584279767231250E+01
  4.24351701398837560E-01  2.62614832897809090E+01  2.48976441712270090E-01
  6.80557430527969220E-01  5.77704200717252280E+00  2.41155465351272300E+01
  3.73125396709624990E-01  4.68628600541260900E+00  6.02294858157420170E-01
  6.77808113742920780E-01  1.17425342939473070E+01  2.04953146002398260E+01
  7.67512613708393760E-01  6.11739530070490020E+00  2.96747847309068220E+01
  4.76544583128828500E-01  2.50749324785744180E+01  1.24605069018220500E+00
  6.97738347479756800E-01  1.64920815281198470E+01  8.47734695926097540E+00
  4.49545157175862540E-01  1.73043934011464630E+01  2.65052009554605200E+01
  6.25336422111717830E-01  2.14333914580123310E+01  4.56872682354302650E+00
  4.99487474973056500E-01  2.46783911793189570E+01  2.84100023269780810E+01
  6.67521681419926690E-01  3.76130619444505590E+00  1.07881252950887040E+00
  3.44170209092795430E-01  1.00486367770791960E+01  2.35080467527146060E+00
  4.01880163826280960E-01  2.04536435440904190E+01  6.41760819844964290E+00
  5.95035019805102560E-01  2.07362962345225020E+01  2.12456903699130710E+01
  5.20348764567513020E-01  7.40445279453413450E+00  2.96875117459795420E+01
  7.44845164893703690E-01  9.11348803995518250E+00  9.51503371588056620E+00
  6.94010688862415210E-01  2.27333709109687770E+01  5.10056344505076890E+00
  4.00156705760987560E-01  6.83579933236203190E+00  1.50195226101746950E+01
  6.57722721512726150E-01  2.43342313806718840E+01  1.16225290949804570E+01
  3.61198882346046800E-01  2.95912787338462590E+01  1.42225809514581380E+01
  6.07167866036927160E-01  2.76087128394266690E+01  2.38312976648135010E+01
  5.81677556670477180E-01  1.87943261820338420E+01  1.39901839550951020E+01
  3.17579752081870750E-01  2.91829245196657570E+01  1.17616661371604270E+01
  2.69169509893181310E-01  1.96703191986930510E+01  1.76019130826273470E+00
  5.36592099856838090E-01  1.56193360696417720E+01  2.91683647270083380E+01
  3.01799748246536660E-01  4.08974375000973110E+00  4.33949941994578130E+00
  4.05794678723965420E-01  8.70347194868922360E+00  1.20235982117553030E+01
  3.65995101567518470E-01  3.86920090798901390E+00  2.80864466448815160E+01
  3.39481361119070080E-01  1.07830547872978620E+01  2.01578314667038110E+01
  6.97384645011991290E-01  2.61175452418431540E+00  1.81171739856954140E+00
  6.82253548551889110E-01  2.81560466078982010E+01  2.01987112879491660E+01
  5.67035311113654220E-01  1.07996350559790670E+01  2.36836201326587030E+01
  6.47236078597052340E-01  1.40601398198826550E+00  2.58795055844353640E+01
  5.92513140571182980E-01  3.61157223050393260E+00  1.17706939130376520E+01
  4.71553509741754610E-01  2.64281890929374510E+01  1.25185412093058300E+01
  6.55885333720611730E-01  1.10895379085629320E+01  3.62672579450305180E+00
  2.83840017940612550E-01  2.76961408217564190E+01  2.60194743270223440E+01
  5.65219172841477580E-01  2.40437099194083540E+01  1.47736983623070550E+00
  3.48480710258510130E-01  2.48559686435282680E+00  1.77955720346734620E+01
  6.26908127420837150E-01  1.61182570749872340E+00  8.32569784186097550E+00
  2.62213147743524950E-01  1.86083717565435090E+01  1.53257147703870940E+01
  5.08737612195334600E-01  1.92556453115120880E+00  1.57123508803024220E+01
  4.59281804788439010E-01  2.85329449118425770E+01  1.32030189944297550E+01
  2.86550378078914000E-01  1.74293299181141170E+01  1.37141803987306620E+01
  2.99038091422116640E-01  1.95807697441538800E+01  1.23794074521003170E+01
  3.62493203924014780E-01  2.58418805836081590E+01  1.19260675086566220E+01
  5.64616421781660800E-01  8.70336180112300890E+00  1.82892138766298200E+00
  3.87533216804236250E-01  1.84087124508635290E+01  2.18700482479055720E+01
  3.90540239164096370E-01  8.06007857611689720E+00  1.83683386509202760E+01
  5.44640939783434240E-01  1.06279460177740890E+01  8.10061315672520440E+00
  3.84420431658369740E-01  1.95381184522693200E+01  5.96632676956807730E+00
  4.53492046339069340E-01  1.40250774732922690E+01  1.64107591651481930E+01
  6.38023782753992030E-01  2.72081250474450550E+01  4.14176498727039450E+00
  5.00672486592370710E-01  8.41913536729026650E+00  1.67688665077969360E+01
  6.08873319065221350E-01  2.40207429947288630E+01  5.29439265736926320E+00
  3.18942867500738640E-01  2.06406296354425190E+01  1.32476012941765120E+01
  2.65726189967390210E-01  2.34908680011700600E+01  8.57473504939304480E-01
  7.10410487391814980E-01  1.20764984622593450E+01  1.02472655735237680E+01
  4.66797018098134940E-01  2.69809016375642300E+01  1.54757623661356650E+01
  3.89889811574280460E-01  2.79608601045636330E+01  1.91448082354001590E+01
  2.92456502136063850E-01  1.57907318118149290E+01  3.40287261848274890E+00
  3.63079661055833470E-01  1.80823209367653030E+01  6.74051175708791210E+00
  4.13811620468168510E-01  1.35371579212439720E+01  2.35923325531724510E+01
  2.60417758313763680E-01  1.40780960692429820E+01  1.18902540836649720E+01
  4.41940562555082740E-01  3.48601155687551410E+00  4.81814321723357080E+00
  3.08418768867630710E-01  8.92986972438183630E-01  2.33018135464994460E+01
  3.04461637453634990E-01  8.28267375162768540E+00  2.49379777448209370E+01
  4.75626642073745920E-01  1.14680249448267180E+01  8.87415434155735380E+00
  4.19693779402500590E-01  4.60690128908259310E-01  5.93043086940108920E+00
  3.26514001167033020E-01  2.31711761224095980E+01  2.38561344006443580E+01
  3.55388479881239270E-01  3.40023585901881290E+00  1.34852274794315650E+01
  5.33859136323620030E-01  1.28614576570096160E+01  2.78264599074926160E+01
  3.39481361119070080E-01  2.68465274607173650E+01  1.62704322070498260E+01
  2.51153087880769550E-01  1.53784829264610730E+01  2.04162345002464820E+01
  4.21603844523193420E-01  1.64859549186875860E+01  3.24239307392166200E+00
  5.20348764567513020E-01  2.35158556193950550E+01  7.24159793497420880E-02
  6.86210935380316480E-01  1.03565515942213560E+01  2.71453172600620720E+01
  4.41140732643827070E-01  1.99151230756889820E+01  8.01940519628426780E+00
  6.26908127420837150E-01  1.13664086297502390E+01  7.19256115052742650E+00
  5.11871480770454750E-01  1.86807046463080870E+01  1.28883585280170030E+01
  4.70990686464341570E-01  1.78971266220577120E+01  1.22582647889294640E+01
  5.20369884994360540E-01  7.37165781326786180E+00  1.67592778616826620E+01
  3.04306421741581800E-01  1.35100937236745150E+01  9.01646380100567410E+00
  5.88333222664750720E-01  2.12132689102405470E+01  1.73727264998050290E+01
  6.64541222436485860E-01  2.38536298989220580E+01  2.69179122875341070E+00
  4.24351701398837560E-01  2.25834429991725760E+01  2.51128220007761400E+00
  5.55920758830291820E-01  2.66963601612174100E+01  1.80577060569793950E+01
  2.89042915761794110E-01  2.02482070919773140E+01  1.51563247005664930E+01
  2.47647088603063280E-01  2.79294335786673500E+01  1.36390087681704450E+01
  5.88686278844574580E-01  2.48686138970988500E+00  1.21287704403979220E+01
  3.53063097104977870E-01  1.68868099193702360E+01  1.33759373618519780E+01
  4.50600139601478670E-01  2.39151126641670440E+01  1.51544915556918540E+01
  6.65634982039605120E-01  1.00555275792059180E+01  1.49391079030414440E+01
  4.69750256464274060E-01  2.91907889616573680E+01  2.07042353387152360E+01
  6.13801455222646290E-01  4.08506998866890300E+00  1.41702767909438860E+01
  5.14582826754803690E-01  2.39244489249673470E+01  2.22345507814146120E+01
  3.81419328643079860E-01  2.61805606082425730E+01  2.72390876313904290E+01
  7.28196096543639280E-01  1.84790716330759500E+01  2.65599451921474530E+01
  7.33199636544987770E-01  1.88297628396266350E+01  7.54127751177979280E+00
  2.86550378078914000E-01  2.44242036046216490E+01  2.00365378106479960E+01
  2.52169786807371790E-01  1.58544545684480360E+01  1.21933686945450330E+01
  5.01406606281285510E-01  1.09567187516940710E+01  2.91710180222154560E+01
  4.18948713530687210E-01  1.84957055998439190E+01  1.70352500856329950E+01
  3.62620749938717070E-01  2.36447099547433980E+01  1.35081745811753430E+01
  3.15231116497538320E-01  2.43787266788975860E+00  8.14511400335252490E-01
  2.83840017940612550E-01  2.83587575541562660E+00  2.11383753097638230E+01
  4.72199721516180480E-01  1.63429452421449890E+00  2.30587433556198320E+01
  4.41666133880560000E-01  5.84601112196498730E+00  1.13157089121340930E+01
  3.39073066583844400E-01  1.68811459845091570E+01  2.91614508180806990E+01
  2.54831192030272870E-01  2.80804815591336840E+01  6.37379161987269520E+00
  6.65634982039605120E-01  3.57476751639383970E+00  2.61002437107426250E+01
  2.69326463995374250E-01  4.18046609909742010E+00  2.68123285829768360E+01
  3.08418768867630710E-01  2.84496242447858340E+01  6.96533891376367190E+00
  5.63324676144028570E-01  2.02479717713949900E+01  4.64602702364312490E+00
  2.49794182180603610E-01  2.10144487821316070E+00  2.22849577271581860E+01
  6.44956217916396120E-01  2.57405027199183110E+01  9.80006996820372760E+00
  4.26043897269923290E-01  2.89634721340761560E+01  2.24793273134118400E+01
  7.44533748089133770E-01  1.29869964102962540E+00  2.06311424789625410E+01
  2.47647088603063280E-01  9.92405587976318770E+00  4.93580811995491860E+00
  3.47451934045076260E-01  1.19849702224660020E+01  2.76786336852702210E+01
  4.83182858574677270E-01  2.26056125221734380E+01  1.97096279237931360E+01
  5.38382388131525950E-01  1.18630829038631870E+01  2.53001425176196760E+01
  6.08690451339190200E-01  2.80068583284872760E+01  2.87464948736691890E+01
  3.93024383017402490E-01  1.72929604368868870E+01  1.16408125181371090E+01
  2.54611020839302520E-01  2.83652587529548510E+01  9.68027300392411760E+00
  6.82253548551889110E-01  8.02904070667895550E+00  2.87632329803630600E+00
  7.67665169660178040E-01  2.08688389161259590E+01  1.10366294286871050E+01
  3.95839252948554370E-01  2.46952300661258350E+00  2.28229909027952760E+01
  5.15379284759350490E-01  2.22214237529410820E+01  2.51041621162438670E+01
  5.09222041678605210E-01  2.91550961877765360E+01  4.56042413207138610E+00
  4.72038094207023740E-01  1.41727600789677910E+01  1.11640116452740350E+01
  6.64541222436485860E-01  8.78420144373500910E+00  1.45518071989926470E+01
  4.84167632717154460E-01  2.91005435755468550E-01  1.17220319702045210E+01
  5.39922025342825940E-01  1.44782129048997530E+01  1.80301339510370080E+01
  3.77759649416993960E-01  2.25994091027834860E+01  2.17813730073021860E+01
  5.06367095649294540E-01  2.04482781876387070E+01  3.59536987393106820E+00
  3.05466220251299840E-01  2.24533135844388770E+01  2.24477952396504180E+01
  7.55604472483241980E-01  6.13270700391966720E+00  1.55809214790978940E+00
  7.68548325332126940E-01  7.24796483535073220E+00  2.52208924036474680E+01
  3.09209541844886400E-01  1.72160063349243200E+01  3.23348547176728920E+00
  4.71553509741754610E-01  1.53893490023624970E+01  1.44611295143638930E+01
  3.65995101567518470E-01  2.92714708211087990E+01  1.35698932414154570E+01
  6.26517897412854200E-01  5.14414431052175210E+00  2.29616965401082710E+01
  3.55388479881239270E-01  1.87305503113199720E+00  5.89528646894241690E+00
  3.90423892796942250E-01  2.76853825356251580E+00  1.60237862279851270E+01
  4.92172780862642510E-01  3.21703749201102700E+00  1.82085071865200800E+01
  6.66683478841499700E-01  2.51431720509511190E+01  4.69062823117875280E+00
  6.94903868090152520E-01  1.71730925782206860E+01  2.49179378354880610E+01
  7.65642972591057180E-01  1.22151202047413270E+01  2.89528593472649550E+01
  3.52682444144397330E-01  5.09339721032221870E+00  8.31843923250214350E+00
  5.39466591144820300E-01  2.60147556149665180E+01  2.51462146809822790E+01
  4.26043897269923290E-01  1.68963624155916530E+01  1.41867643041651550E+01
  2.53364602799301860E-01  2.69847511365213070E+01  1.00248716838199440E+01
  3.83290088603488770E-01  2.20349578153211740E+01  2.29937707255083730E+01
  5.55920758830291820E-01  1.38243818134134100E+01  1.41573592533364460E+00
  4.13050329149462850E-01  1.85805408958257590E+01  1.78623704009677730E+01
  5.20369884994360540E-01  1.33412712074811280E+01  1.57187045083113330E+01
  6.99477888048091770E-01  1.05501783283658530E+01  1.90092504614266740E+01
  3.59079136884617700E-01  1.80206547537138310E+01  1.34560949877089300E+01
  3.01799748246536660E-01  1.19474661812299910E+01  1.66175515348988410E+01
  5.28731261397185740E-01  2.42409624947344430E+01  2.43995273865797810E+01
  6.80338287111455390E-01  1.55341236636353130E-01  2.63231175828597550E+01
  4.74033319401206570E-01  2.25115167056258830E+01  1.61598604341225180E+00
  3.53302408788900560E-01  2.83024604765645410E+01  3.37267275917838560E-01
  4.03052389307286420E-01  6.86734417290417110E+00  8.07909317410491750E+00
  3.33973424357718240E-01  1.52899895570245780E+01  1.23511930327632770E+01
  4.68162992243922280E-01  5.30566406366303140E+00  2.63973850103995820E+01
  4.72192289519205580E-01  2.16742345249524140E+01  7.90479839047582720E+00
  6.73658304681401180E-01  1.63122004270171350E+01  2.59815816353775550E+01
  4.61178090502161720E-01  3.61296238977456110E+00  1.59164151626544170E+01
  4.18189647978318300E-01  1.15969813307262320E+01  2.68076327475955220E+00
  5.15379284759350490E-01  7.76246246213803560E+00  4.04298176614158410E+00
  5.34553382826858140E-01  2.04343285891149370E+01  2.78057557570550070E+01
  3.70336582810533970E-01  1.06336305962022610E+01  2.88126371764210670E-01
  6.42747544188997020E-01  4.35241785073110950E-01  2.50302560399164310E+01
  4.50600139601478670E-01  1.09241590914795060E+01  1.08132574814822390E+00
  3.55036581058269410E-01  4.07787394959013750E+00  2.42228496876076950E+01
  3.54092873053847420E-01  2.52430897806726260E+01  1.52417482458210040E+01
  5.13614394364816020E-01  1.92164299316719770E+00  1.66196446131614990E-01
  3.65995101567518470E-01  1.35479377866483760E+01  6.68330678880706230E+00
  5.25383403930900440E-01  2.55853575565976320E+01  2.21094490435199340E+01
  3.83598938984435380E-01  4.95936195767553830E+00  1.88937115475341850E+01
  4.86073626967704090E-01  2.13870504129133750E+01  1.29472109252047400E+01
  5.96963967672292380E-01  1.90064283107479140E+01  1.94722926319245210E+01
  4.66553963192992600E-01  2.44923680397117420E+01  2.73870520658832890E+01
  4.15252526658189590E-01  5.97633285098582870E+00  2.85011805719566280E+01
  6.36786611163594070E-01  2.17363139087810070E+01  2.96278493949432690E+01
  6.06760633376156730E-01  1.43275512575193870E+01  1.46461895906365690E+01
  5.25895496843049500E-01  1.53465170266120340E+01  2.11919744506028460E+01
  5.05409982910693060E-01  1.63679539919762010E+01  2.40278039177288680E+01
  5.18912146576496980E-01  6.12614673089820270E+00  2.58503389805027370E+01
  5.81677556670477180E-01  2.88814632955929440E+00  2.50591439284442610E+01
  2.50625569857546320E-01  2.69893950769868880E+01  2.15532583838449660E+01
  6.67521681419926690E-01  1.96966279859347610E+01  2.05307965784712390E+01
  6.52034765531911640E-01  2.35044153920760760E+01  1.61769948521534490E+01
  3.81419328643079860E-01  1.42911272646890910E+01  2.38432588933815380E+01
  3.18942867500738640E-01  7.35188746845013520E+00  2.25374247071331980E+01
  6.63973334543257470E-01  9.49971236191751520E+00  2.12460168175493460E+01
  4.05793634226126800E-01  2.14466883823411330E+01  1.20576889340167210E+01
  2.88617724104866640E-01  2.25568475446852330E+01  1.69146180281589120E+01
  3.17587838135982990E-01  2.50760551034755570E+01  2.03150805226720050E+01
  6.94010688862415210E-01  2.01192264517532810E+01  2.54647125218795340E+01
  3.25036994184950640E-01  1.49693420903707200E+01  2.19536939422983120E+01
  4.41940562555082740E-01  3.65187951830770440E+00  3.16859536143312640E+00
  3.05466220251299840E-01  2.67926763986042400E+01  2.54745945346247570E+01
  7.22984261441823330E-01  1.03161461813168640E+01  2.23661564592799170E+01
  4.60682082706054620E-01  1.43739035313871920E+01  6.68923021338694300E+00
  4.22201084465533680E-01  1.82959411937438790E+01  1.60361728745381460E+01
  6.24824560398126750E-01  1.36279620988140540E+01  4.79720183037477280E+00
  3.63079661055833470E-01  1.19683761269068280E+00  5.60518812202520600E+00
  3.25516939164680520E-01  3.19191791206112360E+00  2.27683630072217400E+01
  4.87886881528419990E-01  2.94425812961494240E+00  1.41945238949859900E+01
  4.34172467284937990E-01  2.00371731045577380E+01  1.94834544447530220E+01
  7.04082361725448710E-01  4.08549845853570210E-01  8.89424101469642810E+00
  4.40295189098215370E-01  4.11050717549104670E+00  2.83914383642929820E-02
  4.54567147313974470E-01  9.47768477590896020E+00  1.24017477717220800E+01
  4.89717368181109780E-01  2.04432484140605060E+01  2.22890760459109780E+01
  4.82771447840326400E-01  2.27142256097566390E+01  6.79884510650492760E-01
  3.54092873053847420E-01  1.35028082002050260E+01  2.20108995084104960E+01
  7.67457697882333090E-01  1.71612626059279340E+00  1.44536857870093200E+01
  4.43129600128677660E-01  2.76545869153679180E+01  1.29994522123731040E+01
  5.61514797181737530E-01  1.61225914943061670E+01  5.99006811942897870E+00
  5.82207618145930890E-01  8.18177615548645140E+00  7.51265017659255910E+00
  5.94092381958372510E-01  2.94675619305337190E+01  2.21528739782659970E+00
  5.64318884198494160E-01  1.87494228328049320E+01  3.15772130035255350E+00
  6.16837537735261420E-01  2.22352511369294030E+01  2.39729194090641400E+01
  4.20581746236023420E-01  2.87606767525730480E+01  2.33010256300612360E+01
  3.16022212934137680E-01  2.58905880101875850E+01  2.62546236832060130E+01
  4.59502380082057990E-01  8.37647595334789230E+00  2.12644839176647690E+01
  7.48336469443998900E-01  2.16425729478823920E+01  3.21116109923974860E+00
  6.90159994875631000E-01  5.54373166145734860E+00  1.24061401368024790E+01
  4.68364091588631840E-01  1.41259238966300220E+01  2.94977887471265240E+01
  4.05593309893122810E-01  2.67513393328456420E+01  6.72046154175622590E+00
  5.55687039951364880E-01  6.27846108556506090E+00  1.71360713113102140E+01
  2.83840017940612550E-01  2.20857250312930460E+00  9.94237192146642460E+00
  5.98280766214214580E-01  1.31562456854975490E+01  2.46478911856296890E-01
  5.84913004272127690E-01  7.62240998191936820E+00  1.92394197916206910E+01
  2.83840017940612550E-01  3.41177436713350610E+00  1.08953297613965920E+01
  2.83517655556827110E-01  1.29970480523603800E+00  1.73465047858901400E+01
  5.27599340399055180E-01  2.29024838928696080E+01  3.40798682059155040E+00
  6.24824560398126750E-01  2.92016324557811910E+01  1.08195487212419530E+01
  4.84167632717154460E-01  3.59290648376264210E+00  2.72830511216777300E+01
  5.66562802601083430E-01  1.67014830061236060E+01  1.24753393616521780E+01
  5.81213412342838430E-01  2.01419473460628320E+01  1.05379721839143810E+00
  5.13285974501586400E-01  1.43393580709175570E+01  8.74851497319704310E+00
  5.29625185962053640E-01  2.01903683800667260E+01  1.62842046401444020E+01
  3.30104909316010620E-01  1.98205921086504730E+01  9.34585412316965320E+00
  5.48174971142568520E-01  9.61306492273603830E+00  3.99329184619429170E+00
  4.72192289519205580E-01  7.87092548691114670E+00  2.31345966035039440E+01
  4.53126113496558960E-01  1.35869815201637700E+01  3.71981923792326620E+00
  5.25993347610763350E-01  1.55349750881826600E+01  1.96556701119724830E+01
  4.75338540515479570E-01  1.50188008192912830E+01  1.15888982029790330E+01
  4.30858982518450690E-01  2.74873410591578240E+01  2.10881839574743350E+01
  7.09741570678139940E-01  1.00807023372066440E+01  5.87990334929206870E+00
  5.05409982910693060E-01  9.03178032820212450E+00  2.52446212758346530E+01
  5.20369884994360540E-01  2.83358386338343490E+01  3.88141661797251170E+00
  2.73281005279713530E-01  2.31904863112152310E+01  1.30449107370065650E+00
  3.09574052588245370E-01  2.24441568506648180E+00  2.10962860179365140E+01
  3.18095930761502070E-01  2.55536136507348490E+01  2.85377896470983820E+01
  4.46537248270915300E-01  2.72850162989591420E+01  1.21907905275840790E+01
  6.38830345620663920E-01  2.82533560947171480E+01  2.00909546667659810E+00
  6.68397269451762100E-01  2.39284539422508970E+01  4.02176500730899720E+00
  5.32488384254616510E-01  9.40313736905587130E+00  1.13999776682822120E+01
  3.17579752081870750E-01  2.00905440107333710E+01  8.75748097841347220E+00
  5.16710955738981780E-01  9.22911945079374440E+00  6.76245249832230130E+00
  4.49545157175862540E-01  8.28738213620052730E+00  2.58532155199773360E+01
  3.20574425314766210E-01  1.06774689616470630E+01  8.96304604098164150E+00
  4.12246671516209600E-01  1.62777214183572450E+01  2.13044548052569770E+01
  4.94550785807675550E-01  1.94583762794207690E+01  3.94321001801953750E+00
  3.59079136884617700E-01  1.10433596681888680E+01  1.52094426062277000E+01
  6.10572080928614460E-01  2.83401871119593880E+01  1.21499419500469110E+01
  4.75338540515479570E-01  3.52786514710755480E+00  1.97659662201573950E+01
  5.09574347305064630E-01  1.15121290523912980E+01  3.23108948214190850E-01
  4.18189647978318300E-01  1.30612443985025100E+01  9.69718596874629490E+00
  3.76753951196820710E-01  2.12709643120920120E+01  2.42116709768079480E+01
  3.84533934306195220E-01  2.94112969057849900E+01  9.76453256657180370E+00
  6.60767019732147710E-01  3.74391461791804940E+00  2.08798684828992980E+01
  5.64318884198494160E-01  2.86096461213543660E+01  1.69786504750505860E+01
  4.69750256464274060E-01  3.41668533214218110E+00  5.72696733748525850E+00
  6.88340418185590860E-01  1.47433286730505490E+01  5.48957186555051280E+00
  5.93150731645016190E-01  2.08822429939842960E+01  2.00668609146029980E+01
  7.17499092254363010E-01  1.78997743878196940E+01  1.87646783716844330E+01
  3.79322922295397280E-01  2.61957662547369270E+01  2.42455636895460030E+01
  3.20574425314766210E-01  1.42543677296229380E+01  1.55994295327060970E+01
  7.17953871372127320E-01  2.04909131940250760E+01  2.30608255646265010E+00
  3.42409596243210680E-01  8.50387970732369070E+00  1.89516316802277420E+01
  4.43129600128677660E-01  1.01069568957379290E+01  3.13511230962406540E+00
  3.78068289465320630E-01  1.95705248114491360E+01  2.63842323335684270E+01
  4.75338540515479570E-01  1.14150949963888180E+01  2.28424628356731890E+01
  7.38532964590205680E-01  2.50794185257548960E+01  1.92482997009738530E+01
  5.07606992315717240E-01  1.70221120439216060E+01  9.55952181238730250E+00
  2.86134314477376340E-01  2.10724110954392150E+01  1.53472017176969900E+01
  5.07437626189109900E-01  8.41692885660248000E-01  2.72913799694486840E+01
  6.15073771326759470E-01  6.14352832706637300E+00  3.71430347192342180E+00
  3.30104909316010620E-01  2.09939387602126760E+00  1.12958034125070730E+01
  6.66683478841499700E-01  5.56499010501300440E+00  2.75015648781983620E+01
  7.49545055295440930E-01  1.07105202544222950E+01  1.24661077628496120E+01
  2.54824432159977790E-01  2.32282282858708950E+01  1.53134629273406770E+01
  5.72142532162989690E-01  9.57179914727004720E+00  2.81265781850715580E+01
  2.77147605524350650E-01  6.18703425236683560E-01  1.64378756904354400E+01
  4.68364091588631840E-01  2.62858682541413770E+01  2.14052770138155740E+01
  4.82771447840326400E-01  2.85015351366837140E+01  5.30624994405239110E+00
  2.50971712925384870E-01  2.92105003903453630E+01  8.53543464500707390E+00
  5.38024295323284910E-01  2.98320173413357420E+00  1.58997294929896780E-01
  4.13050329149462850E-01  5.47883468480883270E+00  2.51804123807117900E+01
  4.86590143357422540E-01  1.61933157071270910E+01  1.79205762779963000E+01
  3.16148313226467530E-01  2.91817816621403880E+01  1.63097062885267050E+01
  3.81419328643079860E-01  2.05285970438702390E+01  2.43813885638356420E+01
  6.52911031193170470E-01  7.80405323540135230E-01  1.55221179618995980E+01
  4.49150663742554990E-01  2.48161200307881450E+01  2.13422168607602280E+00
  4.73113776075054650E-01  2.84468301148561870E+01  1.41528673451858610E+01
  3.65995101567518470E-01  4.16807702277137790E+00  6.30640883180570280E+00
  3.46028387031474870E-01  1.89370491077842940E+01  1.85320687464929180E+01
  4.23675716525973380E-01  2.45799466027467980E+01  2.65014161356356580E+01
  2.47261092463374420E-01  1.28990126891319880E+00  2.36902735523873530E+01
  2.63339374245984010E-01  2.05827303075798580E+01  1.55955983648630120E+01
  2.59062449636064510E-01  6.79735622322797980E+00  2.20771836222161820E+01
  5.77180454669814490E-01  5.34800776470276240E+00  1.61528841871843550E+01
  4.06599624824484800E-01  2.88473568569725920E+01  7.56026634147953480E+00
  4.65278877330243820E-01  4.77030431762861260E+00  2.46625480445285210E+01
  3.07263188066738420E-01  2.92374808478442140E+00  2.99439721804918870E+00
  3.88697647565240350E-01  2.81187361124948070E+00  1.12032465104270380E+01
  6.62122603690132470E-01  2.57938140584776430E+01  2.32783920253852800E+01
  3.79322922295397280E-01  2.43165757053436460E+00  2.59035959077386660E+01
  3.53063097104977870E-01  1.20235535237668090E+01  1.88023578090870660E+01
  6.88885956497308970E-01  3.28190765666189100E+00  6.87750519031733810E+00
  5.33066537704075310E-01  1.79405745190144690E+01  1.00475026340154730E+01
  3.42074681651230290E-01  1.17137864943010610E+01  1.15034396646038100E+00
  4.24351701398837560E-01  2.85954518107204090E+01  2.41287717611029320E+01
  2.92456502136063850E-01  2.93232367087533700E+01  2.55050754575339910E+01
  5.90639534364661320E-01  1.53066957019532380E+01  2.37527849336370810E+01
  4.09705559579089850E-01  1.17520375050086340E+01  1.49137424261828870E+01
  3.59079136884617700E-01  2.13773734844260230E+01  1.92538410235511180E+01
  5.27599340399055180E-01  2.52960277923031180E+01  2.43581717928916250E+01
  5.38382256471750510E-01  1.17882914861258710E+01  1.31716292529443470E+01
  5.96963967672292380E-01  2.04866302062777700E+01  1.23458302337351660E+01
  2.96503602823160150E-01  1.54475572586396210E+01  3.88059567587285680E+00
  3.64593218166308700E-01  2.32557818239086100E+01  1.15835407906812410E+01
  4.18947112612636110E-01  5.61447242542207550E+00  1.93560846451195730E+01
  5.40946473112310590E-01  6.48745863660019320E-01  2.93928573447308170E+00
  3.35017483125717060E-01  2.73561155853818330E+01  1.87000305767599500E+01
  4.75626642073745920E-01  2.59679951751364900E+01  6.31752487901225910E+00
  3.04461637453634990E-01  1.16338523169892930E+00  3.73834482068534470E+00
  4.36315933331792570E-01  8.74968125374787680E+00  2.87079480062591620E+01
  6.77666041374141330E-01  4.67105541027383800E+00  1.99147914325204630E+01
  5.67035311113654220E-01  2.33436535929259820E+01  6.25388987160056690E+00
  3.38650161839631010E-01  3.95155126667599890E-01  1.51946426537307570E+00
  6.94010183176834960E-01  8.77693059921432630E+00  2.23946356423347200E+01
  7.10410487391814980E-01  1.44369365364369690E+01  2.02234009056921450E+01
  4.54567147313974470E-01  3.92211247627554900E+00  2.50168650358232650E+01
  2.52169786807371790E-01  8.91810968614206880E+00  4.40862102453115770E+00
  3.01799748246536660E-01  1.25111698082049670E+01  1.59530451564743960E+01
  4.27719079604653450E-01  1.38667927140737600E+01  7.41840895819922700E+00
  3.87762191716535260E-01  1.82317030128536680E+01  1.47789989877390240E+01
  5.72951670348821020E-01  1.51695752628374190E+01  2.68514154906009140E+01
  5.09222041678605210E-01  2.67095871677989190E+01  5.67156912749458280E+00
  5.25993347610763350E-01  1.59100371631354780E+01  1.59985554164890380E+00
  3.12648490279368120E-01  1.50760046401116340E+01  1.51798709224554110E+01
  3.32399546609116130E-01  5.36718334789238140E+00  7.85386667135327430E-01
  4.43807889241729470E-01  1.54684695367740680E+01  4.62040197803849130E+00
  3.44170209092795430E-01  4.35516206270305250E+00  6.99113621724538350E+00
  2.54824432159977790E-01  1.99177349290540460E+01  9.92253818106190620E+00
  4.21963532045373490E-01  2.28487184660200920E+01  1.09065434339738520E+01
  4.11696508529454960E-01  1.18456384436965990E+01  1.22244145056714440E+01
  4.11346310528290360E-01  7.92976072966027880E+00  2.89185804329968550E+01
  6.16837537735261420E-01  1.80784457479349130E+00  2.78644774194622930E+01
  4.83570943621045310E-01  1.73919840991267480E+01  1.60857175062504640E+01
  4.32382463464541460E-01  2.06725396534044780E+01  1.88946085060249840E+01
  5.92513140571182980E-01  2.81221123124855850E+00  8.11130622460802190E+00
  3.55036581058269410E-01  8.32892215554771550E-01  1.89538758092962420E+01
  4.74581552528920360E-01  7.46964770600667640E+00  2.03496213192682660E+01
  3.44905765886116280E-01  2.83592915805100110E+01  1.03207745639521890E+00
  5.96963967672292380E-01  5.25101018757200060E+00  1.04645085944691690E+01
  2.68569610726517900E-01  2.81722233489795180E+01  7.55597460657214800E+00
  5.80290806494985740E-01  9.66798404513739130E+00  2.34960072722936640E+01
  6.25336422111717830E-01  2.90099049021314850E+00  3.92669925737313900E+00
  6.17452885167652710E-01  2.56427842715298040E+00  2.68905432723365400E+01
  3.29506256422424390E-01  5.90162183666724790E-01  7.87743455723642420E+00
  2.58355477869490890E-01  5.00516251660543430E+00  2.20878828363843170E+01
  4.69641390777102340E-01  2.94890467218201630E+01  2.41200851138714720E+01
  3.49095179616795370E-01  5.49495558684474080E+00  8.89396612203451480E+00
  3.27988333844876360E-01  2.20505049199703720E+01  1.91186305114894180E+01
  3.86383264228710210E-01  1.60001335752870690E+01  2.05559981940194980E+01
  4.75543307221801650E-01  2.23777598011916620E+01  1.61727122099039740E+01
  5.07815655211632320E-01  2.08482649633513900E+01  8.43149596673912070E+00
  6.08088426536500660E-01  2.52331561069838770E+01  1.35248469590341570E+01
  3.93024383017402490E-01  1.97042040412820650E+01  3.09036013267238110E+00
  7.48336469443998900E-01  4.80174338231557480E+00  3.47276685747820930E+00
  3.13454063710418570E-01  1.68061421807570350E+00  1.25329167099862570E+01
  4.43133439323318520E-01  1.52563196971110030E+01  6.49762177015051720E+00
  3.62493203924014780E-01  1.44841652092784820E+01  2.74867243740449110E+01
  5.72881440675418570E-01  2.06869614375795550E+01  7.36351018355253030E+00
  3.71299762957800540E-01  8.60043657471329940E+00  2.79144137254397120E+01
  5.13143010843963320E-01  1.64754263646981070E-02  1.69493431476681130E+01
  3.87533216804236250E-01  1.49437721440946020E+01  7.31884232399616150E+00
  3.90540239164096370E-01  2.90299055786975690E+01  1.33348000126602260E+00
  4.11696508529454960E-01  8.13814930192849320E-01  2.25138190913681130E+01
  4.19670751191123690E-01  2.53757680296569750E+01  2.67796811643275310E+01
  5.39922025342825940E-01  1.89945702414152890E+01  1.31772638361145410E+00
  3.73125396709624990E-01  7.24503406909883200E+00  1.74669764440863510E+00
  5.72628172168292430E-01  2.21441234608891730E+01  2.84892745940699510E+01
  5.63660960642019760E-01  2.34173291551227050E+01  1.83094158284565940E+01
  7.54397230300637300E-01  1.16790973266123000E+01  2.65789335439638030E+01
  4.07877171249442140E-01  8.35416403859380630E+00  4.75147422534285720E+00
  4.61178090502161720E-01  2.00430042485462860E+01  2.36492946195413230E+01
  3.50974061745161330E-01  9.69077099211335740E+00  1.96115811086669570E+01
  4.22541054278063120E-01  2.48054645467773870E+01  9.28798799095135410E+00
  3.25036994184950640E-01  1.43757811433895880E+01  3.15027245731250450E+00
  4.96042965314236020E-01  1.06140713551602580E+01  1.71348634945230210E+01
  3.04461637453634990E-01  2.43664525912911150E+01  1.32377072193169900E+01
  4.21290506291976640E-01  2.90046256380566660E+01  2.48676514506211780E+01
  4.26578460793149810E-01  2.54257738494134460E+01  2.11598542365986870E+01
  3.91816801400439550E-01  1.11130499649468510E+00  1.21171125591501970E+01
  5.32262962461145860E-01  1.23997057624074890E+01  1.80022995121091680E+01
  6.07718241283317260E-01  2.19498078411093540E+01  1.51783723287786270E+01
  5.13425754976809310E-01  2.76282851374465040E+01  6.99416349338673360E+00
  5.46829204411607870E-01  1.54078255036513990E+01  1.85909034812692790E+01
  2.99038091422116640E-01  2.46442789179575850E+01  1.49822649351521860E+01
  3.65374026971610010E-01  2.56173576908144170E+00  6.10770078098159000E+00
  3.46733456860136300E-01  2.71417390672553620E+01  2.03712168322320190E+01
  5.01833768532536340E-01  2.81387267081853520E+01  1.04479705271718860E+01
  2.88617724104866640E-01  2.29406082661728800E+01  1.90151790046918200E+01
  3.13454063710418570E-01  1.74978148488561230E+01  2.93742357966732830E+01
  4.43756654693070110E-01  2.60718442536302460E+01  7.22993877446754050E+00
  5.20369884994360540E-01  2.63251673501908460E+01  1.90677243043273170E+01
  7.41720708060832300E-01  7.82858335580181390E+00  1.55831647409238890E+01
  2.99038091422116640E-01  1.78514507141506480E+01  1.67188659821771420E+01
  3.93024383017402490E-01  1.39627173297143210E+01  1.72540574656201540E+01
  2.53364602799301860E-01  2.59567470481670700E+01  4.01268679583235600E+00
  5.48463672908306780E-01  2.05537585630776820E+01  2.17228473646358110E-03
  5.63660960642019760E-01  2.75638943149019620E+01  2.99411098519837750E+00
  4.99487474973056500E-01  1.78840655821768910E+00  4.24367839332947480E+00
  5.32488384254616510E-01  1.76863191073498950E+01  1.75336760699859190E+01
  3.62493203924014780E-01  2.79579050578610090E+01  8.33489954226959280E+00
  3.90540239164096370E-01  6.05041615431532160E+00  1.51045665791185720E+01
  6.25248164210708260E-01  2.64225895931142570E+01  2.89045253807317090E+01
  3.93024383017402490E-01  6.75492383497702420E+00  1.87897548095382590E+01
  2.83517655556827110E-01  2.87902854897232740E+01  1.00098916459439490E+01
  5.16562546778196820E-01  2.54190725946009440E+01  2.77145678855690780E+01
  5.96777348356598920E-01  1.31248523692338740E+01  1.46244448592780620E+01
  3.35017483125717060E-01  1.01522562716290190E+01  1.22579380289455480E+00
  5.69344335137112000E-01  2.42699326727699190E+01  1.41990214107723730E+01
  5.55509338843663690E-01  1.94389760084385730E+01  1.74138500376667870E+01
  4.09775903561979240E-01  8.67863790418846650E+00  2.34930633913973600E+01
  3.20574425314766210E-01  2.89377003813647100E+01  5.62214297651685510E-01
  5.39466591144820300E-01  6.82928163123125920E+00  2.64962944656069510E+00
  5.18725390566230620E-01  2.32524158076947880E+01  2.04742631098944550E+01
  3.62493203924014780E-01  2.48226926356760840E+01  2.36045577946725660E+01
  4.23675716525973380E-01  1.96955869408498710E+01  1.44350151159452210E+01
  4.13050329149462850E-01  6.30099757608883500E+00  4.72963059072403440E+00
  3.01731430220296380E-01  3.43438615941958330E+00  1.48130478961352170E+01
  3.48156346672602490E-01  1.65129022330451820E+01  2.00309751530538630E+01
  6.83531487369900860E-01  1.04823878695285250E+01  2.57820685559822880E+01
  3.27197753470684690E-01  2.45465888210390940E+01  1.26068901856788520E+01
  3.50974061745161330E-01  2.54517135485161600E+01  7.72681806330106990E+00
  5.77649046292645880E-01  1.20342986684505340E+00  1.11524015580278170E+01
  5.13614394364816020E-01  9.22059554270483520E+00  2.77498518875531900E+00
  7.17953871372127320E-01  8.02377128728345030E+00  2.69904920340552260E+01
  3.01731430220296380E-01  1.62520347223182990E+01  1.45250138063728830E+01
  6.14584822297879540E-01  7.18306141782649640E+00  1.78780740968480350E+01
  4.69641390777102340E-01  2.29726469080445030E+01  2.57386437468382740E+01
  4.49154676673646060E-01  6.79026180524569600E+00  2.75316382214983480E+01
  4.82268891960512480E-01  2.71895655032311050E+01  8.68586136670827540E+00
  6.26908127420837150E-01  8.54925606681895370E+00  5.88573611446676640E-02
  2.50971712925384870E-01  1.73220560679531450E+01  2.76266174743241740E+01
  2.62213147743524950E-01  2.61585152001231480E+01  2.79711578221110240E+01
  6.45167794061425240E-01  2.40720667663860010E+01  2.55610520087305990E+01
  5.94931591270377070E-01  2.45990953709215530E+01  1.02837779581947790E+01
  7.68548325332126940E-01  2.90825953425553440E+01  1.52300390299102980E+01
  4.36195486319121350E-01  2.24228415352172090E+01  2.64579470832273320E+01
  5.33066537704075310E-01  2.23145690940310040E+01  1.24152844964584300E+01
  5.62178328188990490E-01  2.80233545299875430E+01  2.49321681654428920E+01
  2.97561439636419770E-01  1.35904724257347540E+01  1.23502741600780490E+01
  4.82771447840326400E-01  2.47902558393193430E+01  2.27286527554673970E+01
  6.61562106526255890E-01  2.68496414919182700E+01  2.64392761716930450E+01
  5.04339573614743570E-01  2.44509859092529210E+01  4.89262983517179070E-01
  3.45648959319623030E-01  5.89106204810916800E-01  1.45271222441216420E+01
  6.95947079841625180E-01  4.09517560213015490E+00  7.99773017536790310E+00
