1
  1002  2.96924426640336700E+01  2.96924426640336700E+01  1.00000000000000000E+00
        0.00000000000000000E+00  0.00000000000000000E+00  0.00000000000000000E+00
  5.55509338843663690E-01  1.38743807310918990E+01  2.09807276808630260E+01
  4.09775903561979240E-01  1.18405879556528840E+01  2.26402460513722020E+01
  3.20574425314766210E-01  1.90171964398173120E+01  2.55146172092409100E+01
  5.39466591144820300E-01  7.65558832778737220E+00  2.61327819071500080E+01
  5.18725390566230620E-01  1.41510062672950530E+01  1.66220681980475130E+00
  3.62493203924014780E-01  2.59534284482262580E+01  1.23045438049913650E+01
  4.23675716525973380E-01  2.12270898243294930E+01  6.79952686947217360E+00
  4.13050329149462850E-01  1.64304436034336230E+01  1.17563754756245110E+01
  3.01731430220296380E-01  1.32022171592021320E+01  3.83129065715748890E-02
  3.48156346672602490E-01  2.84843652079277520E+01  1.31959526096366700E+01
  6.83531487369900860E-01  2.70659476962427450E+01  6.43748099758071390E+00
  3.27197753470684690E-01  1.15219641690737530E+01  2.64910766885066950E+01
  3.50974061745161330E-01  3.43593618266139260E+00  1.13051303993561450E-01
  5.77649046292645880E-01  6.79583021385050760E+00  6.19621911539683360E+00
  5.13614394364816020E-01  2.15421079106586470E+01  2.99502887245586320E+00
  7.17953871372127320E-01  2.78737469547470340E+01  3.89698697325438560E+00
  3.01731430220296380E-01  3.37977787572706490E+00  1.79510514074948340E+01
  6.14584822297879540E-01  2.65758438196520610E+01  2.80350778553362230E+01
  4.69641390777102340E-01  1.57251616719003910E+01  3.29560431429085150E+00
  4.49154676673646060E-01  8.70173240615610590E+00  1.53912820426837470E+01
  4.82268891960512480E-01  3.00705613459408830E+00  7.48255180609811530E+00
  6.26908127420837150E-01  2.23025087849985790E+01  1.24946224885829040E+01
  2.50971712925384870E-01  2.20173707844561870E+01  2.27628467032185930E+00
  2.62213147743524950E-01  2.87426348257434730E+01  5.92511371539259990E+00
  6.45167794061425240E-01  2.12213436150971770E+00  8.17617244981879310E+00
  5.94931591270377070E-01  5.63479940924201460E+00  2.08766598272824350E+01
  7.68548325332126940E-01  2.95809943059000170E+00  2.40551256081515210E+01
  4.36195486319121350E-01  2.43562725674190190E+01  5.99378577605998420E+00
  5.33066537704075310E-01  6.79581261431168300E+00  1.49002820946920130E+01
  5.62178328188990490E-01  2.14210619369778780E+01  1.81421697333987170E+01
  2.97561439636419770E-01  2.14191778525783610E+01  4.80919334550348230E+00
  4.82771447840326400E-01  9.47472993468890400E+00  2.20075556059742860E+01
  6.61562106526255890E-01  7.69149541740952180E-02  1.60073227304552720E+01
  5.04339573614743570E-01  2.87475023655136680E+01  1.76101862298081430E+01
  3.45648959319623030E-01  1.05314579385443280E+01  1.50216683473661790E+01
  6.95947079841625180E-01  2.53866362894821900E+01  1.79300062833546220E+01
  4.75626642073745920E-01  2.25840115478071460E-01  1.04238415050082210E+01
  2.57534358191145160E-01  2.95107182241089420E+01  1.68903059300921750E+01
  6.30423428531534040E-01  2.17197563752479110E+01  2.26297425027804910E+01
  3.25516939164680520E-01  2.67641774693409500E+01  1.34040476747652220E+01
  3.14110289759674140E-01  3.16001261618940530E+00  1.14611088897758290E+01
  3.99477862283745790E-01  8.55836741410995220E-01  2.96399393337465970E+01
  6.47236078597052340E-01  1.99809317269950920E+01  2.54311971189451280E+01
  5.28731261397185740E-01  1.37629793289799930E+01  5.57638671721920520E+00
  4.43807889241729470E-01  1.26765061979133830E+01  2.24688543050556080E+01
  4.82268891960512480E-01  1.96224134045618580E+01  1.64785414711287610E+01
  4.30858982518450690E-01  2.15684448831161970E+01  1.02544179001728820E+01
  4.18947112612636110E-01  2.54060979107819880E+01  1.54921504781394200E+01
  3.50662231740508900E-01  2.01273647465077200E+01  2.64175863399260780E+01
  2.85767805251094040E-01  1.07389282315142420E+01  2.86688456806165700E+01
  3.45648959319623030E-01  1.74993155121089220E+01  5.90815730330335050E+00
  3.45648959319623030E-01  2.47469297616438450E+01  1.37220713914938040E+01
  6.42005949159872720E-01  4.78619469352184980E+00  3.78249887703534340E+00
  2.74003615458356760E-01  2.29450993046987750E+01  4.01211455401526700E+00
  3.87653287431749970E-01  1.05679268739019250E+01  1.57535499052668420E+01
  4.18948713530687210E-01  1.15328276310847640E+01  1.86921931511039790E+01
  4.53451232343747090E-01  1.20282934648824270E+01  1.95458034613822600E+01
  4.21603844523193420E-01  1.79236004659168560E+01  1.47542054625144350E+01
  2.62213147743524950E-01  6.23631069249983660E+00  1.73400185663188250E+01
  6.94903868090152520E-01  1.40171762884266840E+01  2.23149049370940920E+01
  6.31563936872940970E-01  9.19904045720892860E+00  6.08189627593925320E+00
  7.01778375544082420E-01  9.93547913067428650E+00  2.30964248943178280E+01
  3.46434506905438330E-01  3.96113961841182380E+00  8.76174948784201570E+00
  3.50662231740508900E-01  1.14928848390187530E+01  2.09997093046286130E+01
  3.01799748246536660E-01  4.30967998805824240E+00  9.30765024182735350E+00
  4.41298336829792340E-01  1.34938522661574750E+01  7.97585715205437840E+00
  3.39481361119070080E-01  5.53943214048306660E+00  2.94926796670824590E+01
  3.83181557852844270E-01  1.60589099397822220E+01  1.02424655236428970E+01
  6.75156127532392600E-01  1.91862364662218690E+00  1.23583913446007150E+01
  2.73281005279713530E-01  2.75366004825027240E+01  1.80217085548923620E+00
  6.65634982039605120E-01  1.44982975696562060E+01  5.30079961053221190E-01
  2.54824432159977790E-01  1.10807821822580070E+01  1.52601135883818950E+01
  2.84029264846615530E-01  1.89500741553097140E+01  1.68452447210395810E+01
  4.62836237406567810E-01  8.03379735612615780E+00  2.28529809533827190E+01
  3.33973424357718240E-01  2.23642225065428700E+01  2.43133075863159680E+01
  4.91872428060923640E-01  2.66977217260571890E+01  1.70257839982379760E+01
  5.52490392167627680E-01  4.86766067955194350E+00  2.64419068873251430E+01
  5.39466591144820300E-01  1.38106231075242060E+01  1.51628490051497420E+01
  5.65219172841477580E-01  2.79633943264656610E+01  2.46067324573057320E+01
  3.53776024442120150E-01  6.12445112893341030E+00  1.28486249009101620E+01
  5.54611473665029210E-01  7.22961050598864040E+00  9.71537152362367350E-01
  4.81368497469048420E-01  1.24868987714106920E+01  2.73817910748367800E+01
  2.84672167568555990E-01  2.93102378701612100E+01  2.93143917897856030E+01
  3.06898385793053400E-01  2.91893591967489530E+01  2.24723973508470640E+01
  4.49954956992444630E-01  2.57234120095318910E+01  8.91128243962916500E+00
  5.88686278844574580E-01  4.77351009015290020E+00  1.29869882387932200E+01
  4.36315933331792570E-01  2.54788488276884880E+01  1.63426513868670040E+01
  5.46155746035104350E-01  2.21097745955727380E+01  2.15203021282974270E+01
  4.11346310528290360E-01  2.25851269658056810E+01  2.71874869109589740E+01
  7.44650008855257360E-01  6.89231322718460770E-01  2.73136357651133040E+01
  4.68162992243922280E-01  1.13166928308518920E+01  1.45786488076425980E+01
  7.11073931023246340E-01  2.10946919238346170E+01  1.30673009153655360E+01
  3.02034441597155470E-01  1.55498036961978450E+01  2.74730499891547950E+01
  5.12509616084684260E-01  1.41670608817304840E+01  4.61728072737356940E+00
  3.40422717275118370E-01  2.55660867589367700E+01  8.13688378613388790E+00
  6.65634982039605120E-01  1.35679698431051040E+01  2.69396902354494690E+01
  3.75295693565172690E-01  4.48811901442909370E+00  1.61856334695380650E+01
  4.75626642073745920E-01  1.59393656230282530E+01  6.77596757289699260E+00
  4.72038094207023740E-01  6.00438693964498780E-01  1.70103105198337300E+01
  4.29902962432020440E-01  8.81951789794806910E+00  2.32758013416228660E+01
  5.68910711623079470E-01  2.00698525367718830E+01  1.12667884806128240E+01
  3.07263188066738420E-01  2.85303570914381770E+00  6.28047500231833130E+00
  6.10911033360540580E-01  1.95498974897178500E+01  1.45937317876643780E+01
  3.43353541919950760E-01  2.87189676444006920E+01  1.24976685006858850E+01
  3.15231116497538320E-01  1.28950947393800210E+01  2.91918408569776560E+01
  3.78068289465320630E-01  1.19834673271848260E+01  9.60036610416379870E+00
  2.54824432159977790E-01  2.21022689208148720E+01  4.29215672732885260E-01
  5.44558358435121190E-01  1.20378690140210210E+01  2.17087701325886540E+01
  3.56000803327192820E-01  1.95074075976885980E+01  2.15670682646514040E+01
  3.13454063710418570E-01  8.40338960854739270E+00  3.36822280845811050E+00
  6.12591031919131530E-01  1.26135668437439770E+01  1.48481404081193490E+01
  6.47236078597052340E-01  3.98318880508108320E+00  1.72188875906403600E+01
  2.65726189967390210E-01  2.92135519276701640E+01  2.15380664644073040E+01
  2.96653470797716330E-01  7.70356941466928190E+00  2.51047142159167970E+01
  3.45648959319623030E-01  1.14573688494045920E+01  4.80299339207727890E+00
  3.13454063710418570E-01  1.67079332061415220E+01  6.57346078670452800E+00
  3.39073066583844400E-01  8.44374300959583660E+00  9.19206860607634550E+00
  2.96256570285591500E-01  1.10911646713417330E+00  2.41009052449913030E+01
  4.19081387041561550E-01  2.05228336752359010E+01  2.15372715362443860E+01
  7.08391389715138510E-01  6.72039051391100270E+00  2.76953410165333870E+01
  7.16035261746952050E-01  1.16210041158427530E+01  1.06309263031779060E+01
  4.43133439323318520E-01  2.80813928289881400E+01  2.82639146391306110E+01
  2.73281005279713530E-01  1.13609142689045550E+01  1.26177987073129930E+01
  3.35017483125717060E-01  1.54137964004170340E+01  2.52454670878081940E+01
  5.09222041678605210E-01  5.91718020372907110E+00  2.65999889413642560E+01
  4.27719079604653450E-01  1.14695620346332600E+01  2.02233222911982930E+01
  5.81299825206354370E-01  2.82530835164752180E+01  2.02419463504042130E+01
  5.46155746035104350E-01  2.19283888612574460E+01  6.13207885094300130E+00
  3.05466220251299840E-01  2.39516127837482460E+01  1.58980072498809050E+00
  3.11838068626578210E-01  1.58933786416400940E+01  2.06816264124520330E+01
  6.27423008989955560E-01  8.04919558068649190E+00  1.09360154888135470E+01
  7.12424816007452400E-01  2.95739433756210100E+01  5.83516236112049750E-01
  4.41140732643827070E-01  9.19737853247209360E+00  1.34010262334830710E+01
  3.80273533482480450E-01  1.52273422854913620E+01  1.94917952174486330E+01
  3.29796701345061780E-01  4.88887522256650970E+00  1.75826293427815940E+01
  4.15252526658189590E-01  4.05161078586847530E+00  2.36074843266546810E+01
  2.59062449636064510E-01  2.67355882388731430E+00  6.81806131618119520E+00
  6.18419083689772810E-01  2.04144840560159800E+00  2.20571428192886710E+01
  5.04213456464067280E-01  9.35595796055552500E+00  2.96261904241476940E+01
  3.48156346672602490E-01  1.83907183387736450E+01  9.43961557048637620E+00
  2.89042915761794110E-01  2.22643354062732790E+01  8.00528525247717230E+00
  3.05466220251299840E-01  2.25942470884841070E+00  7.23633516988866090E+00
  6.49919166153384610E-01  1.41033541758548130E+01  9.99957856187843670E+00
  6.14379095469630790E-01  1.44500273341058650E+01  3.52798932681732370E+00
  7.00411917450214720E-01  2.52764297879637140E+01  6.65954572401368510E+00
  5.69344335137112000E-01  9.27257849622888660E+00  2.41789214756786560E+01
  2.57564851167384970E-01  1.99929066881952270E+01  2.02441681998903680E+01
  4.13050329149462850E-01  1.43267599434820050E+01  1.33313829920171920E+01
  6.18419083689772810E-01  2.54718111650433800E+01  2.50950089178295880E+01
  4.26523982883737140E-01  2.29354415245099790E+00  2.95794902548016210E+00
  3.78209123272245940E-01  1.02731486118788900E+01  1.67949435931263840E+01
  2.63055759251188670E-01  8.78773926776318600E+00  1.83859100440377540E+01
  5.00274833943758600E-01  8.19413172096610860E+00  5.31825727724528190E+00
  6.01687927537542500E-01  2.26710538151011460E+01  8.79669756081326430E+00
  4.86073626967704090E-01  1.81568450461179370E+01  8.63932336800738910E+00
  7.62474117278193650E-01  8.72237860901162070E+00  2.53898434190559820E+01
  4.87886881528419990E-01  2.17825111760502170E+00  2.85017793350145150E+01
  2.99038091422116640E-01  5.14918416248539220E+00  1.98905637988854740E+01
  3.50974061745161330E-01  9.14946156781634200E+00  2.64167927323181710E+01
  6.10572080928614460E-01  1.94275149817823800E+01  1.75996501954289780E+01
  3.01731430220296380E-01  9.88983693907658430E+00  7.02956988629641000E+00
  2.59062449636064510E-01  3.50421411551145260E+00  2.49466696616718620E+01
  6.99477888048091770E-01  1.82678422176768260E+01  2.28601916300470160E+01
  4.41666133880560000E-01  1.14227936306683550E+01  2.89166229612020230E+01
  6.86210935380316480E-01  2.27309928848588920E+01  1.37329377649703590E+01
  5.27425300578987690E-01  1.25196189832849430E+01  2.63741950908546590E+01
  7.54505484792745040E-01  2.29728919284391610E+01  2.52141043461189160E+01
  4.11696508529454960E-01  2.36459328700213300E+01  3.85423565024398800E+00
  6.26517897412854200E-01  1.42906393845867200E+01  2.36067807727377960E+01
  5.72142532162989690E-01  2.12368548520842570E+01  2.67026520980820590E+01
  3.47451934045076260E-01  1.86295658314404240E+01  1.81293648827801160E+01
  2.57564851167384970E-01  1.37245527598762110E+01  1.94529355413996580E+01
  5.33859136323620030E-01  1.79977027367939150E+01  2.48872879324894640E+01
  2.69169509893181310E-01  3.64170501592711960E+00  7.08647146831971940E+00
  4.24351701398837560E-01  6.87190753690192580E+00  1.26389904888363330E+01
  3.11762329988951370E-01  2.13638575892517220E-01  2.93083482988778240E+01
  3.50974061745161330E-01  1.28320972261075180E+01  1.95724414577792740E+01
  2.66929568161810020E-01  6.10483241962453960E+00  1.88029752916588960E+01
  7.20816873845379820E-01  7.13906281016067810E-02  1.46126205419146050E+01
  4.22201084465533680E-01  1.42513729867715210E+01  7.56550324701898620E+00
  3.09209541844886400E-01  1.09164355977709950E+01  1.63568540815068140E+01
  2.62213147743524950E-01  1.12149915638798650E+01  1.57568995332609120E+01
  7.60411681679863700E-01  4.61567573514772180E-02  9.20247833692727470E+00
  6.67521681419926690E-01  2.17885162716947140E+01  2.92517464406664300E+01
  4.37954134865551840E-01  1.08701673659830910E+01  4.28591295294830220E+00
  7.16654247500547470E-01  1.34318282380306360E+01  6.77595871894935800E+00
  7.12424816007452400E-01  2.13925649875030250E+01  8.49447423596116200E+00
  3.61198882346046800E-01  2.07581323830333840E+01  2.92486059488744350E+01
  3.82245446386266610E-01  1.34662910488314940E+01  2.00373918694759110E+01
  3.58737518624021320E-01  1.59235987519699980E+01  2.69284185559097620E+01
  5.81547682683179710E-01  1.26643438068440930E+01  5.72935814060362510E+00
  4.21963532045373490E-01  1.26730858090169690E+01  8.23668599092674110E+00
  3.12648490279368120E-01  1.32860485000179620E+01  1.90889049256217940E+01
  3.25036994184950640E-01  1.71513880444876180E+01  1.15994114824713930E+01
  3.83290088603488770E-01  2.13746249029474060E+01  1.97223151788368720E+01
  2.93443024193560210E-01  1.88722192560430990E+01  1.62741419910001960E+01
  2.66929568161810020E-01  2.39831614989132120E+01  1.83543401386998470E+01
  2.99038091422116640E-01  2.35245490460374110E+01  9.30440989704656650E+00
  6.00040109246873770E-01  1.52157322235090650E+01  2.28030307158735500E+01
  7.14535578675763720E-01  8.92578629518407140E+00  7.39940752337519750E+00
  3.06898385793053400E-01  1.71964113817651700E+01  1.66195715717289620E+01
  3.45648959319623030E-01  1.18250206555305580E+01  6.12194231763946830E+00
  3.87046365911375680E-01  2.10823070565293910E+01  2.09584433219010930E+01
  6.56539952722306990E-01  1.03579087263680700E+01  9.35065768757255000E+00
  5.07436062422724900E-01  2.96626353731918790E+01  2.62892382195339240E+01
  7.39270392714900380E-01  2.60624833158522480E+01  1.91931282626782290E+01
  5.38024295323284910E-01  6.36158958642724760E+00  5.16982763614827510E+00
  7.33199636544987770E-01  2.07653206770806980E+01  5.60534393239154840E+00
  6.31923671661538840E-01  2.29722827969850480E+01  2.87185959798950630E+01
  5.72951670348821020E-01  9.18940278631700740E+00  1.72570224432226130E+01
  6.40456937776772590E-01  7.66005186738248870E+00  2.95509316769370930E+01
  4.77241894706072770E-01  5.97082908610497130E+00  1.54796576919061660E+01
  7.64764367446448820E-01  5.86842294706205440E+00  2.22129673343920120E+01
  7.16535845940979770E-01  1.10576592816727850E-01  4.37877775058360900E+00
  3.10705613459761840E-01  6.24584818980259190E+00  9.74819984610800640E+00
  3.89901968262705180E-01  9.41164813489193540E+00  1.81936481101224810E+01
  7.15011499502423580E-01  5.77404934006057150E+00  1.25843126076752540E+00
  7.60297905848187840E-01  1.60612654589368450E+01  2.17402516971300810E+01
  2.65726189967390210E-01  3.60233878449529140E+00  4.04516198690354400E+00
  4.53492046339069340E-01  2.23266520832793810E+01  2.35269826281919560E+01
  5.18725390566230620E-01  8.25458987369106540E+00  1.35800359659889390E+01
  4.24020504903543660E-01  2.07941377219999100E+01  4.44973410628822740E+00
  5.17634268500846420E-01  1.79559197386692520E+01  1.12341490560173920E+01
  4.54567147313974470E-01  1.75489613415823910E+01  1.03536452864093760E+01
  3.65965634987757580E-01  6.56667600989782320E+00  8.89602905606010100E+00
  2.96256570285591500E-01  2.88736127696194910E+01  1.11589403243531340E+01
  5.50543265074639000E-01  1.43522074415273690E+01  1.15136353726805320E+01
  4.46540105696671490E-01  1.63516353590715720E+01  1.26171576336757650E+01
  6.47236078597052340E-01  1.18725708398402960E+01  1.63792867012999180E+01
  4.82769235883485770E-01  1.04392415781701060E+01  2.20254615548230030E+01
  2.97529618718302210E-01  1.69738506780055190E+01  1.22094666699810620E+01
  4.13811620468168510E-01  1.58491568189123730E+01  5.30822628152219700E+00
  4.87785457169642190E-01  1.02591876814355190E+01  1.98341594187972770E+01
  3.41778742319800830E-01  6.60074602670325380E+00  1.33545413855735880E+01
  4.05793634226126800E-01  5.23567051229096240E+00  1.59649516733438310E+01
  7.14516279726398110E-01  2.92211508103417190E+01  2.43870557913840890E+01
  3.71799304162545760E-01  1.39552139433618370E+01  2.79007251533886450E+01
  5.77820253962530560E-01  2.01970147256243420E+01  3.99588087643305560E-01
  4.75626642073745920E-01  3.62570587107792840E+00  1.08242529904811670E+01
  5.46562010559427060E-01  7.00317567887303840E+00  1.59589726273306170E+01
  3.29506256422424390E-01  1.33240350109912670E+01  1.83970952806672900E+00
  2.62213147743524950E-01  2.43215790846487570E+01  3.84642645083557040E+00
  3.63105686475124490E-01  2.03648932125862070E+01  8.18279482152847490E+00
  7.08391389715138510E-01  2.46181902197552990E+01  1.91049409039946530E+01
  4.26578460793149810E-01  2.15554606764959440E+01  2.56985135817094770E+01
  6.08873319065221350E-01  2.33567942497257870E+01  2.65212984304008760E+01
  5.39466591144820300E-01  5.69774078109728780E+00  1.36321707742350090E+01
  4.66553963192992600E-01  2.71389830396353630E+01  7.94985832096511120E+00
  4.82771447840326400E-01  2.92556453501360280E+01  8.05781697800463800E+00
  5.13004586318856950E-01  1.14688726919737860E+01  2.31201842485139860E+00
  3.17084428049163950E-01  8.58967567257630900E+00  2.06411655315264710E+00
  3.50974061745161330E-01  8.59190188769716730E+00  2.73141959544599850E+00
  3.82382183723224410E-01  1.89549918435667200E+01  8.97569800572849990E+00
  3.77759649416993960E-01  7.86514728410418580E+00  2.68561733998899530E+00
  5.74203886104520670E-01  6.03769950880886340E+00  1.65280851238169610E+01
  4.11346310528290360E-01  1.11537120046766930E+01  2.81085774671436040E+01
  5.06367095649294540E-01  1.29307186789636220E+01  1.59207574202029530E+01
  6.01687927537542500E-01  6.98070263117485550E+00  2.30062712728486400E+01
  2.49794182180603610E-01  8.92415917600197340E+00  1.09819974253359190E+01
  6.11481049571092420E-01  2.41354142133256280E+01  4.75156009503858190E+00
  5.03927515451986880E-01  2.62204878739351560E+01  1.40303221976832400E+01
  6.35485889077753010E-01  1.72680332772268200E+01  4.78398373688125030E+00
  2.99038091422116640E-01  8.94660586650754830E-01  9.83477302762370440E+00
  4.22541054278063120E-01  1.81708002231414770E+01  2.97657674701476970E+00
  3.05466220251299840E-01  2.24247965649820960E+01  1.89535027288618280E+01
  2.62213147743524950E-01  2.60602872525391830E+01  2.01926513389004470E+01
  3.61769499680632390E-01  2.51791975836427500E+01  9.51276909712088960E+00
  2.47647088603063280E-01  2.81698259316368580E+01  2.02967204379951570E+00
  3.11155895623034430E-01  1.59868381729099480E+01  9.55195876089528360E+00
  2.66929568161810020E-01  1.50888550172332430E+01  2.92508278861907110E+00
  6.90395435464654740E-01  3.32940796202989460E+00  2.82551503705420290E+01
  2.96503602823160150E-01  2.40413492181004750E+01  1.23507008033027810E+01
  6.57722721512726150E-01  2.74310126327881600E+01  1.89029566101994000E+01
  7.24777883420223110E-01  2.72333113108112880E+01  2.56665614801398800E+01
  5.48279863025970290E-01  8.86972517533608770E+00  1.17771128860808520E+01
  6.40748513009616880E-01  2.30769698268909740E+01  1.82690102696536590E+01
  2.56092450391898300E-01  2.26017620625082480E+00  2.27652582728080380E+00
  7.17499092254363010E-01  2.53925279637500270E+00  1.03345371027757840E+01
  4.66141488621800890E-01  1.64233217743904800E+01  2.67335756960254530E+00
  6.33759023001558490E-01  1.76179739040365850E+00  2.33258084376030510E+01
  5.48279863025970290E-01  6.64206076591136530E+00  2.03418042927172710E+01
  4.19081387041561550E-01  4.51363429137363510E+00  1.09211463174381040E+01
  5.70902198024309190E-01  1.85740735924210970E+01  1.03397034539769340E+01
  3.17950877609215300E-01  2.02661219391265630E+01  1.21311338310243380E+01
  5.96963967672292380E-01  1.11859378975360890E+01  2.47305687495040870E+01
  6.18832453479690690E-01  1.69628657200030460E+00  5.00690009174177760E+00
  2.63339374245984010E-01  6.39518816600675510E+00  8.29113961739083830E+00
  3.55036581058269410E-01  1.84344642430221060E+01  2.89405981485473910E+01
  5.84913004272127690E-01  8.36521313219736840E+00  8.80249851102930410E-01
  5.77235448209733180E-01  2.43539221421278710E+01  2.21826679735058970E+01
  5.01105313190319460E-01  1.33545669273736250E+01  3.72729713278070610E+00
  3.83598938984435380E-01  1.23406800881358140E+01  6.63670776143275190E+00
  5.98360795606824340E-01  2.48450289559582520E+01  1.04122912952908320E+01
  3.41778742319800830E-01  2.73916024795326110E+00  1.80109092818181650E+01
  3.29796701345061780E-01  2.17440197531723850E+01  2.40816343179937250E+01
  3.84420431658369740E-01  2.52749900371433500E+01  3.00379048180931110E+00
  4.91872428060923640E-01  1.03843466010916470E+01  1.16747877339521540E+00
  2.93443024193560210E-01  2.79769454046088630E+01  1.61654620730165990E+01
  5.81299825206354370E-01  2.70158876703791610E+01  2.29761606254989470E-01
  5.68243553274813350E-01  4.20224359078998240E+00  5.67469937237820510E+00
  5.39001667068871980E-01  2.54011995913775910E+01  2.25667026126984570E+01
  7.01587183784351610E-01  1.05596100550115730E+01  2.96651437719541060E+01
  4.45239477383046460E-01  2.15065033597276420E+01  3.95314022731838040E+00
  5.39001667068871980E-01  2.93407464506930790E+01  1.34259802350343430E+01
  2.86134314477376340E-01  7.72788347026229780E+00  1.55492169651435010E+01
  7.70254277643880240E-01  4.54009795761392270E+00  3.05705699798554780E-01
  3.45648959319623030E-01  2.05293797960041720E+01  2.85785297513105870E+01
  3.39481361119070080E-01  1.48968487043967830E+00  2.80444457536445310E+01
  3.04461637453634990E-01  2.01423586070659160E+01  2.26448679183491850E+01
  5.20369884994360540E-01  7.43952927966264710E+00  1.90383710996697710E+01
  2.65726189967390210E-01  1.70029725668353640E+01  2.47383643853951580E+01
  6.26908127420837150E-01  3.56321487675643360E+00  1.30651637885249680E+01
  3.48480710258510130E-01  2.71591043449510430E+01  1.15549101346395810E+01
  2.96653470797716330E-01  1.31948742789918060E+01  2.45024559722065650E+01
  6.31923671661538840E-01  1.35434102682272340E+01  1.40223867933799420E+01
  4.09705559579089850E-01  1.51524401243926740E+00  1.96195524582352230E+01
  6.72499163702481620E-01  1.73051106630458560E+01  2.68409573438322870E+01
  2.84029264846615530E-01  1.32476646290811320E+01  2.29197709687321380E+01
  5.34631033075580400E-01  2.09802637718241340E+01  1.63898740771200340E+01
  6.17076625982510940E-01  1.38959746093130490E+00  2.33219611306561130E+00
  6.55074006360275090E-01  7.73041423612191190E-01  1.30319590200512130E+01
  5.46562010559427060E-01  2.79342706960688930E+01  2.67256612383546330E+01
  5.17626013175185660E-01  6.24062894325120340E+00  7.13785743311945440E+00
  5.82207618145930890E-01  9.09500715684582060E+00  1.44179945504869220E+01
  5.98268629341587580E-01  1.06454277196316480E+01  2.57940029397170890E+01
  5.34553382826858140E-01  2.14602852417631560E+01  1.54303981361422750E+01
  3.76753951196820710E-01  1.53703177642945510E+01  2.02343962838110120E+01
  7.52518120402026810E-01  2.38912177620968930E+01  7.08648972665882320E+00
  4.81368497469048420E-01  2.78354334812367480E+01  7.30840552583989830E+00
  6.47413426355271770E-01  1.71474277096990380E+01  9.54645607944584640E-01
  3.05466220251299840E-01  1.37377229064863040E+01  1.60045950541086270E+01
  4.46689977500956030E-01  2.56505845845603190E+00  9.17260321002837210E+00
  6.18566685513849460E-01  7.92087731228667200E+00  1.46656120105780910E+01
  5.36592099856838090E-01  1.95540253884129140E+01  5.98240920693767380E+00
  5.09574347305064630E-01  1.69742561637340580E+01  1.45141099248979230E+01
  4.92328788949218680E-01  2.75906660973689540E+00  2.92907530709299660E+01
  4.83351594707823830E-01  1.47182802649605850E+01  2.75153287524302640E+01
  4.40650972415989980E-01  2.60619747155279350E+01  1.30992910231121960E+01
  6.10911033360540580E-01  1.64149764739883220E+01  2.77639636747023920E+01
  4.34172467284937990E-01  1.90681653726153900E+01  1.12148484319157760E+01
  7.03188417218805210E-01  1.84421132012443430E+00  6.31831397071173400E+00
  2.92799561075502800E-01  1.65978234827103640E+01  7.16946656687268560E+00
  5.68243553274813350E-01  1.04345098878050780E+01  1.87929359204423290E+01
  4.60682082706054620E-01  5.04212833071625700E+00  1.68086409346870870E+01
  6.41715074739605920E-01  1.53942286506965900E+01  4.35586953058169880E+00
  4.55206736325743130E-01  4.66922145022473160E+00  2.04722384612341520E+01
  4.22201084465533680E-01  2.09854238075552290E+01  2.50713378650248480E+01
  3.63079661055833470E-01  2.53773726218693390E+00  5.50926204284291380E+00
  2.63055759251188670E-01  2.94281914844404680E+01  2.34339680901286020E+01
  5.32877675645020420E-01  2.66075486136508240E+01  1.80454355489776080E+01
  5.77235448209733180E-01  7.87798373683181820E-01  2.86315281420937960E+01
  4.09775903561979240E-01  1.76733561255306030E+01  1.21152747993149390E+01
  6.93187364831086050E-01  1.43769950501093290E+01  8.68566054856997740E+00
  4.30054269381220950E-01  1.75506851529294880E-01  1.21284654679916440E+01
  5.07436062422724900E-01  2.61838834242840230E+01  2.18746814298164730E+01
  2.49948351789403130E-01  1.99399848138874670E+01  2.83745353345901920E+00
  3.16022212934137680E-01  2.42166164065906780E+01  2.74941893337493890E+01
  4.72818350263822220E-01  1.94003278384984060E+01  9.70383628912431990E+00
  4.46689977500956030E-01  1.39099651158716890E+01  2.60678012838604860E+00
  4.74581552528920360E-01  1.51189844420608410E+01  7.78478887237609380E+00
  4.86590143357422540E-01  1.28704518134452690E+01  1.69116661454753410E+01
  2.73281005279713530E-01  2.86605556793703400E+01  9.37383869851951170E+00
  5.20515140446715560E-01  2.89547165222361680E+01  2.70324209774899910E+01
  4.13811620468168510E-01  6.24292693669734610E+00  1.94678235367669750E+01
  3.81419328643079860E-01  1.80934831802652310E+01  7.77730267194736240E+00
  4.05593309893122810E-01  2.64881714588305000E+01  8.52926708345091460E+00
  5.85380732291966590E-01  2.13142127462534990E+01  7.17302687605048740E-01
  4.06599624824484800E-01  1.99636280129843120E+01  7.52766729102758700E+00
  6.40456937776772590E-01  1.62913139690851100E+01  1.74288988694824520E+01
  4.75626642073745920E-01  3.19350078123664400E+00  1.51670127752217640E+01
  5.09222041678605210E-01  1.66228893825570870E+01  2.39483312437380280E+01
  5.77820253962530560E-01  8.52657012623394730E+00  1.91851023890212780E+01
  3.80273533482480450E-01  1.56112946255021540E+01  1.29848737797467170E+01
  5.01406606281285510E-01  2.83386241888473480E+01  2.75976418144554050E+00
  3.59079136884617700E-01  1.01407826559396100E+01  6.38081104809374900E+00
  5.94092381958372510E-01  1.71183780673907080E+01  2.55908678513074680E+01
  2.54611020839302520E-01  2.28571199402108970E+01  2.39952748844853230E+01
  4.99223721401470310E-01  2.27984971740033410E+01  1.42623674382140650E-01
  2.54611020839302520E-01  2.05073377936993890E+01  8.92638916807661430E+00
  3.20574425314766210E-01  2.00765763954123170E+01  1.27391974392141660E+01
  2.85767805251094040E-01  2.12322623391812830E+01  1.09073521513808820E+01
  2.54611020839302520E-01  1.13786119897166690E+01  2.21632458495576220E+01
  4.12246671516209600E-01  1.11696944486245080E+01  1.94397299707253200E+01
  4.41298336829792340E-01  9.33052042483375390E+00  1.98106790777622200E+01
  7.09985914168247060E-01  2.23643490888657310E+00  1.31120418528951020E+00
  6.80956647410425740E-01  3.53747898385138540E+00  2.03855793406624920E+01
  4.75338540515479570E-01  9.10828236015185060E+00  4.98064482727313430E+00
  7.49588614928249000E-01  3.22077622732405810E+00  1.89901334010083640E+01
  4.74033319401206570E-01  1.60629249312832700E+01  7.71641146438117160E+00
  5.20515140446715560E-01  1.66653991044698770E+01  1.35318735507725040E+01
  5.48131117613959250E-01  2.60411472945660240E+01  2.61123822970088390E+01
  3.46733456860136300E-01  1.08849784883751840E+01  2.67107235399879740E+01
  6.97384645011991290E-01  5.51874571046632930E+00  2.66368514807900690E+00
  3.78209123272245940E-01  1.37006610707127450E+00  1.14630823159022640E+01
  3.82382183723224410E-01  4.90301068803446950E-01  1.89633556279446670E+00
  4.46537248270915300E-01  5.12799257040550940E+00  1.19146000388720290E+01
  6.08690451339190200E-01  1.76523819924267010E+01  2.95022559573433400E+01
  2.59062449636064510E-01  1.27116836776913970E+01  2.42293234075610190E+01
  4.43756654693070110E-01  1.92817556624043110E+01  2.23331780835424070E+01
  3.18942867500738640E-01  1.93867481614400820E+01  1.97063663246503790E-02
  7.16535845940979770E-01  5.50674144729562620E+00  6.08763110550271950E+00
  4.62836237406567810E-01  1.46335605960124670E+01  2.65734296502036710E+01
  6.97384645011991290E-01  1.78930132948844650E-01  2.07761340238019230E+01
  2.47647088603063280E-01  1.89752503391463790E+00  1.10665063391271040E+01
  4.05793634226126800E-01  1.67904543498259820E+01  9.94959845163560000E+00
  5.37364664263313330E-01  2.46051569733227990E+01  1.15210578378543960E+01
  5.72881440675418570E-01  4.42700960840607930E+00  6.79090138488458810E+00
  5.04213456464067280E-01  1.42594256869247180E+01  1.89116517795519810E+01
  3.86557871019070410E-01  1.44183820291524630E+01  1.61267806241223360E+01
  5.62178328188990490E-01  1.53842054153242850E+01  2.83207518655743120E+01
  6.41715074739605920E-01  2.34331379112904090E+01  1.16375234801059650E+01
  4.54567147313974470E-01  1.82314455994437700E+01  7.57027444499620120E-01
  3.97011970696729720E-01  1.82818714007650800E+01  4.21960391750337930E+00
  3.99477862283745790E-01  9.28864543713062570E+00  2.73650064513561590E+01
  5.15931587153482510E-01  1.20335003621522940E+00  1.05873597440514470E+01
  5.98026541173087530E-01  2.45441147237126880E+01  2.35097977099069230E+00
  5.94917806945655060E-01  1.91238235682371070E+01  2.62096682177078490E+00
  3.86557871019070410E-01  1.26401902191157040E+01  1.63283631004046550E+00
  5.52347772924787250E-01  1.61336368510823900E+01  1.97048355481935430E+01
  4.05793634226126800E-01  2.30065786743169020E+01  1.71609860445788380E+01
  4.66753989857397040E-01  2.59735868288432850E+00  1.58965291721144870E+01
  6.77666041374141330E-01  1.80914641788080070E+01  1.88037447720558950E+00
  3.23306573977224420E-01  1.04007431133762170E+01  3.68773720721161660E+00
  6.88340418185590860E-01  1.01832099362028770E+01  8.01723911184511270E+00
  4.11696508529454960E-01  2.78590204631159470E+01  1.21031240682391830E+01
  4.03052389307286420E-01  8.68797032443166370E+00  4.21131733266738540E+00
  2.97529618718302210E-01  1.00243985276456820E+01  1.61679529428199730E+01
  3.13090147150790890E-01  1.69962592494634880E+01  1.97732878794507130E+01
  5.01435669612667030E-01  2.52398863563589430E+00  2.59578163409410220E+01
  5.26482748420329030E-01  2.20885898222517560E+00  1.49830056578093630E+01
  6.75156127532392600E-01  1.58950034991447180E+01  5.32201414497838330E-01
  7.20816873845379820E-01  2.92448643432085260E+01  2.82377057957954460E+01
  5.30006102735105960E-01  5.05478253781204320E+00  1.50469475813432750E+01
  3.43353541919950760E-01  9.70926957394529740E+00  2.58857385247272300E+01
  5.32877675645020420E-01  5.48403832980751280E+00  2.55495642543461480E+01
  6.44956217916396120E-01  2.62180794001412960E-01  2.89663551463147470E+00
  3.55036581058269410E-01  1.16155288965133930E+01  2.96890379552791790E+01
  4.30054269381220950E-01  1.14797083614459860E-01  2.19002025347544420E+01
  4.93734512940847830E-01  1.70252706092115390E+01  1.89668119963769540E+01
  3.42409596243210680E-01  7.41311792448775540E+00  1.98990961670263220E+01
  5.58952633370732950E-01  2.30074230358485040E+01  2.07976660164213700E+01
  4.49954956992444630E-01  1.73377306453850540E+01  2.71886873392627710E+00
  4.11346310528290360E-01  7.84626097970191780E+00  7.71481827850730720E+00
  4.72818350263822220E-01  2.03352899523788330E+01  6.73095487977746560E+00
  5.00672486592370710E-01  1.63013524293238490E+01  2.29836163267217440E+01
  4.15334611176110170E-01  2.40631150857249310E+01  1.33422252582831270E+01
  7.70254277643880240E-01  2.24972348287123830E+01  1.37510023051390820E+00
  5.32262962461145860E-01  2.68810390567129470E+01  1.33506567658176080E+00
  4.01880163826280960E-01  2.01003860582846560E+01  2.43904959718312850E+01
  7.41720708060832300E-01  1.85320290435487680E+01  6.74800198291431830E+00
  3.01674668393272730E-01  9.71436516794547700E-01  1.82357029069159540E+01
  2.66929568161810020E-01  1.10112368532393920E+01  1.66193494166459740E+00
  4.15334611176110170E-01  2.19257378168579860E+01  9.48798468287033360E+00
  5.20369884994360540E-01  2.52078636318885560E+00  2.10250351556197150E+01
  2.84672167568555990E-01  1.63219566608639080E+00  9.91386411758812970E+00
  5.18912146576496980E-01  7.11134972839899500E+00  9.59205549649815480E+00
  3.90540239164096370E-01  5.59549385490307660E+00  1.74532702192063420E+01
  3.63079661055833470E-01  4.37894523762852650E+00  2.83175187039502670E+01
  4.73113776075054650E-01  2.09482035252419400E+01  2.41781963652572930E+01
  5.55687039951364880E-01  2.07011269057196930E+01  2.76944036724544840E+01
  6.97384645011991290E-01  2.49708584210576030E+01  1.26993631495519440E+01
  3.54092873053847420E-01  1.57820241041955530E+01  2.41381653913027710E+01
  7.37991961479508610E-01  1.39079794156631010E+00  3.68900216381145190E+00
  5.10790949981952740E-01  2.37642308906912090E+01  2.95420698915037080E+01
  7.03918080384424090E-01  2.78835271704541550E+01  5.31683286742860870E+00
  2.69326463995374250E-01  1.80694817339769610E+01  2.40884495174900620E+01
  5.39922025342825940E-01  1.59396915201803060E+01  1.46887457002754620E+01
  5.39922025342825940E-01  6.65991490828479550E+00  2.41013551229811040E+01
  3.52682444144397330E-01  4.91419041805527360E+00  7.84929604429355710E+00
  3.17084428049163950E-01  7.79376369157646650E+00  9.11008743637515290E+00
  3.92511582998476170E-01  2.45504989368353770E+00  1.14387161389884270E+01
  2.92799561075502800E-01  1.68611605467181430E+01  3.28951870049262010E+00
  3.63105686475124490E-01  2.37114931688236260E+01  2.14960727657498150E+01
  3.25036994184950640E-01  1.73846100355137980E+01  2.42868584117322540E+01
  5.70902198024309190E-01  2.52589752759796440E+01  1.45150715313910760E+01
  6.18138908065390960E-01  2.38713054251067120E+01  8.45619486566705800E+00
  3.10705613459761840E-01  1.26205163982745110E+01  4.07148915895736430E+00
  6.99092076263204730E-01  2.71381579054559660E+01  2.68594137956509550E+00
  4.40295189098215370E-01  1.66059854941341070E+01  9.12616210969889430E+00
  6.52034765531911640E-01  1.82829480408575620E+01  1.90666211161683600E+01
  5.12628979659419230E-01  2.26382441263552320E+01  6.91623139062103130E+00
  2.68569610726517900E-01  2.81717063033284060E+01  2.10874266098379550E+01
  4.41473589537221400E-01  1.98041805911650850E+01  2.82735017540053200E+01
  7.41623060643924430E-01  2.42974498778881730E+01  2.05604179766963320E+01
  2.49794182180603610E-01  1.66749615802123330E+01  1.82312194330832610E+01
  3.44856808658559500E-01  2.81833343214958130E+00  4.32580937230369500E-01
  6.83701617051292750E-01  1.27802164499089290E+01  2.69279550269680670E+00
  7.19599311285852310E-01  1.76782991398759110E+01  2.81783506025595790E+01
  6.67521681419926690E-01  1.20023200102337760E+01  1.76857427482890370E+01
  5.40946473112310590E-01  4.39673939668058370E+00  1.95179557036154560E+01
  3.83579206291793930E-01  3.25262815442282700E+00  5.71724092707665310E+00
  5.04339573614743570E-01  2.48287349210055910E+00  1.33905926411196620E+01
  6.35523375007872900E-01  7.98409106719347950E+00  6.43323065308572770E+00
  3.44905765886116280E-01  1.23592620616354020E+01  9.58924945067763620E-01
  2.65726189967390210E-01  2.08778468370297080E+01  1.04830141046614090E+01
  4.87785457169642190E-01  1.97228308058281530E+01  4.97245666825273420E+00
  3.71299762957800540E-01  1.10397706054187450E+01  1.80748217109192450E+01
  4.13811620468168510E-01  5.78839654791586170E+00  8.86599442145428720E+00
  5.69423614487483490E-01  2.10812510705701110E+01  1.17877918873645910E+01
  5.83429036676414100E-01  1.21070651560885630E+01  1.30365258763511850E+01
  5.30006102735105960E-01  1.51856142639234690E+01  1.50567980195610290E+00
  5.16710955738981780E-01  2.73346159662002850E+01  2.88721709449563310E+01
  2.65726189967390210E-01  3.51084940008762510E+00  2.91936466827207110E+01
  3.18942867500738640E-01  1.85942980995569900E+01  2.38247896702632720E+01
  3.23881608201221470E-01  1.26839510410213090E+01  9.61823980486045470E+00
  3.54092873053847420E-01  5.34791466582357430E+00  1.81554009967815870E+01
  5.12509616084684260E-01  2.69500029904053840E+01  1.07199869309230230E+01
  4.99223721401470310E-01  1.64697286268457720E+01  3.97653772436080610E+00
  2.56092450391898300E-01  3.46187260974316490E+00  2.19219291418583640E+01
  5.45765227979075810E-01  6.02673354330455350E+00  2.87378864408286640E+01
  6.94010183176834960E-01  4.46083649898458570E+00  1.76460573097806430E+00
  3.57201130995523370E-01  1.54199465670858690E+01  1.79168671378521300E+01
  5.25895496843049500E-01  5.34742839247048000E+00  1.90352765820980420E+01
  5.10790949981952740E-01  1.17468445098109860E+01  2.56843165024553210E+01
  4.89717368181109780E-01  2.03707157976471360E+01  1.81646541088582230E+01
  4.82769235883485770E-01  2.33792520950490430E+01  1.27606094624072170E+01
  6.93278360304079300E-01  1.61387865760690230E+01  1.61046195115969010E+01
  3.35017483125717060E-01  1.76304836799048100E+01  2.36745924628352460E+01
  3.26514001167033020E-01  3.29674125205982270E+00  2.13635979030786380E+01
  4.75880684447443510E-01  1.24328093550436360E+01  1.42660563326362680E-01
  4.22354771203238230E-01  2.80132155205917680E+01  9.11930989273452570E+00
  4.11966131227655820E-01  5.31747094584894860E+00  7.20133933222825990E+00
  7.30946391186454210E-01  6.86751630512133460E+00  2.20295896474322370E+00
  4.22201084465533680E-01  3.00094772451932900E+00  1.21797792669681990E+01
  5.15931587153482510E-01  2.39814155120575060E+01  2.32168650704627630E+01
  5.52347772924787250E-01  6.61597029864333130E+00  2.58033168240984310E+01
  2.49794182180603610E-01  4.05459624927357790E+00  4.29185855638917510E+00
  4.50103975287380020E-01  1.20163924344601260E+01  2.40980314434648160E+01
  3.61769499680632390E-01  1.33529413999771980E+01  2.86848792546237950E+01
  2.77147605524350650E-01  2.52308260700850580E+01  2.59573626036512340E+01
  7.64764367446448820E-01  1.15316545293613450E+01  8.55252978456417350E+00
  5.71326189973923350E-01  1.90694552365024990E+01  2.46245026224061410E+01
  4.07877171249442140E-01  2.02215653171449290E+01  1.02849239576795690E+01
  4.46540105696671490E-01  1.63410799441468410E-01  2.53564656386122640E+01
  5.07606992315717240E-01  5.61981435883434170E+00  2.42231312926037750E+01
  3.01731430220296380E-01  9.54580783027942560E+00  1.70229111857094040E+00
  4.32382463464541460E-01  2.49168918095136720E+01  8.55491837915779920E+00
  3.25762576013666160E-01  2.08315989239790720E+01  2.59019966673174090E+01
  6.24920360555607160E-01  2.97556241446254080E+00  2.69890077402293970E+01
  7.38532964590205680E-01  9.13454638708925870E+00  1.00174834382440830E+01
  3.92511582998476170E-01  2.31350604639067260E+01  3.23430121350316660E+00
  2.97561439636419770E-01  1.12871249774149460E+01  9.62688519899214160E+00
  3.46434506905438330E-01  2.67361229252647550E+01  1.47323077836491980E+01
  5.89502618647478990E-01  6.17492081664084050E+00  1.19054016494269350E+01
  3.32399546609116130E-01  9.45843654415131670E-01  2.00920696079294740E+01
  5.77649046292645880E-01  1.81049005035326970E+01  1.66839143783085220E+01
  4.31729360191427780E-01  2.29546377680224510E+01  7.80533888651974910E+00
  3.17950877609215300E-01  1.70696053343832650E+01  1.91748275799415320E+00
  4.75880684447443510E-01  1.31941840888149250E+01  2.36776169295225390E+01
  3.91816801400439550E-01  7.30434924506623240E+00  5.37219539298459470E+00
  2.50163292655703180E-01  1.32445028453735960E+01  9.73678106599368930E+00
  3.42074681651230290E-01  6.89132568939326080E+00  2.89391831774697690E+01
  3.50974061745161330E-01  1.46596659889647100E+01  1.54311523898312060E+01
  6.18566685513849460E-01  2.72922688051323540E+00  3.90775189691560690E+00
  3.24719866931951940E-01  2.96295799246396530E+01  1.74610450718412410E+01
  3.57201130995523370E-01  6.50606546714438050E+00  2.12783882421700450E+01
  3.13090147150790890E-01  2.77626686670633770E+01  2.26105787144248680E+01
  2.58355477869490890E-01  3.48270107629286540E+00  1.00891076543456250E+01
  4.83351594707823830E-01  2.08624818159788890E+01  1.90236725508553380E+01
  5.48463672908306780E-01  7.28717436413253770E+00  3.40911562665384070E+00
  4.24351701398837560E-01  2.75200744136507180E+01  2.76031050720239120E+01
  6.80557430527969220E-01  2.58732052441316330E+01  2.12331281510650530E+00
  3.73125396709624990E-01  2.99081238376439660E+00  2.23367987942297430E+01
  6.77808113742920780E-01  2.84215525237760400E+01  1.42197008820289290E+01
  7.67512613708393760E-01  1.91335018055421100E+01  1.32804311988696960E+01
  4.76544583128828500E-01  2.85119842431023470E+01  1.85618544545199030E+01
  6.97738347479756800E-01  6.73817662097319040E+00  1.07492816889498850E+01
  4.49545157175862540E-01  1.24004579221399300E+01  1.87273790444914280E+01
  6.25336422111717830E-01  1.54224444252918890E+01  1.19972364220965860E+01
  4.99487474973056500E-01  2.72551648357175440E+01  1.40658018515702650E+01
  6.67521681419926690E-01  1.02896149165306290E+01  2.32262900625484820E+00
  3.44170209092795430E-01  1.49674373572282190E+01  2.18922363718336330E+01
  4.01880163826280960E-01  9.48399268632102020E+00  1.89818557737748040E+01
  5.95035019805102560E-01  1.56625386193369480E+01  8.70586015371690180E+00
  5.20348764567513020E-01  1.86003919064042410E+01  1.20461014752169840E+01
  7.44845164893703690E-01  1.33701338733408410E+01  1.80352355767846180E+01
  6.94010688862415210E-01  2.52535496538949570E+01  4.08051841787715120E+00
  4.00156705760987560E-01  1.17303828198877160E+01  1.53418595819862580E+01
  6.57722721512726150E-01  1.99776646907235640E+01  3.74250062067686210E+00
  3.61198882346046800E-01  1.86470809404110720E+01  1.50504078735438060E+01
  6.07167866036927160E-01  1.85403670285120010E+01  2.71715990287208700E+01
  5.81677556670477180E-01  1.48656153053557090E+01  5.45802080950246800E+00
  3.17579752081870750E-01  2.60828417469942410E+01  1.48399878231458970E+01
  2.69169509893181310E-01  1.88888362132153080E+00  1.57091445461928550E+01
  5.36592099856838090E-01  1.62177960179715190E+01  2.49116042302599820E+01
  3.01799748246536660E-01  2.09075602883487940E+01  3.50683886346475320E+00
  4.05794678723965420E-01  1.15294968283364860E+01  2.33941508456268390E+01
  3.65995101567518470E-01  1.25580501527786040E+01  1.38713791641114930E+01
  3.39481361119070080E-01  6.76426138544196130E+00  7.81507746938009710E+00
  6.97384645011991290E-01  2.73259017674922620E+01  2.35195658053243970E+01
  6.82253548551889110E-01  9.78240768169396450E+00  2.85205269069993360E+01
  5.67035311113654220E-01  1.32431988011201440E+01  1.28624503578603890E+01
  6.47236078597052340E-01  2.93148616329109650E+01  6.63682298838788580E+00
  5.92513140571182980E-01  2.65475302521033680E+01  2.45442657389271870E+01
  4.71553509741754610E-01  7.76061565454006800E+00  1.27221515452795920E+01
  6.55885333720611730E-01  1.64798837978835170E+01  2.90289954675594580E+01
  2.83840017940612550E-01  2.93364621535304620E+01  1.26038199860856730E+01
  5.65219172841477580E-01  1.67681026276459950E+01  2.06213839713328470E+01
  3.48480710258510130E-01  1.55993455494011460E+01  6.02741093163616350E+00
  6.26908127420837150E-01  2.83996941452687930E+01  2.92851368287267920E+01
  2.62213147743524950E-01  1.45096814344902150E+01  2.14949012539721240E+01
  5.08737612195334600E-01  1.75591733864448190E+01  3.67784678191039390E+00
  4.59281804788439010E-01  1.10056450690578490E+01  3.19216011061254300E+00
  2.86550378078914000E-01  2.08554705318706080E+01  1.75114878988431220E+01
  2.99038091422116640E-01  1.65859519241358090E+01  1.52212158276573410E+01
  3.62493203924014780E-01  4.75619273212975100E+00  2.23884681014127440E+01
  5.64616421781660800E-01  1.32559921511573760E+01  1.17130372680131030E+01
  3.87533216804236250E-01  1.80879598044002740E+01  1.27935217620398200E+01
  3.90540239164096370E-01  2.87208002386640080E+01  4.61199934224332520E+00
  5.44640939783434240E-01  2.01150895185502670E+01  2.06419937798823440E+00
  3.84420431658369740E-01  2.88205187248783650E+01  2.10205653407451650E+01
  4.53492046339069340E-01  2.22469778533574570E+01  1.75570154807970520E+01
  6.38023782753992030E-01  1.36554066002150030E+00  1.41800326680289060E+01
  5.00672486592370710E-01  7.31040669215269290E+00  8.45208343841480670E+00
  6.08873319065221350E-01  1.77758672713072660E+01  1.37368257434360980E+01
  3.18942867500738640E-01  1.99860496313306160E+01  2.20422385435284160E+01
  2.65726189967390210E-01  3.95053254731948830E+00  1.39470839007528970E+01
  7.10410487391814980E-01  3.73295601494890050E+00  2.58907250577811180E+01
  4.66797018098134940E-01  4.02920944361606810E+00  1.46834689326601460E+01
  3.89889811574280460E-01  2.17351451407427520E+01  1.90391061154465750E+01
  2.92456502136063850E-01  2.14782945943330040E+01  2.35198895373316290E+01
  3.63079661055833470E-01  2.02039798765639310E+01  2.08257067919400430E+01
  4.13811620468168510E-01  1.86557257867355020E+01  2.96920775872504590E+01
  2.60417758313763680E-01  2.21900957711049290E+01  1.84347600894852480E+01
  4.41940562555082740E-01  1.41792114975860760E+01  1.24895657014828960E+01
  3.08418768867630710E-01  1.19468194028613580E+01  1.64555941510461620E+00
  3.04461637453634990E-01  1.85252972356600660E+01  1.74582823461057370E+01
  4.75626642073745920E-01  2.88229553989367200E+01  1.66336963097072860E+01
  4.19693779402500590E-01  2.43535826501831030E+01  2.67718180934741450E+01
  3.26514001167033020E-01  2.83128564626466640E+01  1.93380592405362570E+01
  3.55388479881239270E-01  6.92829355850223120E+00  2.66536364065047520E+01
  5.33859136323620030E-01  3.17807700288212610E+00  1.41592502250265540E+01
  3.39481361119070080E-01  2.11984410423724330E+01  2.84374989389131440E+01
  2.51153087880769550E-01  2.81583231045377750E+01  1.26936624298312510E+01
  4.21603844523193420E-01  6.02221679485839710E+00  2.33862807728577630E+01
  5.20348764567513020E-01  8.50707479484893800E+00  2.17507096428675160E+01
  6.86210935380316480E-01  3.20074882558035870E+00  2.31829480998388070E+00
  4.41140732643827070E-01  1.55597315883759680E+01  2.40008616081622070E+00
  6.26908127420837150E-01  8.11926326842280590E+00  1.77985256723787830E+01
  5.11871480770454750E-01  2.08855915205633840E+01  9.60754579275357480E+00
  4.70990686464341570E-01  2.70088507963890340E+01  2.23975657188583380E+01
  5.20369884994360540E-01  1.52704166076687510E+00  2.07160256158927400E+01
  3.04306421741581800E-01  9.79078984372864450E+00  5.35697192775257670E+00
  5.88333222664750720E-01  1.34061410200691070E+01  2.56968143075087420E+01
  6.64541222436485860E-01  2.33206257514006620E+01  1.95506221496390860E+01
  4.24351701398837560E-01  1.25851863053336220E+01  2.85187242344270760E+01
  5.55920758830291820E-01  2.44837097830999750E+01  2.44624538904263210E+01
  2.89042915761794110E-01  2.00477199074522230E+01  1.38457441986766060E+01
  2.47647088603063280E-01  2.57165587128159640E+01  9.80154251072829650E+00
  5.88686278844574580E-01  1.33071886392776050E+01  9.21984674641217520E-01
  3.53063097104977870E-01  2.17120353861372060E+01  1.39332242397371450E+01
  4.50600139601478670E-01  1.02912781128246230E+01  2.41903757273494050E+01
  6.65634982039605120E-01  1.92560430237502760E+01  1.21179003132001870E+00
  4.69750256464274060E-01  3.18784192317543890E+00  8.50153823968588900E+00
  6.13801455222646290E-01  1.51650299140915670E+01  1.06817155100896140E+01
  5.14582826754803690E-01  7.31870972748319560E+00  1.18135013848275850E+01
  3.81419328643079860E-01  2.44865707357112790E+01  9.24392161048635690E+00
  7.28196096543639280E-01  1.75836836499932230E+01  1.78787196949535990E+01
  7.33199636544987770E-01  2.30587363380275360E+01  2.23759614414357630E+01
  2.86550378078914000E-01  2.32242214557113800E+01  4.63694171852828510E+00
  2.52169786807371790E-01  2.04445037098957340E+01  2.69292537022583570E+01
  5.01406606281285510E-01  5.36386399876703110E+00  4.87837805608147870E+00
  4.18948713530687210E-01  1.10627624169090930E+00  2.25029135752562650E+01
  3.62620749938717070E-01  1.18228670679011460E+01  3.11164574164438390E+00
  3.15231116497538320E-01  1.53386833578950950E+01  1.53277490986665440E+01
  2.83840017940612550E-01  2.74191181826428650E+01  1.63121551264933590E+01
  4.72199721516180480E-01  5.01721542281653750E+00  2.88544636720434800E+01
  4.41666133880560000E-01  7.19664294426162240E+00  7.16499483478871650E+00
  3.39073066583844400E-01  2.58671062965480550E+01  1.70135407170321390E+01
  2.54831192030272870E-01  6.66781153696483390E+00  1.88857447361816110E+01
  6.65634982039605120E-01  1.71161894298093560E+01  8.14684656454258160E+00
  2.69326463995374250E-01  1.61963069086124530E+01  2.57159199180477140E+01
  3.08418768867630710E-01  1.21477562200995750E+01  2.91055157999022960E+01
  5.63324676144028570E-01  1.36425108886529880E+00  9.11242302668573420E+00
  2.49794182180603610E-01  2.27816536686215220E+00  1.82435079413561850E-01
  6.44956217916396120E-01  1.74070208585947730E+01  1.56839771171140520E+01
  4.26043897269923290E-01  2.39784535429805140E+01  9.86951261859013410E+00
  7.44533748089133770E-01  2.65269101481948400E+01  1.58028953141307530E+01
  2.47647088603063280E-01  1.24194503878118430E+01  3.55088860033531260E+00
  3.47451934045076260E-01  2.12525731906140580E+01  2.17707222706405190E+01
  4.83182858574677270E-01  1.60936026283003460E+01  1.86720991115891340E+01
  5.38382388131525950E-01  9.19612519216862620E+00  8.74267382980927720E+00
  6.08690451339190200E-01  1.90601972019564590E+01  7.99049914025631300E+00
  3.93024383017402490E-01  1.07321066374973700E+01  2.05770349422453830E+01
  2.54611020839302520E-01  2.63050057369074680E+01  2.53550912946481120E+01
  6.82253548551889110E-01  2.86503461239317470E+01  2.56633235882398200E+01
  7.67665169660178040E-01  2.31804759550172430E+01  5.74404956236452510E+00
  3.95839252948554370E-01  6.08963543267249290E-01  2.46421478056839120E+01
  5.15379284759350490E-01  4.87160882221774740E+00  8.71515733741270540E+00
  5.09222041678605210E-01  1.18180554378084410E+01  1.19836238666364760E+01
  4.72038094207023740E-01  9.90115923306875700E+00  2.50256783124844230E+01
  6.64541222436485860E-01  2.66046689824218030E+01  9.59282193645490900E+00
  4.84167632717154460E-01  1.88812987977812520E+01  2.82074925746551310E+01
  5.39922025342825940E-01  3.57924655995885650E+00  1.61047243050830390E+01
  3.77759649416993960E-01  1.19396177734899730E+01  2.80437494719964060E+01
  5.06367095649294540E-01  9.94632876365007770E+00  4.47269666413940300E+00
  3.05466220251299840E-01  1.88335836475156030E+01  2.07954005420397370E+01
  7.55604472483241980E-01  7.95253826813239330E+00  2.40823992942502730E+01
  7.68548325332126940E-01  1.72502782961072950E+00  2.49713216012753990E+01
  3.09209541844886400E-01  1.47792510114898870E+01  2.92897793476962250E+01
  4.71553509741754610E-01  6.19382272230661450E+00  1.80717435875477720E+01
  3.65995101567518470E-01  4.24217741339097730E+00  1.54874420788384230E+01
  6.26517897412854200E-01  2.91745558284735690E+01  1.89612248442835920E+00
  3.55388479881239270E-01  1.17797618599382880E+01  5.42355595540520600E+00
  3.90423892796942250E-01  2.07511050433247530E+01  2.23115576986812240E+01
  4.92172780862642510E-01  4.76309466370730130E+00  1.40674167118138980E+01
  6.66683478841499700E-01  2.08141990842486490E+01  1.44156415211979430E+01
  6.94903868090152520E-01  1.25346694334879450E+01  2.05748209856285090E+01
  7.65642972591057180E-01  2.54268581189508680E+01  2.72726568663657750E+01
  3.52682444144397330E-01  4.08765119110438050E+00  2.89709687093084370E+01
  5.39466591144820300E-01  1.96794716830115060E+01  2.73013742162126430E+01
  4.26043897269923290E-01  8.65507661938587700E+00  1.27258188920706670E+01
  2.53364602799301860E-01  1.75148711713816920E+01  1.95457622882915380E+01
  3.83290088603488770E-01  1.63770421266389510E+01  2.63417997138640270E+01
  5.55920758830291820E-01  2.95179157067802470E+01  1.83384652765002980E+01
  4.13050329149462850E-01  6.20122246325381800E+00  2.49345089603209900E+01
  5.20369884994360540E-01  2.18559837814170270E+01  2.04862928373364570E+01
  6.99477888048091770E-01  1.95383073544524560E+01  2.34451632834126400E+01
  3.59079136884617700E-01  2.34456124342441610E+01  1.65348654140308750E+01
  3.01799748246536660E-01  1.06064857393640090E+01  2.12596653560939610E+01
  5.28731261397185740E-01  1.08525214490726950E+01  1.16074868719060120E+01
  6.80338287111455390E-01  9.70161522059860280E+00  2.08685470489307430E+01
  4.74033319401206570E-01  2.45696269866185160E+01  1.62994322357772070E+01
  3.53302408788900560E-01  1.94890252159395030E+01  2.08594107736046190E+01
  4.03052389307286420E-01  2.53699076241979210E+01  2.09634077682845790E+01
  3.33973424357718240E-01  1.71069266208728230E+01  2.32598910643251880E+01
  4.68162992243922280E-01  1.50652437377353470E+01  2.10216785192932680E+01
  4.72192289519205580E-01  5.72761499149679310E+00  7.98348310832740000E+00
  6.73658304681401180E-01  2.43216886729953290E+01  2.56796112704548630E+01
  4.61178090502161720E-01  7.06391008844330150E+00  2.19469619247630130E+01
  4.18189647978318300E-01  1.87678585495582270E+01  3.56688068990367760E+00
  5.15379284759350490E-01  2.07305789011802840E+01  2.32155186677200620E+01
  5.34553382826858140E-01  1.62307077607053680E+01  1.69392288977097620E+00
  3.70336582810533970E-01  4.44969588011396680E+00  2.82827083634740980E+00
  6.42747544188997020E-01  2.92591599707873760E+01  1.95453702196315580E+01
  4.50600139601478670E-01  3.45919744619426740E+00  9.38077995911297970E+00
  3.55036581058269410E-01  2.31455677800530030E+01  2.34595925369233740E+01
  3.54092873053847420E-01  2.68255524539136130E+01  3.68916080533684990E+00
  5.13614394364816020E-01  7.24584748730064110E+00  4.46961102502501450E+00
  3.65995101567518470E-01  6.49821052772842390E+00  1.40536481879976080E+01
  5.25383403930900440E-01  1.74877615063090630E+01  2.14389228440975860E+01
  3.83598938984435380E-01  2.39182417695275160E+01  3.10725339254306570E+00
  4.86073626967704090E-01  1.39590502737842140E+01  2.46680643073354170E+01
  5.96963967672292380E-01  1.53765054401581280E+00  1.64979648111694000E+01
  4.66553963192992600E-01  5.40370690153594070E-01  1.13111855428471380E+01
  4.15252526658189590E-01  1.90852077944743140E+01  4.33528794622812970E+00
  6.36786611163594070E-01  5.28869350674161520E+00  9.78836327099938150E+00
  6.06760633376156730E-01  6.44140413595938810E+00  1.19198843908328910E-01
  5.25895496843049500E-01  1.31356134849665270E+01  4.72935110693316570E+00
  5.05409982910693060E-01  1.92752496158362410E+01  2.63390310772394050E+01
  5.18912146576496980E-01  1.70087912014593680E+00  2.65575071309770010E+01
  5.81677556670477180E-01  2.20023031711013710E+01  2.79901819897842930E+01
  2.50625569857546320E-01  6.89668026592176010E+00  1.95850598988103070E+01
  6.67521681419926690E-01  2.29010258076723120E+01  1.00420034232267370E+01
  6.52034765531911640E-01  4.03125046526538890E+00  1.18763971190754920E+01
  3.81419328643079860E-01  1.54686364170350750E+01  2.92593566795846560E+01
  3.18942867500738640E-01  2.82762960160077380E+01  2.75269971535842010E+01
  6.63973334543257470E-01  1.86243497157575160E+00  1.86052890094188010E+01
  4.05793634226126800E-01  8.01255247722959750E+00  9.79839488702890370E+00
  2.88617724104866640E-01  8.57111774521523450E+00  3.29675371485222970E-02
  3.17587838135982990E-01  7.32668429970617650E+00  2.08689311126283490E+01
  6.94010688862415210E-01  5.86363273101640910E-01  5.70585854070393240E+00
  3.25036994184950640E-01  5.21720345306031420E-01  1.78014056464847170E+01
  4.41940562555082740E-01  2.18280041184407520E+01  7.42057505007450490E+00
  3.05466220251299840E-01  5.54471239704755800E+00  1.25389676022764400E+01
  7.22984261441823330E-01  4.47204523907563440E+00  2.46640282080951110E+01
  4.60682082706054620E-01  1.92397662791048600E+01  1.56178094156081540E+01
  4.22201084465533680E-01  2.07980169855183230E+01  7.52811764658915460E+00
  6.24824560398126750E-01  1.29588320100089620E+01  1.05616082805753670E+01
  3.63079661055833470E-01  2.54718992086242720E+01  1.17623691259707160E+01
  3.25516939164680520E-01  1.59450945909305300E+01  1.12017657322728750E+01
  4.87886881528419990E-01  9.43683788754156790E+00  9.21094902854230040E-01
  4.34172467284937990E-01  1.23729795903106140E+01  2.32914482398768570E+01
  7.04082361725448710E-01  9.42069485787476600E+00  3.38300720757380980E+00
  4.40295189098215370E-01  1.51728803793154090E+01  1.86751765207720590E+01
  4.54567147313974470E-01  1.51379967059973100E+01  9.61416938969584400E+00
  4.89717368181109780E-01  1.03411228658701030E+00  2.15976344313985390E+01
  4.82771447840326400E-01  1.21740710486423890E+01  7.48472155271050530E+00
  3.54092873053847420E-01  7.53666767054532020E+00  2.70170545367247610E+01
  7.67457697882333090E-01  2.81449380978559770E+01  9.61293441679033480E-01
  4.43129600128677660E-01  2.18259462828251570E+01  2.48722015949435900E+01
  5.61514797181737530E-01  3.87044309339078470E+00  2.26489963891417180E+01
  5.82207618145930890E-01  2.60474097383832800E+01  2.34827519902055460E+01
  5.94092381958372510E-01  2.79865602052529740E+01  1.11063771475861110E+01
  5.64318884198494160E-01  2.68360067135309100E+01  2.68893496655323430E+01
  6.16837537735261420E-01  2.23205867320629490E+01  4.66057315305842760E+00
  4.20581746236023420E-01  9.31556628622871760E+00  1.62720617511108010E+01
  3.16022212934137680E-01  1.95723165273401670E+01  6.92169797723528910E+00
  4.59502380082057990E-01  9.87610627830871660E+00  1.17409569351544820E+01
  7.48336469443998900E-01  8.32443164624161720E+00  2.04955821919997700E+01
  6.90159994875631000E-01  1.03073072584636890E+01  1.40121404493721360E+01
  4.68364091588631840E-01  7.28853165281076440E+00  1.37819178142837660E+01
  4.05593309893122810E-01  2.34818510395259390E+01  7.34439362059457590E-01
  5.55687039951364880E-01  9.70462261084939470E+00  1.53773197823636260E+01
  2.83840017940612550E-01  1.01647731830188910E+00  7.70785808311250960E+00
  5.98280766214214580E-01  4.42303969036171550E+00  1.83824125455592160E+01
  5.84913004272127690E-01  1.14309829773401810E+01  9.17755179716680660E-01
  2.83840017940612550E-01  1.38068466860207430E+01  1.08842256127782130E+01
  2.83517655556827110E-01  2.48051952259685000E+01  2.14501830656873800E+01
  5.27599340399055180E-01  2.77172984510518750E+01  1.00193914089118850E+01
  6.24824560398126750E-01  2.73181934220354460E+01  2.13482849728032700E+01
  4.84167632717154460E-01  1.37845426837062910E+00  1.75652717454324330E+01
  5.66562802601083430E-01  5.49573452852557760E+00  1.09718383247882890E+01
  5.81213412342838430E-01  1.03249683669529940E+01  1.05876862493824890E+01
  5.13285974501586400E-01  1.71402670149501230E+01  2.24152987689883960E+01
  5.29625185962053640E-01  1.38840489446420940E+01  1.68697582328256890E+01
  3.30104909316010620E-01  2.53656777092300590E+01  2.16984484080356170E+01
  5.48174971142568520E-01  9.99041685930575160E+00  2.67309961498303710E+01
  4.72192289519205580E-01  2.23404328238734990E+01  3.57285378557094680E+00
  4.53126113496558960E-01  1.10424482020501210E+01  1.71085886822982650E+01
  5.25993347610763350E-01  1.17885883551317900E+01  3.99807725870026190E+00
  4.75338540515479570E-01  1.73508038090690060E+01  7.03044087783265680E+00
  4.30858982518450690E-01  1.10081677859324710E+01  2.27398102824436170E+01
  7.09741570678139940E-01  2.40951144106820370E+01  1.73836451065357420E+01
  5.05409982910693060E-01  1.32178347008243030E+01  8.98399378617505920E+00
  5.20369884994360540E-01  1.67232599860174990E+01  1.08713917241395650E+01
  2.73281005279713530E-01  4.68305450900327710E+00  2.56373340948955040E+01
  3.09574052588245370E-01  8.95291348459518050E+00  1.55427689254481870E+00
  3.18095930761502070E-01  2.94822449125466230E+01  1.10860073227573750E+01
  4.46537248270915300E-01  1.38342395151254520E+01  2.93325962085846540E+01
  6.38830345620663920E-01  1.48298012809598490E+01  6.67715120347845570E+00
  6.68397269451762100E-01  1.79688991723356250E+01  2.03479291332144040E+01
  5.32488384254616510E-01  1.25306927815229440E+01  2.49983423032570610E+01
  3.17579752081870750E-01  2.17218454069891730E+00  1.76746701392883700E+01
  5.16710955738981780E-01  2.34372942133391730E-01  2.28376303028578320E+01
  4.49545157175862540E-01  2.60963060898008830E+01  5.85823918385339140E+00
  3.20574425314766210E-01  9.57828427671394600E-01  1.20343702913822720E+01
  4.12246671516209600E-01  1.60219125105722120E+00  2.91913111687499870E+01
  4.94550785807675550E-01  9.05812609800860540E-01  2.59321196275649800E+01
  3.59079136884617700E-01  1.18368355690307400E+01  1.39378966704612810E+01
  6.10572080928614460E-01  2.69099939509264980E+01  1.24800015555472840E+01
  4.75338540515479570E-01  1.15348616530470180E+01  2.72931002603218610E+01
  5.09574347305064630E-01  2.59413013386379740E+01  1.05604728555478060E+01
  4.18189647978318300E-01  2.48840228804052080E+01  7.70607566746138420E+00
  3.76753951196820710E-01  3.56317953755412020E-01  7.72926636028040550E+00
  3.84533934306195220E-01  2.72776907706611280E+01  8.78886623818445050E+00
  6.60767019732147710E-01  1.47693819275745920E+01  1.44268624767372060E+01
  5.64318884198494160E-01  2.44485143281126480E+01  6.77668823929123220E-01
  4.69750256464274060E-01  2.53707660066826750E+01  2.85052681473600880E+01
  6.88340418185590860E-01  2.26391692611195230E+01  1.51026770735222710E+01
  5.93150731645016190E-01  5.01216649857032510E+00  2.33070820020169480E+01
  7.17499092254363010E-01  8.19167150670827130E+00  1.64390394886758460E+01
  3.79322922295397280E-01  2.87085858949996440E+01  8.72316651426542400E+00
  3.20574425314766210E-01  4.62091066866983360E-01  2.39415317814348470E+01
  7.17953871372127320E-01  6.13660596243629450E+00  3.93554644981198400E+00
  3.42409596243210680E-01  9.51369165927639850E+00  1.10279860855531860E+01
  4.43129600128677660E-01  2.35344699075831370E+01  2.41563401645852420E+01
  3.78068289465320630E-01  1.86818630543959490E+00  2.74366851905437450E+01
  4.75338540515479570E-01  1.45857213087418940E+01  1.79766064179389140E+01
  7.38532964590205680E-01  1.10936968350240090E+01  6.92050238778492850E+00
  5.07606992315717240E-01  1.75141912351717010E+01  9.39382740111527960E+00
  2.86134314477376340E-01  1.52795349594777740E+01  2.69511121782555420E+01
  5.07437626189109900E-01  2.49595636687287450E+01  2.35137061760768480E+01
  6.15073771326759470E-01  2.85907676559553220E+01  2.31735010510525610E+01
  3.30104909316010620E-01  1.52360164131034940E+01  2.37314560492030680E+01
  6.66683478841499700E-01  1.50763156320309410E+01  1.69484123018925250E+01
  7.49545055295440930E-01  2.39421780064759130E+01  1.45003452032305450E+01
  2.54824432159977790E-01  4.09223533123845410E-01  1.98539646172775410E+01
  5.72142532162989690E-01  1.05177237731503370E+01  1.26555083107835810E+01
  2.77147605524350650E-01  2.01108851664465080E+01  9.46931408803842700E+00
  4.68364091588631840E-01  1.43974295917659440E+01  2.86132656905460400E+01
  4.82771447840326400E-01  2.89993803280767570E+01  3.48958252443527430E+00
  2.50971712925384870E-01  2.84776963003711270E+00  2.17279519232964870E+01
  5.38024295323284910E-01  1.00270729057953640E+00  1.13373849992761480E+00
  4.13050329149462850E-01  2.78861643825750070E+01  1.79315211618813630E+01
  4.86590143357422540E-01  2.61041050594078110E+01  3.26480365080551760E+00
  3.16148313226467530E-01  2.64325082215971330E+00  4.83839196577089760E+00
  3.81419328643079860E-01  9.24124021897679700E+00  2.31323836949185500E+00
  6.52911031193170470E-01  4.26629532809039880E+00  2.15016323543395060E+01
  4.49150663742554990E-01  2.91855928474081670E+01  5.36821325161932620E+00
  4.73113776075054650E-01  3.76953022430409980E+00  3.32667752900124910E+00
  3.65995101567518470E-01  2.91924808155654210E+00  2.51872497685055090E+01
  3.46028387031474870E-01  1.11533780574648930E+01  2.16068791026876390E+01
  4.23675716525973380E-01  7.51725227360288440E+00  2.84981555410644810E+01
  2.47261092463374420E-01  7.52842263226650490E+00  1.02341855382499730E+01
  2.63339374245984010E-01  9.86222033160585810E+00  1.31715368337112690E+01
  2.59062449636064510E-01  1.29060877406968470E+01  7.59702510417121600E+00
  5.77180454669814490E-01  2.02732335274147570E+01  1.55347038062003160E+01
  4.06599624824484800E-01  1.31782713527000920E+01  2.79376359591423200E+01
  4.65278877330243820E-01  2.80244882855637020E+01  8.23321287262938560E+00
  3.07263188066738420E-01  1.63260772504427860E+01  4.76911781834652440E+00
  3.88697647565240350E-01  1.85953866645151820E+01  1.43028609197913530E+01
  6.62122603690132470E-01  2.42414637522753720E+01  2.84715702161618720E+01
  3.79322922295397280E-01  1.47146285445267270E+01  2.36990501769070680E+00
  3.53063097104977870E-01  1.22174727681087860E+01  4.80523396248298870E+00
  6.88885956497308970E-01  2.21830280329494230E+01  1.11875896572963040E+01
  5.33066537704075310E-01  2.78798280201212630E+01  1.69858019481518380E+01
  3.42074681651230290E-01  1.48949565261478510E+01  1.28067787072444030E+01
  4.24351701398837560E-01  1.06487200241624490E+01  2.74446738956813370E+01
  2.92456502136063850E-01  7.79262139125072300E+00  2.21375336976196770E+01
  5.90639534364661320E-01  1.94952555464883200E+01  1.87963992536086120E+01
  4.09705559579089850E-01  2.22523484949340040E+01  1.96470323345353320E+01
  3.59079136884617700E-01  2.39353605755598840E+01  1.07130687952280970E+01
  5.27599340399055180E-01  2.75492413402467770E+01  1.50493370575964500E+01
  5.38382256471750510E-01  2.39151090687682720E+00  1.99749029634058320E+01
  5.96963967672292380E-01  2.51748725321671960E+01  5.36667493611831060E+00
  2.96503602823160150E-01  2.29967580446195980E+00  1.41675674618419160E+01
  3.64593218166308700E-01  1.55338853130087900E+00  7.34451562323207340E+00
  4.18947112612636110E-01  7.84677456694086390E+00  2.77239132412091500E+01
  5.40946473112310590E-01  3.45791516677541550E+00  1.04503177542760440E+00
  3.35017483125717060E-01  8.02364593504408320E+00  3.89342813108844420E+00
  4.75626642073745920E-01  4.21562532502009010E+00  1.00784554252947380E+01
  3.04461637453634990E-01  5.74493551551561680E+00  1.99845567115905780E+01
  4.36315933331792570E-01  2.07226772085396150E+01  2.02180859943544250E+01
  6.77666041374141330E-01  1.07541661964406450E+01  5.54565768933123500E+00
  5.67035311113654220E-01  1.85631720614844050E+01  2.16241522999854890E+01
  3.38650161839631010E-01  1.51199455632053570E+01  1.59441668739520830E+01
  6.94010183176834960E-01  2.22056595346358990E+01  1.64115019326597750E+01
  7.10410487391814980E-01  1.85100730928392710E+01  5.30056983320787010E+00
  4.54567147313974470E-01  2.76819615906459370E+01  1.32134335941175070E+01
  2.52169786807371790E-01  2.19222905537585500E+01  2.71602665899827440E+01
  3.01799748246536660E-01  8.05880926893876290E+00  4.52855365867385200E+00
  4.27719079604653450E-01  5.89043484429414830E+00  1.45790825883733850E+01
  3.87762191716535260E-01  2.06517961806297450E+01  2.82925758618948820E+00
  5.72951670348821020E-01  1.45563012890676120E+01  2.55413561886496510E+01
  5.09222041678605210E-01  1.66581197989916530E+01  5.75248379257727920E+00
  5.25993347610763350E-01  1.55012243126863930E+01  2.61015872512723880E+01
  3.12648490279368120E-01  8.21677871929913550E-01  2.34216644282216220E+01
  3.32399546609116130E-01  2.46131234781387250E+01  3.27874686694226320E+00
  4.43807889241729470E-01  1.59605220141905340E+00  3.52937646841301240E-01
  3.44170209092795430E-01  2.67558288026743400E+00  2.29797455719141760E+01
  2.54824432159977790E-01  2.49195980366498940E+01  2.63885297154798440E+01
  4.21963532045373490E-01  1.99846361678247820E+01  2.91171206977693230E+01
  4.11696508529454960E-01  7.92351670482727060E+00  1.77196816774387370E+00
  4.11346310528290360E-01  2.25181865972419960E+01  2.70835773824666950E+00
  6.16837537735261420E-01  2.85983709008626900E+01  1.55013553483643170E+01
  4.83570943621045310E-01  1.30620554497490890E+01  2.16269215294398620E+01
  4.32382463464541460E-01  8.27406590820717010E+00  8.44053360238800470E+00
  5.92513140571182980E-01  1.82365070068926190E+01  2.59870733814345730E+01
  3.55036581058269410E-01  7.69439317517265310E+00  2.14302521449156490E+01
  4.74581552528920360E-01  1.97903577613508550E+01  8.79044563572058560E+00
  3.44905765886116280E-01  1.50717274892771230E+01  1.34690779622351670E+01
  5.96963967672292380E-01  7.05902369372889550E+00  1.71002618078754980E+01
  2.68569610726517900E-01  2.53884863066069000E+01  1.11218120446898730E+01
  5.80290806494985740E-01  6.93195978377075230E-01  1.90704394947944390E+01
  6.25336422111717830E-01  2.70535673295315250E+01  2.01280680573959250E+01
  6.17452885167652710E-01  2.88395702526786510E+01  1.02462100220846040E+01
  3.29506256422424390E-01  1.08257159074791360E+01  2.36214951836005440E+01
  2.58355477869490890E-01  2.01579675285152360E+01  1.33111919502500890E+01
  4.69641390777102340E-01  2.82179999896750290E+01  6.43957752186322720E+00
  3.49095179616795370E-01  1.24112876481682250E+01  1.13653463104526240E+01
  3.27988333844876360E-01  2.50430034018582040E+01  1.69670326354784930E+01
  3.86383264228710210E-01  8.06852157078610510E-01  8.34437480382806210E+00
  4.75543307221801650E-01  2.62685643429188110E+01  2.08982114651902510E+01
  5.07815655211632320E-01  2.63048775737807650E+01  1.15097093745178260E+01
  6.08088426536500660E-01  1.91796781833250730E+01  1.99506606840849620E+01
  3.93024383017402490E-01  1.91753963892827920E+01  2.90330983727542350E+01
  7.48336469443998900E-01  2.65461673139767740E+01  4.75188133731014780E+00
  3.13454063710418570E-01  2.17764200679052780E+01  1.45961490439263320E+01
  4.43133439323318520E-01  7.10487910972394850E+00  1.81373841192048100E+01
  3.62493203924014780E-01  1.84215136702868280E+01  1.57397959150742930E+01
  5.72881440675418570E-01  1.44193530954893950E+01  1.99938892398840550E+01
  3.71299762957800540E-01  2.86779020927794690E+01  7.43047029735179980E+00
  5.13143010843963320E-01  2.22536722401640790E+01  2.63250979943633470E+01
  3.87533216804236250E-01  4.48259623447818710E+00  4.76370766738662520E+00
  3.90540239164096370E-01  3.53218720103289920E+00  6.43727195851825050E+00
  4.11696508529454960E-01  1.72905210091985420E+01  1.28414981406316410E+01
  4.19670751191123690E-01  1.95312287247885590E+01  1.21622253066438120E+01
  5.39922025342825940E-01  1.02054106213180800E+01  1.77096549126857640E+01
  3.73125396709624990E-01  2.49482407338539430E+01  1.46996891165263580E+00
  5.72628172168292430E-01  1.12486506270194960E+00  1.53630364803163250E+01
  5.63660960642019760E-01  2.62123029288680270E+01  7.50565751744728970E+00
  7.54397230300637300E-01  2.57653373120365570E+01  6.95339745861094900E-01
  4.07877171249442140E-01  1.57658196758794150E+01  1.37577060555425240E+01
  4.61178090502161720E-01  8.68790094322547010E+00  2.79786405055883980E+01
  3.50974061745161330E-01  2.54684382208285350E+01  1.36202030613759180E+01
  4.22541054278063120E-01  2.53788364373670990E+01  2.01318821309825470E+01
  3.25036994184950640E-01  8.85222539755492480E+00  2.25220353544705820E+01
  4.96042965314236020E-01  4.07877249075265700E+00  2.73342024281176070E+01
  3.04461637453634990E-01  2.46530072027549570E+00  2.77644453995045880E+01
  4.21290506291976640E-01  2.03076647583705030E+01  1.70658514378437690E+01
  4.26578460793149810E-01  2.01440079231853910E+01  1.95784983724942020E+01
  3.91816801400439550E-01  2.45976549589007090E+01  1.54342902873487110E+01
  5.32262962461145860E-01  3.49164691350447410E+00  4.83439095356856010E+00
  6.07718241283317260E-01  2.75634235408267480E+00  1.69582816456183100E+01
  5.13425754976809310E-01  1.49605127707728530E+01  2.45286972787578610E+01
  5.46829204411607870E-01  8.43469647141904130E+00  2.69583157684398210E+01
  2.99038091422116640E-01  2.72801453707551860E+01  1.75597402005672980E+01
  3.65374026971610010E-01  1.94893809672860070E+01  1.05359878192297870E+01
  3.46733456860136300E-01  2.92229800218107270E+01  1.16978718213278280E+01
  5.01833768532536340E-01  8.62315001781257000E+00  2.89377294939062640E+01
  2.88617724104866640E-01  9.94658084478308170E+00  2.75652585072286800E+01
  3.13454063710418570E-01  1.25851876754058730E+01  1.22783334077110700E+01
  4.43756654693070110E-01  9.50671639593844380E+00  1.25625508097085790E+01
  5.20369884994360540E-01  2.33945910498369190E+01  2.76479931518680360E+01
  7.41720708060832300E-01  5.27187517910377860E+00  2.76696682744055630E+01
  2.99038091422116640E-01  1.68633047161921560E+00  1.33022598919192350E+01
  3.93024383017402490E-01  7.03142416365371850E+00  2.49555103916478660E+01
  2.53364602799301860E-01  1.57835316264736600E+01  2.35309732955555760E+01
  5.48463672908306780E-01  2.34004082667136510E+01  2.33267558831403000E+00
  5.63660960642019760E-01  2.61820244416390330E+01  2.91413172039654780E+01
  4.99487474973056500E-01  2.37589104632754020E+01  1.57357006009952230E+01
  5.32488384254616510E-01  7.65744368183658080E-01  6.91861506798566240E+00
  3.62493203924014780E-01  2.05469075933353200E+01  1.27005205519047680E+00
  3.90540239164096370E-01  2.14510927324869590E+01  1.71900452724770570E+01
  6.25248164210708260E-01  2.84212825015586290E+01  2.19453789096653510E+01
  3.93024383017402490E-01  1.11831463476172510E+01  1.33618185518539560E+01
  2.83517655556827110E-01  2.63005343088252560E+01  2.26560485068211220E+01
  5.16562546778196820E-01  2.49504146099439940E+01  2.94128427108590880E+01
  5.96777348356598920E-01  2.12467484914924330E+01  1.92504808370695260E+00
  3.35017483125717060E-01  2.85568855383877890E+01  1.18392672542237460E+01
  5.69344335137112000E-01  3.99332339457384970E+00  7.84697419565825080E+00
