1
  1002  2.96924426640336700E+01  2.96924426640336700E+01  1.00000000000000000E+00
        0.00000000000000000E+00  0.00000000000000000E+00  0.00000000000000000E+00
  5.33066537704075310E-01  1.53542577880764190E+01  2.40771815499776520E+01
  5.62178328188990490E-01  1.62379320151406890E+01  2.18632248578866670E+01
  2.97561439636419770E-01  2.41239745381584850E+01  2.64411170557933240E+01
  4.82771447840326400E-01  4.99789401499514520E+00  1.50681031022567650E+00
  6.61562106526255890E-01  1.06266310973065290E+01  2.23086916192625000E+01
  5.04339573614743570E-01  2.85947082779799760E+01  1.53107841502090810E+01
  3.45648959319623030E-01  1.75088422911374270E+01  8.96178677712621230E+00
  6.95947079841625180E-01  1.35497103417056210E+01  1.28314522185343980E+01
  4.75626642073745920E-01  7.96352631009156480E+00  2.73245353864992640E+01
  2.57534358191145160E-01  5.74346903709786180E-01  1.55344173379491950E+01
  6.30423428531534040E-01  2.35321376444810970E+01  6.30189089426313840E+00
  3.25516939164680520E-01  1.07473438914329600E+01  2.32871907542471740E+01
  3.14110289759674140E-01  3.96676033504471590E+00  5.11046297126312070E+00
  3.99477862283745790E-01  9.51901225503764970E+00  6.07043157148098530E+00
  6.47236078597052340E-01  2.09314041592173790E+01  4.87926559459529230E+00
  5.28731261397185740E-01  2.93333508867377230E+01  7.58179642331004540E+00
  4.43807889241729470E-01  3.61423225087462980E+00  2.58532004795338710E+01
  4.82268891960512480E-01  2.06311736707032620E-01  2.72165811151565650E+01
  4.30858982518450690E-01  1.54782760772016380E+01  4.15318787172950010E+00
  4.18947112612636110E-01  7.05556874583647710E+00  1.81847236246769270E+01
  3.50662231740508900E-01  6.37792986353872230E+00  6.20719632658248430E+00
  2.85767805251094040E-01  2.43289228106666190E+01  1.07288238684930230E+01
  3.45648959319623030E-01  2.20549214050784240E+01  8.44483762426662740E-01
  3.45648959319623030E-01  2.78779558517995480E+01  2.04004735286840290E+00
  6.42005949159872720E-01  5.53567860836011770E+00  7.82359739628664390E+00
  2.74003615458356760E-01  6.21669990301203250E+00  1.99100391586327100E+01
  3.87653287431749970E-01  2.95296707271681350E+01  2.33909673420430340E+01
  4.18948713530687210E-01  2.13064997139958300E+01  1.00074273170800310E+00
  4.53451232343747090E-01  2.80456423106365630E+00  1.24634336970680050E+01
  4.21603844523193420E-01  2.32197229369787020E+01  2.44124257030428890E+01
  2.62213147743524950E-01  2.18698799715045920E+01  2.71103397172010540E+01
  6.94903868090152520E-01  8.74726715899173970E+00  2.88577661642560340E+01
  6.31563936872940970E-01  4.74957562622393500E+00  2.03118249479727100E+01
  7.01778375544082420E-01  6.34570658303595710E+00  2.14727927529283810E+01
  3.46434506905438330E-01  1.37302100930650250E+01  1.84202134598745920E+01
  3.50662231740508900E-01  1.98111378107837450E+01  1.84755951675697330E+01
  3.01799748246536660E-01  5.33759604977582390E+00  1.74584580453952680E+01
  4.41298336829792340E-01  1.61464325115768740E+00  1.10467314105750510E+01
  3.39481361119070080E-01  1.55847262993924240E+01  2.49182800868088460E+01
  3.83181557852844270E-01  2.56060432377532410E+01  1.84677934314291010E+01
  6.75156127532392600E-01  3.08580698268079970E+00  9.67147482803536640E+00
  2.73281005279713530E-01  3.69189528261452750E+00  2.72246292678525740E+01
  6.65634982039605120E-01  2.17107145151507980E+01  2.32578720797483950E+01
  2.54824432159977790E-01  1.49063764784063470E+01  6.47388713445719070E+00
  2.84029264846615530E-01  1.61094371556024000E+01  2.03271482189548110E+01
  4.62836237406567810E-01  2.32033392193325520E+01  1.64099317087865800E+01
  3.33973424357718240E-01  2.89574539886005090E+01  1.66432075968538800E+01
  4.91872428060923640E-01  2.56041013957664630E+01  1.44596353456015410E+01
  5.52490392167627680E-01  2.00362786113845600E+01  2.67908414385064260E+01
  5.39466591144820300E-01  1.28660233373608350E+01  2.86773093188232870E+01
  5.65219172841477580E-01  1.52879682283034360E+01  9.75879557874897860E+00
  3.53776024442120150E-01  2.77989596896462460E+01  4.31892514659227270E+00
  5.54611473665029210E-01  2.34631889094513910E-01  2.86962159192575720E+01
  4.81368497469048420E-01  1.69448381811187940E+01  4.81190442441261460E-01
  2.84672167568555990E-01  1.19228847439695330E+01  1.34012640257482860E+01
  3.06898385793053400E-01  1.39290498666251100E+01  1.90425539279096900E+01
  4.49954956992444630E-01  1.06340100451662870E+01  1.98503397850348690E+01
  5.88686278844574580E-01  2.11690795675272230E+01  1.25245577838708630E+01
  4.36315933331792570E-01  4.92140298965834510E+00  2.27984357400186680E+01
  5.46155746035104350E-01  1.65274963678814440E+01  1.85150240575615900E+01
  4.11346310528290360E-01  1.01852587746622220E+01  6.53128948359549530E+00
  7.44650008855257360E-01  9.72962246572969750E+00  2.78066929010829900E+01
  4.68162992243922280E-01  1.49032708335057080E+00  9.84209295879313650E+00
  7.11073931023246340E-01  1.74623757997325340E+01  2.22093285402025520E+01
  3.02034441597155470E-01  1.38940777882463130E+00  9.07299910527217790E+00
  5.12509616084684260E-01  1.92712242470645060E+01  7.86763124491935970E+00
  3.40422717275118370E-01  6.53917915229418160E-01  2.79065816996256540E+01
  6.65634982039605120E-01  1.80227595293715800E+01  6.04930418932645960E+00
  3.75295693565172690E-01  7.23153073885881170E+00  1.62059378611965390E+01
  4.75626642073745920E-01  2.74618870336601620E+01  3.55253491585808550E+00
  4.72038094207023740E-01  1.30962493124035450E+01  2.71573495875496110E+01
  4.29902962432020440E-01  1.29140540367589570E+01  1.90348759354211770E+01
  5.68910711623079470E-01  1.44898813225225990E+01  1.50720224606253620E+01
  3.07263188066738420E-01  6.53782044415710750E+00  1.86920513919313080E+01
  6.10911033360540580E-01  2.45428536051866150E+01  2.83980238746137840E+01
  3.43353541919950760E-01  2.62333109521161380E+01  1.26939889794187210E+01
  3.15231116497538320E-01  5.60142711707974610E+00  1.87369897062657280E+01
  3.78068289465320630E-01  1.56222709450267470E+01  1.51304432902298660E+01
  2.54824432159977790E-01  4.21883939131624790E+00  2.72002914366650580E+01
  5.44558358435121190E-01  4.62940456869899550E+00  1.47291017557465280E+01
  3.56000803327192820E-01  5.44525305223313700E+00  2.70996779403890390E+01
  3.13454063710418570E-01  1.49298810579813260E+01  2.14684678409167870E+01
  6.12591031919131530E-01  2.66742465216453790E+00  2.43406865940165320E+01
  6.47236078597052340E-01  2.70299474944636310E+01  1.65807937715339900E+01
  2.65726189967390210E-01  2.06365072995812430E+01  6.43597669002315520E+00
  2.96653470797716330E-01  5.65831480759690030E+00  1.30532833860186720E+01
  3.45648959319623030E-01  2.66259571007832710E+01  1.46596564376380630E+01
  3.13454063710418570E-01  2.39700835242767670E+01  2.70323129717008040E+01
  3.39073066583844400E-01  2.19660469276399550E+01  2.65170310365879690E+01
  2.96256570285591500E-01  1.29706597921834970E+00  6.09856601276567910E-01
  4.19081387041561550E-01  1.43960031845818130E+01  9.34419238965727140E+00
  7.08391389715138510E-01  2.33602969531490780E+01  1.09530603224454610E+01
  7.16035261746952050E-01  1.67986477763880590E+01  2.89867112962451540E+01
  4.43133439323318520E-01  1.75068792888192380E+01  9.75030396087364440E+00
  2.73281005279713530E-01  2.26688175472923310E+01  6.56886735254738770E+00
  3.35017483125717060E-01  1.30105428420259860E+01  2.96818086072467790E+01
  5.09222041678605210E-01  1.42824027465003400E+01  1.40143275170111910E+01
  4.27719079604653450E-01  1.14587158439728360E+01  9.47239282206933990E+00
  5.81299825206354370E-01  2.46690143494905170E+01  1.81182095146944100E+01
  5.46155746035104350E-01  1.01415518982345580E+01  1.71773762922770890E+01
  3.05466220251299840E-01  2.48104043257302610E+01  1.43863653725779610E+01
  3.11838068626578210E-01  8.78371446110302760E-01  2.64667107857191620E+01
  6.27423008989955560E-01  2.56282643230520580E+01  1.08609017873067850E+01
  7.12424816007452400E-01  4.02720936427736830E-01  9.38494165862319640E+00
  4.41140732643827070E-01  1.50539556577632890E+01  2.84786479867165030E+01
  3.80273533482480450E-01  8.74427212671256800E+00  4.47342315784974960E+00
  3.29796701345061780E-01  3.79986111359569940E+00  1.46205004096034140E+00
  4.15252526658189590E-01  1.12292586337048000E+01  2.49318064347934720E+01
  2.59062449636064510E-01  2.35373707694282110E+01  1.56666454380068260E+01
  6.18419083689772810E-01  3.04527886165724350E+00  8.88332689470063740E-01
  5.04213456464067280E-01  1.45784480427146350E+01  1.84867469301593350E+01
  3.48156346672602490E-01  5.38165527388850150E+00  2.10588818314338260E+01
  2.89042915761794110E-01  2.35549200232508940E+01  1.99097535559418120E+01
  3.05466220251299840E-01  7.98249432933425050E+00  2.38655320531860940E+01
  6.49919166153384610E-01  9.06547529163492700E+00  8.57398572418908780E+00
  6.14379095469630790E-01  1.82987732146681520E+01  7.29791203876886300E+00
  7.00411917450214720E-01  1.15125526530934560E+01  7.36463519087912650E+00
  5.69344335137112000E-01  7.24647939226026060E-01  2.22503350671480260E+01
  2.57564851167384970E-01  2.31204853510745640E+01  2.31596932404396120E+01
  4.13050329149462850E-01  4.44116925506846980E+00  2.84400171126684320E+01
  6.18419083689772810E-01  4.61124654058229840E+00  1.68945071810459280E+01
  4.26523982883737140E-01  2.50162409435681090E+00  2.76832860431488470E+00
  3.78209123272245940E-01  1.42289803893353870E+01  7.20132518415130550E+00
  2.63055759251188670E-01  1.68046705758736900E+01  1.48573126049680080E+01
  5.00274833943758600E-01  3.15115015270358700E+00  2.66737691487302260E+01
  6.01687927537542500E-01  8.11814221019405660E+00  2.18096463664308690E+01
  4.86073626967704090E-01  2.58887373480548390E+01  1.99725323246941390E+01
  7.62474117278193650E-01  2.25867030478441610E+01  1.22028360337800010E+01
  4.87886881528419990E-01  2.59669248519352640E+01  2.67930117930965040E+01
  2.99038091422116640E-01  9.01765804977087980E+00  2.18499413291238260E+01
  3.50974061745161330E-01  1.09340610251789430E+01  1.00461488359294650E+01
  6.10572080928614460E-01  2.47595959043045570E+01  6.48185541021030700E+00
  3.01731430220296380E-01  1.39885417589737990E+01  1.57824582022563290E+01
  2.59062449636064510E-01  1.79641651013992490E+01  1.60051509718599410E+01
  6.99477888048091770E-01  7.68269106535993010E+00  1.91107460219509560E+01
  4.41666133880560000E-01  9.28011656137861960E+00  2.63192542318396750E+01
  6.86210935380316480E-01  7.97236306241295090E+00  7.80653238099008640E+00
  5.27425300578987690E-01  2.92446226472165770E+01  1.74541460117992850E+01
  7.54505484792745040E-01  7.02887776000340290E+00  2.65257722731360490E+01
  4.11696508529454960E-01  1.47877199736691090E+01  1.05976456255263240E+01
  6.26517897412854200E-01  1.90301504173987120E+01  1.17254584733541470E+01
  5.72142532162989690E-01  7.11941814136950410E-01  4.97575367687445520E+00
  3.47451934045076260E-01  1.74001881079141190E+01  1.47295065346899530E+01
  2.57564851167384970E-01  1.26600829738085330E+01  3.11565555594282760E+00
  5.33859136323620030E-01  2.42990380918741840E+01  5.42725855315555440E+00
  2.69169509893181310E-01  6.04727484669307720E+00  2.69314837834325970E+01
  4.24351701398837560E-01  2.04552009719971930E+01  2.11121954142996880E+01
  3.11762329988951370E-01  1.62435610231333670E+01  1.93243037651637090E+01
  3.50974061745161330E-01  2.67072589588624290E+01  2.63995352936610250E+01
  2.66929568161810020E-01  3.08799349035208160E+00  3.13743907010719840E+00
  7.20816873845379820E-01  9.09234862534215970E+00  1.64681761406803880E+01
  4.22201084465533680E-01  8.63738013591092370E+00  1.10784066798792470E+01
  3.09209541844886400E-01  9.22917241882970350E+00  7.19505108604356280E-01
  2.62213147743524950E-01  2.34145533980715400E+01  5.40707863444369430E+00
  7.60411681679863700E-01  2.11301225980296050E+01  1.11761387380833240E+01
  6.67521681419926690E-01  9.60032196177188090E+00  1.62276566996022800E+00
  4.37954134865551840E-01  2.41556512682493320E+00  1.73600643598182240E+00
  7.16654247500547470E-01  4.63202841850816680E+00  2.48764853696922400E+01
  7.12424816007452400E-01  1.32776063340607650E+01  2.49031842611131220E+01
  3.61198882346046800E-01  1.51375916261484850E+01  1.27982951444271520E+01
  3.82245446386266610E-01  9.44140680668261290E+00  1.10816874747150110E+01
  3.58737518624021320E-01  2.88016301364976640E+01  2.45749717745453680E+01
  5.81547682683179710E-01  1.48590854476395330E+01  2.74750634175713380E+01
  4.21963532045373490E-01  1.17180009092641320E+01  3.92708946097380360E+00
  3.12648490279368120E-01  2.03439472760682460E+01  1.29045225293697570E+01
  3.25036994184950640E-01  1.02426537011641050E+01  2.36958023944434440E+01
  3.83290088603488770E-01  2.06793695522307810E+01  2.34423745344619440E+01
  2.93443024193560210E-01  2.54199620167474800E+01  3.71351949929604870E+00
  2.66929568161810020E-01  1.60942236865724270E+01  2.10468483234606690E+01
  2.99038091422116640E-01  2.25696073392168230E+01  2.48586770464606030E+01
  6.00040109246873770E-01  1.38552540233938420E+01  1.02069853842006800E+01
  7.14535578675763720E-01  2.13595922304542650E+01  1.48045941583772630E+01
  3.06898385793053400E-01  1.69321086915586360E+01  2.13425979102859420E+01
  3.45648959319623030E-01  1.53462793562342290E-01  8.29004015075095960E+00
  3.87046365911375680E-01  6.50062349776095780E+00  1.59913950453738800E+01
  6.56539952722306990E-01  2.97506678539224990E+00  2.78166937941579280E+01
  5.07436062422724900E-01  1.11558880131809400E+01  2.40121854309568090E+01
  7.39270392714900380E-01  9.46916247461494720E+00  1.50586173608068030E+01
  5.38024295323284910E-01  1.57530312390674790E+00  1.81046854892290130E+01
  7.33199636544987770E-01  1.01138728532371530E+01  7.67293546713175530E+00
  6.31923671661538840E-01  1.06824495236189100E+01  1.21741927106700290E+01
  5.72951670348821020E-01  4.22294945440879310E+00  1.57692264268203940E+01
  6.40456937776772590E-01  2.89408475956824200E+01  8.68095497676779360E+00
  4.77241894706072770E-01  2.01435315601736920E+01  2.78141118113987030E+01
  7.64764367446448820E-01  9.10221454729357230E+00  9.98664245206422760E+00
  7.16535845940979770E-01  1.40584898889509710E+01  2.45847046578678570E+00
  3.10705613459761840E-01  1.61763179182971190E+01  3.90293945540835270E+00
  3.89901968262705180E-01  2.04597881710071970E+01  2.86210143132062240E+01
  7.15011499502423580E-01  1.40382491759327750E+01  1.15084071016955340E+01
  7.60297905848187840E-01  1.20103233369652040E+01  2.19871582023786440E+01
  2.65726189967390210E-01  1.45045705348677010E+01  1.24683164617199650E+01
  4.53492046339069340E-01  1.38772903664564370E+01  8.64353602856435010E+00
  5.18725390566230620E-01  8.92128303438170530E+00  2.54285660028145590E+01
  4.24020504903543660E-01  1.21149384988964020E+01  1.93349280828053340E+01
  5.17634268500846420E-01  2.35804729851222210E+01  1.82607073588514770E+01
  4.54567147313974470E-01  1.95852893629264030E+01  2.09879298485051570E+01
  3.65965634987757580E-01  2.51466699412249990E+01  2.04354698152942970E+01
  2.96256570285591500E-01  1.60761123220676760E+01  4.56645833525508320E+00
  5.50543265074639000E-01  1.47153530791908020E+01  2.51074847319087940E+01
  4.46540105696671490E-01  1.16587490084811480E+01  1.17196332632119140E+01
  6.47236078597052340E-01  1.59327327065005340E+01  1.61068782187895710E+01
  4.82769235883485770E-01  8.48117408163547100E+00  2.30150766323854980E+00
  2.97529618718302210E-01  2.36750319751904710E+01  2.31528294075364160E+01
  4.13811620468168510E-01  5.53232174522311130E+00  6.66619342979491950E+00
  4.87785457169642190E-01  2.68276098633134410E+01  2.41516893635484780E+01
  3.41778742319800830E-01  2.27233905227470850E+01  1.83021031223126690E+01
  4.05793634226126800E-01  9.70683676290091850E+00  1.18230454951813200E+01
  7.14516279726398110E-01  2.45398472401576270E+01  4.20306558777692360E+00
  3.71799304162545760E-01  1.92331299364052060E+01  2.51089858838029390E+00
  5.77820253962530560E-01  1.03021534155485770E+01  1.40394690676958690E+01
  4.75626642073745920E-01  9.92362690915260440E+00  2.95881519831244620E+01
  5.46562010559427060E-01  3.52372486547081290E+00  1.73110687502522720E+01
  3.29506256422424390E-01  2.92679091302883840E+01  1.48193815496401820E+01
  2.62213147743524950E-01  2.18565527180449770E+00  1.07482924314676160E+00
  3.63105686475124490E-01  7.32893704921959180E+00  6.97845743652617050E+00
  7.08391389715138510E-01  1.11745413844243680E+01  1.78881470309254920E+01
  4.26578460793149810E-01  3.43843776859693630E+00  2.96131293275760900E+01
  6.08873319065221350E-01  1.90457534198269730E+01  2.00715592473041650E+01
  5.39466591144820300E-01  3.27849158738711390E+00  2.19459335661930720E+00
  4.66553963192992600E-01  2.41445407427467630E+01  2.37550502676579820E+01
  4.82771447840326400E-01  1.22028955577048530E+01  1.59538281853288680E+01
  5.13004586318856950E-01  1.82264465273341050E+01  4.88924649584694040E+00
  3.17084428049163950E-01  1.48668783815738300E+01  8.77897001482615740E+00
  3.50974061745161330E-01  2.00345726748283570E+01  5.31669279678094940E+00
  3.82382183723224410E-01  9.26815691790243790E+00  2.66045175124834810E+00
  3.77759649416993960E-01  2.66322038940278990E+01  1.08393978634201530E+01
  5.74203886104520670E-01  1.66243683418251390E+01  1.21885003115321630E+01
  4.11346310528290360E-01  1.41763360501732690E+01  5.48616678160378330E+00
  5.06367095649294540E-01  1.52609449497922100E+01  1.36555045832131580E+01
  6.01687927537542500E-01  2.58318178057703920E+00  1.97140738397600510E+01
  2.49794182180603610E-01  1.75650095982312880E+01  6.84189691096541620E+00
  6.11481049571092420E-01  1.83571763699129850E+01  8.52088187086470230E+00
  5.03927515451986880E-01  8.92310994446142130E+00  2.10530345074145730E+01
  6.35485889077753010E-01  6.15802296852449960E+00  1.22678258453863000E+01
  2.99038091422116640E-01  8.89360568184603650E-01  1.89185327193570780E+01
  4.22541054278063120E-01  2.73916322902221590E+00  2.88907529900973440E+01
  3.05466220251299840E-01  1.22023218746506200E+01  2.91996421997064000E+01
  2.62213147743524950E-01  2.08454253025151250E+01  2.68781126879696720E+01
  3.61769499680632390E-01  4.82577454027697520E+00  7.11509061984248530E+00
  2.47647088603063280E-01  2.59365416512302940E+00  2.05633302067739090E+01
  3.11155895623034430E-01  9.84761543164950300E+00  6.77254662956286780E-01
  2.66929568161810020E-01  2.48687700357053530E+01  1.82864967426418290E+00
  6.90395435464654740E-01  2.24158299460729570E+01  1.38786166860890990E+01
  2.96503602823160150E-01  2.74167180444647980E+01  1.86502891663775540E+01
  6.57722721512726150E-01  2.14884386794956580E+01  2.88163378929681750E+01
  7.24777883420223110E-01  2.46188167926121440E+00  2.56617120233912810E+01
  5.48279863025970290E-01  2.60738273351124760E+00  1.45625908398620360E+01
  6.40748513009616880E-01  2.32113609930290890E+01  3.93805609149803000E+00
  2.56092450391898300E-01  3.24650459593936920E+00  3.64442796574261060E+00
  7.17499092254363010E-01  1.08364871078976160E+01  9.58007069262258250E-01
  4.66141488621800890E-01  3.61465099628783280E+00  2.87385555512237690E+01
  6.33759023001558490E-01  5.00199139354262190E+00  4.78326822545241190E+00
  5.48279863025970290E-01  1.98251460216105850E+01  6.37051209708740450E+00
  4.19081387041561550E-01  5.68906481595465860E+00  2.79047790045310720E+01
  5.70902198024309190E-01  5.30986336670155450E+00  1.38464861355866980E+01
  3.17950877609215300E-01  9.40192285041662860E+00  6.81855069661848120E+00
  5.96963967672292380E-01  1.21589867851499150E+01  1.70323207281612490E+01
  6.18832453479690690E-01  1.12927294295334410E+00  2.54967112074996900E+01
  2.63339374245984010E-01  1.36113406607208770E+01  1.43967240024236460E+01
  3.55036581058269410E-01  2.84030922279755490E+01  2.77855421969033930E+01
  5.84913004272127690E-01  1.32999257527660380E+00  1.23198927175196320E+01
  5.77235448209733180E-01  1.46224279039302460E+01  3.62114994842441850E+00
  5.01105313190319460E-01  2.89627657697507250E+01  9.82095561858140090E+00
  3.83598938984435380E-01  1.35937352740031180E+01  2.92439944124985200E+01
  5.98360795606824340E-01  2.58086892741525030E+01  1.68212320809458970E+01
  3.41778742319800830E-01  2.90805909880001110E+01  2.17000127196471230E+01
  3.29796701345061780E-01  2.63817487767605350E+01  9.54560594395277030E+00
  3.84420431658369740E-01  2.57302105657158150E+01  3.11212235105888180E+00
  4.91872428060923640E-01  1.14315925363514240E+01  8.55367102158496270E+00
  2.93443024193560210E-01  9.73465931006953330E+00  2.88437544769222040E+01
  5.81299825206354370E-01  6.50867740549866800E+00  2.84779671252886750E+01
  5.68243553274813350E-01  2.87687018727647480E+01  1.29069476950208220E+01
  5.39001667068871980E-01  2.49133915193746700E+01  1.52238559369698270E+01
  7.01587183784351610E-01  2.93640916556086860E+01  1.25579727497217000E-01
  4.45239477383046460E-01  3.51147870941311040E+00  1.39585802597902190E+01
  5.39001667068871980E-01  2.81721952132669490E+01  1.62632266843619140E+01
  2.86134314477376340E-01  1.10302498239929210E+01  4.32026288413292470E+00
  7.70254277643880240E-01  6.84316789653697820E+00  9.53124389838277080E+00
  3.45648959319623030E-01  1.87733756230707090E+01  3.91270478764141810E+00
  3.39481361119070080E-01  4.00008680854549330E+00  2.66018956209298560E+01
  3.04461637453634990E-01  4.13529059187316150E+00  2.39750808787897220E+01
  5.20369884994360540E-01  1.01876937827246490E+00  8.31713425936186110E+00
  2.65726189967390210E-01  1.72870866719950270E+01  1.87989605368824860E+01
  6.26908127420837150E-01  2.54548679329057210E+01  1.21022075153757970E+01
  3.48480710258510130E-01  1.22019870587420820E+01  2.30934231194881750E+01
  2.96653470797716330E-01  2.84184502817252880E+01  4.42579037753927550E-01
  6.31923671661538840E-01  1.02800016247158400E+01  2.72794677198484290E+00
  4.09705559579089850E-01  1.99883520897525420E+01  2.38300397713195870E+01
  6.72499163702481620E-01  5.36966239605959390E+00  2.89990462750867830E+01
  2.84029264846615530E-01  2.42779604058048120E+01  2.75437275439431380E+01
  5.34631033075580400E-01  1.68822855983303590E+01  4.36789725286083290E+00
  6.17076625982510940E-01  7.81250531992232840E+00  6.12665535064250480E+00
  6.55074006360275090E-01  2.17398785498662830E+01  7.80492667466317690E+00
  5.46562010559427060E-01  2.61983905627798210E+00  1.64790548045475550E+01
  5.17626013175185660E-01  1.85219570917039820E+01  2.49421785189418270E+01
  5.82207618145930890E-01  2.66646644615203710E+01  6.35333700674844690E-01
  5.98268629341587580E-01  6.96053980322530560E+00  4.97191698067841510E-01
  5.34553382826858140E-01  2.39424619464949340E+01  1.72730932526650780E+01
  3.76753951196820710E-01  6.34210285411870340E+00  2.94302793301293090E+01
  7.52518120402026810E-01  1.41982074650750610E+00  2.92466287231309930E+01
  4.81368497469048420E-01  2.62550133530036190E+01  2.33701360860402620E+01
  6.47413426355271770E-01  1.15402254477324590E+01  2.62562820209073810E+01
  3.05466220251299840E-01  1.54788959921197990E+01  8.89031878446369990E+00
  4.46689977500956030E-01  1.05275581327136490E+01  1.55932239551563400E+01
  6.18566685513849460E-01  6.93573334771049320E+00  1.71546965803877750E+01
  5.36592099856838090E-01  1.22394763164044670E+00  2.72412648253453970E+01
  5.09574347305064630E-01  2.22296002577956030E+01  2.77926748388773500E+01
  4.92328788949218680E-01  1.78752499489920780E-01  2.60711355018256900E+01
  4.83351594707823830E-01  2.36107403508655800E+01  2.06794775736499150E+01
  4.40650972415989980E-01  1.13071728792792370E+01  1.90292905231837890E+01
  6.10911033360540580E-01  1.10770111848387580E+01  1.64965737712865030E+01
  4.34172467284937990E-01  4.32846765648718450E+00  1.36348357484070860E+01
  7.03188417218805210E-01  2.76102760876138690E+01  1.12963443459538690E+01
  2.92799561075502800E-01  1.17980977810563720E+01  2.53527968744677320E+01
  5.68243553274813350E-01  1.22664000107210270E+01  1.49050150492043230E+01
  4.60682082706054620E-01  2.87157055237710780E+01  1.95879336009879270E+01
  6.41715074739605920E-01  1.65291684744761160E+01  2.51825236709970000E+01
  4.55206736325743130E-01  1.53346215533034440E+01  2.23272135075054090E+01
  4.22201084465533680E-01  2.42537712403067300E+01  2.00384889553141790E+01
  3.63079661055833470E-01  2.13342357629809860E+00  2.83905716377879930E+01
  2.63055759251188670E-01  9.07358141635936730E+00  1.32108770252063990E+01
  5.32877675645020420E-01  2.75914237513499320E+01  2.74257916428210680E+01
  5.77235448209733180E-01  4.32485531980020890E+00  9.49439453653804580E+00
  4.09775903561979240E-01  1.02264047838970350E+01  1.03199681519309370E+01
  6.93187364831086050E-01  1.40896437237921890E+01  2.08335468591188790E+01
  4.30054269381220950E-01  2.63588193103456520E+01  1.39318188752868370E+01
  5.07436062422724900E-01  9.12760550340593820E+00  1.76948709997638500E+01
  2.49948351789403130E-01  1.74451547836931020E+01  4.92764134984315310E+00
  3.16022212934137680E-01  3.09480626219720190E+00  1.06614324163721270E+01
  4.72818350263822220E-01  1.54536563039665180E+01  6.75909056258799450E-01
  4.46689977500956030E-01  9.28985305703567300E+00  1.38866112674534730E+01
  4.74581552528920360E-01  2.73865886444583600E+01  7.57179132244291520E+00
  4.86590143357422540E-01  5.55473551386902020E+00  1.95372841438198610E+01
  2.73281005279713530E-01  2.40258110051515990E+01  1.02330340250596470E+01
  5.20515140446715560E-01  1.58557764150224130E+01  2.31511564943131810E+01
  4.13811620468168510E-01  4.45866539237525840E+00  2.59933608190795520E+01
  3.81419328643079860E-01  1.25447611413979350E+01  2.64778930600319920E+01
  4.05593309893122810E-01  2.39123967187094730E+01  9.03233238091271320E+00
  5.85380732291966590E-01  1.96560368132285780E+01  3.40885916533164130E-01
  4.06599624824484800E-01  1.81584045700612190E+01  1.02955154847937130E+01
  6.40456937776772590E-01  3.99446178303938380E+00  3.15156861440755560E+00
  4.75626642073745920E-01  1.99013569135611770E+01  1.10509178318910360E+01
  5.09222041678605210E-01  5.13108366364001520E+00  2.18775616331981940E+01
  5.77820253962530560E-01  7.32365575289011160E+00  1.26028370602647360E+01
  3.80273533482480450E-01  1.61410144847931780E+01  1.71116194829064480E-01
  5.01406606281285510E-01  4.99941633477409210E+00  1.81862667155809850E+01
  3.59079136884617700E-01  2.17002905081022880E+01  2.51040473837813920E+01
  5.94092381958372510E-01  6.72123420399356690E+00  8.17258110222173250E+00
  2.54611020839302520E-01  2.80236568952681250E+01  2.82626014542520670E+01
  4.99223721401470310E-01  2.83167956448521490E+01  2.13505365067940010E+01
  2.54611020839302520E-01  2.72077755199795630E+01  2.67388389130520710E+01
  3.20574425314766210E-01  1.69571539461456060E+01  1.13584514699654110E+01
  2.85767805251094040E-01  1.36905318930009920E+01  5.98407984756768840E+00
  2.54611020839302520E-01  2.44701519334050240E+01  9.38396357180581480E+00
  4.12246671516209600E-01  2.31835215151650790E+01  2.14658450740344900E+01
  4.41298336829792340E-01  2.19722725832606290E+01  2.43515051874202970E+01
  7.09985914168247060E-01  2.29689225492894240E+01  2.68239847771976090E+01
  6.80956647410425740E-01  1.71880783957127080E+01  7.97139689760763210E+00
  4.75338540515479570E-01  1.20012018280850210E+01  1.21327458635543480E+00
  7.49588614928249000E-01  1.02176109948853960E+01  5.15820247983796150E+00
  4.74033319401206570E-01  1.19131129355437210E+01  2.06802071184499250E+01
  5.20515140446715560E-01  2.05875745280682400E+00  8.28187022495609780E+00
  5.48131117613959250E-01  2.23611919498353200E+01  2.57233766497381000E+01
  3.46733456860136300E-01  1.01431589839143110E+01  1.62855837436050590E+01
  6.97384645011991290E-01  1.58105023745858520E+01  7.94395019660595200E+00
  3.78209123272245940E-01  1.83893474745724370E+00  2.31286943986683990E+00
  3.82382183723224410E-01  2.36532476877915490E+01  2.43660429272013260E+00
  4.46537248270915300E-01  1.75972509873559490E+01  1.09369548475647400E+01
  6.08690451339190200E-01  1.22703315093156500E+01  1.25786142353861620E+01
  2.59062449636064510E-01  3.44234221982769920E+00  1.96658940811918160E+01
  4.43756654693070110E-01  1.67406977029545420E+01  1.98922555149396520E+01
  3.18942867500738640E-01  1.13824326999290320E+01  1.28864745718521010E+01
  7.16535845940979770E-01  8.16761850246946430E+00  1.35832960763656310E+01
  4.62836237406567810E-01  2.76667932752145410E+01  3.40884388497169290E-01
  6.97384645011991290E-01  1.17400735422254630E+01  5.04479845610944990E+00
  2.47647088603063280E-01  1.76729161844237340E+01  5.02618958018146600E-01
  4.05793634226126800E-01  2.14242605589048300E+01  1.85185139029791120E-01
  5.37364664263313330E-01  2.72786526836157500E+01  2.57199266416401540E+01
  5.72881440675418570E-01  1.91284727868465540E+01  5.49256403683142040E+00
  5.04213456464067280E-01  1.68154883704597640E+01  1.03967390868064130E+01
  3.86557871019070410E-01  1.99638381479563130E+01  7.29466217895783590E+00
  5.62178328188990490E-01  1.42602231609894100E+01  2.40933933353329940E+01
  6.41715074739605920E-01  1.02080469112520830E+01  2.46603690803691610E+01
  4.54567147313974470E-01  1.66748091566691770E+01  2.71705741385440870E+01
  3.97011970696729720E-01  2.79544751311987450E+01  2.83259313551571790E+00
  3.99477862283745790E-01  1.70570380856069970E+00  2.46563859207659920E+01
  5.15931587153482510E-01  8.08707114048868370E+00  9.20694434946051390E+00
  5.98026541173087530E-01  5.81062879242361950E+00  1.66937315192879550E+01
  5.94917806945655060E-01  2.18299834932022810E+01  1.80255040403045040E+01
  3.86557871019070410E-01  1.83019848902871550E+01  9.51623090744561220E+00
  5.52347772924787250E-01  2.03525988737650290E+01  2.56221352150757720E+01
  4.05793634226126800E-01  7.32437538622609270E+00  2.35959118022081280E+01
  4.66753989857397040E-01  1.21438256335621400E+00  3.31765199964359160E+00
  6.77666041374141330E-01  2.74133235401407480E+01  1.53128884058389150E+01
  3.23306573977224420E-01  6.44098557493784800E+00  1.25811957087590520E+00
  6.88340418185590860E-01  4.78486557177495440E+00  1.25988420112782040E+01
  4.11696508529454960E-01  1.94923299574288830E+01  2.84179570367881450E+01
  4.03052389307286420E-01  6.40454750900787580E+00  2.75000291115359270E+01
  2.97529618718302210E-01  2.13998753702930280E+01  2.68068838490594490E+01
  3.13090147150790890E-01  2.40385692282531520E+01  7.24061537415310410E+00
  5.01435669612667030E-01  5.68024644198626660E+00  5.71900069467760910E+00
  5.26482748420329030E-01  2.29716702663439170E+01  8.98499997744276870E-01
  6.75156127532392600E-01  2.76510139963796780E+01  2.33325300668451480E+01
  7.20816873845379820E-01  6.66475177075155490E+00  1.10112553361429340E+01
  5.30006102735105960E-01  1.67855957429629330E+01  6.82957500961654770E+00
  3.43353541919950760E-01  2.91076589004189120E+01  1.59835710346300740E+01
  5.32877675645020420E-01  6.05495242147426630E+00  3.78161442574377780E+00
  6.44956217916396120E-01  1.46766021455136410E+01  1.96318422213202230E+01
  3.55036581058269410E-01  1.52255992356497370E+01  1.45149094954376800E+01
  4.30054269381220950E-01  1.56593235212170970E+01  2.91048973882448610E+01
  4.93734512940847830E-01  2.57422155687895010E+01  6.98529474556961370E+00
  3.42409596243210680E-01  1.62368032950640570E+01  9.01936121026439790E-01
  5.58952633370732950E-01  2.23695906535820800E+01  2.96889983311016440E+01
  4.49954956992444630E-01  1.32185623752666360E+01  2.19379436713591400E+01
  4.11346310528290360E-01  2.96043125975831880E+01  1.39431325199137500E+01
  4.72818350263822220E-01  2.54488546524232500E+01  4.96587122500917570E+00
  5.00672486592370710E-01  1.85808830133645630E+01  3.08879772819295930E+00
  4.15334611176110170E-01  1.76078395814930100E+01  2.81981740969288910E+01
  7.70254277643880240E-01  1.33181952652879210E+01  2.31531897155745520E+01
  5.32262962461145860E-01  2.80180055193263830E+01  9.40317957969856270E+00
  4.01880163826280960E-01  5.77696624751277450E+00  2.04223043477302180E+01
  7.41720708060832300E-01  2.04421346106283720E+01  8.31625834149051360E+00
  3.01674668393272730E-01  1.39159409073404440E+01  4.14328776881381610E+00
  2.66929568161810020E-01  6.96962047552462320E+00  6.43124246167309630E+00
  4.15334611176110170E-01  2.56890836263808180E+01  9.82003055788580070E+00
  5.20369884994360540E-01  1.34518627409166860E+01  6.75226282368287570E+00
  2.84672167568555990E-01  8.24207780930822760E+00  2.33359560491082190E+01
  5.18912146576496980E-01  1.35211905166617450E+01  1.97633360036036940E+01
  3.90540239164096370E-01  2.89811327654377670E+01  2.72858726657513240E+01
  3.63079661055833470E-01  4.04262561650232580E+00  1.84436225775537430E+01
  4.73113776075054650E-01  1.44916488817814510E+01  4.66144078612692780E+00
  5.55687039951364880E-01  7.53225017326670350E-01  2.11265233768806620E+01
  6.97384645011991290E-01  2.80210652252366470E+01  1.74890963918469460E+01
  3.54092873053847420E-01  8.63108840774296300E+00  2.78162955607980500E+01
  7.37991961479508610E-01  9.18106728206971920E+00  2.37390738411988660E+01
  5.10790949981952740E-01  1.50676523916206760E+00  1.44243230375156200E+00
  7.03918080384424090E-01  1.67310082909089740E+01  5.59698456083700260E+00
  2.69326463995374250E-01  2.75900900797278510E+01  2.02251498970166530E+01
  5.39922025342825940E-01  1.28703966120577180E+01  2.10126714638369660E+01
  5.39922025342825940E-01  4.60515611726737980E+00  1.91495369600666980E+01
  3.52682444144397330E-01  2.37628955807360110E+01  2.59010732885257760E+01
  3.17084428049163950E-01  1.47592947040247860E+01  5.92192911252760810E+00
  3.92511582998476170E-01  9.44377898862791020E+00  4.14635287207107160E+00
  2.92799561075502800E-01  1.50751308368676930E+01  2.51587755110410690E+00
  3.63105686475124490E-01  1.56857796219577900E+01  1.81738662173708580E+01
  3.25036994184950640E-01  1.93701948015847020E+01  1.56518526660612500E+01
  5.70902198024309190E-01  2.58014774266382180E+01  2.15994651266836920E+00
  6.18138908065390960E-01  2.70072529922243870E+01  2.91781022803631380E+01
  3.10705613459761840E-01  1.92743852364013580E+01  2.39207642342640090E+01
  6.99092076263204730E-01  2.57816676089504360E+01  8.71017100861798000E+00
  4.40295189098215370E-01  2.71139216574766770E+01  2.07656643548291560E+01
  6.52034765531911640E-01  1.46500769744864350E+01  2.94936557298273810E+01
  5.12628979659419230E-01  1.90294120527767700E+01  1.05874048396865770E+01
  2.68569610726517900E-01  2.94163695871858200E+01  1.97859866523732390E+01
  4.41473589537221400E-01  2.94200832745896010E+01  5.25549703153025760E+00
  7.41623060643924430E-01  1.03408527345766680E+01  9.12957494107297410E+00
  2.49794182180603610E-01  1.60905139008792510E+00  1.48881153953341200E+01
  3.44856808658559500E-01  1.93769833572482940E+00  5.21187628201862910E-01
  6.83701617051292750E-01  2.08564931217472920E+01  2.44937497856487280E+01
  7.19599311285852310E-01  2.42324219118181820E+01  2.49376493900911350E+01
  6.67521681419926690E-01  2.60840688059191980E+01  1.55152808517982980E+01
  5.40946473112310590E-01  1.81844429419448410E+01  2.90880888249533100E+01
  3.83579206291793930E-01  7.38156424723614000E-01  4.02101211845442390E+00
  5.04339573614743570E-01  2.29290078284431650E+01  1.92746262863743000E+00
  6.35523375007872900E-01  2.48866644643503640E+01  7.72107145309074030E+00
  3.44905765886116280E-01  1.67590461954558800E+01  2.62842924469800290E+01
  2.65726189967390210E-01  1.54789066781929510E+01  1.68988661399167160E+01
  4.87785457169642190E-01  2.20952347086675260E+00  2.69672412966613850E+01
  3.71299762957800540E-01  2.62352963990120620E+00  3.57453928891035040E+00
  4.13811620468168510E-01  4.80577302989177200E+00  8.62302098286218840E+00
  5.69423614487483490E-01  3.23325438676766600E+00  1.15350914969551970E+01
  5.83429036676414100E-01  1.85028223441799040E+01  5.25806334719573340E-01
  5.30006102735105960E-01  2.01760003608062240E+01  2.02008548211227890E+01
  5.16710955738981780E-01  1.64023149855102800E+01  2.40320474161904940E+01
  2.65726189967390210E-01  8.13221274924203640E-01  1.83592668688088170E+01
  3.18942867500738640E-01  1.83510540139223930E+01  1.10680218331739780E+01
  3.23881608201221470E-01  1.07781091287422730E+01  2.80082154261113520E+01
  3.54092873053847420E-01  2.46567965840758560E+01  8.69922445934153820E+00
  5.12509616084684260E-01  1.71821183607505500E+01  1.38986269407808220E+01
  4.99223721401470310E-01  2.14697728697608810E+01  2.09428295280749950E+01
  2.56092450391898300E-01  2.73772567948103890E+01  2.53053352035050860E+00
  5.45765227979075810E-01  2.83610835486078230E+01  2.56978242531118930E+01
  6.94010183176834960E-01  1.26796237833833900E+01  2.16491053673028100E+00
  3.57201130995523370E-01  2.55224765117926860E+01  1.77319070815011950E+01
  5.25895496843049500E-01  1.48097162507954290E+01  2.31553839972550970E+01
  5.10790949981952740E-01  6.14452603536549540E+00  4.82021501265800190E+00
  4.89717368181109780E-01  1.35614654841902900E+01  7.75577303664722970E+00
  4.82769235883485770E-01  9.77739235055872060E+00  2.15441404529143200E+01
  6.93278360304079300E-01  9.59779029856207090E+00  1.93677275659303230E+01
  3.35017483125717060E-01  4.26731524383024840E+00  1.77832343066008640E+01
  3.26514001167033020E-01  6.77563963807611460E-01  3.36164189082456530E-01
  4.75880684447443510E-01  5.30451418269068680E+00  1.15570547582486360E+01
  4.22354771203238230E-01  2.90931788269064100E+01  6.66184143440658620E+00
  4.11966131227655820E-01  1.11051330671230970E+01  3.36396368769631330E+00
  7.30946391186454210E-01  1.64631005892173480E+01  9.21357862889736620E+00
  4.22201084465533680E-01  2.22764552374550040E+01  3.43257946518043600E+00
  5.15931587153482510E-01  9.99949288035610270E+00  1.82287990567334470E+01
  5.52347772924787250E-01  7.80266011728529210E+00  1.15801271107391970E+01
  2.49794182180603610E-01  2.43301650725696630E+01  1.46650752006054610E+01
  4.50103975287380020E-01  1.73126386368337570E+01  1.29456570306446130E+01
  3.61769499680632390E-01  1.37562101876802990E+01  2.77878034949260490E-01
  2.77147605524350650E-01  2.08028185195184850E+01  1.48074178910090070E+00
  7.64764367446448820E-01  5.32702201904435220E+00  2.70841946586892400E+00
  5.71326189973923350E-01  1.85823037366385470E+01  2.80497215865194570E+01
  4.07877171249442140E-01  1.50250028659116100E+01  1.20392937919716180E+01
  4.46540105696671490E-01  5.84878550951766130E+00  2.25069834201426320E+01
  5.07606992315717240E-01  8.28389417377814930E-01  1.38959556441033120E+01
  3.01731430220296380E-01  1.75635668810376120E+01  2.96572951441799050E+01
  4.32382463464541460E-01  3.48677385008081410E+00  2.49881885935158610E+01
  3.25762576013666160E-01  1.93276301707265150E+00  2.77320048427138950E+01
  6.24920360555607160E-01  6.61578621228140310E+00  2.18977964299155480E+00
  7.38532964590205680E-01  2.26756255161836220E+01  1.93798214785765240E+01
  3.92511582998476170E-01  6.62652455865282430E+00  1.93853385400358960E+01
  2.97561439636419770E-01  1.93774506884392360E+01  2.76998976576729490E+01
  3.46434506905438330E-01  2.04919330513130160E+01  1.57176684839436420E+01
  5.89502618647478990E-01  2.25380989825734840E+01  2.06999306233023470E+01
  3.32399546609116130E-01  1.24029175262672700E+01  1.14922805441907310E+01
  5.77649046292645880E-01  2.34130850414180040E+01  2.80317380000016920E+01
  4.31729360191427780E-01  8.60741362414970550E+00  2.27197691733458560E+01
  3.17950877609215300E-01  1.69195283488301480E+01  2.79222723566869530E+01
  4.75880684447443510E-01  2.34359737927533440E+01  9.77265081397705870E+00
  3.91816801400439550E-01  4.31507884569650630E+00  2.92336563075096900E+01
  2.50163292655703180E-01  9.26885524169532360E+00  5.47133065259899530E+00
  3.42074681651230290E-01  2.66572783740072980E+01  8.05093076405730910E+00
  3.50974061745161330E-01  2.48881076190852970E+01  2.40923757772798230E+01
  6.18566685513849460E-01  1.03166014618240920E+01  2.65778742723713610E+01
  3.24719866931951940E-01  7.58765736899986100E+00  3.50762307927638120E+00
  3.57201130995523370E-01  7.08423476038231660E+00  2.48576359842169270E+01
  3.13090147150790890E-01  1.27089582400726740E+01  2.78399782890579740E+01
  2.58355477869490890E-01  2.83416835664755600E+01  2.71757223286016650E+01
  4.83351594707823830E-01  8.55321025122256270E+00  5.31410637419476210E+00
  5.48463672908306780E-01  1.84167978849830970E+01  2.38829233923565130E+01
  4.24351701398837560E-01  2.46897393642773970E+01  1.13404462231438840E+01
  6.80557430527969220E-01  2.60258502766896490E+01  2.56264070607364830E+01
  3.73125396709624990E-01  4.00357115638504890E+00  2.77894510365842110E+01
  6.77808113742920780E-01  1.43860337010631340E+01  1.10401462022986910E+00
  7.67512613708393760E-01  2.02381844901111090E+01  9.85430684415455180E+00
  4.76544583128828500E-01  2.13486460445096710E+01  2.58796994701814570E+01
  6.97738347479756800E-01  8.25515872963704390E+00  4.66339759399271260E-01
  4.49545157175862540E-01  1.14130970659820400E+01  1.54591927122943670E+01
  6.25336422111717830E-01  2.29591228140180020E+01  7.41802495593394440E+00
  4.99487474973056500E-01  3.59942922221526600E+00  1.48979381038048580E+01
  6.67521681419926690E-01  2.92944382585902230E+01  2.07139062245842100E+01
  3.44170209092795430E-01  2.57762410227003350E+00  1.55896834815697880E+01
  4.01880163826280960E-01  4.23358382619181220E+00  2.32757989510497900E+01
  5.95035019805102560E-01  1.61511849092951640E+01  1.43023050160471110E+01
  5.20348764567513020E-01  2.83333561794108490E+01  7.26716700698795040E+00
  7.44845164893703690E-01  1.59687397899638290E+01  1.95550384346520350E+00
  6.94010688862415210E-01  1.76972328258857980E+01  2.58285616547683250E+01
  4.00156705760987560E-01  4.83530660404875690E+00  3.76377597729849180E+00
  6.57722721512726150E-01  6.49255173658512510E+00  1.35163947454423600E+01
  3.61198882346046800E-01  4.77930916286384640E+00  2.38089585624709950E+01
  6.07167866036927160E-01  1.71575571664115150E+01  1.56526491729351810E+01
  5.81677556670477180E-01  9.74851491192225690E-02  3.17243200704247520E+00
  3.17579752081870750E-01  2.26183209000680740E+01  2.28810240597440250E+01
  2.69169509893181310E-01  9.30082384640846980E+00  2.47386759273523610E+01
  5.36592099856838090E-01  2.68976954350810190E+01  1.98134815604020500E+01
  3.01799748246536660E-01  2.05645795509310460E+00  1.52093522676001880E+01
  4.05794678723965420E-01  2.13863384709500540E+01  1.35038758601445930E+01
  3.65995101567518470E-01  8.00611658562392490E+00  4.30503853804978400E+00
  3.39481361119070080E-01  2.68126279998367320E+01  2.49779565751714510E+01
  6.97384645011991290E-01  2.09648428123937690E+01  2.44151713956273800E+00
  6.82253548551889110E-01  1.07962575195662890E+01  2.09764094836883890E+01
  5.67035311113654220E-01  2.70286873795412600E+01  8.92504902750060400E+00
  6.47236078597052340E-01  1.92601720100293930E+01  1.38756481338542810E+01
  5.92513140571182980E-01  1.96081596455544820E-01  1.64971504614870310E+01
  4.71553509741754610E-01  7.92275727560332490E+00  1.66938682218502060E+01
  6.55885333720611730E-01  1.46756379900561030E+01  1.64471858023466380E+01
  2.83840017940612550E-01  1.70428534181493060E+01  1.78645218047746860E+01
  5.65219172841477580E-01  2.35825866307916030E+01  1.43404681460765050E+01
  3.48480710258510130E-01  9.58558819739879200E+00  3.41915851529183670E+00
  6.26908127420837150E-01  1.49077357868267500E+01  2.62679412649437190E+01
  2.62213147743524950E-01  4.00527785648368710E+00  1.98181600658333610E+01
  5.08737612195334600E-01  1.23157736341855840E+01  9.09755345496358460E+00
  4.59281804788439010E-01  1.93722201256050180E+01  8.85762664313707760E+00
  2.86550378078914000E-01  1.54426300436978750E+01  2.55277242249044040E+01
  2.99038091422116640E-01  2.71469301038508300E+00  8.77161060093069090E+00
  3.62493203924014780E-01  1.06450485313584800E+01  1.31657256713093190E+01
  5.64616421781660800E-01  1.78643583295663610E+01  3.87564148535226050E+00
  3.87533216804236250E-01  2.39872605900491860E+01  1.52022882304556750E+01
  3.90540239164096370E-01  2.05297287178038490E+01  7.74682478621699570E-01
  5.44640939783434240E-01  1.31540981136039190E+01  5.35122554931534910E+00
  3.84420431658369740E-01  2.96276774005475050E+01  1.54747144946299710E+01
  4.53492046339069340E-01  3.49864949156848400E+00  2.17326296912233730E+01
  6.38023782753992030E-01  1.77666354018089620E+01  2.71577856210278700E+01
  5.00672486592370710E-01  2.38283580560293340E+01  8.13137096862343790E+00
  6.08873319065221350E-01  1.22705254064528560E+01  2.40482784080015510E+01
  3.18942867500738640E-01  1.34401995099917390E+01  1.38402658578916340E+01
  2.65726189967390210E-01  6.30712714785097720E+00  3.02451252669141320E+00
  7.10410487391814980E-01  2.45472893614569440E+01  2.26494532986794360E+01
  4.66797018098134940E-01  4.83913561977979790E+00  2.76559898803280540E+01
  3.89889811574280460E-01  1.30028982370853190E+01  1.18937236718853030E+01
  2.92456502136063850E-01  2.93111896496105330E+01  5.98124543336161540E+00
  3.63079661055833470E-01  2.44483496811627000E+01  2.07986234375929800E+01
  4.13811620468168510E-01  8.37568810649568900E+00  1.46940051178620050E+01
  2.60417758313763680E-01  1.35905868350846630E+01  1.60138743872099540E+00
  4.41940562555082740E-01  2.61584454254160550E+01  1.90824644082246590E+01
  3.08418768867630710E-01  2.02839184450006900E+01  1.93704191701376690E+01
  3.04461637453634990E-01  1.37163956345815840E+01  4.71551557077884720E+00
  4.75626642073745920E-01  2.59717331158157630E+01  2.95288897583435240E+01
  4.19693779402500590E-01  1.32101884448507010E+01  2.60326276203913100E+01
  3.26514001167033020E-01  1.89508599998872390E+01  6.39995800706394120E+00
  3.55388479881239270E-01  1.30277041866282030E+01  8.58107731019485700E+00
  5.33859136323620030E-01  1.76970246126718040E+01  1.19117595046934460E+01
  3.39481361119070080E-01  1.58230949114977740E+01  1.26562491305654850E+01
  2.51153087880769550E-01  7.78752720309770030E+00  1.50034129453328260E+01
  4.21603844523193420E-01  1.95041457367996110E+01  1.27418303517337090E+01
  5.20348764567513020E-01  2.15083137703351500E+01  8.99091269944822000E+00
  6.86210935380316480E-01  1.97163164971098300E+01  4.33028104626943660E+00
  4.41140732643827070E-01  2.03086010984388320E+01  3.37161798823121560E+00
  6.26908127420837150E-01  2.60908597850565580E+01  2.10656276352435050E+01
  5.11871480770454750E-01  2.83326683232829310E+01  2.23610226780530010E+01
  4.70990686464341570E-01  1.62684677522201750E+00  1.33321555091648400E+01
  5.20369884994360540E-01  9.79885405755362090E+00  1.29148779167419190E+01
  3.04306421741581800E-01  2.19083546274495480E+01  1.30241834664336050E+01
  5.88333222664750720E-01  1.87813108248426670E+01  1.63580765146191250E+01
  6.64541222436485860E-01  1.32552192655300870E+01  1.64099802884626880E+01
  4.24351701398837560E-01  2.87411370675075160E+01  2.32030784285525230E+01
  5.55920758830291820E-01  2.64460492954695250E+00  1.34594752427423610E+01
  2.89042915761794110E-01  2.78410626822601090E+01  2.07233538405355730E+01
  2.47647088603063280E-01  2.60968132379872950E+01  2.40816307907470630E+01
  5.88686278844574580E-01  1.96117012557841090E+01  2.47543635511440070E+01
  3.53063097104977870E-01  1.99398049837293780E+01  2.66887723196343090E+00
  4.50600139601478670E-01  2.40342816967942100E+01  2.16080250789880710E+01
  6.65634982039605120E-01  1.84241821434340100E+01  1.28650401009508180E+01
  4.69750256464274060E-01  1.38723445508131320E+01  2.66252927343236120E+01
  6.13801455222646290E-01  1.89228328690423350E+01  1.88558267736888330E+01
  5.14582826754803690E-01  2.47969978846066500E+01  1.00796190687127800E+01
  3.81419328643079860E-01  2.80031663982193280E+01  2.92594739918523070E+01
  7.28196096543639280E-01  1.42896193420621390E+00  1.60255420122082840E+01
  7.33199636544987770E-01  4.25640765482103770E-01  2.43439391041700790E+01
  2.86550378078914000E-01  5.66569835349253740E+00  1.08861142182152620E+01
  2.52169786807371790E-01  2.36929614344962050E+01  6.06589190889301390E-01
  5.01406606281285510E-01  6.87645741642534870E+00  5.51703621143849610E+00
  4.18948713530687210E-01  4.74105889283396740E+00  2.67762573631883680E+01
  3.62620749938717070E-01  7.19775334106016110E+00  2.21109482200486340E+01
  3.15231116497538320E-01  2.37209412344110500E+01  3.13032426550809410E+00
  2.83840017940612550E-01  1.84096995616424270E+01  2.64980880946818970E+01
  4.72199721516180480E-01  2.42190567551191370E+00  1.86534825819911560E+01
  4.41666133880560000E-01  2.64116372924311310E+01  1.16277820765318440E+01
  3.39073066583844400E-01  2.55452132158355130E+01  2.38860661734263640E+01
  2.54831192030272870E-01  3.83236260802325560E+00  1.93317379229069710E+01
  6.65634982039605120E-01  5.70195854964532330E+00  6.01303555181655460E-01
  2.69326463995374250E-01  9.21387958509653690E+00  4.95007909600305230E+00
  3.08418768867630710E-01  1.96682240346134700E+01  1.93982380635704810E+01
  5.63324676144028570E-01  1.40520158116512790E+01  2.84161579974688900E+01
  2.49794182180603610E-01  2.44986822880092950E+01  2.68393681382212140E+01
  6.44956217916396120E-01  1.62682146251356730E+01  1.73529690042396540E+01
  4.26043897269923290E-01  2.85353041001513180E+01  1.19415931409919180E+01
  7.44533748089133770E-01  1.28713514352642570E+01  4.09443986610597220E+00
  2.47647088603063280E-01  1.99172368884512000E+01  1.32681504725668360E+01
  3.47451934045076260E-01  7.36594789349703570E+00  2.12320507784213670E+01
  4.83182858574677270E-01  1.89354619962078200E+01  2.70564760427403320E+01
  5.38382388131525950E-01  2.85489528833229610E+01  4.80840779445492840E+00
  6.08690451339190200E-01  1.99573641226673860E+01  1.49262455704508420E+01
  3.93024383017402490E-01  5.28558784583120820E+00  9.62034068342640050E+00
  2.54611020839302520E-01  2.19315385950523270E+01  1.05536395607757090E+01
  6.82253548551889110E-01  2.01304503694208030E+01  1.74776037970302200E+01
  7.67665169660178040E-01  2.66271973847891350E+01  1.79370258328951380E+01
  3.95839252948554370E-01  1.91121901970125270E+01  2.92166772151630100E+01
  5.15379284759350490E-01  1.94633121427814120E+01  2.30689694382733350E+01
  5.09222041678605210E-01  3.27317778099165310E+00  6.41348174133560710E+00
  4.72038094207023740E-01  8.73142295160175590E+00  1.85900544664756960E+01
  6.64541222436485860E-01  8.57378457535311790E+00  3.44386172697053760E+00
  4.84167632717154460E-01  9.48971486999280960E+00  2.24741455482518440E+01
  5.39922025342825940E-01  2.73121367907553890E+01  1.41001392990709640E+01
  3.77759649416993960E-01  1.56368226740183360E+00  2.63925560199796580E+01
  5.06367095649294540E-01  4.32507661536153880E+00  1.14928800799276300E+01
  3.05466220251299840E-01  2.91466773852003310E+01  2.39702461267062650E+01
  7.55604472483241980E-01  6.06615822797626600E+00  1.49351845510592940E+01
  7.68548325332126940E-01  2.53350584649836140E+01  9.04830730075956960E-01
  3.09209541844886400E-01  1.22582820761105890E+01  2.49656334480082370E+01
  4.71553509741754610E-01  1.11336119561946120E+01  2.72981427633629320E+01
  3.65995101567518470E-01  3.52854427778915180E+00  1.63998587063399090E+01
  6.26517897412854200E-01  3.87533723124251280E-01  1.24321169000827900E+00
  3.55388479881239270E-01  1.45374130276279720E+01  1.31885856829631950E+01
  3.90423892796942250E-01  2.65592888488778700E+01  7.32205693907809070E+00
  4.92172780862642510E-01  1.84819648681846370E+01  2.28456250482120740E+01
  6.66683478841499700E-01  1.17005141118966700E+01  2.83676288231418000E+01
  6.94903868090152520E-01  1.78368492409487980E+01  1.95855686176721410E+01
  7.65642972591057180E-01  1.84664167210707650E+01  1.50429830340874580E+01
  3.52682444144397330E-01  1.29975467988500420E+01  1.43452863091452460E+01
  5.39466591144820300E-01  2.01538977842531150E+01  1.20339946280113510E+01
  4.26043897269923290E-01  1.24431736741099140E+01  2.56769727661005760E+01
  2.53364602799301860E-01  2.75292200716160490E+01  2.23225385864665570E+01
  3.83290088603488770E-01  2.68228857023076510E+01  2.26750705889601140E+01
  5.55920758830291820E-01  2.51004489466573620E+01  2.73739980123348270E+01
  4.13050329149462850E-01  2.78284215460360260E+01  2.64948488843032520E+01
  5.20369884994360540E-01  3.61712585306083410E+00  1.29993677766205100E+01
  6.99477888048091770E-01  1.18320877882077510E+01  1.05878614404485990E+01
  3.59079136884617700E-01  8.58682747369900850E+00  1.46781770441976530E+00
  3.01799748246536660E-01  2.60048102890346480E+01  7.73551043651827360E+00
  5.28731261397185740E-01  1.75375047982377130E+01  2.45892185068824280E+01
  6.80338287111455390E-01  2.85300929065601420E+01  1.41302529952216320E+01
  4.74033319401206570E-01  1.22029863742029350E+01  2.86038040534128960E-01
  3.53302408788900560E-01  5.82688190998549870E+00  1.61228419107250030E+00
  4.03052389307286420E-01  2.08659079625060540E+01  2.26039002966812280E+01
  3.33973424357718240E-01  6.87474703095651840E+00  2.41829598706633780E+01
  4.68162992243922280E-01  4.32546311596477830E+00  2.13262625408058530E+01
  4.72192289519205580E-01  1.19335806112756980E+01  3.05980919805027220E+00
  6.73658304681401180E-01  1.63202921500121430E+00  2.35790704430490270E+01
  4.61178090502161720E-01  3.62151774677070200E-01  1.47449990440969000E+01
  4.18189647978318300E-01  1.08918430497354900E+00  6.17029767308317470E+00
  5.15379284759350490E-01  1.56125454938824040E+01  3.16354456200580710E+00
  5.34553382826858140E-01  2.50127395787374280E+01  2.14955139416368080E+01
  3.70336582810533970E-01  3.28181074999502800E+00  1.57069427311965320E+01
  6.42747544188997020E-01  2.39903923050022240E+01  1.21466343871886460E+01
  4.50600139601478670E-01  1.25994656111260020E+01  2.00612577597490540E+01
  3.55036581058269410E-01  2.74150660485383280E+01  2.82953194363735390E+01
  3.54092873053847420E-01  7.88580826305352110E+00  2.82248954610550380E+01
  5.13614394364816020E-01  2.50444747299994010E+01  2.63062134150702780E+01
  3.65995101567518470E-01  3.02713045341864980E+00  1.80751511799346360E+01
  5.25383403930900440E-01  1.77850551338593200E+01  1.81857081429648700E+01
  3.83598938984435380E-01  1.66526401791503320E+01  2.07134880053649720E+01
  4.86073626967704090E-01  2.64678539067241040E+00  2.13365529626851360E+01
  5.96963967672292380E-01  2.87762227425560480E+01  2.86608400682989740E+01
  4.66553963192992600E-01  2.26051953120730680E+01  2.86921282127527880E+01
  4.15252526658189590E-01  2.26373794044786220E+01  2.38122915652726910E+01
  6.36786611163594070E-01  2.50005587174709020E+01  1.92886001272191690E+01
  6.06760633376156730E-01  1.28746902558246980E+01  1.79994750822465730E+01
  5.25895496843049500E-01  8.10117449322192230E+00  1.57131232337951040E+01
  5.05409982910693060E-01  8.54920496859186410E+00  1.99476755631493430E+01
  5.18912146576496980E-01  2.08794803824552630E+01  1.65388547536584230E+01
  5.81677556670477180E-01  2.28331754341798150E+01  1.73862512318250210E+01
  2.50625569857546320E-01  1.86239147028305430E+01  2.08189420029844250E+01
  6.67521681419926690E-01  1.91727461013412890E+01  2.59309129653881490E+01
  6.52034765531911640E-01  1.88030424671308790E+01  1.75968123750714940E+01
  3.81419328643079860E-01  9.00748552872631160E+00  7.54553250982603260E+00
  3.18942867500738640E-01  2.61862897485638090E+01  2.46405848105218620E+01
  6.63973334543257470E-01  5.99387501301934920E+00  2.46495579247948560E+01
  4.05793634226126800E-01  1.94689347812954030E+01  3.26672767964618060E+00
  2.88617724104866640E-01  2.02533493798913900E+01  2.29243025528070740E+01
  3.17587838135982990E-01  1.37391481983500350E+01  3.48271244567069170E+00
  6.94010688862415210E-01  1.51608536984442740E+00  7.19706862029385960E+00
  3.25036994184950640E-01  5.31325576096009920E-02  2.16601338864791480E+01
  4.41940562555082740E-01  3.54452246424710850E-01  1.20033946890614550E+01
  3.05466220251299840E-01  2.69082225570999260E+01  1.89721272104857520E+01
  7.22984261441823330E-01  1.83457333345925520E+00  4.33197780756032010E+00
  4.60682082706054620E-01  3.01720468572962690E+00  4.32297623994514170E+00
  4.22201084465533680E-01  1.69880472438279950E+00  1.42222873346192460E+01
  6.24824560398126750E-01  1.99880536865615280E+01  2.20511909504607930E+01
  3.63079661055833470E-01  2.05457874940898360E+01  5.81382903203380600E+00
  3.25516939164680520E-01  1.00194209122351840E+01  2.30856990087374610E+01
  4.87886881528419990E-01  1.62755189719070930E+00  1.91908165507414030E+01
  4.34172467284937990E-01  2.68676761583694340E+01  1.32336144201685530E+01
  7.04082361725448710E-01  1.98314451326403790E+01  1.61753676013306120E+00
  4.40295189098215370E-01  1.12562126723528660E+01  1.36846390860512560E+01
  4.54567147313974470E-01  4.26682995447660130E+00  2.09185884845628810E+00
  4.89717368181109780E-01  1.72515616404806130E+01  1.99829663585521900E+00
  4.82771447840326400E-01  2.06032055406833270E+01  2.95398223402242160E+01
  3.54092873053847420E-01  2.84838775467215940E+01  2.39371906884622700E+01
  7.67457697882333090E-01  2.62580200941679960E+01  2.80138813126408160E+01
  4.43129600128677660E-01  4.24673401576463230E+00  2.22341479884814820E+01
  5.61514797181737530E-01  2.66521491594781070E+01  2.90648328112011800E+00
  5.82207618145930890E-01  7.83788548527485050E+00  1.04466266628604740E+01
  5.94092381958372510E-01  1.13653794199757630E+01  2.15789531018210920E+00
  5.64318884198494160E-01  2.84579666361899940E+01  5.90708344768477820E+00
  6.16837537735261420E-01  8.00700937602437430E+00  1.77780714568660830E+01
  4.20581746236023420E-01  1.22901233492044160E+01  8.17067344070444080E+00
  3.16022212934137680E-01  1.33341909781526540E+01  2.79085451448826340E+01
  4.59502380082057990E-01  8.01083673298700210E+00  2.07479550496067450E+01
  7.48336469443998900E-01  4.47904515551738850E+00  6.06120472518516530E+00
  6.90159994875631000E-01  6.76479614185225490E-01  1.98842429646319160E+01
  4.68364091588631840E-01  2.13706322790229850E+01  5.90762681598431790E+00
  4.05593309893122810E-01  2.78496557005825380E+01  1.24113195516960500E+01
  5.55687039951364880E-01  5.63631608499291210E+00  2.34850775080732640E+01
  2.83840017940612550E-01  2.11196456836111250E+01  1.57732964428256110E+01
  5.98280766214214580E-01  2.21293596894341500E+01  4.54001834022565550E+00
  5.84913004272127690E-01  1.57448839143789780E+01  6.43074743697354640E+00
  2.83840017940612550E-01  2.50028110505774420E+01  9.30858420299271220E+00
  2.83517655556827110E-01  1.54825099589520630E+01  1.05845211489641710E+01
  5.27599340399055180E-01  1.03258853366300230E+01  3.88653830156889800E+00
  6.24824560398126750E-01  1.42731549991230690E+01  2.21378354734174610E+01
  4.84167632717154460E-01  7.60037144968179130E+00  2.69926340325586090E+00
  5.66562802601083430E-01  1.53408267372415250E+01  2.06908057704242730E+01
  5.81213412342838430E-01  1.11016515708633890E+01  6.15175888538865050E+00
  5.13285974501586400E-01  2.93658624484714430E+01  2.25052514872686800E+01
  5.29625185962053640E-01  6.44323605099141260E+00  7.08416827099658610E+00
  3.30104909316010620E-01  3.69700330666244480E+00  2.27779198328442550E+01
  5.48174971142568520E-01  2.95340449063187050E+01  4.27279352360936570E+00
  4.72192289519205580E-01  2.87884211584599400E+01  2.59140131011432070E+00
  4.53126113496558960E-01  3.32781837392191360E+00  1.88366897804768920E+01
  5.25993347610763350E-01  2.69671988975622590E+01  1.86613942292022550E+00
  4.75338540515479570E-01  2.14735562841595990E+01  9.98574034988888570E+00
  4.30858982518450690E-01  2.95905986169413140E+01  2.17979154859286560E+00
  7.09741570678139940E-01  2.46862277849235740E+01  2.78743210767396250E+00
  5.05409982910693060E-01  1.46090118961802490E+01  7.99846894549258640E+00
  5.20369884994360540E-01  2.19308217489405770E+01  1.70141122016090440E+00
  2.73281005279713530E-01  2.26994322908631660E+00  5.22805795624452150E+00
  3.09574052588245370E-01  2.66819951169405380E+00  1.73332675597272790E+01
  3.18095930761502070E-01  1.10359296225249080E+01  1.12216928774855390E+01
  4.46537248270915300E-01  1.13094847159618870E+01  1.45692573226567990E+01
  6.38830345620663920E-01  1.54355931612730880E+01  5.24707767682277030E+00
  6.68397269451762100E-01  8.76235815003852100E+00  1.23332167043875050E+01
  5.32488384254616510E-01  3.93228321727203640E+00  1.05319384760647630E+01
  3.17579752081870750E-01  9.33016865760630590E+00  2.03410441199501410E+01
  5.16710955738981780E-01  1.05436749992553280E+01  2.88142208101436880E+01
  4.49545157175862540E-01  1.02673086739568800E+01  1.11770417227788740E+01
  3.20574425314766210E-01  2.33613343478723470E+01  2.36847098126305970E+01
  4.12246671516209600E-01  2.70234043805696520E+01  4.32336788577478970E+00
  4.94550785807675550E-01  2.93054635497395640E+01  2.52632574392927940E+01
  3.59079136884617700E-01  2.52196932784543220E+01  1.60676086000991920E+01
  6.10572080928614460E-01  2.79976879702472430E+00  7.42768284433762730E+00
  4.75338540515479570E-01  1.28138428656540690E+01  9.94402051438192740E+00
  5.09574347305064630E-01  1.98773983190915510E+01  1.63134544031261020E+01
  4.18189647978318300E-01  1.14399455033010630E+01  2.30182913335174320E+01
  3.76753951196820710E-01  2.94096925799787350E+01  2.79220894688559080E+01
  3.84533934306195220E-01  1.56908641047595230E+01  1.98070368338512490E+01
  6.60767019732147710E-01  2.40178763995543460E+01  1.45951604125802480E+00
  5.64318884198494160E-01  1.33625592583737020E+01  1.51858885270190140E+01
  4.69750256464274060E-01  1.26821366901469810E+01  7.37295259280318050E+00
  6.88340418185590860E-01  1.84505821972240650E+01  1.79634188333545320E+00
  5.93150731645016190E-01  1.39456222075489420E+01  1.74605489174711900E+01
  7.17499092254363010E-01  2.21642349449193290E+01  2.19515997553509300E+01
  3.79322922295397280E-01  1.34118597933258580E+01  9.33380461693357160E+00
  3.20574425314766210E-01  1.57506937384556740E+01  1.20009973492127720E+01
  7.17953871372127320E-01  2.35996815344890680E+01  2.93337087838496660E+01
  3.42409596243210680E-01  8.77853082543943230E+00  6.10763952992456720E+00
  4.43129600128677660E-01  2.78207305565871860E+01  1.32592204576104230E+01
  3.78068289465320630E-01  1.78179681558109060E+01  2.65471310004145300E+00
  4.75338540515479570E-01  1.26585444538554610E+01  1.35905074710244880E+01
  7.38532964590205680E-01  1.75840632961700720E+01  1.69286799230556290E+01
  5.07606992315717240E-01  6.72559447475305030E+00  2.28812253493339450E+01
  2.86134314477376340E-01  2.11178350119988640E+00  1.27254351309193230E+01
  5.07437626189109900E-01  2.69591819064965290E+01  2.17951725694886210E+01
  6.15073771326759470E-01  2.24353680391692190E+01  5.71296723759966780E+00
  3.30104909316010620E-01  3.85518612198489170E+00  1.21839716813475680E+01
  6.66683478841499700E-01  4.29634364262553880E+00  5.98165499191964220E-01
  7.49545055295440930E-01  2.63710802534662080E+00  2.25718503676125410E+01
  2.54824432159977790E-01  9.64467023614290040E+00  2.08190438775080510E+01
  5.72142532162989690E-01  2.14710933023895080E-01  1.30076059216612340E+01
  2.77147605524350650E-01  2.07568205687729160E+01  2.63462767929682610E+01
  4.68364091588631840E-01  2.69791643879914180E+01  1.23384186778139110E+01
  4.82771447840326400E-01  2.19214795508937780E+01  6.68251104390640640E+00
  2.50971712925384870E-01  1.28354378223671170E+00  1.70826903066843730E+01
  5.38024295323284910E-01  3.93314869786333080E+00  7.22545193759929470E+00
  4.13050329149462850E-01  1.14955236718974090E+01  1.98977180124329500E+01
  4.86590143357422540E-01  2.47968298805514280E+01  2.94646663002890000E+01
  3.16148313226467530E-01  2.93232720540755810E+01  2.66645806982651550E+01
  3.81419328643079860E-01  2.17834604459209730E+01  1.58151336782135970E+01
  6.52911031193170470E-01  3.49353787983335100E+00  2.05762457548230420E+01
  4.49150663742554990E-01  5.24329456655396520E+00  1.58142657205617110E+01
  4.73113776075054650E-01  2.63942605811004500E+01  4.94519530660095970E+00
  3.65995101567518470E-01  6.66378502326311480E+00  2.54506879488580960E+01
  3.46028387031474870E-01  1.34957942182342610E+00  2.81432142319878550E+01
  4.23675716525973380E-01  5.85682206733268270E+00  1.02023635380837390E+01
  2.47261092463374420E-01  2.43832274909336670E+01  2.59117541304588780E+01
  2.63339374245984010E-01  2.91139274028356500E+01  2.60583943964422350E+01
  2.59062449636064510E-01  1.55013234947479330E+01  2.15005949114086120E+01
  5.77180454669814490E-01  7.06499280667824350E+00  4.24159987743911680E+00
  4.06599624824484800E-01  1.90789957277295410E+01  9.67089847422568030E+00
  4.65278877330243820E-01  1.57955730761695160E+01  2.69021883793713630E+01
  3.07263188066738420E-01  2.67446657639908980E+01  2.70563569183442670E+01
  3.88697647565240350E-01  2.86232290580148110E+01  2.65938929114181700E+01
  6.62122603690132470E-01  1.87450547316403980E+01  2.17225508286961780E+01
  3.79322922295397280E-01  1.20477446845142580E+01  1.85352984137341250E+01
  3.53063097104977870E-01  2.47529507030903310E+01  1.27845797357913080E+01
  6.88885956497308970E-01  2.26973840428188890E+01  1.52280249388657780E+01
  5.33066537704075310E-01  7.25184002983201650E+00  1.44322552487176770E+01
  3.42074681651230290E-01  1.92120935982490980E+01  7.01539219859503230E+00
  4.24351701398837560E-01  1.50284722786736890E+01  7.14129673331174700E+00
  2.92456502136063850E-01  2.50954734786540500E+01  5.64410590652925310E+00
  5.90639534364661320E-01  1.75599034152360220E+00  2.05716460497133620E+01
  4.09705559579089850E-01  2.76346386679336400E+01  1.21192937709610500E+00
  3.59079136884617700E-01  2.83469882854438280E+01  2.03193945912617160E+01
  5.27599340399055180E-01  3.59096005915651250E-01  6.81000539239350560E+00
  5.38382256471750510E-01  2.24776221232034250E+00  6.20653999811867770E+00
  5.96963967672292380E-01  1.30563875139330910E+01  9.31365975894718900E-01
  2.96503602823160150E-01  3.61346786377690510E+00  2.42718519012281360E+01
  3.64593218166308700E-01  2.30124401022810830E+01  4.92281578316103820E+00
  4.18947112612636110E-01  2.50092314630777950E+00  5.31410638589235870E-03
  5.40946473112310590E-01  1.68723412205403680E+00  2.17001305160699720E+01
  3.35017483125717060E-01  1.66702155776912200E+01  2.28915827095291710E+01
  4.75626642073745920E-01  3.39535778150351190E+00  2.35323480777461000E+01
  3.04461637453634990E-01  7.47429458058858920E+00  8.66211607190434660E+00
  4.36315933331792570E-01  7.16473973629075810E+00  1.53974093451842120E+01
  6.77666041374141330E-01  1.23540379234408010E+01  6.27418520554241340E+00
  5.67035311113654220E-01  1.60878261217262480E+01  1.11812579129678160E+01
  3.38650161839631010E-01  1.68227061929920470E+01  1.29060003923520390E+00
  6.94010183176834960E-01  3.64363426086163940E+00  8.42198690572587520E+00
  7.10410487391814980E-01  1.68362103725679260E+01  3.12371853936063730E+00
  4.54567147313974470E-01  1.55599294028758010E+01  1.89794362708062390E+01
  2.52169786807371790E-01  2.55335469656998090E+01  4.24656003003462960E+00
  3.01799748246536660E-01  1.49234908513521830E+01  1.92244274421275350E+00
  4.27719079604653450E-01  8.82682290760821960E+00  2.70601421244695640E+01
  3.87762191716535260E-01  2.22745839133447450E+01  1.10962304487205540E+01
  5.72951670348821020E-01  2.04788052628405270E+01  1.38662561545093950E+01
  5.09222041678605210E-01  4.97230685311498720E+00  1.04964954363368670E+01
  5.25993347610763350E-01  1.13225351167515140E+01  2.95061136294548730E+01
  3.12648490279368120E-01  1.55135574437682240E+00  2.25799653290060580E+01
  3.32399546609116130E-01  1.63277980286281660E+01  1.52120461199243650E+01
  4.43807889241729470E-01  2.10185743584603700E+01  2.17713071760098810E+01
  3.44170209092795430E-01  2.92760333211038350E+01  1.21502035055969570E+01
  2.54824432159977790E-01  9.38249336013907960E-01  1.51737789220214910E+01
  4.21963532045373490E-01  1.94437524331651870E+00  1.72097480022465450E+01
  4.11696508529454960E-01  3.14275170509170200E-01  5.87380842520089710E+00
  4.11346310528290360E-01  2.10225302705361110E+00  9.21169426016081690E+00
  6.16837537735261420E-01  2.74800924196806950E+01  5.24496592070709780E+00
  4.83570943621045310E-01  7.70102908608955960E+00  2.54290050332048100E+01
  4.32382463464541460E-01  7.67971450532739120E+00  5.04172232716200770E+00
  5.92513140571182980E-01  7.48811970276990200E+00  2.91223757827352970E+01
  3.55036581058269410E-01  4.54086495467969530E+00  7.87941758516429580E+00
  4.74581552528920360E-01  7.70369665658504580E+00  2.28017982814995720E+01
  3.44905765886116280E-01  2.54401259934630840E+01  2.32111179022606220E+01
  5.96963967672292380E-01  2.59419733688582850E+01  5.91433501887871050E+00
  2.68569610726517900E-01  1.69488877014890140E+01  1.92118525458064260E+01
  5.80290806494985740E-01  1.73578061880197650E+01  2.34953052784477090E+01
  6.25336422111717830E-01  1.77527333506254190E+01  2.09025695325358530E+01
  6.17452885167652710E-01  2.85489636292583600E+01  3.65339686633082740E+00
  3.29506256422424390E-01  2.63274954609385360E+01  1.02022135091068690E+01
  2.58355477869490890E-01  2.31530233800257650E+01  2.58741929187771080E+01
  4.69641390777102340E-01  5.77180083639569560E+00  8.90874218433213730E+00
  3.49095179616795370E-01  2.21742213189958500E+00  1.02135050080486390E+01
  3.27988333844876360E-01  2.36952651458790410E+01  4.81285793422118680E+00
  3.86383264228710210E-01  1.38912537910319340E+01  2.74807213997750070E+01
  4.75543307221801650E-01  2.08145503344149780E+01  7.15546345988181900E+00
  5.07815655211632320E-01  8.29644976380837740E+00  2.46155692263574370E+01
  6.08088426536500660E-01  2.07722060306999410E+01  1.85962429154801540E+01
  3.93024383017402490E-01  2.21515759388139200E+01  2.61267275576769280E+00
  7.48336469443998900E-01  5.61929405225712400E+00  2.60091562379929750E+01
  3.13454063710418570E-01  6.48588717745002890E+00  2.36660917012274330E+01
  4.43133439323318520E-01  2.54251359982717520E+01  2.46770229782028210E+01
  3.62493203924014780E-01  2.42918261003563810E+01  4.70161540478536290E-01
  5.72881440675418570E-01  8.88912500876479510E-01  2.33189875810942790E+00
  3.71299762957800540E-01  1.98705862762686110E+01  2.91021226019357400E+01
  5.13143010843963320E-01  8.04473061835466830E-01  1.05426724111243860E+01
  3.87533216804236250E-01  1.39959955380649210E+01  2.57671118104124690E+01
  3.90540239164096370E-01  6.90799845238259370E+00  3.28677144966569790E+00
  4.11696508529454960E-01  1.75597681747702200E+01  1.15157399996577010E+00
  4.19670751191123690E-01  1.06953282722472310E+01  2.56033894768703120E+01
  5.39922025342825940E-01  2.34352413346510250E+01  1.31905896266628720E+01
  3.73125396709624990E-01  1.42808699840480650E+01  6.41931890599109510E+00
  5.72628172168292430E-01  6.05540302019572430E+00  1.79568561355989010E+01
  5.63660960642019760E-01  2.75270460889279070E+01  6.54339668654456470E+00
  7.54397230300637300E-01  2.95441953239921060E+01  1.86994737826746980E+01
  4.07877171249442140E-01  6.13070624342535630E-01  2.32194981618504630E+01
  4.61178090502161720E-01  2.78876996970942880E+01  8.36115433620087600E+00
  3.50974061745161330E-01  1.19639400895518940E+01  1.40374352910809610E+01
  4.22541054278063120E-01  1.81167192965529970E+01  1.39081552677900430E+01
  3.25036994184950640E-01  2.68621518135923940E+01  5.95472453372917170E+00
  4.96042965314236020E-01  1.64153344130216860E+01  1.32442337175962560E+01
  3.04461637453634990E-01  2.38634876745318760E+00  1.78780812360845120E+01
  4.21290506291976640E-01  2.81998798042526850E+01  1.03391187516356930E+01
  4.26578460793149810E-01  2.78292425369953520E+01  1.95719325664309100E+01
  3.91816801400439550E-01  2.43737492132996670E+00  1.09202788118662080E+01
  5.32262962461145860E-01  2.33307125266627580E+01  2.23984148377307800E+01
  6.07718241283317260E-01  1.59647657686447960E+01  2.79603833802386250E+01
  5.13425754976809310E-01  2.62082493530370400E+01  3.88524228932157190E+00
  5.46829204411607870E-01  2.44314624374124780E+01  1.36238063180653910E+01
  2.99038091422116640E-01  1.06214832613882600E+01  1.48548267103180670E+01
  3.65374026971610010E-01  1.51608799491804100E+01  1.12786183596799620E+01
  3.46733456860136300E-01  1.05300893649682510E+01  1.89082912532627030E+01
  5.01833768532536340E-01  3.97847648875865230E+00  4.29334899725352060E+00
  2.88617724104866640E-01  2.50650791573892210E+01  2.55046339834105600E+01
  3.13454063710418570E-01  1.99394615363947900E+00  3.30635384445242850E+00
  4.43756654693070110E-01  1.59625008288342580E+00  5.47348169225056580E+00
  5.20369884994360540E-01  1.50535415638609430E+01  1.75597415381921170E+01
  7.41720708060832300E-01  2.27502530854221800E+01  8.76822191978113170E+00
  2.99038091422116640E-01  1.11579356813632200E+00  1.46491791555194320E+01
  3.93024383017402490E-01  2.31577982030612620E+01  2.52236329289698950E+01
  2.53364602799301860E-01  6.08961684626789350E+00  1.90272503767025360E+01
  5.48463672908306780E-01  2.72002474621376360E+01  1.01085790254542720E+01
  5.63660960642019760E-01  2.11685588913726230E+01  2.76377005963999880E+01
  4.99487474973056500E-01  1.29881492434350500E+01  1.09019681710942570E+01
  5.32488384254616510E-01  8.28819018414742640E+00  2.62662655136932770E+01
  3.62493203924014780E-01  2.23976112266651230E+01  1.62345522201274300E+01
  3.90540239164096370E-01  2.48475975393352120E+01  1.70788606661447910E+01
  6.25248164210708260E-01  7.01286440296573320E+00  2.03260858098227040E+01
  3.93024383017402490E-01  2.54435044910642180E+01  2.88400835868917440E+01
  2.83517655556827110E-01  9.18697487868787020E+00  1.21206952835514410E-01
  5.16562546778196820E-01  2.18428164147438510E+01  1.69146313702257130E+01
  5.96777348356598920E-01  2.55342554758252300E+01  1.33227856938350920E+01
  3.35017483125717060E-01  2.11435153703244720E+01  1.73990703090750460E+01
  5.69344335137112000E-01  3.10382800246756490E+00  5.34883127988311990E+00
  5.55509338843663690E-01  6.29091033822706700E-01  1.75592876274046860E+01
  4.09775903561979240E-01  1.59177857375127940E+01  2.60366102938228290E+01
  3.20574425314766210E-01  1.32367247298155510E+01  3.09013584852954490E+00
  5.39466591144820300E-01  2.82507230459345710E+01  1.87032800949460130E+01
  5.18725390566230620E-01  2.24673123535529590E+01  9.99638254355388330E+00
  3.62493203924014780E-01  8.99698072258471270E-01  1.14128631299855580E+01
  4.23675716525973380E-01  9.83463595460304060E+00  2.56559150038272570E+01
  4.13050329149462850E-01  7.18221282072925860E+00  2.77469815054717160E+01
  3.01731430220296380E-01  1.60099807893831670E+01  1.02678493892623060E+01
  3.48156346672602490E-01  9.99561712583989960E+00  2.03292012367170360E+01
  6.83531487369900860E-01  2.13095241404970540E+01  1.97706884456848290E+01
  3.27197753470684690E-01  7.52405167910758530E+00  2.43011627175236700E+01
  3.50974061745161330E-01  2.66134214459564690E+01  6.58306461933037920E+00
  5.77649046292645880E-01  7.65911819656822160E+00  1.59344344380838220E+00
  5.13614394364816020E-01  1.21170678814404060E+01  2.72635977516722650E+01
  7.17953871372127320E-01  2.87452756439277340E+01  1.40264684312825580E+00
  3.01731430220296380E-01  2.62690462350234770E+01  1.42446124815033630E+00
  6.14584822297879540E-01  2.42523725535745490E+01  1.61681022361007860E+01
  4.69641390777102340E-01  2.21732887788567150E+00  1.17520539144584650E+01
  4.49154676673646060E-01  2.29501228369558130E+01  2.88029265217729100E+00
  4.82268891960512480E-01  2.38846309577427750E+01  1.92128049520465540E+01
  6.26908127420837150E-01  2.78195841923308010E+01  2.46584880727811080E+01
  2.50971712925384870E-01  1.50937247970518180E+01  1.56410803310370560E+01
  2.62213147743524950E-01  2.75567994684342140E+01  2.13106469786850920E+01
  6.45167794061425240E-01  2.58603757695228290E+01  2.23154150725078400E+01
  5.94931591270377070E-01  2.12930036092661940E+01  3.69090178714250340E+00
  7.68548325332126940E-01  2.93161677894403430E+01  1.10388842746109590E+01
  4.36195486319121350E-01  8.56984934491767980E+00  6.85684257234810610E+00
