1
  1002  2.96924426640336700E+01  2.96924426640336700E+01  1.00000000000000000E+00
        0.00000000000000000E+00  0.00000000000000000E+00  0.00000000000000000E+00
  6.75156127532392600E-01  2.01563457581785100E+01  2.37445339574713400E+01
  2.73281005279713530E-01  9.35264739905124110E+00  2.40463337896798740E+01
  6.65634982039605120E-01  2.14330132488061480E+01  2.33368363018327930E+01
  2.54824432159977790E-01  7.27636337152098990E+00  2.52028638119931260E+01
  2.84029264846615530E-01  1.43319678390357750E+01  2.37386308832327300E+01
  4.62836237406567810E-01  2.92831255602689570E+01  1.22502500274506190E+01
  3.33973424357718240E-01  2.12778760146918380E+01  2.70014155664611580E+00
  4.91872428060923640E-01  1.65069709296435190E+01  1.48161201160792080E+01
  5.52490392167627680E-01  1.22795264740443260E+01  2.92752216021920550E+01
  5.39466591144820300E-01  2.47062722774346180E+01  1.28132522317292730E+01
  5.65219172841477580E-01  2.45677824781646560E+01  8.28657349001023750E+00
  3.53776024442120150E-01  1.11174181707533680E+01  2.06085666354259160E+01
  5.54611473665029210E-01  6.12638078329879400E+00  2.69439740346190960E+00
  4.81368497469048420E-01  6.18226876716074700E+00  5.60447126059729150E+00
  2.84672167568555990E-01  2.36618118110082740E+01  6.97243458505645910E+00
  3.06898385793053400E-01  2.80033116605055130E+01  1.39484599558995920E+01
  4.49954956992444630E-01  4.08374429981348810E+00  2.44990716251260070E+01
  5.88686278844574580E-01  2.86792978124249170E+01  4.52603241659306300E+00
  4.36315933331792570E-01  1.77313273515420210E+01  4.27557365546545930E+00
  5.46155746035104350E-01  6.55850838416056090E+00  1.46438613554542150E+01
  4.11346310528290360E-01  1.96183309522857720E+00  1.12487749769079580E+00
  7.44650008855257360E-01  2.25868841115299330E+01  1.53281576602520030E+01
  4.68162992243922280E-01  2.43158195902265000E+01  1.63277748494606010E+00
  7.11073931023246340E-01  2.52328926437820870E+01  4.33600184648602930E+00
  3.02034441597155470E-01  1.13536032539511880E+00  4.80609500512900390E+00
  5.12509616084684260E-01  1.19230847169039130E+01  2.10041021451235220E+01
  3.40422717275118370E-01  2.61448918383086840E+01  2.22526121201729770E+01
  6.65634982039605120E-01  2.66986501064462130E+01  7.10731182175817990E+00
  3.75295693565172690E-01  4.76373864005111970E+00  1.50604552927493350E+01
  4.75626642073745920E-01  1.83733294162520300E+01  2.05365087696299970E+01
  4.72038094207023740E-01  2.04868184359958360E+01  2.80524425214136560E+01
  4.29902962432020440E-01  6.79529126959768790E+00  2.47156718537348360E+01
  5.68910711623079470E-01  2.93649166609838160E+01  1.74274466525739160E+01
  3.07263188066738420E-01  4.23867351806796490E-01  1.78771216675555920E+01
  6.10911033360540580E-01  1.00964370895618870E+01  1.42127372434738180E+01
  3.43353541919950760E-01  2.06703637917493380E+01  1.22022141101756870E+01
  3.15231116497538320E-01  4.73806917149975070E+00  1.36256654351125110E+01
  3.78068289465320630E-01  4.08611144457075780E+00  1.33915397684605750E+01
  2.54824432159977790E-01  2.09217092436670460E+01  2.74609588162650200E+01
  5.44558358435121190E-01  2.14035958582325600E+01  1.29082448495775940E+01
  3.56000803327192820E-01  6.37813742277812160E+00  1.20946608637751400E+01
  3.13454063710418570E-01  5.83783682839756060E+00  1.22379905650871650E+00
  6.12591031919131530E-01  1.96674445395640590E+01  2.25537572164889110E+01
  6.47236078597052340E-01  1.40208187446174170E+01  7.47831511549998140E+00
  2.65726189967390210E-01  1.39456484090925200E+01  1.97133133597978940E+01
  2.96653470797716330E-01  1.54155051712744910E+01  1.38089997862655630E+01
  3.45648959319623030E-01  2.14619658422895620E+01  1.49874653656371420E+01
  3.13454063710418570E-01  2.72385968960512630E+01  1.72043919198516200E+01
  3.39073066583844400E-01  2.40157297484648640E+01  8.84211724915743070E-01
  2.96256570285591500E-01  9.65782194882560670E+00  7.91874345801247960E-01
  4.19081387041561550E-01  2.20816058826444990E+01  4.36290677532433600E+00
  7.08391389715138510E-01  2.51264464459132450E+01  1.06213220716369500E+01
  7.16035261746952050E-01  2.70170975126632880E+01  4.89354393614777900E-01
  4.43133439323318520E-01  2.04601408544832640E+01  1.37509148982716160E+00
  2.73281005279713530E-01  1.20989838843317670E+01  1.72499334272359870E+01
  3.35017483125717060E-01  1.03910776443292030E+01  1.90013335784180770E+01
  5.09222041678605210E-01  1.26078050669155920E+01  1.99816308517425050E+01
  4.27719079604653450E-01  1.90659205466260000E+01  1.32156191289340960E+01
  5.81299825206354370E-01  4.19135175294761720E+00  1.95262375701969330E+01
  5.46155746035104350E-01  1.53874506104236670E+01  1.69140682240649480E+01
  3.05466220251299840E-01  9.74061401652712890E+00  7.26545346169633440E+00
  3.11838068626578210E-01  1.04849552491672320E+01  2.04023411294212200E+01
  6.27423008989955560E-01  2.79548237612075570E+01  7.47002886414777480E+00
  7.12424816007452400E-01  1.41240451487504930E+01  1.87519545245818690E+01
  4.41140732643827070E-01  2.87456098488969260E+01  1.40402655253920780E+01
  3.80273533482480450E-01  1.77833955636330000E+01  8.80241208109389280E+00
  3.29796701345061780E-01  2.66867691192115290E+01  2.71783833081160360E+01
  4.15252526658189590E-01  1.71652912263207610E+01  5.11835699580862700E+00
  2.59062449636064510E-01  7.78068346168307910E-01  1.53536252748041570E+01
  6.18419083689772810E-01  2.94518875309568030E+01  8.03764649419910530E+00
  5.04213456464067280E-01  1.82623192944429500E+01  2.61349507726899620E+01
  3.48156346672602490E-01  7.07140410552649710E+00  1.97726221491133320E+01
  2.89042915761794110E-01  1.71222915442723360E+01  1.52996843743512730E+01
  3.05466220251299840E-01  3.35665717975787370E+00  1.98217825575552030E+01
  6.49919166153384610E-01  2.32502910602798640E+01  2.66358165747309070E+01
  6.14379095469630790E-01  2.38838106580700470E+01  1.74783067477878050E+01
  7.00411917450214720E-01  3.76613290251677180E+00  2.07398408752008120E+01
  5.69344335137112000E-01  1.73494070768164260E+01  1.61435007216884370E+01
  2.57564851167384970E-01  3.31451293677505990E+00  2.44050981786055350E+01
  4.13050329149462850E-01  4.61353571475814660E+00  1.11910568617868280E+01
  6.18419083689772810E-01  2.27507501987335650E-01  2.62441799379670040E+01
  4.26523982883737140E-01  1.36982337320330580E+01  1.65129229203895210E+00
  3.78209123272245940E-01  2.94115069972491310E+01  2.93719816293880060E+01
  2.63055759251188670E-01  2.70454157639310640E+01  1.99250051753975510E+01
  5.00274833943758600E-01  2.36719321960190780E+01  1.86866010455644690E+01
  6.01687927537542500E-01  9.52754496915872550E+00  1.31421036477263350E+01
  4.86073626967704090E-01  2.13493878830878780E+01  9.49737137049539900E+00
  7.62474117278193650E-01  1.87310027083770690E+01  2.35596530106515980E+01
  4.87886881528419990E-01  2.71906917492059430E+01  2.82159084435995200E+01
  2.99038091422116640E-01  5.25752298282245970E+00  4.29895609590835640E+00
  3.50974061745161330E-01  9.94066703190005900E+00  8.64439312978746880E+00
  6.10572080928614460E-01  2.15142336882986100E+01  1.17587785957749060E+01
  3.01731430220296380E-01  1.87416618147255360E+01  2.83190692027118230E+01
  2.59062449636064510E-01  1.34189770643204170E+01  8.15524654006815550E+00
  6.99477888048091770E-01  2.33610333415225500E+01  7.90869859498396010E+00
  4.41666133880560000E-01  1.28193180647057460E+01  2.77941969802569130E+01
  6.86210935380316480E-01  8.47057520126839590E+00  2.27026461813292500E+01
  5.27425300578987690E-01  1.37371920969424030E+01  5.14481602939065040E+00
  7.54505484792745040E-01  2.77842301103403070E-01  1.96964515209931580E+01
  4.11696508529454960E-01  6.44850213232304450E+00  2.02484915637427710E+01
  6.26517897412854200E-01  1.94324414304808610E+01  1.42033673380013570E+01
  5.72142532162989690E-01  1.06568782070482580E+01  3.13920210684008260E+00
  3.47451934045076260E-01  2.26590365906136790E-01  1.51012791572358280E+01
  2.57564851167384970E-01  4.91707123005075440E+00  9.67011121789454190E+00
  5.33859136323620030E-01  1.41168339613786690E+01  2.87430884987194690E+01
  2.69169509893181310E-01  8.85368205129640270E+00  4.43553684635232860E+00
  4.24351701398837560E-01  3.96266292235696370E+00  3.71433928445757560E+00
  3.11762329988951370E-01  1.12704750417119830E+01  2.38739575016108030E+01
  3.50974061745161330E-01  2.36871218885363180E+01  1.99046212225083040E+01
  2.66929568161810020E-01  1.67053494852939880E+00  2.95047158495902660E+01
  7.20816873845379820E-01  1.32235399161805080E+01  1.11568673614251870E+01
  4.22201084465533680E-01  2.58290852622611950E+01  2.15233713696869980E+01
  3.09209541844886400E-01  2.09047958395362630E+01  1.81606622012611250E+01
  2.62213147743524950E-01  3.95518177148131840E-01  2.71464612290186550E+01
  7.60411681679863700E-01  9.89480887195471050E+00  4.23101524003767880E+00
  6.67521681419926690E-01  1.43060728962157770E+01  6.19529059580464470E+00
  4.37954134865551840E-01  7.18452191726430640E+00  6.99320133071841090E+00
  7.16654247500547470E-01  2.48523239047718150E+01  1.83910075967101290E+01
  7.12424816007452400E-01  1.64191504301486790E+01  1.90564155779647490E+01
  3.61198882346046800E-01  4.67540009220410010E+00  2.66564165495033620E+01
  3.82245446386266610E-01  3.71849357148891050E+00  9.42709627991009570E+00
  3.58737518624021320E-01  4.60810159241415280E+00  2.93978506396701710E+01
  5.81547682683179710E-01  1.49378018569636360E+01  1.04778439224897240E+01
  4.21963532045373490E-01  1.68712720569974940E+01  2.43672291845392980E+01
  3.12648490279368120E-01  7.63812518734314770E+00  2.47657207899191680E+01
  3.25036994184950640E-01  1.38347951934437350E+01  2.41635967446781340E+01
  3.83290088603488770E-01  2.41905284683949480E+01  1.46926834224531970E+01
  2.93443024193560210E-01  2.21590422542661440E+01  5.07275889428777930E+00
  2.66929568161810020E-01  2.50411375848533380E+01  2.72077660533988740E+01
  2.99038091422116640E-01  1.33875391434989980E+01  1.96270386267270180E+01
  6.00040109246873770E-01  4.27477957473853910E+00  1.02366656341829110E+01
  7.14535578675763720E-01  2.62731290002497500E+01  3.26010490877513660E+00
  3.06898385793053400E-01  8.07656885285973130E+00  1.80117680548680750E+01
  3.45648959319623030E-01  1.70605279747051990E+01  1.98967364375747770E+01
  3.87046365911375680E-01  1.14530942416107490E+01  1.73863964110519800E+01
  6.56539952722306990E-01  7.27412480862762580E+00  2.61141509016751850E+01
  5.07436062422724900E-01  3.40131854353473130E+00  4.45770334955978510E+00
  7.39270392714900380E-01  2.71008223977534580E+01  1.89242557274448830E+01
  5.38024295323284910E-01  1.10662287092964570E+01  5.34666197862022410E+00
  7.33199636544987770E-01  1.67126226453593030E+01  9.17668426706982920E+00
  6.31923671661538840E-01  2.01035514129506010E+01  9.74342439595094410E+00
  5.72951670348821020E-01  2.89519331893800000E+01  3.39772757067549500E+00
  6.40456937776772590E-01  1.53774055820508000E+01  1.47450563461024550E+01
  4.77241894706072770E-01  1.22994876943570140E+01  3.74169303204029060E+00
  7.64764367446448820E-01  2.37353715811935930E+01  9.32311814823983910E+00
  7.16535845940979770E-01  1.13852612812115320E+01  4.82656764525948660E-01
  3.10705613459761840E-01  2.40731151335788350E+01  2.19134697485176560E+01
  3.89901968262705180E-01  1.37439897737767890E+01  2.20468128676578060E+01
  7.15011499502423580E-01  2.22676721832348650E+01  2.21953846807987600E+01
  7.60297905848187840E-01  2.80376452938703440E+01  1.55574714926781970E+00
  2.65726189967390210E-01  1.08052219894678530E+01  1.74658736929939060E+01
  4.53492046339069340E-01  7.71135533917901310E+00  1.29312650892353120E+01
  5.18725390566230620E-01  1.28513268278435220E+01  8.68617916893442830E+00
  4.24020504903543660E-01  2.15723899646252870E+01  7.75273953479337410E+00
  5.17634268500846420E-01  1.78583282790820230E+01  1.13115690528565340E+01
  4.54567147313974470E-01  9.60438656295870710E+00  2.25814813418975260E+01
  3.65965634987757580E-01  2.75887288775474780E+01  2.58222818107454870E+01
  2.96256570285591500E-01  1.03280691634587210E+01  2.82449286972960710E+01
  5.50543265074639000E-01  1.03917814672692760E+01  2.59261495983487720E+01
  4.46540105696671490E-01  1.84841157951204700E+01  1.90221786338548820E+01
  6.47236078597052340E-01  9.15865715750255480E+00  8.01903865743330970E+00
  4.82769235883485770E-01  1.67040367316926060E+00  2.49180227298907370E+01
  2.97529618718302210E-01  1.32018553088190770E+01  2.16242215411833630E+01
  4.13811620468168510E-01  1.00295115116656590E+01  2.68188606384361850E+01
  4.87785457169642190E-01  2.10048731169843560E+01  1.04074363204847880E+01
  3.41778742319800830E-01  7.34872882672276710E+00  2.41787669145560640E+01
  4.05793634226126800E-01  2.21367614331895200E+01  2.41974501263615950E+01
  7.14516279726398110E-01  2.75916195668607430E+01  3.81002709343897110E+00
  3.71799304162545760E-01  1.45826365696095440E+01  1.97340665264288790E+01
  5.77820253962530560E-01  1.69526496153702340E+01  2.79208094826861850E+01
  4.75626642073745920E-01  1.75115261371054910E+01  1.34359356447289770E+01
  5.46562010559427060E-01  1.41990062015898940E+01  1.48842302481964200E+01
  3.29506256422424390E-01  1.36199134135171370E+01  2.02109785118668980E+01
  2.62213147743524950E-01  2.72836045413523890E+01  1.04917794728309680E+01
  3.63105686475124490E-01  6.42920332864128860E+00  1.94693206203023870E+01
  7.08391389715138510E-01  3.54370067712142140E+00  2.93295099311691240E+01
  4.26578460793149810E-01  1.13718250857442890E+01  2.31429966083100070E+01
  6.08873319065221350E-01  8.60543451562117670E+00  1.23581531792816970E+01
  5.39466591144820300E-01  2.81100872178919660E+01  1.47870475417155060E+01
  4.66553963192992600E-01  1.04296535489601170E+01  7.61331340908596040E+00
  4.82771447840326400E-01  1.41150262710899920E+01  1.20025736804008790E+01
  5.13004586318856950E-01  7.10942984814497250E+00  1.37187207039062320E+01
  3.17084428049163950E-01  2.43177139263758870E+01  6.50474287293330460E+00
  3.50974061745161330E-01  2.13008526116100360E+01  2.79326696495867960E+01
  3.82382183723224410E-01  5.55398158103176520E+00  9.72588147882077790E+00
  3.77759649416993960E-01  8.85246148434075050E+00  3.77551859658434450E+00
  5.74203886104520670E-01  1.67125094631802790E+01  3.71939736545727630E+00
  4.11346310528290360E-01  1.74934506995672090E+01  2.70930171656785600E+01
  5.06367095649294540E-01  1.74974891430682540E+01  1.78983187183549650E+01
  6.01687927537542500E-01  1.46517860344106050E+01  2.16485593897656050E+01
  2.49794182180603610E-01  1.63598796270159780E+01  6.03421151685788890E+00
  6.11481049571092420E-01  1.52430203086952480E+01  7.17816862288899320E+00
  5.03927515451986880E-01  1.05550174001713020E+01  2.26994628103030820E+01
  6.35485889077753010E-01  1.66549240101896030E+01  1.71278366788865770E+01
  2.99038091422116640E-01  1.98828123707436820E+01  1.87577218462112260E+01
  4.22541054278063120E-01  2.05125964389078990E+01  2.14051357447692930E+01
  3.05466220251299840E-01  2.51929423357262330E+01  1.40815721604515290E+01
  2.62213147743524950E-01  1.99180960144859080E+01  6.35333572889649640E+00
  3.61769499680632390E-01  1.49757116074286840E+01  2.36884233519236740E+01
  2.47647088603063280E-01  8.38857942306732870E+00  9.84533076453794640E+00
  3.11155895623034430E-01  1.67001582452625320E+01  1.80730204227372050E+01
  2.66929568161810020E-01  6.78259311400013850E+00  2.91862237056537100E-01
  6.90395435464654740E-01  2.56693260553818310E+01  2.31695173417382740E+01
  2.96503602823160150E-01  4.27845677428014870E+00  6.12572342215067070E+00
  6.57722721512726150E-01  2.41552046830581060E+01  2.95905520287545870E+01
  7.24777883420223110E-01  2.21677032372515010E+01  1.67364573314038090E+01
  5.48279863025970290E-01  7.12900124225405470E+00  6.00890730330386800E+00
  6.40748513009616880E-01  2.11670053345059410E+01  5.01191371990566830E+00
  2.56092450391898300E-01  2.09070151026731140E+01  4.15397278013674320E+00
  7.17499092254363010E-01  6.62672105098558180E+00  1.64244262743002100E+01
  4.66141488621800890E-01  1.05656132083699940E+01  2.75163619080922430E+01
  6.33759023001558490E-01  5.69506535475136120E+00  1.54478260705390440E+01
  5.48279863025970290E-01  3.56767763390282730E+00  2.36097503275557160E+01
  4.19081387041561550E-01  2.35369883954077790E+01  3.21585090708942410E+00
  5.70902198024309190E-01  9.24519414808837680E+00  1.13676072279475570E+01
  3.17950877609215300E-01  6.28531399597693420E+00  1.38243355484324280E+01
  5.96963967672292380E-01  7.96350055401249880E+00  7.67416962523056870E+00
  6.18832453479690690E-01  2.09195237052296290E+01  1.72335111412243190E+01
  2.63339374245984010E-01  5.18957891399079330E+00  2.85387016563292450E+01
  3.55036581058269410E-01  2.06199712169233250E+01  2.27210814231911580E+01
  5.84913004272127690E-01  1.20264594264216030E+01  1.63956290578429250E+01
  5.77235448209733180E-01  1.99824110440850160E+01  4.72925355642429320E+00
  5.01105313190319460E-01  1.40130406874530960E+01  8.62871470190481740E+00
  3.83598938984435380E-01  1.82297104595815400E+01  7.47782855559423250E+00
  5.98360795606824340E-01  2.90763665537383530E+00  2.47455303769360270E+00
  3.41778742319800830E-01  2.49146093504986870E+01  1.46656274987141430E+01
  3.29796701345061780E-01  1.78372129436454470E+01  1.53885389744232700E+01
  3.84420431658369740E-01  8.11878496541850050E+00  1.36630159249621560E+01
  4.91872428060923640E-01  1.36578376095714860E+01  1.39982334381563920E+01
  2.93443024193560210E-01  8.68682686644957690E+00  1.55224308543447670E+01
  5.81299825206354370E-01  1.84334475343482960E+01  1.03755039780392730E+01
  5.68243553274813350E-01  1.95066131124355100E+01  1.07844002542243520E+01
  5.39001667068871980E-01  1.03028249244836530E+01  1.80944157588888570E+01
  7.01587183784351610E-01  5.34742221942879590E+00  1.70362607284264200E+01
  4.45239477383046460E-01  6.95633612555156140E+00  2.19114149343907450E+01
  5.39001667068871980E-01  2.60647784774089820E+01  2.59895275244345570E+01
  2.86134314477376340E-01  1.34685606281391070E+01  2.81227733741095600E+01
  7.70254277643880240E-01  1.97755140947931770E+01  2.90760866392871050E+01
  3.45648959319623030E-01  2.68294015193719070E+00  8.21575593423792410E+00
  3.39481361119070080E-01  2.65022178619066120E+00  1.57336545621562700E+01
  3.04461637453634990E-01  7.25725438957964110E+00  6.08696836665376310E-01
  5.20369884994360540E-01  2.62348605758817220E+01  2.78980346320119170E+01
  2.65726189967390210E-01  1.71283099485557740E+01  1.15942902646741180E+01
  6.26908127420837150E-01  2.68747805670362250E+01  2.16040223016579700E+01
  3.48480710258510130E-01  1.48498660480498420E+01  1.27282636146471280E+00
  2.96653470797716330E-01  2.73061379381017990E+01  2.51837408466968210E+01
  6.31923671661538840E-01  1.25427944906224550E-01  1.40793697530000160E+01
  4.09705559579089850E-01  1.14993300729430460E+00  7.25203593163061020E+00
  6.72499163702481620E-01  5.23686025772890050E+00  6.26571404253028060E+00
  2.84029264846615530E-01  1.07627618102895330E+01  2.93919722023439040E+01
  5.34631033075580400E-01  7.89819708450666000E+00  5.24806799996314060E+00
  6.17076625982510940E-01  1.00895992172048570E+01  6.41206784512307240E+00
  6.55074006360275090E-01  1.70753735550207250E+01  6.58785481383897140E+00
  5.46562010559427060E-01  7.91363821010104120E+00  2.09380302403089400E+00
  5.17626013175185660E-01  9.47988277625528040E+00  1.73651066910031670E+01
  5.82207618145930890E-01  9.30307521950819450E+00  1.59544510862301150E+00
  5.98268629341587580E-01  1.53989783364277080E+01  9.39214865877353590E+00
  5.34553382826858140E-01  7.40971431925102490E+00  2.33048088642842220E+01
  3.76753951196820710E-01  1.27831388409286820E+01  1.58027581358640120E+01
  7.52518120402026810E-01  2.52550815950745930E+01  2.87089868158829380E+01
  4.81368497469048420E-01  2.77212719893925980E+01  1.24626175455421300E+01
  6.47413426355271770E-01  2.02756816414441770E+01  2.44927629351960310E+00
  3.05466220251299840E-01  2.63274620602120600E+01  1.51909799504209580E+01
  4.46689977500956030E-01  1.25401680935992490E+01  6.19586996996622920E-01
  6.18566685513849460E-01  2.55372928136080440E+01  1.66473765730539680E+01
  5.36592099856838090E-01  2.58756975499904380E+01  2.05661411200880270E+01
  5.09574347305064630E-01  2.70346412526641980E+01  8.23162754800910430E+00
  4.92328788949218680E-01  2.32312841637263930E+01  1.04746367152096040E+01
  4.83351594707823830E-01  2.06821252577099520E+01  7.58002264214818040E+00
  4.40650972415989980E-01  1.50048880925087060E+01  2.91439431400066480E+01
  6.10911033360540580E-01  5.48112465366604520E+00  2.77151813293479810E+01
  4.34172467284937990E-01  1.44752256003643880E+00  1.43035995406642920E+01
  7.03188417218805210E-01  2.19196286207766420E+01  1.40438971508984770E+01
  2.92799561075502800E-01  2.90684127223909920E+01  1.34108304564039420E+00
  5.68243553274813350E-01  1.01725523025598170E+01  9.63248482097183430E+00
  4.60682082706054620E-01  2.64650246531011040E+01  1.72303923654209650E+01
  6.41715074739605920E-01  5.25451569327960490E+00  4.68174236576946520E-01
  4.55206736325743130E-01  3.39464059946550560E+00  7.84909672068886800E+00
  4.22201084465533680E-01  1.59235838015481260E+01  4.32645581577899470E+00
  3.63079661055833470E-01  9.65838480880914750E-01  2.68906859052275710E+01
  2.63055759251188670E-01  3.50686198267618330E+00  2.49174031118891680E+01
  5.32877675645020420E-01  2.80726424101061200E+01  1.05869292358672030E+01
  5.77235448209733180E-01  1.30757278080224780E+01  1.48949483512091450E+01
  4.09775903561979240E-01  2.57089823387067610E+01  1.76608076408416680E+01
  6.93187364831086050E-01  8.46018787504671720E+00  2.54715028119023470E+01
  4.30054269381220950E-01  1.72179853772488990E+00  5.24386684379282640E+00
  5.07436062422724900E-01  1.21586019403807160E+01  4.87870831807842810E+00
  2.49948351789403130E-01  2.53721926669007050E+01  2.76520384486386030E+01
  3.16022212934137680E-01  5.77402432037649400E+00  2.86086045600158980E+01
  4.72818350263822220E-01  2.11897407951726570E+01  2.64073222726602350E+01
  4.46689977500956030E-01  1.62859659249461010E+01  7.37054431473338760E+00
  4.74581552528920360E-01  9.25676659233824140E+00  9.13540135504614880E+00
  4.86590143357422540E-01  2.28723131651027070E+01  6.82861313855406760E+00
  2.73281005279713530E-01  2.55995444841267210E+01  1.57582790197905990E+01
  5.20515140446715560E-01  1.74224746345083010E+01  2.36029830342934050E+01
  4.13811620468168510E-01  2.82430956189534040E+01  2.71158893547562750E+00
  3.81419328643079860E-01  6.25702148190075390E+00  6.70164835449721610E-01
  4.05593309893122810E-01  2.62575779228068380E+01  1.59196029173805920E+01
  5.85380732291966590E-01  7.21147017883309530E+00  2.73543155505183010E+01
  4.06599624824484800E-01  3.56113264196958830E+00  2.82149055759211610E+01
  6.40456937776772590E-01  2.90076521543302450E+01  2.32311457830768580E+01
  4.75626642073745920E-01  1.32202153756379110E+01  2.96892533679339610E+01
  5.09222041678605210E-01  1.71321317014785630E+01  1.23689620689504490E+01
  5.77820253962530560E-01  5.32975572993268900E+00  1.42939356369268680E+01
  3.80273533482480450E-01  7.79163985500133280E+00  1.96669358450540380E+01
  5.01406606281285510E-01  7.44228328331730890E-01  2.52507885425414000E+01
  3.59079136884617700E-01  2.28372698522255070E+01  2.45037602946321940E+01
  5.94092381958372510E-01  2.88593492683555870E+01  4.79734120408532490E-01
  2.54611020839302520E-01  2.30908492191101080E+01  1.70633321155369480E+01
  4.99223721401470310E-01  1.33570686225474870E+01  2.28467527853707790E+01
  2.54611020839302520E-01  1.42035055871967980E+01  2.02324518217329190E+01
  3.20574425314766210E-01  3.63078294937867340E+00  1.28622328182525900E+01
  2.85767805251094040E-01  2.74792239356185920E+01  1.42554495039084180E+01
  2.54611020839302520E-01  1.94504468141803850E+01  2.52372607374951450E+01
  4.12246671516209600E-01  1.85682255333335320E+01  1.55144878851929670E+01
  4.41298336829792340E-01  2.76830098980035440E+01  1.56689416862388900E+01
  7.09985914168247060E-01  1.55414745730840330E+01  4.71813951488517260E-01
  6.80956647410425740E-01  1.58032623598581220E+01  2.46390515032880510E+01
  4.75338540515479570E-01  1.32031742641566740E+00  2.03486616098685790E+01
  7.49588614928249000E-01  1.53065715280637390E-01  5.18020713833569600E+00
  4.74033319401206570E-01  3.33367798181410800E+00  1.37908187811025350E+01
  5.20515140446715560E-01  2.75323101417510860E+01  2.72676468336302130E+01
  5.48131117613959250E-01  2.86411791945137570E+01  5.66155283105040220E+00
  3.46733456860136300E-01  1.21394201737292470E+01  1.32612017520721290E+01
  6.97384645011991290E-01  8.38282065905615780E+00  2.40834493048473310E+01
  3.78209123272245940E-01  2.40715470239748050E+01  1.21517630203975120E+01
  3.82382183723224410E-01  9.53119845157414500E+00  2.55670686157274930E+01
  4.46537248270915300E-01  2.35998068128602090E+01  6.24472820038200280E+00
  6.08690451339190200E-01  2.41454494831780190E+00  6.01768849554938350E+00
  2.59062449636064510E-01  1.77889920370837340E+01  2.55366940399766240E+01
  4.43756654693070110E-01  1.05649437626937960E+01  1.32685386344484670E+01
  3.18942867500738640E-01  2.96366815897839300E+01  1.15542223854751040E+01
  7.16535845940979770E-01  1.14216691898353520E+01  1.40499097839308130E+01
  4.62836237406567810E-01  2.43407774313422960E+01  7.28431872581131130E+00
  6.97384645011991290E-01  1.61106220797109890E+01  2.88775100471317890E+01
  2.47647088603063280E-01  6.32890785901176760E+00  2.75806442739627400E+01
  4.05793634226126800E-01  1.30718181608634580E+01  2.69704098894194080E+01
  5.37364664263313330E-01  2.29629411550012460E+01  1.14717282415810630E+01
  5.72881440675418570E-01  2.21843564080127820E+01  2.62757464025789740E+00
  5.04213456464067280E-01  1.73494042539286680E+01  1.04255262462758630E+01
  3.86557871019070410E-01  2.80964036733940820E+00  4.49411669341281070E-01
  5.62178328188990490E-01  2.65253219146990920E+01  4.51153182539965770E+00
  6.41715074739605920E-01  7.95376932098296140E+00  2.14805793936157520E+01
  4.54567147313974470E-01  6.81365277012918380E+00  1.27977736572850880E+01
  3.97011970696729720E-01  1.13556517218198700E+01  2.90581681765658930E+01
  3.99477862283745790E-01  4.86468760610388440E+00  2.06937774926143090E+01
  5.15931587153482510E-01  2.47035913080684610E+01  2.24473745885688590E+01
  5.98026541173087530E-01  1.12952831403123370E+01  6.55595392319323800E+00
  5.94917806945655060E-01  8.91571958633766390E-01  2.78453508142203030E+01
  3.86557871019070410E-01  2.33446083690318530E+01  2.19641928364183200E+01
  5.52347772924787250E-01  2.82226204255281380E+01  2.80881766368024550E+01
  4.05793634226126800E-01  2.06486873689144730E+01  1.12267499710966200E+01
  4.66753989857397040E-01  7.13119047825473820E+00  8.33547937032130730E+00
  6.77666041374141330E-01  2.72017737574281430E+01  1.14275710576151400E+01
  3.23306573977224420E-01  1.65113307923654420E-02  2.38919137944478880E+01
  6.88340418185590860E-01  2.02771605806801180E+01  2.56899516977283150E+01
  4.11696508529454960E-01  2.29565304984650140E+01  1.04995342585468170E-01
  4.03052389307286420E-01  1.85312383308869530E+01  1.47004622861014770E+01
  2.97529618718302210E-01  1.24743712652468060E+01  2.84479023827634660E+01
  3.13090147150790890E-01  1.33708021790988630E+01  5.90099899198348420E+00
  5.01435669612667030E-01  1.49540436981647600E+01  1.78673965167098490E+01
  5.26482748420329030E-01  2.87821543516219760E+01  9.77303230905293500E+00
  6.75156127532392600E-01  8.14147823523903820E-01  2.91125584918945250E+01
  7.20816873845379820E-01  4.99353288111293030E+00  2.18061380351790670E+01
  5.30006102735105960E-01  1.31301331352408610E+01  6.70881063336623920E+00
  3.43353541919950760E-01  2.95744580828890380E+01  4.11323493928707860E+00
  5.32877675645020420E-01  2.26744705238408390E+01  3.61821985815522180E+00
  6.44956217916396120E-01  1.88049668356343180E+01  4.40226604473321270E+00
  3.55036581058269410E-01  1.91320356198407850E+01  1.62255986160590350E+01
  4.30054269381220950E-01  7.17280802426664190E+00  9.56477171099477990E+00
  4.93734512940847830E-01  1.85886922253333960E+01  2.23120298139370230E+01
  3.42409596243210680E-01  1.11832590255968450E+01  1.80639359065920820E+01
  5.58952633370732950E-01  1.01970217022235460E+01  1.07590485690718310E+01
  4.49954956992444630E-01  2.58849458572472530E+01  5.29481012006378650E+00
  4.11346310528290360E-01  1.19227305384507720E+01  5.76600018166191750E+00
  4.72818350263822220E-01  1.79921287144538060E+01  2.80702299377530230E+01
  5.00672486592370710E-01  2.21148220701545450E+01  2.51463021668828050E+01
  4.15334611176110170E-01  2.43390201821942820E+01  3.58002176943799900E+00
  7.70254277643880240E-01  1.81945151086368430E+01  5.70589624114948890E+00
  5.32262962461145860E-01  1.88468065668935160E+01  1.16643370386467850E+01
  4.01880163826280960E-01  2.10443306460933390E+01  8.38775903665226610E+00
  7.41720708060832300E-01  1.24562414391131500E+01  2.52508609926789230E+01
  3.01674668393272730E-01  1.00767536711191300E+01  2.50742269012827950E+01
  2.66929568161810020E-01  1.59448646068517750E+01  2.55761570974302790E+01
  4.15334611176110170E-01  2.60253799700297000E+01  1.03239889078591920E+00
  5.20369884994360540E-01  3.18892962881874280E+00  2.73661514580634810E+01
  2.84672167568555990E-01  1.47838111375572170E+01  3.92085090641619200E+00
  5.18912146576496980E-01  2.88770176836706050E+00  1.91447851123875670E+01
  3.90540239164096370E-01  1.47839268162881810E+01  8.18122573567800870E+00
  3.63079661055833470E-01  1.43063358900730290E+01  1.11791609305598860E+01
  4.73113776075054650E-01  2.22719952000183210E+01  2.71871313036018700E+01
  5.55687039951364880E-01  1.23029229867518510E+01  2.28322820961002260E+01
  6.97384645011991290E-01  1.64033008112394010E+00  8.24398459461865050E+00
  3.54092873053847420E-01  2.43903507544627420E+00  7.56031453623705390E+00
  7.37991961479508610E-01  7.50759621885674020E+00  2.92893535585420540E+01
  5.10790949981952740E-01  5.36817245426306580E+00  1.17230431054921740E+01
  7.03918080384424090E-01  1.10631826677678490E+01  2.48674590608037680E+01
  2.69326463995374250E-01  8.71990639765484590E+00  2.21558682436093110E+00
  5.39922025342825940E-01  2.26359542578720760E+01  2.33946407352445680E+01
  5.39922025342825940E-01  2.35912737345551090E+01  4.17326205420413650E+00
  3.52682444144397330E-01  2.17666162003801440E+00  3.08236717539292520E+00
  3.17084428049163950E-01  1.56684518017101460E+01  2.60904177448813140E+01
  3.92511582998476170E-01  2.78926088153570890E+01  2.15519661967254810E+01
  2.92799561075502800E-01  4.52615188737668990E+00  7.85713055296785520E+00
  3.63105686475124490E-01  1.39966708078301560E+01  1.03974869508953970E+01
  3.25036994184950640E-01  1.27578063221529960E+00  1.35639886257205550E+01
  5.70902198024309190E-01  6.19162697544171880E+00  2.93912123713714560E+01
  6.18138908065390960E-01  1.48163957246937520E+01  1.58714447209883750E+01
  3.10705613459761840E-01  1.34163360938930330E+01  1.23785713980841210E+01
  6.99092076263204730E-01  1.64379553977368180E+01  2.67525692559837650E+01
  4.40295189098215370E-01  2.24224332406083630E+01  1.22862534906691090E+01
  6.52034765531911640E-01  1.46002886517445520E+01  2.24162481230204060E+00
  5.12628979659419230E-01  1.98214997563424230E+01  6.65132984812327880E-01
  2.68569610726517900E-01  1.53377749322502180E+01  2.30181470383948720E+01
  4.41473589537221400E-01  5.36633738387526900E-01  1.08882740632067370E+01
  7.41623060643924430E-01  2.54553812901610530E+01  2.03801365933483990E+00
  2.49794182180603610E-01  1.70708623163295880E+01  4.46068597170405920E+00
  3.44856808658559500E-01  1.29246742641100920E+01  1.31126469895738330E+00
  6.83701617051292750E-01  1.61163683855708760E+01  1.59240251962703460E+01
  7.19599311285852310E-01  2.62177063915669670E+01  1.40975280332919010E+01
  6.67521681419926690E-01  2.43986857148995820E+00  2.40630528200840070E+01
  5.40946473112310590E-01  2.65284153799417230E+01  2.90091328943955740E+01
  3.83579206291793930E-01  1.60372872981369880E+01  6.57909731508243390E+00
  5.04339573614743570E-01  1.30407370027016910E+01  4.38429149386089720E+00
  6.35523375007872900E-01  2.57793886850318990E+00  9.19080555832477940E+00
  3.44905765886116280E-01  1.01839819434339880E+01  5.31193163951554400E+00
  2.65726189967390210E-01  1.05642599995215890E+01  2.09745370035381460E+01
  4.87785457169642190E-01  1.31050343801518190E+01  2.08449839263925440E+01
  3.71299762957800540E-01  2.83541861002981080E+01  2.60579861650076480E+01
  4.13811620468168510E-01  4.83569137483156910E+00  1.60459664830950820E+01
  5.69423614487483490E-01  1.32769102309756790E+01  3.33697023436243610E+00
  5.83429036676414100E-01  2.90347955299812420E+01  2.20082792416926760E+01
  5.30006102735105960E-01  1.50471660235642960E+00  1.13196743608368810E+01
  5.16710955738981780E-01  2.85323245136280410E+01  2.91111256698863560E+01
  2.65726189967390210E-01  7.43945034023310740E+00  2.24460873715477080E+01
  3.18942867500738640E-01  2.78026074686321680E+01  2.64729234561611830E+01
  3.23881608201221470E-01  1.36583456283544700E+01  2.52299741871062810E+00
  3.54092873053847420E-01  2.59958505266972000E+01  1.87587499954859670E+01
  5.12509616084684260E-01  1.57516759738838860E+01  2.14718357053150830E+01
  4.99223721401470310E-01  5.80205555226283030E+00  2.08927165148364220E+01
  2.56092450391898300E-01  2.28995934056562760E+01  2.04484929419148000E+01
  5.45765227979075810E-01  1.61498153240046600E+01  5.26715067164523540E+00
  6.94010183176834960E-01  1.58109834733449510E+01  2.82870851684844200E+00
  3.57201130995523370E-01  1.41864582306932120E+01  3.16195125069065950E+00
  5.25895496843049500E-01  1.02714290783767940E+01  2.17104680654499340E+01
  5.10790949981952740E-01  2.27648186060966610E+01  1.31731618274544000E+01
  4.89717368181109780E-01  2.50802627167173140E+01  2.62863659617132800E+01
  4.82769235883485770E-01  2.40464444119168800E+01  2.84556569788971000E+01
  6.93278360304079300E-01  1.92404153052058110E+01  2.13202248204874640E+01
  3.35017483125717060E-01  1.93213938690274920E+01  6.34940930589046810E+00
  3.26514001167033020E-01  2.68663433464937180E+01  2.56246341021532160E+01
  4.75880684447443510E-01  1.00830826125933020E+01  2.42118335063465620E+01
  4.22354771203238230E-01  2.26154010208558810E+01  9.71523161198234850E+00
  4.11966131227655820E-01  2.61368931329771130E+00  2.22250483853632160E+01
  7.30946391186454210E-01  3.47503538720357770E+00  1.12997331290108840E+01
  4.22201084465533680E-01  1.20988111452595270E+01  8.12217886470934760E+00
  5.15931587153482510E-01  6.45217702701973740E+00  1.76448842523666300E+01
  5.52347772924787250E-01  1.15438036067582230E+00  5.99282289625345670E-01
  2.49794182180603610E-01  2.47315082385576090E+01  2.32124597050631860E+01
  4.50103975287380020E-01  2.32529047075716380E+01  2.89488147917043110E+01
  3.61769499680632390E-01  8.14616024983023480E-01  2.22675198483872450E+01
  2.77147605524350650E-01  1.18924396581034110E+01  2.43262232228190280E+01
  7.64764367446448820E-01  2.94980441878417530E+01  6.65567441517392220E+00
  5.71326189973923350E-01  2.32593221707180150E+01  2.23749391981733490E+00
  4.07877171249442140E-01  2.79096500316367940E+01  8.50399593076753210E+00
  4.46540105696671490E-01  1.89478827946211790E+01  2.47487525106784890E+01
  5.07606992315717240E-01  1.74006880390109800E+01  2.06782886424774580E+01
  3.01731430220296380E-01  4.31027713683397010E+00  2.94617442849457230E-01
  4.32382463464541460E-01  6.30637998985214490E+00  6.54145482420257010E+00
  3.25762576013666160E-01  5.05586792879590790E+00  8.17597233314631210E+00
  6.24920360555607160E-01  4.39009676432795980E+00  1.22996358486996370E+01
  7.38532964590205680E-01  1.69946854707674750E+01  3.15828866015518630E-01
  3.92511582998476170E-01  1.53482474614023390E+01  2.23572590718632080E+01
  2.97561439636419770E-01  2.14926881669287970E+01  2.56990730978906900E+01
  3.46434506905438330E-01  2.03951734578816830E+01  1.43417429251133120E+01
  5.89502618647478990E-01  1.96779940580840100E+01  7.20254062650921160E+00
  3.32399546609116130E-01  1.06797433916726230E+01  2.87668723918809230E+01
  5.77649046292645880E-01  2.26852434559777620E+01  5.78123897805285390E+00
  4.31729360191427780E-01  1.87264874353903930E+01  6.83197901545972200E+00
  3.17950877609215300E-01  1.86452385255163620E+01  1.97910772372950490E+01
  4.75880684447443510E-01  2.03119760178515390E+01  5.72935484916909840E+00
  3.91816801400439550E-01  2.75389641984923870E+01  2.08316756672916770E+01
  2.50163292655703180E-01  2.04178304100362880E+01  4.02663184691423390E+00
  3.42074681651230290E-01  1.91524741029498280E+01  2.02890454140402670E+01
  3.50974061745161330E-01  1.56397769394119700E+01  1.97794625059528890E+01
  6.18566685513849460E-01  6.15124595356832770E+00  4.50512418655555540E+00
  3.24719866931951940E-01  7.83027932914697010E+00  6.58562557212595050E+00
  3.57201130995523370E-01  1.32042031108793050E+01  2.60549656582189540E+01
  3.13090147150790890E-01  1.12797113359585970E+01  1.57579719268419950E+01
  2.58355477869490890E-01  2.06069349854710190E+00  1.76925315711866280E+01
  4.83351594707823830E-01  2.69897168137907070E+01  2.64241684655012680E+01
  5.48463672908306780E-01  8.23545370334504410E+00  1.08864118222212770E+01
  4.24351701398837560E-01  4.53550560666080930E+00  4.34027625155726500E+00
  6.80557430527969220E-01  1.16004845548123290E+01  2.80092273187575240E+01
  3.73125396709624990E-01  1.34768168277051520E+01  9.32135882206708110E+00
  6.77808113742920780E-01  1.99117405216995640E+01  8.44810679550515960E+00
  7.67512613708393760E-01  7.22617875625886170E+00  1.86681989422175430E+01
  4.76544583128828500E-01  5.14257878821415910E+00  8.97239091121067740E+00
  6.97738347479756800E-01  2.58300245059812920E+01  8.30281562647220820E+00
  4.49545157175862540E-01  1.46057501613651620E+01  1.39752404004296690E+01
  6.25336422111717830E-01  1.20210775926547310E+01  1.66406221595446760E+00
  4.99487474973056500E-01  2.57775527016167170E+01  2.69872437407142660E+01
  6.67521681419926690E-01  2.94182450180320250E+01  2.83264212770517860E+01
  3.44170209092795430E-01  1.43414199410208920E+01  2.64303415173740570E+01
  4.01880163826280960E-01  1.31762257705945650E+01  1.00354959772284040E+01
  5.95035019805102560E-01  4.91850795218924830E+00  1.86024326479678810E+01
  5.20348764567513020E-01  2.77314827223117750E+01  5.10118242427584170E+00
  7.44845164893703690E-01  1.80571031446970060E+01  1.87213143374109040E+00
  6.94010688862415210E-01  6.27845715319467780E+00  2.28265261495444100E+01
  4.00156705760987560E-01  2.90652148039401900E+01  2.56902579328000300E+01
  6.57722721512726150E-01  8.38211852950268190E+00  2.68200275536730080E+01
  3.61198882346046800E-01  2.44782359552363890E+01  1.67048682722400310E+01
  6.07167866036927160E-01  1.08526726526752470E+01  1.65943229038156620E+01
  5.81677556670477180E-01  1.51622049067470020E+01  2.68580628012391540E+01
  3.17579752081870750E-01  2.06098675343200950E+01  1.49699745120615330E+01
  2.69169509893181310E-01  2.11011376222537910E+01  1.63652141826637920E+01
  5.36592099856838090E-01  1.89175560024295850E+01  1.71316359997757250E+01
  3.01799748246536660E-01  2.31844368775077920E+01  2.26334179200246020E+01
  4.05794678723965420E-01  6.12324189608605970E+00  2.17382306609982760E+01
  3.65995101567518470E-01  1.13078449133335970E+01  2.59087978862195170E+01
  3.39481361119070080E-01  2.56934951134319040E+01  7.12325315485565720E+00
  6.97384645011991290E-01  5.09902653749466150E+00  1.91253923685948540E+00
  6.82253548551889110E-01  7.03687067091833910E+00  3.55224290437000520E+00
  5.67035311113654220E-01  1.31900206950701900E+00  1.02391297351919340E+01
  6.47236078597052340E-01  2.82395391999201700E+01  2.50459429831251650E+01
  5.92513140571182980E-01  6.20036939411168580E+00  2.67511651736921400E+01
  4.71553509741754610E-01  4.45628095413236110E+00  2.85821277766977460E+01
  6.55885333720611730E-01  5.58035217465080890E+00  2.39809703739760490E+01
  2.83840017940612550E-01  1.18709744240929320E+01  2.62322643895998980E+01
  5.65219172841477580E-01  2.79995678628227650E+01  2.25034677870567210E+01
  3.48480710258510130E-01  1.48791187287779590E+01  3.29516006407873000E+00
  6.26908127420837150E-01  1.78787843639309050E+01  2.46555931368053790E+01
  2.62213147743524950E-01  1.68280211979516670E+01  5.70532714664681070E+00
  5.08737612195334600E-01  2.41548845465298570E+01  2.59122036476047730E+01
  4.59281804788439010E-01  4.32378448620445790E+00  1.05516435020575420E+00
  2.86550378078914000E-01  1.00392281760326350E+01  2.87526876941928120E+01
  2.99038091422116640E-01  1.79960868198042580E+01  6.83653593142904640E+00
  3.62493203924014780E-01  1.97552684150327060E+01  2.47011330789768100E+01
  5.64616421781660800E-01  6.61757454971290930E+00  2.83390295227297240E+01
  3.87533216804236250E-01  1.12805999085925000E+01  7.54118860773776770E+00
  3.90540239164096370E-01  1.60351584053226300E+01  1.35121955098018310E+01
  5.44640939783434240E-01  5.92568982816688460E+00  8.20737702872771280E+00
  3.84420431658369740E-01  2.83152976634923700E+01  1.33323139496420690E+01
  4.53492046339069340E-01  3.72291526537960230E+00  1.68064522340025770E+01
  6.38023782753992030E-01  2.51914845120907670E+00  2.02537603462362870E+01
  5.00672486592370710E-01  1.84876797665786730E+01  1.80750068366163990E+01
  6.08873319065221350E-01  2.76585896285613120E+01  6.27022145394169340E+00
  3.18942867500738640E-01  2.33194180522047390E+01  2.56700886471676450E+01
  2.65726189967390210E-01  1.78738773994179460E+01  8.74002538596137590E-01
  7.10410487391814980E-01  5.02542551363496240E+00  3.31729648911744230E+00
  4.66797018098134940E-01  8.84304553326360220E+00  1.81156490137475750E+01
  3.89889811574280460E-01  9.95073814099526640E+00  2.33567334201630740E+01
  2.92456502136063850E-01  1.76409207112209890E+01  2.21644153654863740E+01
  3.63079661055833470E-01  5.28805247132499190E+00  2.91567266019963400E+01
  4.13811620468168510E-01  2.45959154951362460E+01  2.77474290949001310E+01
  2.60417758313763680E-01  1.25929294706235700E+01  2.13893890146348800E+01
  4.41940562555082740E-01  2.73139198277157110E+00  2.13721254914502590E+01
  3.08418768867630710E-01  2.69346363155484740E+01  1.56959209314246360E+01
  3.04461637453634990E-01  2.10246723327237640E+01  1.45065383653039280E+01
  4.75626642073745920E-01  2.88728272355712170E+00  3.54812143632350270E+00
  4.19693779402500590E-01  2.11437929846740500E+01  2.20430405968517710E+01
  3.26514001167033020E-01  1.90961698830396640E+01  2.44043109103450240E-01
  3.55388479881239270E-01  1.22851294831436930E+01  2.19218660474843720E+01
  5.33859136323620030E-01  2.57729865113795460E+01  1.29259212254699400E+01
  3.39481361119070080E-01  2.08919817047616160E+01  1.38690333807764470E+01
  2.51153087880769550E-01  2.10005247393698590E+00  1.55201478113685120E+01
  4.21603844523193420E-01  5.26705134686453570E+00  1.04790994118454610E+01
  5.20348764567513020E-01  1.36797187594085320E+01  1.58159624279021570E+01
  6.86210935380316480E-01  1.50097652938935990E+01  1.29140621568471750E+01
  4.41140732643827070E-01  2.37213433648129490E+01  1.31632734762657260E+01
  6.26908127420837150E-01  1.12795414175748710E+01  4.16328383471746570E+00
  5.11871480770454750E-01  1.80444022315767610E+01  2.14675826348232660E+01
  4.70990686464341570E-01  9.82358078004915920E+00  2.08208447617800800E+01
  5.20369884994360540E-01  1.20899664596506220E+01  9.39279443291527900E+00
  3.04306421741581800E-01  2.18069858551961320E+01  5.70634824093640170E+00
  5.88333222664750720E-01  1.50959650901908300E+01  2.05450664715138740E+01
  6.64541222436485860E-01  1.15259164144482230E+00  6.17868203753333310E+00
  4.24351701398837560E-01  1.23898709164352270E+01  1.02903918169998220E+01
  5.55920758830291820E-01  2.67140952513210830E+01  1.72427847201885790E+00
  2.89042915761794110E-01  1.69086751019342570E+01  1.10850052625728250E+01
  2.47647088603063280E-01  2.04074729329510300E+01  1.80979376451835210E-01
  5.88686278844574580E-01  1.57594047463109330E+01  8.26147619606673090E+00
  3.53063097104977870E-01  2.48382491363491700E+01  1.73216727096817920E+01
  4.50600139601478670E-01  1.48255051533989870E+00  1.51876267080704160E+01
  6.65634982039605120E-01  1.28787134880081650E+01  2.39088001529634230E+01
  4.69750256464274060E-01  2.05947066164583920E+01  6.63139709981735240E+00
  6.13801455222646290E-01  1.62963588316530910E+01  2.04860638740343890E+01
  5.14582826754803690E-01  9.88194116280817520E+00  1.98376751910078970E+01
  3.81419328643079860E-01  5.97156493872408230E+00  7.28261150043018720E+00
  7.28196096543639280E-01  2.50600307609488160E+01  2.50691988514132580E+01
  7.33199636544987770E-01  9.39444608837370330E+00  2.77730235318896240E+01
  2.86550378078914000E-01  1.22710375049946560E+01  1.45821826077962480E+01
  2.52169786807371790E-01  1.34976438619611110E+00  1.37927578908880700E+00
  5.01406606281285510E-01  2.65935198121780410E+01  2.39201581671238760E+01
  4.18948713530687210E-01  6.44424276652302640E+00  1.12836350760900800E+01
  3.62620749938717070E-01  1.06755273967156530E+01  2.35574724328092880E+01
  3.15231116497538320E-01  8.33806225144872750E-01  1.59249615752559030E+01
  2.83840017940612550E-01  2.04438044578301830E+01  2.21073823865318500E+01
  4.72199721516180480E-01  1.54253130700358070E+01  5.98219660516461090E+00
  4.41666133880560000E-01  1.93403701494988510E-01  3.48158073342780480E-01
  3.39073066583844400E-01  1.18969291149306750E+01  2.36995792476259870E+01
  2.54831192030272870E-01  1.65612162345096440E+01  4.57129746323214900E+00
  6.65634982039605120E-01  1.72670968276995290E+01  7.89354977048279680E+00
  2.69326463995374250E-01  1.91116330270874640E+01  1.50396137167649380E+01
  3.08418768867630710E-01  2.07163759057500090E+01  9.01780265585126980E+00
  5.63324676144028570E-01  7.49419864675464890E+00  1.73653388242021830E+01
  2.49794182180603610E-01  2.03143219364165400E+01  1.06631479298642140E+01
  6.44956217916396120E-01  2.21092632538524010E+01  1.06541754146774200E+01
  4.26043897269923290E-01  2.17222374219474080E+01  3.51238586191193480E+00
  7.44533748089133770E-01  1.82712987483236840E+01  2.92544109586112460E+01
  2.47647088603063280E-01  2.27531972231463830E+01  2.56755422972686450E+01
  3.47451934045076260E-01  2.87224948776911160E+01  2.41765892369523140E+01
  4.83182858574677270E-01  2.70943767760254100E+01  1.49208862274692430E+01
  5.38382388131525950E-01  2.77652381501450400E+00  1.29459600486435140E+01
  6.08690451339190200E-01  2.35154059667582940E+01  1.63121882177539030E+01
  3.93024383017402490E-01  1.92096043894322430E+01  1.85998024864310270E+01
  2.54611020839302520E-01  1.28620050259830220E+01  9.45929192103146650E+00
  6.82253548551889110E-01  5.42989332729523260E+00  1.97721520284185850E+01
  7.67665169660178040E-01  5.60568786444207670E+00  1.29781323326591150E+01
  3.95839252948554370E-01  2.68076342896406170E+01  2.05394510168135550E+01
  5.15379284759350490E-01  2.95696126874181470E+01  1.84917455289252960E+01
  5.09222041678605210E-01  1.94108310390540030E+01  1.94784394571047020E+01
  4.72038094207023740E-01  1.68925444934918650E+01  1.52137313710477140E+00
  6.64541222436485860E-01  1.68689063202219670E+01  2.54595838372093300E+01
  4.84167632717154460E-01  1.83884122428143400E+01  1.38250737374606580E+01
  5.39922025342825940E-01  1.84406002951984010E+01  2.71629755711295220E+01
  3.77759649416993960E-01  2.02804268133817660E+01  1.93049691080166850E+01
  5.06367095649294540E-01  2.78011050673974720E+01  1.66083978745661620E+01
  3.05466220251299840E-01  3.54017173543454520E+00  3.11968442858169270E+00
  7.55604472483241980E-01  2.86805342270623210E+01  2.07173644194918440E+01
  7.68548325332126940E-01  4.73512386615921700E+00  2.55286371159495860E+01
  3.09209541844886400E-01  5.76981995321914540E+00  1.10093663917929480E+01
  4.71553509741754610E-01  2.20677121700908890E+01  2.82283027805612040E+01
  3.65995101567518470E-01  2.89865831286230000E+01  8.90465510959824510E+00
  6.26517897412854200E-01  6.12984643745967260E+00  2.55352648433512610E+01
  3.55388479881239270E-01  9.21067363832410460E+00  2.34342500742234990E+01
  3.90423892796942250E-01  2.51290944599919940E+00  4.32867415540902560E+00
  4.92172780862642510E-01  1.69502264147025590E+01  2.48800659317591630E+00
  6.66683478841499700E-01  1.54183896436786760E+00  2.30779987874539710E+01
  6.94903868090152520E-01  2.21995376980634450E+01  8.67871692472849960E+00
  7.65642972591057180E-01  4.27365517732618370E-01  2.12088592535809930E+01
  3.52682444144397330E-01  5.67783525582808220E+00  1.80367440255887070E+01
  5.39466591144820300E-01  8.18810857951139680E+00  3.14388519330363090E+00
  4.26043897269923290E-01  8.62994026943457730E+00  2.89828867200228760E+01
  2.53364602799301860E-01  2.11278436780324980E+01  2.52866135088484900E+01
  3.83290088603488770E-01  1.03368073481657260E+01  8.13134599675597340E-01
  5.55920758830291820E-01  2.03068299955986230E+01  2.69335140981381540E+01
  4.13050329149462850E-01  1.67175188407968990E+01  1.39366136169143320E+01
  5.20369884994360540E-01  2.63534126098686700E+01  1.05828743204286330E+01
  6.99477888048091770E-01  1.05538275053268880E+01  1.87259848802506030E+00
  3.59079136884617700E-01  2.36856641666413240E+01  1.52361757335943310E+01
  3.01799748246536660E-01  1.26725215383504960E+01  1.72885797247238950E+01
  5.28731261397185740E-01  2.21641152123691010E+01  2.61802691192181490E+01
  6.80338287111455390E-01  1.15762385497801850E+00  2.91452013215323720E+00
  4.74033319401206570E-01  1.59238309130842220E+01  1.79623510240684080E+01
  3.53302408788900560E-01  9.41259881198902630E+00  1.48919288940785070E+01
  4.03052389307286420E-01  2.69763714546274540E+01  9.90241213664033990E+00
  3.33973424357718240E-01  1.42158891048622160E+01  2.08207348132731380E+01
  4.68162992243922280E-01  2.12686224529385160E+01  1.99355084300500490E+01
  4.72192289519205580E-01  1.91577798207437550E+01  2.39095938780075730E+00
  6.73658304681401180E-01  2.02062851747306030E+01  2.03533297423014550E+01
  4.61178090502161720E-01  5.13708567563514600E+00  7.39427067409361080E+00
  4.18189647978318300E-01  6.69837694172531690E+00  2.10875605865009420E+01
  5.15379284759350490E-01  1.23645269653985040E+01  2.75177428566167050E+00
  5.34553382826858140E-01  1.17927173557870300E+01  1.91672966202472640E+01
  3.70336582810533970E-01  2.63443645914971220E+01  1.81128689972917700E+01
  6.42747544188997020E-01  3.65748817713357700E+00  2.20779715277459980E+01
  4.50600139601478670E-01  4.30864693952823870E+00  8.56776693445301160E+00
  3.55036581058269410E-01  2.70137958347481550E+01  1.78337141756777340E+01
  3.54092873053847420E-01  7.00838530655957650E+00  1.54234586108850100E+01
  5.13614394364816020E-01  1.98420237775377080E+01  3.52599444541310620E+00
  3.65995101567518470E-01  1.39030845759391680E+01  2.58718053284109790E+01
  5.25383403930900440E-01  8.05568830938820750E+00  4.20025483470814540E+00
  3.83598938984435380E-01  1.56781668061342880E+00  9.32217863313481660E+00
  4.86073626967704090E-01  2.23382861737479100E+01  2.91465465876449310E+01
  5.96963967672292380E-01  1.75504462904565950E+01  1.45075854257552130E+01
  4.66553963192992600E-01  2.78005307251842630E+01  9.62541442962332990E+00
  4.15252526658189590E-01  2.27635982763122870E+01  1.85725478084039820E+01
  6.36786611163594070E-01  1.12442158299473290E+01  1.01819636186491940E+01
  6.06760633376156730E-01  1.98509508830641690E+01  1.78333718606534010E+01
  5.25895496843049500E-01  1.33003400951195680E+01  1.78276148043697230E+01
  5.05409982910693060E-01  1.14055480662257680E+01  1.28282833059360990E+01
  5.18912146576496980E-01  2.52861082560783500E+01  9.39111401775704560E+00
  5.81677556670477180E-01  9.16608257442936390E+00  2.16426480538434020E+01
  2.50625569857546320E-01  2.39523839592455340E+01  2.75806937980324530E+01
  6.67521681419926690E-01  1.58139857130746910E+00  2.60648379944379690E+01
  6.52034765531911640E-01  2.11898599588948680E+01  2.89293125455323440E+01
  3.81419328643079860E-01  2.05016226288827450E+00  3.37567825536275330E-01
  3.18942867500738640E-01  6.42523472818391190E+00  9.60903006196909000E+00
  6.63973334543257470E-01  1.61823511373141430E+01  1.04681876092033900E+01
  4.05793634226126800E-01  3.91805221118268850E+00  1.85778004895299380E+01
  2.88617724104866640E-01  2.11002387667032280E+01  5.94000156500638270E+00
  3.17587838135982990E-01  2.04350485381244380E+01  2.46969628930757170E+01
  6.94010688862415210E-01  7.41828191392349460E+00  1.18218857490232220E+01
  3.25036994184950640E-01  1.42011648907555890E+01  1.09345070823703900E+00
  4.41940562555082740E-01  1.20605826949732720E+01  7.25939109049581520E+00
  3.05466220251299840E-01  1.90498742333136130E+01  2.56280214192264250E+01
  7.22984261441823330E-01  8.70263868133212700E+00  4.36847237094912000E-01
  4.60682082706054620E-01  3.51234647652067670E+00  2.56409552616514880E+01
  4.22201084465533680E-01  1.14517981255986430E+01  2.54315419221748580E+00
  6.24824560398126750E-01  2.51037576419443200E+00  2.84880916462243090E+01
  3.63079661055833470E-01  2.86358132614221930E+01  1.68482205710728580E+01
  3.25516939164680520E-01  5.94133096374540950E-01  1.27509241149545760E+00
  4.87886881528419990E-01  1.55861856888315810E+01  1.66865048678771010E+00
  4.34172467284937990E-01  2.26241105579045510E+01  2.11029073939544320E+01
  7.04082361725448710E-01  2.57696742798622540E+00  1.46932374209036990E+01
  4.40295189098215370E-01  2.14899364805136700E+01  1.57727171838301640E+01
  4.54567147313974470E-01  1.52906304323960070E+01  1.87616799951294130E+01
  4.89717368181109780E-01  1.91705835342160120E+00  2.02464553262747420E+00
  4.82771447840326400E-01  3.75886655007174090E+00  1.80841196940262860E+00
  3.54092873053847420E-01  2.17614672032095980E+01  6.42476843656858420E-02
  7.67457697882333090E-01  1.03816377255155780E+01  1.20722049107051870E+01
  4.43129600128677660E-01  2.28545846638733110E+01  1.77193544498114870E+01
  5.61514797181737530E-01  1.28654264740952480E+01  1.89430751478526250E+01
  5.82207618145930890E-01  2.69886778653027060E+00  1.66532487756036540E+01
  5.94092381958372510E-01  4.29075540244937590E+00  2.75302054837939390E+01
  5.64318884198494160E-01  2.44028929178617200E+01  2.39567801808163200E+01
  6.16837537735261420E-01  1.94471824543060130E+01  2.77298137724422600E+01
  4.20581746236023420E-01  2.77193957211366780E+01  2.00394264484229580E+01
  3.16022212934137680E-01  1.29110926181527520E+01  2.21644323402731230E+01
  4.59502380082057990E-01  8.50961765902140850E+00  1.72522501816920590E+01
  7.48336469443998900E-01  8.71370587803612650E+00  2.03171275561114160E+01
  6.90159994875631000E-01  2.46417557064502720E+01  1.56664584639613020E+01
  4.68364091588631840E-01  2.30321586294025700E+01  1.94138395388485210E+01
  4.05593309893122810E-01  2.22610077425599150E+01  2.02553959450646630E+01
  5.55687039951364880E-01  1.62148135925846160E+01  2.27407735073364630E+01
  2.83840017940612550E-01  1.02755765380775660E+01  1.72724229782079700E+01
  5.98280766214214580E-01  9.15531003330646160E+00  1.02026083546305520E+01
  5.84913004272127690E-01  2.68935386703970530E+01  2.28156086691568340E+01
  2.83840017940612550E-01  9.33456083579920030E+00  2.67579149902317330E+01
  2.83517655556827110E-01  1.62921767170294840E+01  1.97868227346869310E+00
  5.27599340399055180E-01  2.12604296691040700E+01  2.45172950700478220E+01
  6.24824560398126750E-01  1.77997149365927000E+01  3.21671340844321470E+00
  4.84167632717154460E-01  3.00308251354456960E+00  6.94055648532127910E+00
  5.66562802601083430E-01  2.77953706089925400E+00  2.63595267794272450E+01
  5.81213412342838430E-01  7.15047539476882400E+00  1.05754435470712720E+01
  5.13285974501586400E-01  2.48374722661673320E+01  2.04124458292431110E+01
  5.29625185962053640E-01  7.68946228906545850E-01  4.05966037396025570E+00
  3.30104909316010620E-01  7.82229581203340010E+00  9.95971754385492680E+00
  5.48174971142568520E-01  4.20433109279811390E+00  1.43259244665301250E+01
  4.72192289519205580E-01  2.43401836157421520E+01  2.68997789379243490E+01
  4.53126113496558960E-01  2.51090882135726120E+01  3.17997934189792100E+00
  5.25993347610763350E-01  1.14421997899896530E+01  2.21776391314683960E+01
  4.75338540515479570E-01  2.91137119964309330E+01  1.49332090890131400E+01
  4.30858982518450690E-01  2.55813774743611900E+01  1.50551481466590890E+01
  7.09741570678139940E-01  1.49492592110036830E+01  4.90118322880639660E+00
  5.05409982910693060E-01  1.43132339861265990E+01  9.58891331782815830E+00
  5.20369884994360540E-01  2.86327264007227370E+00  1.35721834690444190E+00
  2.73281005279713530E-01  1.62269210164708650E+01  1.18280259696815660E+00
  3.09574052588245370E-01  1.84985626694170230E+01  2.53566740237468550E+01
  3.18095930761502070E-01  1.56797695496117480E+00  2.84584241325308120E+01
  4.46537248270915300E-01  1.94033005778322620E+01  5.57262446142455040E+00
  6.38830345620663920E-01  7.93585688311020830E+00  1.60746425615945720E+01
  6.68397269451762100E-01  2.48260335292045550E+01  5.65400960002185290E+00
  5.32488384254616510E-01  8.93073226526154860E+00  1.41369618063823720E+01
  3.17579752081870750E-01  9.18530891958121920E+00  2.61754891235870200E+01
  5.16710955738981780E-01  2.73182676251453100E+01  2.61011123486614150E+00
  4.49545157175862540E-01  5.14356388808042380E+00  2.29662307694582420E+01
  3.20574425314766210E-01  4.42985178574125270E+00  9.32928779047234080E+00
  4.12246671516209600E-01  1.22666324974371520E+01  2.71434790863259890E+01
  4.94550785807675550E-01  9.00754353704340720E+00  1.64396321064953490E+01
  3.59079136884617700E-01  5.96636415197116320E+00  9.11002307485836300E+00
  6.10572080928614460E-01  7.84040303667950770E-01  1.70332889499304370E+01
  4.75338540515479570E-01  2.08257570257047320E+01  3.42721853613182150E+00
  5.09574347305064630E-01  2.67324800934796300E+01  1.25177190612555210E+01
  4.18189647978318300E-01  2.79038062950632160E+00  2.30357715334272760E+01
  3.76753951196820710E-01  1.67100974724933950E+01  1.31474889687969350E+01
  3.84533934306195220E-01  2.23477829365810620E+01  7.52408889827920730E+00
  6.60767019732147710E-01  1.87672501691285270E+01  9.14181158991394230E+00
  5.64318884198494160E-01  2.73092799858456380E+01  1.34229147262019400E+01
  4.69750256464274060E-01  1.28718167405203200E+01  7.67449998374545660E+00
  6.88340418185590860E-01  9.42796874302349330E+00  2.85981175191537230E+00
  5.93150731645016190E-01  9.91780723950011730E+00  2.96249719315380810E+01
  7.17499092254363010E-01  9.12525845551174090E+00  5.49079052540673550E+00
  3.79322922295397280E-01  1.10974561812192330E+01  2.13409546970126130E+01
  3.20574425314766210E-01  1.81927600867500490E+01  8.23362584910349500E+00
  7.17953871372127320E-01  3.01087544176681240E+00  1.79147809958183050E+01
  3.42409596243210680E-01  6.65700012813531220E+00  8.99009019749236240E+00
  4.43129600128677660E-01  9.34766062993308640E+00  2.47624515328505870E+01
  3.78068289465320630E-01  9.61845849397009540E-01  1.87489642178054550E+00
  4.75338540515479570E-01  2.75407061350418800E+01  2.91123590344707210E+01
  7.38532964590205680E-01  2.81071301261266630E+01  1.78146172783269920E+01
  5.07606992315717240E-01  2.58487310977936100E+01  1.27101990781258480E-01
  2.86134314477376340E-01  2.51783529700387730E+01  1.34903690596212850E+01
  5.07437626189109900E-01  2.68070016384121390E+01  5.54938945709370750E+00
  6.15073771326759470E-01  2.14738986937867220E+01  1.67662413815638710E+00
  3.30104909316010620E-01  1.12832887945781300E+01  1.50870137375833280E+01
  6.66683478841499700E-01  2.17298841451266610E+01  6.67380096917094080E+00
  7.49545055295440930E-01  1.10560119307862530E+01  8.65559819645024930E+00
  2.54824432159977790E-01  5.53243913449682270E+00  2.48888679548005420E+01
  5.72142532162989690E-01  1.19314265330930130E+01  1.11757364719622830E+01
  2.77147605524350650E-01  8.78617412229225890E+00  1.49606488328330090E+01
  4.68364091588631840E-01  1.88892914751696460E+01  3.29217243304099050E+00
  4.82771447840326400E-01  1.30706343347760540E+01  1.66126901968001450E+01
  2.50971712925384870E-01  2.46329254904409570E+01  9.79863492566211750E+00
  5.38024295323284910E-01  9.53220315294427320E+00  1.88458648853729220E+01
  4.13050329149462850E-01  7.17362552722825520E+00  4.63851793361611350E+00
  4.86590143357422540E-01  1.20637633979916160E+01  1.53258600019545170E+01
  3.16148313226467530E-01  2.54909786739373660E+01  2.21792329261816690E+01
  3.81419328643079860E-01  8.24182486903067430E-01  9.14421508578425170E+00
  6.52911031193170470E-01  2.01744815706710150E+00  2.73103397906580770E+01
  4.49150663742554990E-01  2.05769061446245030E+00  1.36652161011682820E+01
  4.73113776075054650E-01  2.91610164592499110E+01  1.31911605580482460E+01
  3.65995101567518470E-01  1.26924206239344230E+01  5.87428544759327490E+00
  3.46028387031474870E-01  2.38219244982753650E+01  2.25198682705438530E+01
  4.23675716525973380E-01  1.78102993799893490E+01  1.70229171725108660E+01
  2.47261092463374420E-01  2.34819066438700550E+01  5.02647737111015400E-01
  2.63339374245984010E-01  1.41473391928454730E+01  1.34158777445265260E+01
  2.59062449636064510E-01  1.83136726786976530E+01  5.87458081825644560E-01
  5.77180454669814490E-01  1.21017372958825490E+01  1.80996299324264140E+01
  4.06599624824484800E-01  1.29736165065115840E+01  2.06084696573594920E+00
  4.65278877330243820E-01  1.89075902769105110E+01  1.01239217505326780E+00
  3.07263188066738420E-01  1.37774099058511600E+01  2.35343248013059460E+01
  3.88697647565240350E-01  2.63780719773871010E+01  1.97896402248450870E+01
  6.62122603690132470E-01  1.24466898433878690E+01  1.23003210068360800E+01
  3.79322922295397280E-01  1.93120790162075410E+01  1.24478494488024540E+01
  3.53063097104977870E-01  2.57905835997153550E+01  2.42120746523548430E+01
  6.88885956497308970E-01  8.10845525330127610E+00  8.95169895257661000E+00
  5.33066537704075310E-01  2.36478449608773020E+00  1.06956642516128260E+01
  3.42074681651230290E-01  1.53933241639891210E+01  3.77650172652220830E+00
  4.24351701398837560E-01  1.77867443711136310E+01  9.60651948858300740E+00
  2.92456502136063850E-01  2.04259606243460890E+01  1.85244923613218970E+01
  5.90639534364661320E-01  8.11392653716236010E+00  2.81073547732166700E+01
  4.09705559579089850E-01  1.80270681828113570E+00  1.70775135795063450E+01
  3.59079136884617700E-01  2.84804936777637150E+01  1.56053625246660010E+01
  5.27599340399055180E-01  2.58503172688126810E+01  6.27047200958902720E+00
  5.38382256471750510E-01  2.37742655057796970E+00  1.19353148531930950E+01
  5.96963967672292380E-01  8.95639253624819710E-01  2.41633733755469320E+01
  2.96503602823160150E-01  1.85227579773671460E+00  2.09068143010252320E+01
  3.64593218166308700E-01  1.75446424385316670E+01  1.88260111183627790E+01
  4.18947112612636110E-01  6.56067889460526740E-01  1.17431747899515260E+01
  5.40946473112310590E-01  1.12983571377981080E+01  2.68256851197620700E+01
  3.35017483125717060E-01  6.91272259108686170E-01  7.83803892229400570E+00
  4.75626642073745920E-01  2.32614666704584610E+01  1.19098464311762870E+00
  3.04461637453634990E-01  2.83375331200368490E+01  9.07221244364530930E+00
  4.36315933331792570E-01  1.93941641255210300E+00  6.94826947632346760E+00
  6.77666041374141330E-01  1.41661914239254060E+01  1.69916774141650540E+01
  5.67035311113654220E-01  2.22877132658958000E+01  8.19544671457541800E-01
  3.38650161839631010E-01  2.96483524147954500E+01  1.09141966051604450E+00
  6.94010183176834960E-01  2.01829913401913110E+01  1.31173547111146220E+01
  7.10410487391814980E-01  1.66088353577632740E+00  1.92142428200382400E+01
  4.54567147313974470E-01  5.98762082427382940E+00  1.87816570856679800E+01
  2.52169786807371790E-01  2.88332298102556660E+01  7.42516385899689090E+00
  3.01799748246536660E-01  1.16106939091427340E+01  3.27508058993268850E+00
  4.27719079604653450E-01  4.10344948520068800E+00  2.65071294519001200E+00
  3.87762191716535260E-01  9.35926405882069370E+00  1.56308175895525160E+01
  5.72951670348821020E-01  2.37703306169357380E+01  2.49014670387230480E+01
  5.09222041678605210E-01  2.20567703000115150E+01  1.93578794721296000E+01
  5.25993347610763350E-01  1.36994562707681880E+01  2.50035900780268390E+01
  3.12648490279368120E-01  8.18427791280875280E+00  6.05560344432292470E+00
  3.32399546609116130E-01  1.09987612004569590E+01  1.11589197653255620E+01
  4.43807889241729470E-01  1.31399351346028850E+01  2.87738179119163640E+01
  3.44170209092795430E-01  2.71405519691605510E+01  2.45649455899877720E+01
  2.54824432159977790E-01  2.52206006547898160E+01  2.40013595102508400E+01
  4.21963532045373490E-01  1.59646602781252620E+01  2.77681299487518910E+01
  4.11696508529454960E-01  1.16961766307133000E+01  2.01083320309070960E+01
  4.11346310528290360E-01  1.98459624513065870E+01  1.51545095875417370E+01
  6.16837537735261420E-01  2.31024345781432780E+01  2.78929787694705840E+01
  4.83570943621045310E-01  1.26521706039103650E+01  1.39141233735205730E+01
  4.32382463464541460E-01  2.28267144440691650E+01  4.77394007879743580E+00
  5.92513140571182980E-01  1.42723299300840050E+01  1.79083975717816200E-01
  3.55036581058269410E-01  2.51238051019280310E+01  7.52050422907295250E+00
  4.74581552528920360E-01  4.04259320252373920E-01  2.29959642371798090E+01
  3.44905765886116280E-01  2.80023288258718710E+01  9.75810994676634460E-02
  5.96963967672292380E-01  2.05392410244901180E-01  9.90157827721551880E+00
  2.68569610726517900E-01  2.14308923321703910E+01  4.14219914562769100E+00
  5.80290806494985740E-01  4.13486109952972210E+00  5.26082375921765970E+00
  6.25336422111717830E-01  1.48586055611130160E+01  2.56103528930567670E+01
  6.17452885167652710E-01  1.67596040170145820E+00  2.18021712929622740E+01
  3.29506256422424390E-01  2.07579883394375700E+00  3.75676861242990380E+00
  2.58355477869490890E-01  1.78531498627930760E+00  2.89922459217662620E+01
  4.69641390777102340E-01  7.38611125008381110E+00  2.05263103210357940E+01
  3.49095179616795370E-01  1.10215371851790940E+01  1.87361390879191600E+01
  3.27988333844876360E-01  5.33189958712710780E+00  2.64480670638263790E+01
  3.86383264228710210E-01  6.65740143266367920E+00  7.62663162099523010E+00
  4.75543307221801650E-01  1.32147679162907040E+01  1.31385206394357450E+01
  5.07815655211632320E-01  1.40169603668553260E+01  4.11899551470601550E+00
  6.08088426536500660E-01  1.82210657972953280E+01  1.26171482746296900E+01
  3.93024383017402490E-01  1.25303287885270670E+01  2.63831284622498110E+01
  7.48336469443998900E-01  2.95898984319413890E+01  2.24153966471836250E+00
  3.13454063710418570E-01  1.29009648335252580E+01  5.22792164028107200E+00
  4.43133439323318520E-01  1.83423254121166790E+01  1.63390290078370980E+01
  3.62493203924014780E-01  2.10248400904914100E-01  3.35038400133489130E+00
  5.72881440675418570E-01  1.50388877606640250E+01  2.81312356707404410E+01
  3.71299762957800540E-01  1.22607781826593790E+01  6.47161808532317460E+00
  5.13143010843963320E-01  2.39926206063704480E+01  1.12647340513427800E+01
  3.87533216804236250E-01  2.71093991606426630E+01  9.12425782448038450E+00
  3.90540239164096370E-01  9.88656243332889420E+00  1.63507115988183390E+01
  4.11696508529454960E-01  1.35116630545907870E+01  8.34419107290035460E-01
  4.19670751191123690E-01  2.84213775868933670E+00  2.50716302165699750E+01
  5.39922025342825940E-01  1.98978638672645400E+01  1.66880199270493180E+01
  3.73125396709624990E-01  1.71314293256672910E+01  2.25934521098614200E+01
  5.72628172168292430E-01  2.91558730121798640E+01  1.08053059877727970E+01
  5.63660960642019760E-01  2.54664092766547050E+01  1.95144207612899340E+01
  7.54397230300637300E-01  2.94730669089211260E+01  1.61087631467971380E+01
  4.07877171249442140E-01  1.71812424376348080E+00  4.40133993864643180E+00
  4.61178090502161720E-01  6.13764186826425020E+00  1.03336272715980650E+01
  3.50974061745161330E-01  1.16021498951361930E-02  8.97366503545694090E+00
  4.22541054278063120E-01  4.52807921429820670E+00  2.37487336124748900E+01
  3.25036994184950640E-01  7.17429134770023770E+00  2.55487720087584340E+00
  4.96042965314236020E-01  3.82566687051921670E+00  2.65446140920119010E+01
  3.04461637453634990E-01  1.27200864905062530E+00  1.21205174923718180E+01
  4.21290506291976640E-01  4.27327572765048650E+00  2.29448621245266650E+01
  4.26578460793149810E-01  2.34124561118702990E+01  2.39690655029316560E+01
  3.91816801400439550E-01  3.47574859023512950E+00  8.69209860946555860E+00
  5.32262962461145860E-01  2.05190884223441720E+01  1.58147890162218160E+01
  6.07718241283317260E-01  1.68571565434285380E+01  2.16519670370117900E+01
  5.13425754976809310E-01  2.48975752567024170E+01  2.14369310522198260E+01
  5.46829204411607870E-01  2.36787090926833410E+01  5.25558418748909690E+00
  2.99038091422116640E-01  3.33206381547923010E+00  1.23195276458653300E+01
  3.65374026971610010E-01  2.24696298897743530E+01  1.73386785217769420E+00
  3.46733456860136300E-01  2.47741967401592560E+00  5.06459991175160340E+00
  5.01833768532536340E-01  1.75291049580532830E+00  1.27660843145641460E+01
  2.88617724104866640E-01  1.92137934091510200E+01  9.97936419020624580E+00
  3.13454063710418570E-01  1.36896945979715170E+01  2.65167882444333040E+01
  4.43756654693070110E-01  1.89046360048196010E+01  7.95561368156108890E+00
  5.20369884994360540E-01  1.46122544754596380E+01  2.44921955697415220E+01
  7.41720708060832300E-01  2.85500978874471730E+01  1.92264893768318640E+01
  2.99038091422116640E-01  2.42760238064387080E+01  4.65746079162302260E+00
  3.93024383017402490E-01  3.53362992680553840E+00  7.37789188961507230E-01
  2.53364602799301860E-01  4.80465954180105290E+00  2.44587634538613190E+01
  5.48463672908306780E-01  2.63287819711583000E+01  2.49351562144593510E+01
  5.63660960642019760E-01  1.92920067400177440E+01  2.64621052180869010E+01
  4.99487474973056500E-01  5.20160748406600960E+00  5.09491689797581770E+00
  5.32488384254616510E-01  2.10607134446919490E+01  6.06513595755649870E-01
  3.62493203924014780E-01  2.40813859685669980E+01  1.03945162537727600E+01
  3.90540239164096370E-01  1.65122437473371240E+01  2.36387285327495780E+01
  6.25248164210708260E-01  8.81200576365936070E+00  6.79535414054807680E+00
  3.93024383017402490E-01  1.72016181097339920E+01  2.88599884451024240E+01
  2.83517655556827110E-01  4.44305700736436910E+00  1.66440030091015350E+01
  5.16562546778196820E-01  1.99171834915955980E+01  1.17880222583114840E+01
  5.96777348356598920E-01  1.51485066096711610E+01  1.16387873742410800E+01
  3.35017483125717060E-01  1.37740421261533590E+01  2.13228469916317670E+01
  5.69344335137112000E-01  2.84226600518240100E+01  1.16804975686027300E+01
  5.55509338843663690E-01  4.25784978760709800E+00  1.76614345913161730E+01
  4.09775903561979240E-01  1.36168645684732990E+00  1.78785417751431200E+01
  3.20574425314766210E-01  5.84968228439193270E-01  8.48466668608799250E+00
  5.39466591144820300E-01  8.47510139973566900E+00  1.90519203059643130E+01
  5.18725390566230620E-01  2.11083651363671550E+01  1.89625362893653250E+01
  3.62493203924014780E-01  2.85484156447707140E+01  1.26233699174838850E+01
  4.23675716525973380E-01  1.60862332655470080E+01  1.26474107563384110E+01
  4.13050329149462850E-01  8.05295747942728650E-01  1.84874127197580550E+01
  3.01731430220296380E-01  2.85445298349887860E+01  8.18789371982519750E+00
  3.48156346672602490E-01  2.35013677066569780E+01  2.32000615486281840E+01
  6.83531487369900860E-01  5.71185410159208650E-01  1.28423543702134340E+01
  3.27197753470684690E-01  2.41673712801079180E+01  2.30972660625207280E+01
  3.50974061745161330E-01  1.74155872178853390E+01  2.63237665527260490E+01
  5.77649046292645880E-01  2.49980974169432740E+01  8.00855717325477200E-01
  5.13614394364816020E-01  2.44152113658939630E+01  1.38248157450752270E+01
  7.17953871372127320E-01  7.82001573832458070E+00  1.47234707848760800E+01
  3.01731430220296380E-01  1.92782578092726310E+01  1.55855577647924370E+01
  6.14584822297879540E-01  1.44706687169661410E+01  2.28510529917131570E+01
  4.69641390777102340E-01  2.62762480830892860E+01  9.38149621697619910E+00
  4.49154676673646060E-01  2.93797570207949830E+01  2.72104747277983880E+01
  4.82268891960512480E-01  3.50022000638845250E+00  6.11205533649668010E+00
  6.26908127420837150E-01  4.10986585046000740E+00  7.03748428629114640E+00
  2.50971712925384870E-01  1.51364103612740570E+01  1.94498516466477480E+01
  2.62213147743524950E-01  2.58547433372079180E+01  9.97975198934711830E+00
  6.45167794061425240E-01  1.03737041534999310E+01  1.54373493209645430E+01
  5.94931591270377070E-01  2.94510352471254250E+01  2.47730896023098270E+01
  7.68548325332126940E-01  3.74777526311585560E+00  1.55850195423364970E+01
  4.36195486319121350E-01  2.32927261895343170E+01  1.23875461671958260E+01
  5.33066537704075310E-01  2.42896568334751530E+01  2.63306581949025810E+00
  5.62178328188990490E-01  1.63060566439934400E+01  1.16871778415993930E+01
  2.97561439636419770E-01  8.43876032567298040E+00  1.43300542180366500E+00
  4.82771447840326400E-01  2.44200393728358480E+01  1.95087630857568830E+01
  6.61562106526255890E-01  2.15307148444472850E+01  2.10335310761698510E+01
  5.04339573614743570E-01  1.08879664262000870E+01  1.96776650853667260E+01
  3.45648959319623030E-01  2.49792878838338560E+00  2.94580163816907900E+01
  6.95947079841625180E-01  6.76557786993925260E+00  1.61969508783451350E+00
  4.75626642073745920E-01  1.78572514441251220E+01  1.96983785288788480E+01
  2.57534358191145160E-01  1.97350235376080610E+01  1.59076225133501780E+01
  6.30423428531534040E-01  2.33238201287570280E+01  1.41675735568444900E+01
  3.25516939164680520E-01  6.02972516198998850E+00  3.56911904897325090E+00
  3.14110289759674140E-01  2.04002311106563640E+00  1.82636954363169050E+01
  3.99477862283745790E-01  1.57261925027325450E+01  2.35614780064012020E+01
  6.47236078597052340E-01  1.40608534137768150E+01  2.74022810440424540E+01
  5.28731261397185740E-01  1.64574494912187760E+00  1.61531597513721080E+01
  4.43807889241729470E-01  2.48020602127518220E+01  1.17750547958923130E+01
  4.82268891960512480E-01  3.19968981505061390E+00  1.01186303208442130E+01
  4.30858982518450690E-01  7.77831245257071750E+00  1.12644708337337080E+00
  4.18947112612636110E-01  6.64963169845798060E+00  2.38795725290408040E+01
  3.50662231740508900E-01  1.39776907869883080E+01  1.28241269005731160E+01
  2.85767805251094040E-01  8.64724269702539950E+00  1.32515834783006760E+01
  3.45648959319623030E-01  2.14533727254067090E+01  2.71821059713738970E+01
  3.45648959319623030E-01  9.38942438560906470E+00  2.88506145921181910E+01
  6.42005949159872720E-01  2.58870500014563450E+01  1.17366003486370780E+01
  2.74003615458356760E-01  2.40372896215894500E+00  2.56080253722354810E+01
  3.87653287431749970E-01  1.78607962170361530E+01  2.28080022683758660E+01
  4.18948713530687210E-01  2.50203309261296060E+01  6.72374202925136010E+00
  4.53451232343747090E-01  2.84872298876736000E+01  2.70778650246289350E+01
  4.21603844523193420E-01  2.68865370824118630E+01  1.64557587395960210E+01
  2.62213147743524950E-01  2.09519319644827330E+00  9.94755190464033310E+00
  6.94903868090152520E-01  2.77753659000389420E+01  2.37430133366945380E+01
  6.31563936872940970E-01  2.18417849138461830E+01  1.80770765406016310E+01
  7.01778375544082420E-01  2.37501843467246450E+01  2.09545819751188170E+01
  3.46434506905438330E-01  1.14907967829803060E+01  1.19809819792352710E+01
  3.50662231740508900E-01  2.89699182108599200E+01  2.64349170835633630E+01
  3.01799748246536660E-01  2.29339988973529360E+01  2.51571599066927050E+01
  4.41298336829792340E-01  1.96031177147032340E+01  1.59352257558361070E+00
  3.39481361119070080E-01  8.20785038813301600E-01  1.47568343614978480E+01
  3.83181557852844270E-01  3.16264493778985980E+00  5.31550239790513230E+00
