1
  1002  2.96924426640336700E+01  2.96924426640336700E+01  1.00000000000000000E+00
        0.00000000000000000E+00  0.00000000000000000E+00  0.00000000000000000E+00
  4.82268891960512480E-01  1.82122819253502650E+01  2.23874259398296940E+01
  4.30858982518450690E-01  1.42594441278793840E+01  2.26202047635412850E+01
  4.18947112612636110E-01  2.27983176512821190E+01  2.57461942125323660E+01
  3.50662231740508900E-01  7.56717163520730020E+00  2.70175309873655860E+01
  2.85767805251094040E-01  1.12562853205128080E+01  2.89236923950007000E+01
  3.45648959319623030E-01  2.91516582093352280E+01  7.62898541737073280E+00
  3.45648959319623030E-01  2.39799828966943490E+01  1.12680983136862810E+01
  6.42005949159872720E-01  1.37340892112693830E+01  9.68482717243422360E+00
  2.74003615458356760E-01  1.06462016243383990E+01  2.92272076462961580E+01
  3.87653287431749970E-01  3.50029629354347890E-01  1.87862925958218200E+01
  4.18948713530687210E-01  2.62086831865275090E+01  6.32386321914212160E+00
  4.53451232343747090E-01  1.57511631314639700E+01  2.17570633395621800E+01
  4.21603844523193420E-01  5.86662008241039420E+00  2.13924044331412230E+00
  2.62213147743524950E-01  4.65026125896850480E+00  5.30440843476520560E+00
  6.94903868090152520E-01  2.03033589173731530E+01  4.81462078181463850E+00
  6.31563936872940970E-01  2.78417886784821530E+01  9.11091884327419700E+00
  7.01778375544082420E-01  4.58086308637907450E+00  2.02268365091436980E+01
  3.46434506905438330E-01  1.95624391490185360E+00  2.75025100844852230E+01
  3.50662231740508900E-01  1.34887962010798330E+01  4.78906746457764680E+00
  3.01799748246536660E-01  8.37155472688490930E+00  1.54307240006569570E+01
  4.41298336829792340E-01  3.59805518213809530E+00  7.51539140134905640E+00
  3.39481361119070080E-01  2.44886970887061390E+01  1.73773656550222100E+01
  3.83181557852844270E-01  2.69382096228550480E+01  2.06935248888967840E+00
  6.75156127532392600E-01  2.24879268518041140E+00  8.90984978250371820E+00
  2.73281005279713530E-01  3.17713999971585090E+00  9.10280554990990610E+00
  6.65634982039605120E-01  9.45732523635648370E+00  2.03830437952033460E+01
  2.54824432159977790E-01  2.69696178546125050E+01  2.38210583781545430E+01
  2.84029264846615530E-01  2.64707813069586350E+01  5.67188644600951890E+00
  4.62836237406567810E-01  2.88458870343993250E+01  1.61022338337326720E+01
  3.33973424357718240E-01  2.74190510956827820E+01  2.20914621235747150E+01
  4.91872428060923640E-01  1.98062924219067400E+01  4.09005307943227960E-01
  5.52490392167627680E-01  4.04528998374613290E+00  2.29818821747179990E+01
  5.39466591144820300E-01  3.80737474743065500E+00  1.17712841700323560E+01
  5.65219172841477580E-01  1.50300834191014840E-01  1.78554447694679790E+01
  3.53776024442120150E-01  1.40676805452506670E+01  1.64643045737287390E+01
  5.54611473665029210E-01  2.40078523923499430E+01  1.90244004582562520E+01
  4.81368497469048420E-01  2.83638756167978060E+01  1.69138156294898680E+01
  2.84672167568555990E-01  3.54602238292622300E+00  1.60858086062297300E+01
  3.06898385793053400E-01  1.82010845912857600E+01  2.31757927489899240E+01
  4.49954956992444630E-01  2.63200369278698220E+01  1.81133560384099290E+01
  5.88686278844574580E-01  5.87383666127209380E+00  1.26253093216063290E+01
  4.36315933331792570E-01  7.81448056495850630E+00  2.84539584339743960E+01
  5.46155746035104350E-01  2.28168908141141960E+01  2.37981364887182740E+01
  4.11346310528290360E-01  1.69003935970336060E+01  1.08094386757675970E+01
  7.44650008855257360E-01  1.28422643023918630E+01  2.47524168698101410E+01
  4.68162992243922280E-01  2.11799894775667990E+01  7.90986162974688780E+00
  7.11073931023246340E-01  2.16984740262783970E+01  1.87968872101142170E+01
  3.02034441597155470E-01  2.78831266114084570E+01  1.75322745809594700E+01
  5.12509616084684260E-01  2.34772180102672150E+01  7.31550417233690190E-01
  3.40422717275118370E-01  6.38557298589930240E+00  2.50534353144081620E+01
  6.65634982039605120E-01  2.31677034635086900E+01  7.60556247624161590E+00
  3.75295693565172690E-01  2.02640676358425260E+01  1.72647089484016800E+01
  4.75626642073745920E-01  4.59201185367352950E+00  1.81910002406976330E-01
  4.72038094207023740E-01  2.09428092336227320E+01  2.50276043496584960E+01
  4.29902962432020440E-01  1.03995024585754660E+01  2.09404363340938780E+01
  5.68910711623079470E-01  1.18582897850383110E+01  2.14533745654393010E+01
  3.07263188066738420E-01  1.56346220137765320E+01  1.57065389253619580E+01
  6.10911033360540580E-01  1.81123129817098490E+01  6.94991919315917440E+00
  3.43353541919950760E-01  1.88878037555119890E+00  1.57476338580228480E+01
  3.15231116497538320E-01  1.13738222094999660E+01  1.80588181323573130E+01
  3.78068289465320630E-01  1.38320140743206860E+01  6.25673165323174900E+00
  2.54824432159977790E-01  1.00213565302404980E+01  2.61364850826013570E+01
  5.44558358435121190E-01  1.85636288302123910E+00  1.25285209844650160E+01
  3.56000803327192820E-01  1.11762894401414150E+01  2.08292732820885010E+01
  3.13454063710418570E-01  6.98867162305333970E+00  5.97304907000061290E+00
  6.12591031919131530E-01  1.42596215162041860E+01  5.36339284356064370E+00
  6.47236078597052340E-01  9.71712411428752890E-01  2.76289477415215000E+01
  2.65726189967390210E-01  1.17204293764137080E+01  5.66340818147312850E+00
  2.96653470797716330E-01  1.54032625998829160E+00  1.62832790673007080E+01
  3.45648959319623030E-01  2.83838956622717260E+00  5.21171925937082040E+00
  3.13454063710418570E-01  1.77237535219751870E+01  2.67301394757434880E+01
  3.39073066583844400E-01  1.37050060848647760E+01  2.32106095912120870E+01
  2.96256570285591500E-01  1.41101141946011040E+01  1.83677546870638470E+01
  4.19081387041561550E-01  7.40129656466895900E+00  1.90754508017402670E+01
  7.08391389715138510E-01  2.79127568674864260E+01  2.40921307239634470E+01
  7.16035261746952050E-01  1.91772058053598440E+01  2.04811528200030180E+01
  4.43133439323318520E-01  6.59893778003041120E+00  1.79096993045109370E+01
  2.73281005279713530E-01  1.73999850538965180E+01  1.12774035845041550E+01
  3.35017483125717060E-01  3.14430088405010060E+00  2.46179457733287070E+01
  5.09222041678605210E-01  8.47879641781681490E+00  9.47654602056307200E+00
  4.27719079604653450E-01  2.96738515508888910E+01  2.49129894115744970E+01
  5.81299825206354370E-01  6.41380239422314350E+00  1.89185610264472710E+01
  5.46155746035104350E-01  4.40180418274384610E+00  2.69925688633569930E+01
  3.05466220251299840E-01  2.94816887883020020E+01  1.26557993607980670E+01
  3.11838068626578210E-01  2.42619503295814240E+01  1.06747157606063080E+01
  6.27423008989955560E-01  3.84454481004055190E+00  1.52254324651209530E+01
  7.12424816007452400E-01  2.53832886192642990E+01  1.51284251405279870E+01
  4.41140732643827070E-01  2.35017259876586100E+01  2.22616267139831270E+01
  3.80273533482480450E-01  2.48178173235438460E+01  2.59034331161865520E+01
  3.29796701345061780E-01  9.38880492992760550E+00  4.79126598523210050E+00
  4.15252526658189590E-01  9.09525704976478270E+00  1.11857963611788200E+01
  2.59062449636064510E-01  2.28367581528429930E+01  1.06647419105343690E+01
  6.18419083689772810E-01  1.55940928429449370E+01  3.31894104552516560E-01
  5.04213456464067280E-01  1.46452742642656450E+01  8.27321356202960880E+00
  3.48156346672602490E-01  2.49564697587742050E+01  7.09158961539147900E+00
  2.89042915761794110E-01  9.86257413140625160E+00  2.82859131198712350E+01
  3.05466220251299840E-01  6.93866295411162160E+00  1.96329375424228730E+01
  6.49919166153384610E-01  1.49562830586880540E+01  1.00997614028495430E+01
  6.14379095469630790E-01  2.19619432227101720E+00  2.46612054924412830E+01
  7.00411917450214720E-01  7.44950857275506980E+00  2.33139576392894200E+01
  5.69344335137112000E-01  2.22075050652706840E+01  1.01267814348122890E+01
  2.57564851167384970E-01  2.37941813294396360E-01  5.84259316668531260E+00
  4.13050329149462850E-01  2.85592082505460140E+01  1.37893348723586640E+01
  6.18419083689772810E-01  7.08282568781472040E-01  1.27519222987463310E+01
  4.26523982883737140E-01  1.56825776393794190E+01  2.73458375087325970E+01
  3.78209123272245940E-01  8.27792433691397280E+00  6.58898258763610300E+00
  2.63055759251188670E-01  2.67652378172238700E+01  3.76117328214194300E+00
  5.00274833943758600E-01  1.05009770115319190E+01  2.40238936369482690E+01
  6.01687927537542500E-01  2.52857690477956400E+01  1.82995332788455870E+01
  4.86073626967704090E-01  1.12855955079279280E+00  2.91583119256421060E+01
  7.62474117278193650E-01  1.30529551677483170E+01  1.71077515390649810E+01
  4.87886881528419990E-01  2.83752958117493530E+01  2.07900541689256430E+01
  2.99038091422116640E-01  2.32638635065598580E+01  2.15622335063567800E+01
  3.50974061745161330E-01  3.35627757971558570E-01  2.42198067323144670E+01
  6.10572080928614460E-01  5.15655447975267570E+00  1.23828986467997320E+00
  3.01731430220296380E-01  1.41107144709662770E+01  1.05549046638092680E+01
  2.59062449636064510E-01  6.63692557736445380E+00  1.13375954797982300E+01
  6.99477888048091770E-01  2.66835597422706740E+01  2.28727752689331010E+01
  4.41666133880560000E-01  1.74815079204224230E+01  2.29509027092925740E+01
  6.86210935380316480E-01  3.43551104719261070E+00  2.76325450040337020E-01
  5.27425300578987690E-01  1.48195448620769610E+00  1.49791441724996590E+01
  7.54505484792745040E-01  1.14554054069854220E+00  1.87104708412794650E+00
  4.11696508529454960E-01  9.55322463230588250E+00  1.04973339180471470E+01
  6.26517897412854200E-01  1.45785146707472640E+01  1.94126081255731080E+01
  5.72142532162989690E-01  7.82236634422705460E+00  2.60717562972178990E+01
  3.47451934045076260E-01  1.20648133319831410E+01  2.31836737239934370E+01
  2.57564851167384970E-01  2.46122792346847850E+01  1.67934246966309570E+01
  5.33859136323620030E-01  2.34713117773976880E+01  5.58735034387393270E+00
  2.69169509893181310E-01  2.31993221834952440E+01  2.45163034286954760E+01
  4.24351701398837560E-01  1.65967515292199290E+01  2.15217618709238780E+01
  3.11762329988951370E-01  8.71876586845423420E+00  1.90278605893809710E+01
  3.50974061745161330E-01  2.70301054719604750E+01  4.31444289566919180E+00
  2.66929568161810020E-01  1.45727771873545390E+01  1.76241423642077780E+01
  7.20816873845379820E-01  1.46118850763226490E+01  1.55377704208689260E+01
  4.22201084465533680E-01  8.25922880978840190E+00  1.73601024219402400E+01
  3.09209541844886400E-01  8.49480806201524170E+00  2.44850662032083260E+01
  2.62213147743524950E-01  8.71525538100561190E+00  5.91429859672665530E+00
  7.60411681679863700E-01  3.00472645078901170E+00  2.21848785872657150E+01
  6.67521681419926690E-01  9.97193591181981990E+00  3.90174763345214830E+00
  4.37954134865551840E-01  1.17613108192622560E+01  7.45307299828022710E+00
  7.16654247500547470E-01  2.09371727102426600E+01  1.14665035572764860E+01
  7.12424816007452400E-01  1.85008275331646730E+00  5.58974684268276790E+00
  3.61198882346046800E-01  1.55407297568276090E+01  1.21036368308195110E+01
  3.82245446386266610E-01  1.61986219686880160E+01  2.92278933326241910E+01
  3.58737518624021320E-01  2.38861877595827640E+01  3.78754275203325900E+00
  5.81547682683179710E-01  1.49978464829346050E+01  2.66067794438044560E+01
  4.21963532045373490E-01  2.69807706429225750E+01  2.03592231936284020E+01
  3.12648490279368120E-01  1.12398785077959110E+01  2.52423315874594710E+01
  3.25036994184950640E-01  2.44535388347570400E+01  2.80076473396291270E+01
  3.83290088603488770E-01  3.30957298540894840E-02  2.80516911328044710E+01
  2.93443024193560210E-01  4.61427533009248860E+00  1.34803136074686610E+01
  2.66929568161810020E-01  8.11305187444900610E+00  1.41831822083795060E+01
  2.99038091422116640E-01  1.22078737593748820E+01  5.94818666066311770E+00
  6.00040109246873770E-01  2.66659284632252740E+01  7.23421782964305390E+00
  7.14535578675763720E-01  2.23668835136510040E+01  1.15173388554165680E+01
  3.06898385793053400E-01  1.19371457029098740E+01  2.90579859350109080E+01
  3.45648959319623030E-01  2.33597329031926080E+01  4.27974775834599350E+00
  3.87046365911375680E-01  8.60934961005971640E+00  2.88448363160966820E+01
  6.56539952722306990E-01  1.58912036894353110E+01  2.57505838236533540E+01
  5.07436062422724900E-01  1.40374571819156420E+01  1.34727463192171670E+01
  7.39270392714900380E-01  1.08204716489123650E+01  1.01770291425371050E+01
  5.38024295323284910E-01  2.92862938253580940E+01  2.15169980070840550E+01
  7.33199636544987770E-01  1.99079695230853350E+01  2.44113589664037750E+01
  6.31923671661538840E-01  1.38603048511280080E+01  2.70290253816752610E+01
  5.72951670348821020E-01  2.09584507464337580E+01  1.42853341088279520E+01
  6.40456937776772590E-01  1.26356868262479440E+01  2.23790886500368910E+01
  4.77241894706072770E-01  1.92133931636560900E+01  2.54022975470777300E+01
  7.64764367446448820E-01  2.54899458781978580E+01  5.30241296508260440E+00
  7.16535845940979770E-01  1.26021763708405000E+01  2.01183555689802310E+01
  3.10705613459761840E-01  1.91462299024619110E+01  2.36636302107435840E+01
  3.89901968262705180E-01  1.68245685797541460E+01  1.16068578859485110E+01
  7.15011499502423580E-01  1.75279700064983570E+01  1.82828093020488080E+01
  7.60297905848187840E-01  1.39826505288013760E+01  2.06634178263223550E+01
  2.65726189967390210E-01  6.55637792896786560E-01  4.35373221488440800E+00
  4.53492046339069340E-01  1.18871178838042550E+00  1.87329858614360700E+01
  5.18725390566230620E-01  7.84493885019616140E+00  2.38456366095126040E-01
  4.24020504903543660E-01  9.40393549064014070E+00  1.92950860899475240E+01
  5.17634268500846420E-01  5.39180435268627980E+00  1.37123542597505090E+01
  4.54567147313974470E-01  1.18456002170556850E+00  1.17906859708592280E+01
  3.65965634987757580E-01  1.03845698540714150E+01  5.65984380798994560E+00
  2.96256570285591500E-01  1.00385325082150110E+01  1.10110899708708400E+01
  5.50543265074639000E-01  6.73148006425605950E+00  1.47437013308378650E+01
  4.46540105696671490E-01  2.16906565406074810E+01  5.97486889568966270E+00
  6.47236078597052340E-01  2.29980599173470490E+01  2.93692825766581760E+01
  4.82769235883485770E-01  4.49620321299006240E+00  8.05709891004772420E+00
  2.97529618718302210E-01  1.33450720456901660E+01  3.22197149430031840E+00
  4.13811620468168510E-01  1.97446330254505820E+01  5.78598220629517090E+00
  4.87785457169642190E-01  2.19090759404688740E+01  2.54703267270541890E+01
  3.41778742319800830E-01  1.41555750640918190E+01  1.71541947677544900E+01
  4.05793634226126800E-01  1.36690107598582960E+01  2.39533822494462920E+01
  7.14516279726398110E-01  9.81435308502832090E+00  8.10113389390011210E+00
  3.71799304162545760E-01  1.45923399832068980E+01  9.14626509568351410E+00
  5.77820253962530560E-01  7.23456682766854620E+00  2.04648190420379980E+01
  4.75626642073745920E-01  1.68191301425425300E+01  1.73271687130650600E+01
  5.46562010559427060E-01  2.50397167751951810E+01  2.18300555089518230E+01
  3.29506256422424390E-01  1.84073504513158920E+01  2.54233088081227020E+01
  2.62213147743524950E-01  2.83383849163556500E+01  1.86453145894415440E+01
  3.63105686475124490E-01  2.47548288509701030E+01  6.41073183724296050E+00
  7.08391389715138510E-01  1.65561078019752620E+01  2.36317116715927470E+01
  4.26578460793149810E-01  7.42010143348057840E+00  1.40511638735319550E+01
  6.08873319065221350E-01  1.76308250222020710E+01  1.44963307177578570E+01
  5.39466591144820300E-01  7.65408500437473990E+00  3.03882033114089100E+00
  4.66553963192992600E-01  2.08918558698155330E+01  2.37249671733623160E+01
  4.82771447840326400E-01  8.09443773510691500E+00  4.66368760415226550E+00
  5.13004586318856950E-01  2.67956347558849580E+01  2.88249881223834980E-01
  3.17084428049163950E-01  2.48568865378443250E+01  1.30722616125978650E+01
  3.50974061745161330E-01  6.76447536066899870E+00  7.24504267050195330E+00
  3.82382183723224410E-01  2.82713524153004980E+01  5.96854228332072530E+00
  3.77759649416993960E-01  1.70802171835245070E+01  5.89884352127960820E+00
  5.74203886104520670E-01  4.98696116513645560E+00  1.55961185061065650E+01
  4.11346310528290360E-01  1.16898473042722100E+01  2.46762113242114190E+01
  5.06367095649294540E-01  3.13947247461929950E+00  2.09264273729986390E+01
  6.01687927537542500E-01  5.03980713230548450E+00  2.60386792672780380E+01
  2.49794182180603610E-01  2.82590334752376650E+01  5.00754438105359250E-01
  6.11481049571092420E-01  2.54798556378583730E+00  7.44189188093105880E+00
  5.03927515451986880E-01  6.06377519200657480E+00  1.55591618233158030E+01
  6.35485889077753010E-01  2.73248456741289760E+01  2.81980962634785860E+01
  2.99038091422116640E-01  1.60459942039584540E+01  1.73006926553784690E+01
  4.22541054278063120E-01  4.12957031344371920E+00  2.91050072715047920E+01
  3.05466220251299840E-01  2.42309524735691540E+01  2.04797434150212150E+01
  2.62213147743524950E-01  1.16668140535591970E+01  1.98304675755669070E+01
  3.61769499680632390E-01  1.63141488515685790E+01  7.58031598483742290E+00
  2.47647088603063280E-01  1.74541611945359630E+01  6.39957513340868370E+00
  3.11155895623034430E-01  1.97391045215381310E+01  9.58692477378579260E+00
  2.66929568161810020E-01  2.96089158327450120E+01  2.74028519896186820E+01
  6.90395435464654740E-01  2.50759081817829530E+01  1.12583511861099770E+01
  2.96503602823160150E-01  1.37920846171189900E+01  1.89313699110535830E+01
  6.57722721512726150E-01  1.58851473477374810E+01  1.11435533686791790E+01
  7.24777883420223110E-01  1.02868512842042370E+01  1.71639392722727640E+01
  5.48279863025970290E-01  7.41161121914914740E+00  2.20663464514436920E+01
  6.40748513009616880E-01  1.90782871788638780E+01  1.02953461972017500E+01
  2.56092450391898300E-01  2.16770305926668850E+01  1.08349801360645370E+01
  7.17499092254363010E-01  9.21295748077302430E+00  1.81252463829199650E+01
  4.66141488621800890E-01  5.48558274381332560E+00  1.65082896480426800E+01
  6.33759023001558490E-01  5.20623133568844580E+00  1.90472025211130570E+01
  5.48279863025970290E-01  2.79294968658335920E+01  2.28362057254843160E+01
  4.19081387041561550E-01  1.30517257297644490E+01  2.95007588295968160E+01
  5.70902198024309190E-01  2.09204212503962520E+01  8.62403875353017210E-02
  3.17950877609215300E-01  5.64119363216507800E+00  6.55477224791842250E+00
  5.96963967672292380E-01  4.14353568120547780E+00  2.14483084588572270E+01
  6.18832453479690690E-01  1.14059358943476780E+01  1.22411092840614800E-01
  2.63339374245984010E-01  2.35730656634530360E+01  1.51126949741037690E+00
  3.55036581058269410E-01  2.14434383328812540E+01  9.51499846481043220E+00
  5.84913004272127690E-01  2.10265919355676050E+01  2.60802027567206310E+01
  5.77235448209733180E-01  1.72024652217221710E+01  2.74518458939504060E+01
  5.01105313190319460E-01  3.37781819157258840E+00  2.75086940808353620E+01
  3.83598938984435380E-01  1.07136531205966020E+00  1.57923215586476720E+01
  5.98360795606824340E-01  1.39994083989339570E+00  6.84768480057373810E+00
  3.41778742319800830E-01  5.64407110992921180E+00  4.69838546462067260E+00
  3.29796701345061780E-01  1.02119759285247940E+01  1.50482822142324530E+00
  3.84420431658369740E-01  1.46682715285326590E+00  7.78450849132390040E-01
  4.91872428060923640E-01  1.18452268179340280E+01  2.43891927345509530E+00
  2.93443024193560210E-01  1.67322886498726580E+01  1.44158288740357730E+01
  5.81299825206354370E-01  4.27338761955573080E+00  2.81125362848321530E+01
  5.68243553274813350E-01  4.54277002543298720E+00  1.09438992195292500E+01
  5.39001667068871980E-01  1.19141380425615730E+01  3.46632254058196350E+00
  7.01587183784351610E-01  1.51530798667378280E+01  1.68508527578025560E+01
  4.45239477383046460E-01  9.10510465529490530E+00  2.49282490769646510E+01
  5.39001667068871980E-01  1.07785709906229970E+01  8.90057038841085560E+00
  2.86134314477376340E-01  2.53226225057735200E+01  2.93928730491514050E+01
  7.70254277643880240E-01  2.27979721695110310E+01  1.29378920866886840E+01
  3.45648959319623030E-01  1.54983443629595910E+01  1.29074700671898170E+00
  3.39481361119070080E-01  2.66051059145193210E+01  1.12976731081464620E+01
  3.04461637453634990E-01  1.27497057131209600E+01  3.35123562171929560E+00
  5.20369884994360540E-01  2.53125669895313940E+01  1.71320709408917900E+01
  2.65726189967390210E-01  2.96255101099022760E+01  1.62445574986238630E+01
  6.26908127420837150E-01  2.42309639217462450E+01  4.71060261203760610E+00
  3.48480710258510130E-01  2.13002832686685440E+01  6.66617350894545260E+00
  2.96653470797716330E-01  1.03411606728701420E+01  1.45167611174520510E+01
  6.31923671661538840E-01  1.23055362156370780E+01  1.41546450199028050E+00
  4.09705559579089850E-01  8.07202026523366810E+00  1.13834956314851880E+00
  6.72499163702481620E-01  2.78242449012662510E+01  1.29919078828790650E+01
  2.84029264846615530E-01  2.38610548544317320E+01  1.75576353144470510E+01
  5.34631033075580400E-01  2.68859545582517010E+01  2.47905135078804940E+01
  6.17076625982510940E-01  5.95698532631161190E+00  7.90107848134775810E+00
  6.55074006360275090E-01  2.23420955857838410E+01  2.00002806463939750E+01
  5.46562010559427060E-01  6.63333257175896480E+00  3.40665369698092000E+00
  5.17626013175185660E-01  8.41764168396322530E+00  1.30140430540942020E+01
  5.82207618145930890E-01  1.59095456079752680E+01  5.99275777146724580E+00
  5.98268629341587580E-01  1.00640554589921450E+00  2.48912215726766490E+01
  5.34553382826858140E-01  4.91322149734236290E+00  2.42493109683300860E+01
  3.76753951196820710E-01  2.74410519926534490E+01  1.00359931657548550E+01
  7.52518120402026810E-01  1.56938856991102330E+01  1.45382744403727990E+01
  4.81368497469048420E-01  2.64425374956181470E+01  1.41801751964569490E+01
  6.47413426355271770E-01  5.84289247763714670E+00  2.69952287142263930E+01
  3.05466220251299840E-01  2.75496763957323940E+01  2.38406021477461260E+00
  4.46689977500956030E-01  9.10076104456602940E+00  6.55151246257634230E+00
  6.18566685513849460E-01  2.17865946628588070E+01  2.43388070743309730E+01
  5.36592099856838090E-01  6.83422415566261690E+00  2.34308890059745510E+00
  5.09574347305064630E-01  2.50062821433695250E+01  1.08909032786375760E+00
  4.92328788949218680E-01  1.49795490986714410E+01  2.94536923963971910E+00
  4.83351594707823830E-01  6.84897423196521690E+00  1.38897253084287800E-01
  4.40650972415989980E-01  2.42448868941069830E+01  1.74525865698099750E+00
  6.10911033360540580E-01  3.39492247957462690E+00  1.80692029115668230E+01
  4.34172467284937990E-01  1.49163528429518890E+01  2.20578004179690370E+01
  7.03188417218805210E-01  2.90133952984035730E+01  1.08207832645506570E+00
  2.92799561075502800E-01  6.97038130477139180E+00  4.69796788053263460E+00
  5.68243553274813350E-01  2.87107717455315450E+01  1.79031643121813350E+01
  4.60682082706054620E-01  5.04275463816904600E+00  3.23470037897877960E+00
  6.41715074739605920E-01  2.15461266528047090E+00  2.96231444607247210E+01
  4.55206736325743130E-01  2.62169773656175420E+01  2.55192139343633290E+01
  4.22201084465533680E-01  1.26122724482959350E+01  2.87837604217981780E+01
  3.63079661055833470E-01  1.48850290135420020E+01  7.44087516690058330E+00
  2.63055759251188670E-01  7.99230557982237500E+00  1.36675455768728770E+01
  5.32877675645020420E-01  1.01837028042153010E+01  1.29171547889493470E+01
  5.77235448209733180E-01  5.19533803929821400E+00  2.19694577457517650E+01
  4.09775903561979240E-01  2.18613247671110140E+01  2.95038353630986380E+01
  6.93187364831086050E-01  2.44353025736865130E+00  1.23329014881406800E+00
  4.30054269381220950E-01  2.36810554334160090E+01  2.09660850304901840E+01
  5.07436062422724900E-01  1.06063981429049430E+01  1.83538610194657930E+01
  2.49948351789403130E-01  1.13957597535658020E+01  2.02647018251045170E+01
  3.16022212934137680E-01  1.94570550720779760E+00  1.16744620546723720E+01
  4.72818350263822220E-01  2.18665291190751670E+01  1.37610453234816190E+01
  4.46689977500956030E-01  1.77259283215578090E+01  2.50521526025860090E+01
  4.74581552528920360E-01  1.18482930556185520E+01  8.36114659804994710E+00
  4.86590143357422540E-01  2.93310215964042450E+01  1.69367193629153800E+01
  2.73281005279713530E-01  1.56346867375082330E+01  2.80472963005079240E+01
  5.20515140446715560E-01  1.44981232198877430E+01  2.35404794006428450E+01
  4.13811620468168510E-01  2.61455944070270650E+01  2.03305547969875950E+01
  3.81419328643079860E-01  5.83135057719007930E+00  2.94098063289021550E+00
  4.05593309893122810E-01  5.40423092216252150E-01  1.03474222455963010E+01
  5.85380732291966590E-01  2.61855719835767040E+01  2.65587186486231490E+01
  4.06599624824484800E-01  4.37506479353806200E+00  7.17638234953515930E+00
  6.40456937776772590E-01  9.60500508702102710E+00  1.39371196608796560E+01
  4.75626642073745920E-01  1.32766305804064690E+01  7.11421971571307040E-01
  5.09222041678605210E-01  2.20694390935661100E+01  1.57106819000967000E+01
  5.77820253962530560E-01  5.16526754218623200E+00  2.31230727895446930E+01
  3.80273533482480450E-01  1.53103989641112110E+01  3.75092083607487670E+00
  5.01406606281285510E-01  9.03302323966781270E-01  8.74191577218210010E+00
  3.59079136884617700E-01  1.68061738985330430E+01  2.83708542716298100E+01
  5.94092381958372510E-01  1.47422997172402150E+01  1.26276158932773510E+01
  2.54611020839302520E-01  5.56723124924712920E+00  7.12184619478199640E+00
  4.99223721401470310E-01  7.28176390556459370E+00  1.56936544458525040E+01
  2.54611020839302520E-01  1.75867411528610770E+01  8.50468803890110970E+00
  3.20574425314766210E-01  1.51306847118299090E+01  2.12636326146772770E+01
  2.85767805251094040E-01  5.66411196567162720E+00  5.32863452868613050E+00
  2.54611020839302520E-01  1.85833481796179570E+01  2.37160428721533700E+01
  4.12246671516209600E-01  2.11507105383233700E+01  8.78940244621051470E+00
  4.41298336829792340E-01  1.51050867953344330E+01  2.02148517123477140E+00
  7.09985914168247060E-01  1.59623706290156450E+01  1.30878226990876460E+01
  6.80956647410425740E-01  2.63163830992741870E+01  2.93168744853943860E+00
  4.75338540515479570E-01  2.60506446442161880E+01  8.39177311004222130E+00
  7.49588614928249000E-01  1.06415181369177730E+01  1.96103905354869070E+01
  4.74033319401206570E-01  8.72704021839379960E+00  1.19951432157623010E+01
  5.20515140446715560E-01  1.28520958528467220E+01  2.53270579997159430E+00
  5.48131117613959250E-01  7.95890334885899530E+00  1.82854056828098770E+01
  3.46733456860136300E-01  1.78690711905139600E+01  2.58321863178872990E+01
  6.97384645011991290E-01  4.65105490433185760E+00  4.32420736060997780E+00
  3.78209123272245940E-01  2.96528454367366760E+01  2.06782086993324830E+01
  3.82382183723224410E-01  2.37776900928217220E+01  1.99319292351788280E+01
  4.46537248270915300E-01  4.53978394229686440E-01  8.90448306576548100E-01
  6.08690451339190200E-01  1.96129330527852910E+01  1.14234243908501600E+01
  2.59062449636064510E-01  1.11124037090691350E+01  7.20017088705189320E+00
  4.43756654693070110E-01  2.43462371507083510E+01  9.27024874556188650E+00
  3.18942867500738640E-01  2.13692090573445550E+01  1.99745141349880410E+01
  7.16535845940979770E-01  2.96756769016205690E+01  2.95201567289034190E+01
  4.62836237406567810E-01  2.50730474740019070E+01  2.36918689955909300E+01
  6.97384645011991290E-01  1.81898815117190510E+01  4.81144859497230830E+00
  2.47647088603063280E-01  1.67757477341529080E+01  2.89765426572976070E+01
  4.05793634226126800E-01  1.11138107410122070E+01  3.96783657114207780E+00
  5.37364664263313330E-01  8.34844378048390290E+00  1.99180064040412080E+01
  5.72881440675418570E-01  5.32452094127696360E+00  8.90767214812584030E+00
  5.04213456464067280E-01  5.65963840989866270E-01  2.98747037724035280E+00
  3.86557871019070410E-01  1.22142713435682810E+01  1.78924725775636980E+01
  5.62178328188990490E-01  1.72611848389099690E+01  7.75673983838369010E+00
  6.41715074739605920E-01  3.23527967610781130E+00  6.39533110414679570E+00
  4.54567147313974470E-01  2.48243070115703580E+01  3.23069974835349160E+00
  3.97011970696729720E-01  1.81348836558763300E+01  8.15242096543768290E+00
  3.99477862283745790E-01  1.35558568204779810E+01  1.42408241922807230E+01
  5.15931587153482510E-01  7.98101058541448350E+00  1.13452723192332620E+01
  5.98026541173087530E-01  1.54447426758286430E+01  2.29445034227134100E+01
  5.94917806945655060E-01  1.50961844985555840E+01  1.83074133085614650E+01
  3.86557871019070410E-01  7.15360417408086760E+00  1.17230931102446090E+01
  5.52347772924787250E-01  2.76832885834354020E+01  6.69456156832828950E+00
  4.05793634226126800E-01  8.82825657997001480E+00  8.63171536049774350E+00
  4.66753989857397040E-01  1.78241386251764100E+01  1.60126664903114090E+00
  6.77666041374141330E-01  2.14852033416178680E+01  2.72557485970756300E+01
  3.23306573977224420E-01  2.27128678045247060E-01  3.95048758941465690E+00
  6.88340418185590860E-01  2.23300411518398470E+01  4.18958555487861340E+00
  4.11696508529454960E-01  2.42926356789800200E+01  1.81020894434563640E+01
  4.03052389307286420E-01  2.45137003357287210E+01  8.44041305047990420E+00
  2.97529618718302210E-01  1.33918662529270090E+01  1.84939536468287710E+01
  3.13090147150790890E-01  1.47096811661059520E+01  3.07314964493130560E-02
  5.01435669612667030E-01  1.36835593612089550E+01  2.18877856758928500E+01
  5.26482748420329030E-01  2.57618209352896840E+01  3.82144487853021440E-01
  6.75156127532392600E-01  6.29371491423644610E+00  2.25696018666175390E+01
  7.20816873845379820E-01  9.16491121160071920E+00  1.42574709096007760E+00
  5.30006102735105960E-01  2.75080318032209270E+00  1.19335180937268460E+01
  3.43353541919950760E-01  1.71990638325947810E+01  1.29669820614785610E+01
  5.32877675645020420E-01  1.91067976833185220E+01  1.37885961875585290E+01
  6.44956217916396120E-01  2.27973260795596250E+01  2.74015965803555160E+01
  3.55036581058269410E-01  7.91206737274458230E+00  2.76688552730264700E+01
  4.30054269381220950E-01  5.04031696972034200E+00  2.34406517087424460E+00
  4.93734512940847830E-01  2.93404639155868910E+01  1.04519712641824080E+01
  3.42409596243210680E-01  9.44645590775389190E-01  2.73179821909084100E-01
  5.58952633370732950E-01  4.66099168511791810E+00  9.82366226514627710E+00
  4.49954956992444630E-01  2.03369855912074510E+01  2.78703500069646990E+01
  4.11346310528290360E-01  1.06909724811475580E+01  2.77300886082640440E+01
  4.72818350263822220E-01  1.98143962613411800E+01  2.61370545804031060E+01
  5.00672486592370710E-01  1.88489206655737650E+01  5.96961739564179260E+00
  4.15334611176110170E-01  4.19601133253252280E+00  2.30857662887096730E+00
  7.70254277643880240E-01  1.66418392575884970E+01  1.24168599765928730E+00
  5.32262962461145860E-01  2.14368785826414850E+00  2.12215618565436690E+01
  4.01880163826280960E-01  7.16039710902188280E+00  1.09349766898994750E+01
  7.41720708060832300E-01  1.37823236835523520E+01  7.37503504966874160E+00
  3.01674668393272730E-01  2.75866247521930920E+01  1.70064589357954110E+01
  2.66929568161810020E-01  2.18371756723378410E+00  4.65712632754884750E+00
  4.15334611176110170E-01  1.60051754188888500E+01  2.09264680593458190E+01
  5.20369884994360540E-01  1.34187888622725190E+01  1.58786643140017180E+01
  2.84672167568555990E-01  1.04710205283918560E+01  1.60879881696796790E-01
  5.18912146576496980E-01  2.05698180932152680E+01  9.51659553576782540E+00
  3.90540239164096370E-01  1.73852428170984440E+01  2.91644739192079000E+01
  3.63079661055833470E-01  2.31934167311090640E+01  3.59125175997641040E+00
  4.73113776075054650E-01  1.12935799533549910E+01  2.34615299639755860E+01
  5.55687039951364880E-01  5.76776004561831000E+00  9.94523769988105320E+00
  6.97384645011991290E-01  2.76457215124040980E+01  3.38169867234300980E+00
  3.54092873053847420E-01  2.09903306351526700E+01  1.63152633579393690E+00
  7.37991961479508610E-01  1.44427601548440960E+01  1.04722407654598660E+00
  5.10790949981952740E-01  1.93579562484520910E+01  1.84529589549679830E+01
  7.03918080384424090E-01  2.64487835539970250E+01  1.29957345555273190E+01
  2.69326463995374250E-01  6.31274833009861070E+00  1.18805462833378550E+01
  5.39922025342825940E-01  2.89283387146011960E+01  4.58857086031719420E+00
  5.39922025342825940E-01  1.10234885563639400E+01  1.81627791485800250E+00
  3.52682444144397330E-01  1.11025536389594670E+01  5.64886642284452110E+00
  3.17084428049163950E-01  9.06263919977693890E-01  1.43615700885135720E+01
  3.92511582998476170E-01  8.53032986359448660E+00  1.06093224232055190E+01
  2.92799561075502800E-01  7.12961672884561710E+00  1.84180604611897360E+01
  3.63105686475124490E-01  1.71888774568058840E+01  2.00890437078954950E+01
  3.25036994184950640E-01  2.86328154457423560E+01  2.33520783600700880E+01
  5.70902198024309190E-01  2.15895655215198220E+00  1.68890732671633510E+01
  6.18138908065390960E-01  1.48062142881937150E+01  6.46430591527376300E+00
  3.10705613459761840E-01  2.98841264815921870E+00  2.61462042568294950E+01
  6.99092076263204730E-01  2.96692365844466370E+01  1.38473147789790310E+01
  4.40295189098215370E-01  1.06849926700259510E+01  8.97346158928676910E-01
  6.52034765531911640E-01  1.01910736133235870E+01  2.52464817469638660E+01
  5.12628979659419230E-01  1.43561893480797820E+00  4.43745998226315220E+00
  2.68569610726517900E-01  1.57881743767654680E+01  1.83161746740302450E+00
  4.41473589537221400E-01  2.45941961797138510E+01  1.98285668807375010E+01
  7.41623060643924430E-01  1.53650829687619020E+01  2.44561661233484710E+01
  2.49794182180603610E-01  7.58784791095374270E+00  1.97170632460483690E+01
  3.44856808658559500E-01  2.23063455380730850E+01  2.30681743054903590E+01
  6.83701617051292750E-01  1.68104713591997380E+01  4.87290562396783320E+00
  7.19599311285852310E-01  1.02516290167088010E+01  6.73612809884618710E+00
  6.67521681419926690E-01  2.38048801543736060E+01  2.76200924528328830E+00
  5.40946473112310590E-01  2.12933325863946230E+01  2.14729222247011150E+01
  3.83579206291793930E-01  1.85941269688338660E+01  1.47329507384805890E+01
  5.04339573614743570E-01  2.04367429656191250E+01  2.88192208616709070E+01
  6.35523375007872900E-01  2.52134719605643340E+01  2.21395963993869940E+00
  3.44905765886116280E-01  2.02368727310932000E+01  2.54377173207093680E+01
  2.65726189967390210E-01  1.99913129693684830E+01  6.43367060700175400E+00
  4.87785457169642190E-01  2.58863371260590080E+01  2.11936839768224670E+01
  3.71299762957800540E-01  1.07464810359401850E+01  2.85101413224085540E+01
  4.13811620468168510E-01  2.28005514078863700E+01  9.34339136553637140E+00
  5.69423614487483490E-01  2.91038332649718470E+01  1.89697313406643890E+01
  5.83429036676414100E-01  2.91274887012298670E+00  9.97724105878709540E+00
  5.30006102735105960E-01  1.25966281962576560E+01  6.68036498673769690E+00
  5.16710955738981780E-01  4.84676966306750860E+00  1.79521633901563790E+01
  2.65726189967390210E-01  2.86922598867551100E+01  8.28769410282603760E-02
  3.18942867500738640E-01  2.20508611567164970E+01  2.09916698405578540E+01
  3.23881608201221470E-01  2.52254480735230830E+01  2.53309547066083920E+01
  3.54092873053847420E-01  1.48010446816651890E+00  1.33431044513633540E+01
  5.12509616084684260E-01  1.28306141616484610E+01  2.75272186542699660E+01
  4.99223721401470310E-01  3.59912471725983170E+00  8.45584142604300130E+00
  2.56092450391898300E-01  2.64566396277930420E+01  2.79996827549039900E+01
  5.45765227979075810E-01  6.66310857781448360E-01  5.16360556098153900E+00
  6.94010183176834960E-01  1.81069723931661070E+01  1.95662745129106740E+01
  3.57201130995523370E-01  1.68645596195919440E+01  1.23525200859147510E+01
  5.25895496843049500E-01  2.84765475106781030E+01  2.60024921167403170E+01
  5.10790949981952740E-01  2.03914069006825920E-01  6.60957678963489760E+00
  4.89717368181109780E-01  7.41856709525614730E+00  6.70330907080175110E+00
  4.82769235883485770E-01  7.81462513393589390E+00  1.48701809265320930E+01
  6.93278360304079300E-01  1.78673479466655820E+01  4.42608441560459200E-01
  3.35017483125717060E-01  2.55321337699376410E+01  2.59128633775647580E+01
  3.26514001167033020E-01  1.70457146743049820E+01  2.54192486278294930E+01
  4.75880684447443510E-01  2.01474120991733980E+01  1.49486927708273050E+01
  4.22354771203238230E-01  1.80598552430489750E+01  8.98764598608555510E+00
  4.11966131227655820E-01  1.24520579850772130E+01  3.83229643500884260E-01
  7.30946391186454210E-01  2.90714083290664720E+01  3.32677043630782340E+00
  4.22201084465533680E-01  1.49628949693911240E+01  1.36190863528858760E+01
  5.15931587153482510E-01  1.77572637135823470E+01  2.38673669652565010E+01
  5.52347772924787250E-01  2.38606936612325100E+01  6.60424344460087020E+00
  2.49794182180603610E-01  1.65398991325108870E+00  2.06126649965359940E+01
  4.50103975287380020E-01  1.73380833700272770E+01  3.87004698418818510E+00
  3.61769499680632390E-01  1.88329781385186120E+01  2.29589794482979810E+01
  2.77147605524350650E-01  1.40486811052908520E+01  1.77634746975868540E+01
  7.64764367446448820E-01  3.08169482142006630E+00  4.12788487023324540E+00
  5.71326189973923350E-01  1.15153076174638970E+01  6.47470368986801680E+00
  4.07877171249442140E-01  1.29722161362084200E+01  1.90584050344028140E+01
  4.46540105696671490E-01  1.08686546734749480E+01  2.16806876111018380E+01
  5.07606992315717240E-01  6.14067069530350730E+00  2.13969705410755220E+01
  3.01731430220296380E-01  9.76874523906074370E+00  2.25020857440152740E+00
  4.32382463464541460E-01  7.99291721648864420E+00  8.56337128264824090E+00
  3.25762576013666160E-01  6.12839458761124160E+00  6.97488604738101610E+00
  6.24920360555607160E-01  8.97798835786443840E+00  9.36058584048105050E-02
  7.38532964590205680E-01  2.00640665822414700E+01  8.36671565955056810E+00
  3.92511582998476170E-01  1.91247794788979420E+01  2.95379668372123230E+01
  2.97561439636419770E-01  8.11631594241114310E+00  1.91162088884908950E+01
  3.46434506905438330E-01  5.07198755097417480E+00  7.46123587610645340E+00
  5.89502618647478990E-01  8.58845908197629630E-02  9.46226991498292410E+00
  3.32399546609116130E-01  1.10464836593303830E+01  1.29810400061126480E+01
  5.77649046292645880E-01  1.31810522317141170E+01  2.60294269371619220E+01
  4.31729360191427780E-01  2.51712853893928210E+01  2.66341083645412020E+01
  3.17950877609215300E-01  7.37527856361369950E+00  9.29913933927870320E-01
  4.75880684447443510E-01  1.47680248337968240E+01  2.55701026110059430E+01
  3.91816801400439550E-01  1.25484569788006940E+01  9.67552270178488530E+00
  2.50163292655703180E-01  1.06019987729049700E+01  2.32495915478832130E+01
  3.42074681651230290E-01  1.53385332346647330E+00  1.06296779573803520E+01
  3.50974061745161330E-01  1.84618615885027000E+01  2.11073467890846040E+00
  6.18566685513849460E-01  9.16082352207651770E+00  2.59899914829488590E+01
  3.24719866931951940E-01  2.70190573638500240E+01  2.69194951251579190E+01
  3.57201130995523370E-01  1.17733786693359830E+01  4.35139100083399550E+00
  3.13090147150790890E-01  1.99396182602442130E+01  1.78705285387804370E+01
  2.58355477869490890E-01  4.41236605164296770E+00  2.22597381138667850E+01
  4.83351594707823830E-01  1.82392150095284930E+01  3.63202761108161500E+00
  5.48463672908306780E-01  2.18572695990663600E+01  1.69306231426108410E+01
  4.24351701398837560E-01  2.39331491766259640E+01  1.68534667830992360E+01
  6.80557430527969220E-01  1.28809204082778200E+01  1.06938304301153980E+01
  3.73125396709624990E-01  2.10797793781930270E+01  2.82240793928275980E+01
  6.77808113742920780E-01  2.96251516450520750E+00  2.36216865871839550E+01
  7.67512613708393760E-01  1.37444129930128370E+01  2.84229665962631800E+01
  4.76544583128828500E-01  2.73858676341774370E+01  1.47179198564876770E+01
  6.97738347479756800E-01  3.09390808084107280E+00  2.46186666789587380E+00
  4.49545157175862540E-01  7.37231754924533170E+00  4.07415356895783990E+00
  6.25336422111717830E-01  4.24629212453119460E-01  7.72303578255639780E+00
  4.99487474973056500E-01  2.74559445113655440E+01  2.11477521163744310E+01
  6.67521681419926690E-01  6.89593019794759860E+00  2.77820154787343050E+01
  3.44170209092795430E-01  6.60882079160207600E+00  6.50946467672095610E+00
  4.01880163826280960E-01  4.14745421009576990E+00  1.73574702873868600E+01
  5.95035019805102560E-01  8.97469515812224290E+00  2.79350985494079930E+01
  5.20348764567513020E-01  2.35703700597831120E+01  2.52113090472563320E+01
  7.44845164893703690E-01  1.63184410497521530E+01  9.81056857757419640E+00
  6.94010688862415210E-01  1.86950920161296100E+01  2.64645838524348700E+01
  4.00156705760987560E-01  2.00063334160044630E+01  1.40844390787444080E+01
  6.57722721512726150E-01  2.40431192304917010E+01  2.41328728022899100E+01
  3.61198882346046800E-01  6.44264177449216020E+00  4.29319589093740280E+00
  6.07167866036927160E-01  1.30609344861244490E+01  5.64390819937466940E+00
  5.81677556670477180E-01  2.04893830438659950E+01  7.11920573616617340E+00
  3.17579752081870750E-01  2.26088989228025380E+01  2.64578198502563210E+01
  2.69169509893181310E-01  4.32988075347492000E+00  2.55350496317476540E+01
  5.36592099856838090E-01  1.07751798490271260E+01  1.38064856122296610E+01
  3.01799748246536660E-01  2.55254038538133370E+01  3.51389404333901820E+00
  4.05794678723965420E-01  9.27698876652993750E+00  1.26811225593299480E+01
  3.65995101567518470E-01  9.36400164435501740E-01  1.10090798706628390E+01
  3.39481361119070080E-01  7.28091167508948530E+00  1.02042759101215810E+01
  6.97384645011991290E-01  3.76268929552407490E-01  2.24721315432145980E+01
  6.82253548551889110E-01  1.81233498689765010E+01  1.56889797619446090E+01
  5.67035311113654220E-01  2.73203548363819060E+01  5.63621285872295190E+00
  6.47236078597052340E-01  2.24941320048676870E+01  2.86439977203300380E+00
  5.92513140571182980E-01  1.83420859924867410E+01  2.89409384147722800E+01
  4.71553509741754610E-01  5.72660836928678660E+00  3.86821533166473370E+00
  6.55885333720611730E-01  1.16909626132960330E+01  1.13007085191980730E+01
  2.83840017940612550E-01  8.01146428222698330E+00  2.91465203667344210E+01
  5.65219172841477580E-01  1.62508905278694480E+01  1.81985169225446480E+01
  3.48480710258510130E-01  7.36993974318899530E+00  1.59602885435494720E+00
  6.26908127420837150E-01  2.44066615245087170E+00  1.35415858484638130E+01
  2.62213147743524950E-01  1.43911358787161050E+01  2.16006876128422540E+01
  5.08737612195334600E-01  2.90345926278426490E+01  2.00445053594126610E+01
  4.59281804788439010E-01  2.41156390380536440E+01  1.59893859878079230E+01
  2.86550378078914000E-01  2.11720835784092360E+01  1.34542700423449770E+01
  2.99038091422116640E-01  7.03690109146500560E+00  5.36268146213016910E+00
  3.62493203924014780E-01  2.19426700472038720E+01  2.63215916990290740E+01
  5.64616421781660800E-01  2.19862044432810250E+01  7.26612437359217900E+00
  3.87533216804236250E-01  2.94009600739216060E+00  2.53309016278425960E+01
  3.90540239164096370E-01  2.89094531607364970E+01  1.30670079277836760E+01
  5.44640939783434240E-01  2.10635935720472320E+01  1.53975139233183840E+01
  3.84420431658369740E-01  1.58101708537549510E+00  1.40737655542832800E+01
  4.53492046339069340E-01  7.77072818435618640E+00  1.22913888280105220E+01
  6.38023782753992030E-01  9.71567305585782040E+00  1.52102892839174310E+01
  5.00672486592370710E-01  1.92480591850982950E+01  1.53265045072310480E+01
  6.08873319065221350E-01  2.54179683795936880E+01  1.38081524332717880E+01
  3.18942867500738640E-01  1.14258743491238840E+01  1.05867333856999330E+00
  2.65726189967390210E-01  1.17627976858113850E+01  2.06254871474473940E+01
  7.10410487391814980E-01  5.98987932371038050E+00  2.01382033702074140E+01
  4.66797018098134940E-01  1.55539113504779820E+01  7.93092116109796660E+00
  3.89889811574280460E-01  1.89212101677501860E+01  8.17970397566131350E+00
  2.92456502136063850E-01  1.77341842715861090E+01  1.72970517475930880E+01
  3.63079661055833470E-01  8.71469698157141260E-01  6.04680237335848330E+00
  4.13811620468168510E-01  9.60155732337857510E+00  1.62553170223292870E+01
  2.60417758313763680E-01  2.44987652131285000E+01  3.86567050015698840E+00
  4.41940562555082740E-01  2.18394148586031670E+01  1.47881806091603100E+01
  3.08418768867630710E-01  1.97839011722179380E+01  2.93017969202531210E+01
  3.04461637453634990E-01  1.38386464661957160E+01  8.54572221627408980E+00
  4.75626642073745920E-01  2.81734738911222810E+01  1.18994037352334060E+01
  4.19693779402500590E-01  2.77850953814120810E+01  1.82472072025183250E+01
  3.26514001167033020E-01  9.88353281839409090E+00  2.76460310778210780E+01
  3.55388479881239270E-01  1.82951425357575840E+01  2.79633993663602980E+00
  5.33859136323620030E-01  1.52410024870655040E+01  2.03646492178331080E+01
  3.39481361119070080E-01  1.06800182584449100E+01  1.50547626775560610E+01
  2.51153087880769550E-01  7.91103418829833060E+00  9.98231225822905980E+00
  4.21603844523193420E-01  2.89442460574908120E+01  2.25445587968648450E+01
  5.20348764567513020E-01  5.73013456729125180E+00  2.81572295103218910E+01
  6.86210935380316480E-01  1.28023540961975950E+01  1.20568280997605640E+01
  4.41140732643827070E-01  6.34971509865603870E+00  5.08915142459887800E+00
  6.26908127420837150E-01  2.57530884836340270E+01  2.45419388641756950E+01
  5.11871480770454750E-01  1.08820808543372770E+01  1.21423552210765080E+01
  4.70990686464341570E-01  1.39293831806779610E+01  2.96464823412118650E+01
  5.20369884994360540E-01  4.27472830162970220E+00  1.64266159900060880E+01
  3.04306421741581800E-01  1.66987881814409600E+01  2.07359840788507380E+01
  5.88333222664750720E-01  1.27273369749735270E+01  4.24368375986827660E+00
  6.64541222436485860E-01  2.26465333774611470E+01  1.56306949437781630E+00
  4.24351701398837560E-01  1.05202929995504460E+01  2.24788149393772620E+01
  5.55920758830291820E-01  1.67408215769764650E+01  6.76834333760194970E+00
  2.89042915761794110E-01  8.97923525117809080E+00  1.00971385388783230E+01
  2.47647088603063280E-01  1.84056922446673350E+01  1.41313674735958320E+01
  5.88686278844574580E-01  2.31786537239187210E+01  1.54862700200426570E+01
  3.53063097104977870E-01  4.85040167959562930E+00  1.70825970802379390E+01
  4.50600139601478670E-01  1.26247597151543190E+01  7.65905453453395070E+00
  6.65634982039605120E-01  2.03048643351890660E+01  1.30619165560711980E+01
  4.69750256464274060E-01  2.20215308748398650E+01  8.92770441780391090E+00
  6.13801455222646290E-01  2.00330939292951410E+01  1.49076523228366470E+00
  5.14582826754803690E-01  2.87358330189837050E+01  2.49958638899711470E+01
  3.81419328643079860E-01  2.56945501931000030E+01  1.62456731010306220E+01
  7.28196096543639280E-01  2.87118139108179700E+01  1.49189232523419890E+01
  7.33199636544987770E-01  2.65533291768955020E+01  1.69553819519056570E+01
  2.86550378078914000E-01  2.01756339056986920E+01  1.21191091527999240E+01
  2.52169786807371790E-01  1.71953937127102390E+01  1.59017908748950510E+01
  5.01406606281285510E-01  1.17259159896970640E+01  9.32914464536261260E+00
  4.18948713530687210E-01  2.26441113450360870E+01  2.49226992688942240E+01
  3.62620749938717070E-01  2.46988755073512010E+00  1.77678307986660510E+01
  3.15231116497538320E-01  2.51150837292177900E+01  2.09717227217873370E+01
  2.83840017940612550E-01  2.76741562186428180E+01  2.61719970783916940E+01
  4.72199721516180480E-01  1.73189786986814020E+01  2.20521583603042330E+01
  4.41666133880560000E-01  2.51397087494721630E+01  4.14887365845882260E+00
  3.39073066583844400E-01  1.85255647060970360E+01  1.86220553899423860E+01
  2.54831192030272870E-01  1.94721425848723580E+01  6.39654668891262550E+00
  6.65634982039605120E-01  1.51170090772510730E+01  2.88333846506318600E+01
  2.69326463995374250E-01  1.35073366328114730E+01  2.26368434570178110E+01
  3.08418768867630710E-01  2.17645478657068560E+01  1.77809684384826770E+01
  5.63324676144028570E-01  1.94147751358115600E+01  2.85121113915893610E+01
  2.49794182180603610E-01  2.94674049057170110E+01  1.57539535236857320E+01
  6.44956217916396120E-01  7.62893700817093820E-01  1.68126844298886800E+01
  4.26043897269923290E-01  4.30094336970327800E+00  6.34752152416387270E+00
  7.44533748089133770E-01  1.72073653417462930E+01  2.64670732025721020E+00
  2.47647088603063280E-01  2.87354110748741610E+01  5.54254704369666400E+00
  3.47451934045076260E-01  2.58247579130726330E+00  2.77976215081299290E+01
  4.83182858574677270E-01  6.88021485731816720E+00  2.65466199829986420E+01
  5.38382388131525950E-01  4.04427640619831760E+00  3.24964352871752470E+00
  6.08690451339190200E-01  1.62963056623923100E+01  3.68723377695736240E+00
  3.93024383017402490E-01  5.54019634376910020E+00  1.73652025200491840E+01
  2.54611020839302520E-01  2.93240209905478080E+01  6.10017521813133710E+00
  6.82253548551889110E-01  2.55789670880432960E+01  2.76704749163318380E+01
  7.67665169660178040E-01  1.35007418317229840E+00  2.35696970586664670E+01
  3.95839252948554370E-01  1.00955754131901280E+01  4.95624979252284170E+00
  5.15379284759350490E-01  6.14412356071900940E+00  2.58731824698909210E+01
  5.09222041678605210E-01  2.65829025598815140E+01  1.95181560066997300E+01
  4.72038094207023740E-01  1.65229110693114480E+01  2.48161942918018070E+01
  6.64541222436485860E-01  2.44425877771362750E+01  5.94894805179322360E-02
  4.84167632717154460E-01  1.17663280833457510E+01  1.25959453960974610E+01
  5.39922025342825940E-01  2.83479374658023990E+01  1.01665377156575880E+01
  3.77759649416993960E-01  8.15479457257033680E+00  3.80639025351767120E+00
  5.06367095649294540E-01  2.48309272449023410E+01  1.00872837242840260E+01
  3.05466220251299840E-01  9.02859237482965330E+00  2.41817059753824390E+01
  7.55604472483241980E-01  2.38292092964389220E+01  2.64587246846131700E+01
  7.68548325332126940E-01  1.84364465084548200E+00  3.22383243648546710E+00
  3.09209541844886400E-01  1.94698888730379880E+01  1.45480855671139190E+01
  4.71553509741754610E-01  1.17494231151891460E+01  1.35494403718946740E+01
  3.65995101567518470E-01  2.60525300176500420E+01  1.08591338536738690E+01
  6.26517897412854200E-01  1.82994562788629940E+01  1.12937100686669840E+01
  3.55388479881239270E-01  2.48052985717849770E+01  2.47984746434678310E+01
  3.90423892796942250E-01  1.75552087554684210E+01  2.83526115690505910E+01
  4.92172780862642510E-01  2.03638812959198750E+01  2.69287727605150200E+01
  6.66683478841499700E-01  6.43233190260675160E+00  1.21035114313883900E+00
  6.94903868090152520E-01  9.64867986010645850E+00  2.17769610232425560E+01
  7.65642972591057180E-01  1.41764143853088170E+01  3.91210468671968460E+00
  3.52682444144397330E-01  1.98904430718694880E+01  1.66406222106999490E+01
  5.39466591144820300E-01  2.71616437203781840E+01  1.19774152306055120E+01
  4.26043897269923290E-01  2.93823671756828380E+01  2.33597457043008840E+01
  2.53364602799301860E-01  1.60319141033221140E+00  1.12202965112879180E+01
  3.83290088603488770E-01  1.90633033170599510E+01  2.22320322109655600E+01
  5.55920758830291820E-01  1.15657806278051890E+01  1.72097768127805890E+01
  4.13050329149462850E-01  2.66152761051695710E+01  4.95573083547998120E+00
  5.20369884994360540E-01  1.48024466091946610E+01  2.76907900184646040E+01
  6.99477888048091770E-01  1.17479790449233640E+01  2.80706517296455400E+01
  3.59079136884617700E-01  4.97968897614190100E+00  1.29393367653906580E+01
  3.01799748246536660E-01  2.30661369205752460E+01  4.85657802042926700E+00
  5.28731261397185740E-01  1.67679090339639670E+01  1.52367307144649280E+01
  6.80338287111455390E-01  2.81476699716642070E+01  7.83586264882478820E+00
  4.74033319401206570E-01  1.85642843958126600E+01  2.14998966592540700E+01
  3.53302408788900560E-01  8.68648070842144730E+00  5.25372494074734850E+00
  4.03052389307286420E-01  2.08308007633686070E+01  1.94941905754488940E+01
  3.33973424357718240E-01  1.62343659692041910E+01  1.20712018416251410E+01
  4.68162992243922280E-01  1.09820803397960990E+01  7.91496246763438020E+00
  4.72192289519205580E-01  1.44575775531202080E+01  1.43563704183007510E+01
  6.73658304681401180E-01  9.68039097871383270E+00  2.31856555791066830E+01
  4.61178090502161720E-01  2.66803121969555300E+01  2.17127271207898000E+01
  4.18189647978318300E-01  2.70063015790408340E+01  2.59556273260957400E+01
  5.15379284759350490E-01  2.49476428755540670E+01  2.86863476392182020E+01
  5.34553382826858140E-01  2.82538335648063320E+01  2.18045338235476260E+01
  3.70336582810533970E-01  6.68416371221021240E+00  9.82181023677246050E+00
  6.42747544188997020E-01  9.64687661329591250E+00  9.44743562456617170E+00
  4.50600139601478670E-01  3.65134115530337230E+00  2.57723352556337700E+01
  3.55036581058269410E-01  2.28580412931829290E+01  8.57761003668353790E+00
  3.54092873053847420E-01  1.60808615548694010E+01  2.85016702802142630E+01
  5.13614394364816020E-01  4.12299227880127890E+00  1.27749063742608090E+01
  3.65995101567518470E-01  9.91967915850036160E+00  2.94778496903175270E+01
  5.25383403930900440E-01  8.10060526475659160E+00  2.07268732111858790E+00
  3.83598938984435380E-01  1.94193868934163020E+01  2.15532332325862830E+01
  4.86073626967704090E-01  5.55970038521775670E+00  2.50606377427264770E+01
  5.96963967672292380E-01  9.23073443649049530E-01  2.60828419877173520E+01
  4.66553963192992600E-01  1.71470879746790810E+01  2.62053571698484370E+01
  4.15252526658189590E-01  4.23544655425362750E+00  1.86533949113574060E+01
  6.36786611163594070E-01  2.65974986001879990E+00  1.47848487050179360E+01
  6.06760633376156730E-01  2.61800395164449640E+01  1.43432815574879810E+00
  5.25895496843049500E-01  1.59392505685590860E+01  2.61061419044727440E+00
  5.05409982910693060E-01  2.02854210772501450E+01  2.17487350544400860E+01
  5.18912146576496980E-01  4.75468749240535700E+00  1.45288742514629820E+01
  5.81677556670477180E-01  2.14798827035435200E+01  1.26439292030469550E+01
  2.50625569857546320E-01  1.35684727528042580E+01  1.79777090687198360E+01
  6.67521681419926690E-01  3.13150377635724110E+00  2.86505973593392580E+01
  6.52034765531911640E-01  5.71514100406259740E+00  1.06206728964398420E-01
  3.81419328643079860E-01  2.45781427431890980E+01  2.73128089393741580E+01
  3.18942867500738640E-01  1.10582232355414140E+01  1.55931390891262590E+01
  6.63973334543257470E-01  2.05546954642741010E+01  2.05237484840210380E+01
  4.05793634226126800E-01  1.20333533578647120E+01  2.39354142919387240E+01
  2.88617724104866640E-01  1.24432011782380440E+00  2.02643496792433880E+01
  3.17587838135982990E-01  1.01368764474614680E+01  2.88299370457628400E+01
  6.94010688862415210E-01  2.23905717173213650E+01  2.20330295755309570E+01
  3.25036994184950640E-01  2.44809217653587190E+01  2.10583529945896580E+01
  4.41940562555082740E-01  2.00251996141923740E+01  1.58578710491458550E+01
  3.05466220251299840E-01  1.10585191888537620E+01  1.64507316436523040E+01
  7.22984261441823330E-01  8.32057482965702810E+00  2.11779470115909910E+01
  4.60682082706054620E-01  7.38181903765306120E+00  1.74583617098508380E+01
  4.22201084465533680E-01  2.24704325825393310E+01  1.79679524218341950E+01
  6.24824560398126750E-01  1.75919978856196120E+01  2.09900855602722490E+01
  3.63079661055833470E-01  2.31837223272121410E+01  1.94276465920623240E+01
  3.25516939164680520E-01  1.63895641742683940E+01  1.90774750685678750E+01
  4.87886881528419990E-01  1.29007214491064670E+01  2.12837799166457630E+01
  4.34172467284937990E-01  3.31133251364824190E+00  1.09341245154226010E+01
  7.04082361725448710E-01  2.61940671630518910E+01  2.89227889674016300E+01
  4.40295189098215370E-01  8.54986865158193510E+00  2.36115125824671530E+01
  4.54567147313974470E-01  1.57273901196809400E+01  7.01331030245103730E+00
  4.89717368181109780E-01  1.99401317985576190E+01  1.95478459739147400E+01
  4.82771447840326400E-01  1.33903364082413440E+01  1.66303947207936310E+00
  3.54092873053847420E-01  4.24178218339950240E+00  9.33516024665567560E-01
  7.67457697882333090E-01  2.78577280215215200E+01  1.95557084641709160E+01
  4.43129600128677660E-01  6.32298266189083690E+00  9.09335015300055010E+00
  5.61514797181737530E-01  2.55163573961384030E+01  1.94393474093974990E+01
  5.82207618145930890E-01  2.88152171386801610E+01  6.76459647158033840E+00
  5.94092381958372510E-01  7.85799833885671540E+00  5.71309264199410820E+00
  5.64318884198494160E-01  4.89223071814852690E+00  1.20206208297231940E+01
  6.16837537735261420E-01  2.43480738392728600E+01  2.28934655132966110E+01
  4.20581746236023420E-01  2.93937101741027500E+01  5.42853259000241110E+00
  3.16022212934137680E-01  1.39763567490115510E+01  2.56235533989631640E+01
  4.59502380082057990E-01  5.72786764088530200E+00  1.46299127055320160E+01
  7.48336469443998900E-01  2.40611455531081620E+01  1.37799934711450620E+01
  6.90159994875631000E-01  1.54387120712884570E+01  4.81199983907194810E+00
  4.68364091588631840E-01  7.44199918537956950E+00  1.31525556423241920E+01
  4.05593309893122810E-01  3.52768725385227720E+00  2.66170693828495250E+01
  5.55687039951364880E-01  2.14008816194275480E+01  3.36378307280674040E+00
  2.83840017940612550E-01  2.17973060621577770E+01  2.34368007088246730E+01
  5.98280766214214580E-01  1.64943644089652680E+00  2.22382693692591320E+01
  5.84913004272127690E-01  1.88565383784829590E+01  1.26277025234352360E+00
  2.83840017940612550E-01  4.14582965124950940E+00  1.93444835156114150E+01
  2.83517655556827110E-01  2.42171221522101020E+01  1.02195898600143620E+00
  5.27599340399055180E-01  7.45011456300556410E+00  9.35462463068191670E+00
  6.24824560398126750E-01  1.08637629606253280E+01  2.96862554589065160E+00
  4.84167632717154460E-01  2.89070221128263430E+01  2.77688012258335280E+01
  5.66562802601083430E-01  3.29568141847170670E+00  1.68981045291866430E+01
  5.81213412342838430E-01  9.82632787153672280E+00  1.18620153644756790E+01
  5.13285974501586400E-01  8.42851313296799810E+00  2.69711533103659920E+01
  5.29625185962053640E-01  6.36990297376740510E+00  1.69651873421442120E+01
  3.30104909316010620E-01  2.27538380335856920E+00  6.54100076119081390E+00
  5.48174971142568520E-01  1.47186837221892190E+00  1.77722805063631630E+01
  4.72192289519205580E-01  2.43044517938047700E+01  7.58880600195281830E+00
  4.53126113496558960E-01  2.86597843305537300E+01  1.11089943177555100E+01
  5.25993347610763350E-01  6.47023924944755800E+00  2.88960026206579880E+01
  4.75338540515479570E-01  2.09838293685960050E+01  1.77173076470296140E+01
  4.30858982518450690E-01  1.79197272228770930E+01  5.90654795945002940E+00
  7.09741570678139940E-01  1.77473599065003430E+01  1.00755005394910880E+01
  5.05409982910693060E-01  2.41707602721505700E+01  1.50273471016231340E+01
  5.20369884994360540E-01  1.77396275757781510E+01  1.22935912301811680E+01
  2.73281005279713530E-01  9.38167050321700020E+00  7.21380625194537380E+00
  3.09574052588245370E-01  1.09695546042653880E+01  2.46829737346685430E+01
  3.18095930761502070E-01  9.93038580786438270E+00  2.84805616452134820E+00
  4.46537248270915300E-01  1.56290128273371780E+01  1.92014602790599510E+01
  6.38830345620663920E-01  1.29056690187460090E+01  8.70970039201986880E+00
  6.68397269451762100E-01  3.29172746746640320E+00  1.97627270170416660E+01
  5.32488384254616510E-01  9.47886229585387060E+00  5.64908840810978500E+00
  3.17579752081870750E-01  2.23539081074810620E+00  2.29420450179996000E+01
  5.16710955738981780E-01  1.54277004021521350E+00  7.95165996359452980E+00
  4.49545157175862540E-01  2.15273813164182500E+01  5.09391477135655890E+00
  3.20574425314766210E-01  6.96509082828797510E+00  2.13214550646480880E+01
  4.12246671516209600E-01  2.83385758778510490E+01  2.84614136402736620E+01
  4.94550785807675550E-01  2.52222584167166560E+01  7.89028806354791450E+00
  3.59079136884617700E-01  2.91876080764286460E+01  2.85628003350963340E+01
  6.10572080928614460E-01  1.92502557891050650E+01  4.04601115302559400E+00
  4.75338540515479570E-01  8.74879260523047010E+00  1.46595072601121220E+01
  5.09574347305064630E-01  2.02119329472022110E+01  1.04795666531485350E+01
  4.18189647978318300E-01  6.86942990716402060E+00  1.24758626165324640E+01
  3.76753951196820710E-01  9.68832594244982200E+00  2.43496710160708360E+01
  3.84533934306195220E-01  1.19440439077475120E+01  1.01876940976614310E+01
  6.60767019732147710E-01  1.16028112944621530E+01  1.46704527557390080E+01
  5.64318884198494160E-01  2.06909850037354060E+01  2.49890369532207980E+00
  4.69750256464274060E-01  1.74229078119604710E+01  1.66015734681727130E+01
  6.88340418185590860E-01  2.65626156587152910E+01  9.43412117997990230E+00
  5.93150731645016190E-01  8.19670734226449400E+00  1.63232750839448930E+01
  7.17499092254363010E-01  8.90989416848029590E+00  3.01423929539592410E+00
  3.79322922295397280E-01  1.06562181572200100E+01  1.12821298823129940E+01
  3.20574425314766210E-01  2.44011569233888180E+01  2.53401283486022560E+01
  7.17953871372127320E-01  2.88994035174567900E-02  1.16014689391110120E+01
  3.42409596243210680E-01  2.65702801233330850E+01  2.74123962526792970E+01
  4.43129600128677660E-01  1.50307825465864490E+00  1.95810866210468430E+01
  3.78068289465320630E-01  2.88152228452006160E+01  9.37651905182231720E+00
  4.75338540515479570E-01  1.09579127630110470E+01  4.83430303434781460E+00
  7.38532964590205680E-01  1.99323489028909860E+01  2.29408374323032580E+01
  5.07606992315717240E-01  2.31140381167180710E+01  1.72977154982361620E+01
  2.86134314477376340E-01  2.34534222994340380E+01  1.63298527848955860E+01
  5.07437626189109900E-01  1.28757500501723300E+01  2.35011496676407070E+01
  6.15073771326759470E-01  1.93004274758077270E+01  7.24926565913095900E+00
  3.30104909316010620E-01  8.98329770202271050E+00  1.58419166475871670E+01
  6.66683478841499700E-01  8.52655901587903920E+00  7.60303433212897150E+00
  7.49545055295440930E-01  1.93935365520011840E+01  2.69405008571229840E+00
  2.54824432159977790E-01  1.12381759664833340E+01  2.41869203859683460E+01
  5.72142532162989690E-01  2.04299492953512280E+01  1.86061273941044370E+01
  2.77147605524350650E-01  1.46607138704416130E+01  1.09763227340743260E+01
  4.68364091588631840E-01  1.83324406119672400E+01  1.68273768111915880E+01
  4.82771447840326400E-01  2.77788443283290360E+01  2.52756130165752100E+01
  2.50971712925384870E-01  7.43378254798617720E+00  4.98224998756447950E+00
  5.38024295323284910E-01  2.91574594558012910E+01  8.51870860012474470E+00
  4.13050329149462850E-01  9.35252202393163580E+00  2.70023906892647500E+01
  4.86590143357422540E-01  1.54243243174519980E+01  8.91704398568309740E+00
  3.16148313226467530E-01  1.83449985898896630E+01  1.76432718906222660E+01
  3.81419328643079860E-01  7.34744190592341790E+00  2.91250730179414850E+01
  6.52911031193170470E-01  5.74508893045402490E+00  1.11530405451099830E+01
  4.49150663742554990E-01  2.70259201516992250E+01  1.86688678082401330E+01
  4.73113776075054650E-01  2.16563346552637020E+01  2.12140915316839430E+00
  3.65995101567518470E-01  2.58051796382695220E+01  1.01675568477666240E+01
  3.46028387031474870E-01  5.13318390643867590E-01  2.85993807701477360E+01
  4.23675716525973380E-01  2.92200827402974750E+01  2.41929745528445640E+01
  2.47261092463374420E-01  1.56392978208147950E+01  1.76647143674813020E+01
  2.63339374245984010E-01  3.93042814040678260E-01  1.59833027371624860E+01
  2.59062449636064510E-01  1.88190916236343000E+01  4.20197861534500560E-01
  5.77180454669814490E-01  1.31123263366263940E+00  9.73896670093857960E+00
  4.06599624824484800E-01  2.43998517449252180E+01  5.72935341022423380E+00
  4.65278877330243820E-01  2.36737410720756150E+01  8.65896619668604470E+00
  3.07263188066738420E-01  7.83522853258497420E+00  1.05355431112029670E+01
  3.88697647565240350E-01  1.70474573912096510E+01  1.93510248656223180E+01
  6.62122603690132470E-01  2.79898433517522950E+01  2.70845972346741030E+01
  3.79322922295397280E-01  3.11718484249022600E-01  2.68433775978371220E+01
  3.53063097104977870E-01  2.78281379533445690E+01  1.40169412228311230E+01
  6.88885956497308970E-01  2.32784243298728820E+00  1.88085777500422890E+01
  5.33066537704075310E-01  2.74015424948010940E+00  1.59507239524862530E+01
  3.42074681651230290E-01  2.75606643459966560E+01  4.75950060230424650E+00
  4.24351701398837560E-01  5.76615355148994360E+00  1.81500434274143920E+01
  2.92456502136063850E-01  2.13787751919376670E+00  2.20444860639074760E+00
  5.90639534364661320E-01  6.49592661986816470E+00  1.36271527689141510E+01
  4.09705559579089850E-01  2.38277526080344410E+01  2.76238223959745110E+01
  3.59079136884617700E-01  2.58849784385029520E+01  2.35660570330691530E+01
  5.27599340399055180E-01  1.14719192475602560E+01  2.24781323576439650E+01
  5.38382256471750510E-01  7.00434880384533900E+00  8.38738426032650610E+00
  5.96963967672292380E-01  1.80496446805704520E+01  1.33663664658314260E+01
  2.96503602823160150E-01  1.42320128968001250E+01  2.61789652946786010E+01
  3.64593218166308700E-01  2.59249634097479140E+01  2.20449134345329550E+01
  4.18947112612636110E-01  4.00822794838937920E+00  2.39507878162983300E+01
  5.40946473112310590E-01  1.41263797213085970E+01  2.47812177698469650E+01
  3.35017483125717060E-01  1.27783576288367580E+01  1.83415311321243170E+01
  4.75626642073745920E-01  2.33194476395880810E+01  1.82588308268373610E+01
  3.04461637453634990E-01  2.35318383130267250E+01  2.33195405523643160E+01
  4.36315933331792570E-01  1.04302192356930790E+01  1.60121394875165350E+01
  6.77666041374141330E-01  1.90513905524769460E+01  1.25796133866452720E+01
  5.67035311113654220E-01  1.64141387709271990E+01  8.50306071954158500E+00
  3.38650161839631010E-01  2.54556297142799580E+01  6.40371835519104240E+00
  6.94010183176834960E-01  9.03654440580001150E-01  2.11849576647383700E+01
  7.10410487391814980E-01  2.76057204036463270E+01  1.20409291284464490E+00
  4.54567147313974470E-01  2.27193588483692790E+01  1.64214110159446920E+01
  2.52169786807371790E-01  2.59371896948508650E+01  7.67502083710607860E+00
  3.01799748246536660E-01  7.62288081453874610E-02  4.55640937235895920E+00
  4.27719079604653450E-01  1.12257448725601780E+01  2.70742779047630010E+01
  3.87762191716535260E-01  5.33103137881850750E+00  2.10155113563999340E+01
  5.72951670348821020E-01  2.84088043686373340E+01  2.20486758983900750E+00
  5.09222041678605210E-01  2.57492967351234010E+00  2.68953857216117170E+01
  5.25993347610763350E-01  2.95170485467144520E+01  2.58532558631182570E+01
  3.12648490279368120E-01  2.33877826401753700E+01  1.16244890342537350E+01
  3.32399546609116130E-01  4.74334741882181190E+00  2.50991571220968230E+01
  4.43807889241729470E-01  1.21164854776800580E+01  5.07517530959996680E+00
  3.44170209092795430E-01  8.62472619723017790E+00  1.38498610646631890E+01
  2.54824432159977790E-01  1.23700232629645870E+01  2.94150853537282550E+01
  4.21963532045373490E-01  1.72212524624035940E+01  9.07353239137725430E+00
  4.11696508529454960E-01  9.40807726964828110E+00  2.88433184998280400E+01
  4.11346310528290360E-01  2.81850646509935960E+01  5.18019954145554530E+00
  6.16837537735261420E-01  1.83616889028976830E+01  2.77324517079369100E+01
  4.83570943621045310E-01  1.91260014387277120E+01  1.63025754358428970E+01
  4.32382463464541460E-01  2.23207967799748810E+01  5.16482063659581490E-01
  5.92513140571182980E-01  1.39632888956504320E+01  2.57133015585531590E+00
  3.55036581058269410E-01  8.42654839144185350E+00  2.53521426939941570E+01
  4.74581552528920360E-01  2.11789809402287190E+01  1.03007758201044690E+01
  3.44905765886116280E-01  2.33583662907634060E+01  1.09681596595325280E+01
  5.96963967672292380E-01  1.28337110062193030E+01  1.49272989296334360E+01
  2.68569610726517900E-01  1.03388018234633010E+01  2.24588527587034650E+00
  5.80290806494985740E-01  1.90347210078018230E+00  2.84276407089980690E+01
  6.25336422111717830E-01  1.63664428069217640E+01  1.63176606075082410E+01
  6.17452885167652710E-01  2.12672904156407050E+01  2.27081545960565340E+01
  3.29506256422424390E-01  2.66208879886495000E+01  1.49702413484910120E+01
  2.58355477869490890E-01  3.25664471638619180E-01  2.36109012319924080E+01
  4.69641390777102340E-01  9.05523322624051370E+00  1.69491336001621170E+01
  3.49095179616795370E-01  8.76997346718392020E-01  3.78143062796750580E+00
  3.27988333844876360E-01  6.50150659704788490E+00  1.05072478193000660E+01
  3.86383264228710210E-01  2.56906642525908030E+01  7.08781196050588670E+00
  4.75543307221801650E-01  2.21834936854603630E+00  2.01574289376545930E+01
  5.07815655211632320E-01  5.12523646494493160E+00  5.91098533113901770E+00
  6.08088426536500660E-01  1.21599742311625930E+01  2.66299625539008070E+01
  3.93024383017402490E-01  4.35941910452906270E+00  8.92145472848288180E+00
  7.48336469443998900E-01  6.16850945562145990E+00  2.39874768254717060E+01
  3.13454063710418570E-01  2.15294552816515830E+01  2.06152642387796270E+01
  4.43133439323318520E-01  2.67943596624867230E+01  1.05393540829100620E+01
  3.62493203924014780E-01  1.91271270973685220E+01  1.92947271367727640E+01
  5.72881440675418570E-01  1.86093468396717120E+01  2.45438587722381880E+01
  3.71299762957800540E-01  2.30028635160678370E+01  2.29016529662758690E+01
  5.13143010843963320E-01  2.24452464929938280E+01  5.38416929658037540E+00
  3.87533216804236250E-01  2.49266208496459850E+01  1.62303661476772730E+01
  3.90540239164096370E-01  2.12573163432281870E+01  4.29857072503148260E+00
  4.11696508529454960E-01  3.76170644170440080E+00  9.45939801186845840E+00
  4.19670751191123690E-01  3.18953371163641460E+00  1.27758219294419690E+01
  5.39922025342825940E-01  2.03279133762459490E+01  3.58100674472496210E+00
  3.73125396709624990E-01  1.63265637916206960E+01  2.78180626495950280E+01
  5.72628172168292430E-01  2.27504484501444930E+01  6.42571199347294810E+00
  5.63660960642019760E-01  1.10584275456329490E+01  2.60981576632281180E+01
  7.54397230300637300E-01  2.76248703360899060E+01  1.59249340635057680E+01
  4.07877171249442140E-01  1.92473907799512000E+01  5.13200013179858420E+00
  4.61178090502161720E-01  3.58330118577979340E+00  1.41304378365555290E+00
  3.50974061745161330E-01  2.53810855629567270E+01  2.03417011463450380E+01
  4.22541054278063120E-01  1.64710488033027960E+00  2.67994935458134510E+01
  3.25036994184950640E-01  2.08174264644075890E+01  9.75423544537956920E-01
  4.96042965314236020E-01  5.02156450257310370E+00  2.88856472362583930E+01
  3.04461637453634990E-01  1.72268295593556720E+01  2.44915401630772960E+01
  4.21290506291976640E-01  2.61549277472402970E+01  1.19098966440800500E+01
  4.26578460793149810E-01  1.68158044724034600E+01  5.78164679158348350E-02
  3.91816801400439550E-01  7.46879260553001780E+00  7.58255423746360880E+00
  5.32262962461145860E-01  1.94655108270673940E+01  2.74181253862958910E+01
  6.07718241283317260E-01  2.11003906869356590E+00  2.58796780054822830E+01
  5.13425754976809310E-01  2.53751168278321660E+01  1.24239757545634330E+01
  5.46829204411607870E-01  1.90191027050450680E+01  9.11108990437637980E+00
  2.99038091422116640E-01  9.95087349051786060E+00  1.88227595628828620E+01
  3.65374026971610010E-01  2.89051431909751920E+01  1.23122289164216760E+01
  3.46733456860136300E-01  2.71137280503623470E+01  1.78780615317661500E+01
  5.01833768532536340E-01  3.94274231287865900E+00  2.48674322686579250E+01
  2.88617724104866640E-01  2.06226852438056650E+00  1.01691574737260720E+01
  3.13454063710418570E-01  6.61713019153073120E+00  1.61600474668269030E+01
  4.43756654693070110E-01  1.69347628037811400E+01  1.37075836560617340E+01
  5.20369884994360540E-01  2.61005392783125990E+01  4.17273373798317770E+00
  7.41720708060832300E-01  1.20363258482834770E+01  1.60019128563532470E+01
  2.99038091422116640E-01  9.69513200254706400E-01  1.37491351653941650E+01
  3.93024383017402490E-01  3.83494783194361450E+00  1.02945445462824560E+01
  2.53364602799301860E-01  2.65028040325949630E+01  2.40219089954933730E+01
  5.48463672908306780E-01  2.76637398773401810E+01  1.10124583165834550E+01
  5.63660960642019760E-01  1.62691160250850690E+01  1.99821255057040790E+01
  4.99487474973056500E-01  1.64244078872563260E+01  2.24312147146272810E+01
  5.32488384254616510E-01  2.95882324130603460E+01  2.17498070444361070E+00
  3.62493203924014780E-01  2.22898747250669730E+01  8.14072851237544090E+00
  3.90540239164096370E-01  1.32566830936635500E+01  1.30315465892744160E+01
  6.25248164210708260E-01  2.28039462458165260E+01  1.43325530171836240E+01
  3.93024383017402490E-01  1.35745218571551050E+01  1.95853295130968340E+01
  2.83517655556827110E-01  2.69087622212120930E+01  6.38051192453379730E+00
  5.16562546778196820E-01  2.39169183926950100E+01  2.86557773509852640E+01
  5.96777348356598920E-01  3.79089537375704390E+00  5.28976780386255370E+00
  3.35017483125717060E-01  4.99459336480315130E+00  6.76557187172695330E+00
  5.69344335137112000E-01  1.92277718216042220E+01  1.73504538654154780E+01
  5.55509338843663690E-01  2.06894797021740050E+01  6.00133565385735060E+00
  4.09775903561979240E-01  7.23426119682530630E+00  1.66008626814769760E+01
  3.20574425314766210E-01  2.87403724701081560E+01  2.90738872376941270E+01
  5.39466591144820300E-01  1.27290289512983940E+01  1.37964194623891230E+01
  5.18725390566230620E-01  2.70382669501469440E+01  8.28881713973719950E+00
  3.62493203924014780E-01  2.30880109050267070E+01  2.83647374588449420E+01
  4.23675716525973380E-01  1.49186710598584900E+01  1.16265384391628950E+01
  4.13050329149462850E-01  9.90139199986195710E+00  5.64038457986694830E-01
  3.01731430220296380E-01  2.61375327296157640E+01  1.88412562742816050E+01
  3.48156346672602490E-01  2.27558123920713450E+01  1.88595704748303420E+01
  6.83531487369900860E-01  1.18917365375714010E+01  1.89121306215074120E+01
  3.27197753470684690E-01  2.80901880374776840E+01  4.31425753013156750E+00
  3.50974061745161330E-01  5.05519974769913020E+00  2.76068489249409940E+01
  5.77649046292645880E-01  2.08213698053445850E+01  1.64928053924451770E+01
  5.13614394364816020E-01  2.54733256196695560E+01  2.27973186708992270E+01
  7.17953871372127320E-01  2.41493185064386290E+01  1.23174949361667010E+01
  3.01731430220296380E-01  4.32136856100432000E+00  1.60312389212267760E+00
  6.14584822297879540E-01  3.47619321238488200E-01  1.51067614460657450E+01
  4.69641390777102340E-01  1.19483485418078210E+01  2.55735285315789940E+01
  4.49154676673646060E-01  8.89147255938216220E+00  4.18159931569858930E+00
  4.82268891960512480E-01  2.64016445204413050E+01  1.57506926244518510E+01
  6.26908127420837150E-01  2.35864818612827740E+01  1.00239792177142050E+01
  2.50971712925384870E-01  2.88283072056898430E+00  8.23577546830262360E+00
  2.62213147743524950E-01  5.14968894811018350E+00  5.14232970694299850E+00
  6.45167794061425240E-01  8.53900903713569730E+00  2.25268462379931230E+01
  5.94931591270377070E-01  1.39194872276137680E+01  1.14332696173736020E+01
  7.68548325332126940E-01  7.45960421366093660E+00  2.47819595046836520E+01
  4.36195486319121350E-01  2.28098935766727490E+01  2.09848802577281820E+01
  5.33066537704075310E-01  1.02875638877284370E+01  2.68770434866045030E+01
  5.62178328188990490E-01  2.53446933348267860E+01  9.15101021555272710E+00
  2.97561439636419770E-01  7.00373631910021290E+00  2.57620946363860130E+01
  4.82771447840326400E-01  1.63883668234176020E+01  2.67745431124824480E+01
  6.61562106526255890E-01  2.78143917045666100E+01  2.93984101710207530E+01
  5.04339573614743570E-01  2.91220089866874860E+01  2.68046199754246080E+01
  3.45648959319623030E-01  1.37541010038850300E+01  1.24721688456421290E+01
  6.95947079841625180E-01  3.70986220198681590E+00  1.39102575500115790E+01
  4.75626642073745920E-01  2.16109593637818950E+01  1.08172277335173610E+00
  2.57534358191145160E-01  2.47933030755998370E+01  2.04983480338506650E+01
  6.30423428531534040E-01  4.52912504981817590E-01  1.97984121598000090E+01
  3.25516939164680520E-01  1.37557298188008200E+01  1.49373424023897100E+01
  3.14110289759674140E-01  2.32373312285291260E+01  2.03693203113326430E+01
  3.99477862283745790E-01  2.41062424344072990E+01  2.16781645235942370E+01
  6.47236078597052340E-01  2.20695824532598730E+01  2.84681743836203540E+01
  5.28731261397185740E-01  2.34910157533133820E+00  1.09343188760429090E+01
  4.43807889241729470E-01  6.07629030588247330E+00  5.93003453153746920E+00
