1
  1002  2.96924426640336700E+01  2.96924426640336700E+01  1.00000000000000000E+00
        0.00000000000000000E+00  0.00000000000000000E+00  0.00000000000000000E+00
  3.45648959319623030E-01  1.73999573095809550E+01  2.79258174424135990E+01
  6.42005949159872720E-01  1.29431963225202050E+01  2.09625443774808180E+01
  2.74003615458356760E-01  2.13688467521340900E+01  2.52551400035853180E+01
  3.87653287431749970E-01  6.14435607688488710E+00  2.87690819654203300E+01
  4.18948713530687210E-01  1.41768275798663870E+01  2.44920474224370610E+01
  4.53451232343747090E-01  2.54328573605971680E+01  1.03492737864975060E+01
  4.21603844523193420E-01  1.70703818864646450E+01  6.10961430189799780E+00
  2.62213147743524950E-01  1.12042694300197960E+01  1.06583109845884540E+01
  6.94903868090152520E-01  1.51741519353554040E+01  2.80689714859898880E+01
  6.31563936872940970E-01  2.84716797394227750E+01  1.46537879713100350E+01
  7.01778375544082420E-01  2.59975831186978610E+01  8.44327212099357990E+00
  3.46434506905438330E-01  1.57698060058118000E+01  2.14464812675852380E+01
  3.50662231740508900E-01  6.88628027816454670E+00  7.07978382120408870E-01
  3.01799748246536660E-01  7.22168050460757630E+00  2.34839510663414950E+00
  4.41298336829792340E-01  1.80626228204745020E+01  7.48381229410386430E+00
  3.39481361119070080E-01  1.59680640813982850E+00  9.44428068172526740E+00
  3.83181557852844270E-01  1.07867402952312300E+00  2.49323672007756340E+01
  6.75156127532392600E-01  2.39019901908340130E+01  2.83227155903641080E+01
  2.73281005279713530E-01  1.89227538163995560E+01  8.86628251131626930E+00
  6.65634982039605120E-01  5.52660481433493620E+00  1.58142096617796940E+01
  2.54824432159977790E-01  3.40542414966340660E+00  5.44014201398021950E+00
  2.84029264846615530E-01  1.91876082601044370E+01  2.04944965569528390E+01
  4.62836237406567810E-01  2.69446778900688240E+01  4.65141995970656910E-01
  3.33973424357718240E-01  2.90983635047857480E+01  4.88432134976148900E+00
  4.91872428060923640E-01  5.72010713494309450E+00  6.88739354549693510E+00
  5.52490392167627680E-01  6.14792924519059540E+00  2.33691254994119650E+01
  5.39466591144820300E-01  2.85035017384165530E+01  2.35056971793280450E+01
  5.65219172841477580E-01  5.91096571508999520E-01  6.79038812842954620E+00
  3.53776024442120150E-01  4.38575284892852490E+00  8.20452381945189660E+00
  5.54611473665029210E-01  2.03736315842123080E+01  1.76480420898637330E+01
  4.81368497469048420E-01  2.18769627671798830E+01  2.68917017401894260E+00
  2.84672167568555990E-01  9.59660081214542160E+00  2.56343447875574630E+01
  3.06898385793053400E-01  9.22735477464269490E+00  1.15031903163754080E+01
  4.49954956992444630E-01  3.02165820621511870E+00  1.72212353022701170E+01
  5.88686278844574580E-01  1.07580976505921480E+01  1.61398772700134360E+01
  4.36315933331792570E-01  2.43922374170405300E+01  1.75088652074307770E+01
  5.46155746035104350E-01  8.98204871025839680E+00  1.32818190537237870E+01
  4.11346310528290360E-01  6.80351095705685440E+00  8.36326219426335630E+00
  7.44650008855257360E-01  2.13050916518561700E+01  2.83557450552053250E+01
  4.68162992243922280E-01  8.34273123457856160E-01  1.93088570367362030E+01
  7.11073931023246340E-01  5.84561952313075840E+00  1.24970485623303310E+01
  3.02034441597155470E-01  6.38987997650311620E+00  2.58514569243912430E+01
  5.12509616084684260E-01  2.27346611979994510E+01  2.65817990411194710E+01
  3.40422717275118370E-01  1.31624090812754950E+01  5.86722642451260600E+00
  6.65634982039605120E-01  1.30379776199088120E+01  2.28509108271146460E+01
  3.75295693565172690E-01  2.01253408313274810E+01  1.34523807527065210E+01
  4.75626642073745920E-01  2.23128420824024620E+01  2.16696385424679220E+01
  4.72038094207023740E-01  2.73348601156268710E+01  1.20424839718412930E+01
  4.29902962432020440E-01  2.35694838596062690E+01  1.22123945454654570E+00
  5.68910711623079470E-01  1.30140624894501200E+01  2.66715458688880390E+01
  3.07263188066738420E-01  2.10929435608473420E+01  4.22194704767849770E+00
  6.10911033360540580E-01  2.30208496243327830E+01  5.39567262395995240E+00
  3.43353541919950760E-01  1.61693092695240350E+00  3.61379221294199130E+00
  3.15231116497538320E-01  2.19757687701720850E+01  3.52138357241694690E+00
  3.78068289465320630E-01  1.46960653104412740E+01  1.83118529150240550E+01
  2.54824432159977790E-01  1.35763709680253120E+01  1.19741671179680260E+01
  5.44558358435121190E-01  1.24495295989297630E+01  1.44584013225528080E+01
  3.56000803327192820E-01  2.36663680227013270E+01  7.70096176621947050E+00
  3.13454063710418570E-01  1.60561078900378140E+00  1.94318429552550530E+01
  6.12591031919131530E-01  1.66902390272160980E+01  1.45273260797800620E+01
  6.47236078597052340E-01  1.23403306744268470E+01  5.28008330378449920E+00
  2.65726189967390210E-01  7.22814143340156970E+00  1.95243990895583860E-01
  2.96653470797716330E-01  1.16457259879861130E+00  9.97288445742016980E+00
  3.45648959319623030E-01  1.38153951102323090E+01  1.91059760613234030E+01
  3.13454063710418570E-01  5.59519036301384000E+00  1.38286168179320960E+01
  3.39073066583844400E-01  1.43225993544657280E+01  7.19576340557229610E+00
  2.96256570285591500E-01  4.05091815188054750E+00  4.15606544601428410E+00
  4.19081387041561550E-01  1.33302791845710400E+01  1.00945581761696520E+01
  7.08391389715138510E-01  3.54476019029296860E+00  1.07221287243259430E+01
  7.16035261746952050E-01  2.90048232428065800E+01  6.86548996833922760E+00
  4.43133439323318520E-01  1.84233150153335110E+01  2.55530747985944870E+01
  2.73281005279713530E-01  1.37918370300215240E+01  2.05916085441448190E+01
  3.35017483125717060E-01  9.71368119462009540E+00  1.66564631528168760E+01
  5.09222041678605210E-01  9.75210005673327270E+00  2.18766442804076960E+01
  4.27719079604653450E-01  2.08838073317245550E+01  2.27637124127462690E+01
  5.81299825206354370E-01  3.22519283094863240E-01  1.68921474463766440E+01
  5.46155746035104350E-01  3.76992874429810820E+00  2.02033721384315260E+01
  3.05466220251299840E-01  1.89544766477530220E+01  1.14184044074123890E+01
  3.11838068626578210E-01  4.01968796426413100E+00  2.10235230641063780E+01
  6.27423008989955560E-01  8.15736827285367030E+00  1.14860166255469150E+01
  7.12424816007452400E-01  2.54346965414191890E+01  2.62256613592519870E+01
  4.41140732643827070E-01  1.28518047517676840E+01  2.39398680164596910E+01
  3.80273533482480450E-01  2.89572240995376330E+01  2.93317164947327350E+01
  3.29796701345061780E-01  2.66443774044474150E+01  1.53975077842761060E+01
  4.15252526658189590E-01  2.13430212796697280E+01  1.53315569766145040E+01
  2.59062449636064510E-01  6.92792921772493560E+00  1.71548937364218470E+01
  6.18419083689772810E-01  2.26451894686470470E+01  1.60607638817961770E+01
  5.04213456464067280E-01  2.40744114254442640E+01  2.06676271672002090E+01
  3.48156346672602490E-01  2.11363317840812460E+01  2.58321205411784760E+01
  2.89042915761794110E-01  2.51806492715060410E+00  2.52773727043170770E+01
  3.05466220251299840E-01  1.41383961962530460E+01  1.28506034388804960E+01
  6.49919166153384610E-01  1.99084324544363400E+01  1.14567728435686290E+01
  6.14379095469630790E-01  1.83509323003558120E+01  2.78006685976425660E+01
  7.00411917450214720E-01  1.01804280043790720E+01  1.11793099642063720E+01
  5.69344335137112000E-01  2.45605607654536090E+01  1.34299377425512300E+00
  2.57564851167384970E-01  1.01293515042175760E+01  2.67112031920670030E+01
  4.13050329149462850E-01  7.24774262599460960E+00  1.77460413584416910E+01
  6.18419083689772810E-01  1.40245527804437290E+01  6.28679188411141170E+00
  4.26523982883737140E-01  2.33441389869085400E+01  2.00921820768476780E+01
  3.78209123272245940E-01  3.23699873096464150E+00  1.80206385670355220E+01
  2.63055759251188670E-01  2.57681093954548610E+01  1.27798159463274140E+01
  5.00274833943758600E-01  3.30936510627077940E+00  2.92701481490347070E+01
  6.01687927537542500E-01  2.38840155023079430E+01  1.38806459495972960E+01
  4.86073626967704090E-01  2.98831508084567950E+00  8.87432242682014660E+00
  7.62474117278193650E-01  1.46868832322293950E+01  2.66966322095830930E+01
  4.87886881528419990E-01  1.23219734601023810E+01  3.44073805169905800E+00
  2.99038091422116640E-01  2.96327594483095990E+01  2.94032448906185560E+01
  3.50974061745161330E-01  1.24127251033038770E+01  2.73658128470333180E+01
  6.10572080928614460E-01  2.05059937348900830E+01  1.59239536739639360E+01
  3.01731430220296380E-01  4.42372010529923010E+00  2.84030474653511260E+01
  2.59062449636064510E-01  1.36909301731420430E+01  1.25067533856419610E+01
  6.99477888048091770E-01  1.15611289704033910E+00  2.24340520635929080E+01
  4.41666133880560000E-01  2.56867147230098140E+01  2.13475370794062090E+01
  6.86210935380316480E-01  5.34666405915135900E+00  2.80514148039797820E+01
  5.27425300578987690E-01  1.14191672111339390E+01  6.02074992813483070E+00
  7.54505484792745040E-01  1.58159569011737440E+01  8.05400333028640420E+00
  4.11696508529454960E-01  1.32302450543753820E+01  1.39087589689443850E+01
  6.26517897412854200E-01  2.58667441952597380E+01  2.24001643308533250E+01
  5.72142532162989690E-01  2.14913769399745900E+01  1.77877475641981850E+01
  3.47451934045076260E-01  2.66444886149350420E+01  2.31305745867744910E+00
  2.57564851167384970E-01  1.63267542020874130E+00  1.72993899243967450E+01
  5.33859136323620030E-01  2.66165910392392440E+00  1.87057162673779800E+00
  2.69169509893181310E-01  8.16628238137959710E+00  1.00391405148800570E+01
  4.24351701398837560E-01  1.09303439553601330E+01  2.49202845866456640E+01
  3.11762329988951370E-01  3.95723258082124560E+00  2.59201565835022510E+01
  3.50974061745161330E-01  8.01358326522846910E+00  2.38563632335945960E+01
  2.66929568161810020E-01  2.41256708545412660E+01  1.87590152182726970E+01
  7.20816873845379820E-01  2.35013004876488370E+01  6.63766376384029040E+00
  4.22201084465533680E-01  2.08978196027372470E+01  7.79130339228899520E-02
  3.09209541844886400E-01  1.57061278079480820E+01  2.07939382619335550E+01
  2.62213147743524950E-01  5.33223777999854230E+00  1.06904137115671000E+01
  7.60411681679863700E-01  2.62825489939108080E+01  2.91308264636990660E+01
  6.67521681419926690E-01  9.98428670807250460E+00  1.76505794453689580E+01
  4.37954134865551840E-01  1.33239111766341340E+01  1.77603570377779360E+01
  7.16654247500547470E-01  1.28022862506723210E+01  1.87898303961613390E+01
  7.12424816007452400E-01  9.17531234441965890E+00  2.65376264815838430E+01
  3.61198882346046800E-01  3.18402515583077680E+00  4.48724351274741640E+00
  3.82245446386266610E-01  6.83911154253985740E-01  2.14613378462056230E+01
  3.58737518624021320E-01  5.65898541703626550E+00  4.02299558240627860E+00
  5.81547682683179710E-01  1.63954631378928080E+01  6.85041477606994760E+00
  4.21963532045373490E-01  1.70922658139197380E+01  1.01007398216169730E+01
  3.12648490279368120E-01  3.40105687114053980E-02  5.07155829096111970E+00
  3.25036994184950640E-01  1.52555910046651770E+01  1.02433471023303360E+01
  3.83290088603488770E-01  1.05217507068214080E+01  6.35244968799928780E-01
  2.93443024193560210E-01  2.29178442879025970E+01  7.46709463221429990E+00
  2.66929568161810020E-01  6.32084831149991900E+00  3.06326856730778640E+00
  2.99038091422116640E-01  2.22709266705170710E+01  2.08741863438782500E+01
  6.00040109246873770E-01  1.74971643546435800E+01  2.10714906941348940E+01
  7.14535578675763720E-01  2.45319894633658460E+01  2.25225928816206600E+01
  3.06898385793053400E-01  2.98355594574841640E-01  3.47159773555206860E+00
  3.45648959319623030E-01  1.12225326373279620E+01  1.12654668321693450E+01
  3.87046365911375680E-01  9.57087158168139670E+00  1.54245310696433560E+01
  6.56539952722306990E-01  1.24633302200146860E+01  6.57724099361169930E+00
  5.07436062422724900E-01  2.75812558662393170E+01  5.55922601556435760E+00
  7.39270392714900380E-01  1.91712456150467820E+01  1.53327880017559450E+01
  5.38024295323284910E-01  8.82899974827662960E+00  2.23748008691472930E+01
  7.33199636544987770E-01  2.94948787976586500E+01  2.82504552669792840E+01
  6.31923671661538840E-01  9.88615108569914010E+00  2.47651004574155140E+01
  5.72951670348821020E-01  1.16625093060951850E+01  2.55967539059148090E+01
  6.40456937776772590E-01  1.23905891222867390E+01  1.32756273003949450E+01
  4.77241894706072770E-01  7.33385083637409530E+00  7.65035079478451860E+00
  7.64764367446448820E-01  7.36806732809402030E-01  2.38367262562481730E+01
  7.16535845940979770E-01  1.31738758571269190E+01  2.53530299689331180E+01
  3.10705613459761840E-01  1.17050570847976430E+01  2.64788589988461670E+01
  3.89901968262705180E-01  2.46614686333052790E+01  1.56177669218451050E+01
  7.15011499502423580E-01  9.45209104615440940E+00  2.34596035138348500E+01
  7.60297905848187840E-01  2.39637930241146290E+01  2.62522493204245610E+01
  2.65726189967390210E-01  2.18493266429301260E+01  1.00100506896365590E+01
  4.53492046339069340E-01  8.90280262479262770E+00  2.13882912460149260E+01
  5.18725390566230620E-01  2.46034466779368090E+01  2.73572067839001360E+01
  4.24020504903543660E-01  8.89449757861043370E+00  1.76769902066548070E+01
  5.17634268500846420E-01  1.70834130314316110E+01  2.00345084638225120E+01
  4.54567147313974470E-01  1.35636954433522890E+01  2.18644653699200260E+01
  3.65965634987757580E-01  6.94409835957735750E+00  2.95556861890129450E+00
  2.96256570285591500E-01  5.67954308915336980E+00  1.95549373023390270E+01
  5.50543265074639000E-01  2.67399262169318950E+00  4.83761453619750540E-01
  4.46540105696671490E-01  7.16883115521982540E+00  2.17330559292518150E+01
  6.47236078597052340E-01  6.10769222674945400E+00  1.11649221297350110E+01
  4.82769235883485770E-01  2.63604609406817330E+01  1.23267537104297830E+01
  2.97529618718302210E-01  1.49094624900821450E+01  4.20615933499119080E+00
  4.13811620468168510E-01  1.18604795428871150E+01  1.08194107460617860E+01
  4.87785457169642190E-01  9.71173212969843470E+00  1.00891309364035870E+01
  3.41778742319800830E-01  1.92974400599839020E+01  1.00148355862736840E+01
  4.05793634226126800E-01  2.25027779300658000E+01  2.74700402119624060E+01
  7.14516279726398110E-01  1.04851592309508950E+01  6.83873402847987850E+00
  3.71799304162545760E-01  1.31380147703396500E+01  3.71036596626703740E+00
  5.77820253962530560E-01  2.27516323837674010E+01  9.93118552746638980E+00
  4.75626642073745920E-01  1.62116235064150340E+01  2.42010721069639700E+01
  5.46562010559427060E-01  1.82858137523568230E+01  2.19029812400691350E+01
  3.29506256422424390E-01  1.13758893014741800E+01  2.43130641740329910E+01
  2.62213147743524950E-01  1.06302878338527260E+01  8.18699703685943800E+00
  3.63105686475124490E-01  1.68877585922196620E+01  4.14089956059328920E+00
  7.08391389715138510E-01  7.90725061006223310E+00  2.07906813034866180E+01
  4.26578460793149810E-01  1.82915405943049370E+01  1.19618400348318390E+01
  6.08873319065221350E-01  2.67053170578596770E+01  1.72677083349838190E+01
  5.39466591144820300E-01  2.30955273627708520E+01  2.10248545879904080E+01
  4.66553963192992600E-01  2.66539585292171640E+01  1.61935541302580790E+01
  4.82771447840326400E-01  2.25824748784650780E+01  4.39370490427995810E+00
  5.13004586318856950E-01  1.83780115458165620E+01  2.65077056237381360E+01
  3.17084428049163950E-01  3.71565922390239000E+00  1.17319753516699770E+01
  3.50974061745161330E-01  1.30915949185658200E+01  1.63649548820876620E+01
  3.82382183723224410E-01  1.07272335107829310E+01  2.04487836239504480E+00
  3.77759649416993960E-01  1.84710172301173330E+01  2.09967249139271280E+01
  5.74203886104520670E-01  6.35538780224937310E+00  2.22310783263052470E+00
  4.11346310528290360E-01  2.27347073638192360E+01  1.32348056610562860E+00
  5.06367095649294540E-01  2.33589640328411720E+01  1.88528793002497250E+01
  6.01687927537542500E-01  1.00331031472146930E+01  9.04957679001246970E+00
  2.49794182180603610E-01  2.26104370534291130E+01  7.01952368164544540E+00
  6.11481049571092420E-01  1.94587062183207530E+01  5.57266753584242200E+00
  5.03927515451986880E-01  6.90293683842316060E+00  1.48165670626452300E+01
  6.35485889077753010E-01  1.08459843552816440E+01  2.14414481011597640E+01
  2.99038091422116640E-01  1.59490043363043330E+00  1.54497978388644430E+01
  4.22541054278063120E-01  3.93472311992825660E+00  1.84513657360042420E+01
  3.05466220251299840E-01  1.79934590409182250E-01  2.87149892318824340E+00
  2.62213147743524950E-01  6.46709945791300460E+00  6.79946626770122010E+00
  3.61769499680632390E-01  1.18335249262335940E+01  1.83180814083854560E+01
  2.47647088603063280E-01  4.35713750753891290E-01  4.68048581749516400E+00
  3.11155895623034430E-01  1.41741841699709180E+01  2.57534621424594330E+01
  2.66929568161810020E-01  3.91891049919463800E+00  2.86644608018718400E+01
  6.90395435464654740E-01  2.01040162258591440E+01  2.08247217908980780E+01
  2.96503602823160150E-01  9.87921445062321620E+00  1.60345785909915680E+01
  6.57722721512726150E-01  2.17686791618521800E+01  5.19249430156545790E+00
  7.24777883420223110E-01  1.51628602795067470E+01  1.12887004178124140E+01
  5.48279863025970290E-01  1.91849532824887600E+01  8.08810639777187390E+00
  6.40748513009616880E-01  9.61783065644259590E+00  7.87994240845728290E+00
  2.56092450391898300E-01  2.19384558280531470E+01  1.65753735026905280E+01
  7.17499092254363010E-01  1.55182887104593380E+01  1.39018636019471340E+01
  4.66141488621800890E-01  1.42863816879966750E+01  1.20938709330053480E+01
  6.33759023001558490E-01  7.90024762581131410E+00  1.27203673897512620E+01
  5.48279863025970290E-01  2.64817395588110480E+00  1.62957718729733970E+01
  4.19081387041561550E-01  1.80789274867723260E+01  1.35216540556589740E+01
  5.70902198024309190E-01  2.08175337785934640E+01  8.31493822584407380E+00
  3.17950877609215300E-01  1.43665697152432940E+01  1.94733192559819090E+01
  5.96963967672292380E-01  1.04541085990526610E+01  1.49950254051370230E+01
  6.18832453479690690E-01  4.90611686174477860E+00  1.80762392066602900E+01
  2.63339374245984010E-01  2.94425734177841530E+01  2.35494622594715610E+01
  3.55036581058269410E-01  1.25490733758549830E+01  4.25013180772789580E-01
  5.84913004272127690E-01  2.03579760814772650E+01  2.63448590489315460E+01
  5.77235448209733180E-01  4.95448799050342180E+00  9.19546464787059040E+00
  5.01105313190319460E-01  4.83289118948715490E+00  1.68639585120164990E+01
  3.83598938984435380E-01  7.88935100016772140E+00  2.49976293317968730E+00
  5.98360795606824340E-01  2.50418990345186820E+01  3.82228071071576850E+00
  3.41778742319800830E-01  2.45583160281806910E+01  6.54172126947679010E+00
  3.29796701345061780E-01  2.37725880138005050E+01  2.32385139218224100E+01
  3.84420431658369740E-01  2.05140094502055210E+01  2.41455730547222310E+01
  4.91872428060923640E-01  1.20984645220269640E+00  2.57972984689116270E+01
  2.93443024193560210E-01  3.62795512242586370E-01  1.87113329637795050E+01
  5.81299825206354370E-01  2.80343796399539790E+01  8.77636412042126860E+00
  5.68243553274813350E-01  2.97251179228829890E+00  6.13966111174033190E+00
  5.39001667068871980E-01  9.78204784459475010E+00  8.59678367570424480E-02
  7.01587183784351610E-01  5.23268490308866330E+00  1.61939658919756120E+00
  4.45239477383046460E-01  8.77662803798008720E-01  1.06561195094201240E+01
  5.39001667068871980E-01  1.80288935406859000E+01  6.05908505498623030E+00
  2.86134314477376340E-01  5.51494490897332310E+00  2.90090739473466930E+01
  7.70254277643880240E-01  7.96981690922947370E+00  1.41223236166047760E+01
  3.45648959319623030E-01  1.00460700996945160E+01  1.78881939850597900E+00
  3.39481361119070080E-01  1.08370179613680120E+01  1.92286792280547760E+01
  3.04461637453634990E-01  4.58903140251469570E+00  1.60582242377245410E+01
  5.20369884994360540E-01  1.18349289706808210E+01  9.88559177518942530E+00
  2.65726189967390210E-01  2.03087786716072360E+01  2.81888731318594740E+01
  6.26908127420837150E-01  1.47522499884541690E+00  1.63678994373057770E+01
  3.48480710258510130E-01  1.70146209774852120E+01  1.17239174487484130E+00
  2.96653470797716330E-01  2.90322204010818510E+01  8.89986823557298120E+00
  6.31923671661538840E-01  1.39818219797244390E+01  4.25374399472608820E+00
  4.09705559579089850E-01  2.62648404256696710E+01  1.47632777427612540E+01
  6.72499163702481620E-01  2.87263691962754780E+01  1.99516779573568570E+01
  2.84029264846615530E-01  2.72676626708650040E+01  8.37716021088174050E+00
  5.34631033075580400E-01  2.53319364303742630E+01  6.13080094312761310E+00
  6.17076625982510940E-01  1.51984011495721420E+01  6.81466376023922040E+00
  6.55074006360275090E-01  1.37055666912603300E+01  2.81364017784124340E-01
  5.46562010559427060E-01  7.01560260346292090E+00  2.91040033562431720E+01
  5.17626013175185660E-01  2.79717250604083600E+01  1.12856770069017430E+01
  5.82207618145930890E-01  2.17495298034029500E+01  1.22104539090636330E+01
  5.98268629341587580E-01  8.39922774283763120E-01  2.91969261002833700E+01
  5.34553382826858140E-01  6.06556511061210470E+00  9.22457720239298240E+00
  3.76753951196820710E-01  2.38975041595802690E+01  1.81535806640217350E+01
  7.52518120402026810E-01  4.57276895060823740E+00  2.94458051678391930E+01
  4.81368497469048420E-01  8.16011019090543680E+00  7.16459616851048150E+00
  6.47413426355271770E-01  1.29602502052267390E+01  2.50278577465030460E+00
  3.05466220251299840E-01  2.27670874096928120E+00  2.80581159611310690E+01
  4.46689977500956030E-01  4.31899666514018680E+00  9.25389009546652370E-01
  6.18566685513849460E-01  2.78821945232837260E+01  7.58654642771340450E+00
  5.36592099856838090E-01  1.63281299626546710E+01  1.66008160408304660E+01
  5.09574347305064630E-01  2.49479642585191320E+01  1.47656684647129910E+01
  4.92328788949218680E-01  1.10932784769847790E+01  2.78180460823477280E+01
  4.83351594707823830E-01  1.11951569914219170E+00  2.04259892336013320E+00
  4.40650972415989980E-01  9.00398268570489790E+00  8.88457637007875430E+00
  6.10911033360540580E-01  1.66138980470435630E+01  2.18981645784333950E+01
  4.34172467284937990E-01  5.82574951924599200E+00  2.63229596037520610E+01
  7.03188417218805210E-01  2.15889161414264810E+01  2.43035871395606160E+01
  2.92799561075502800E-01  1.99206372947348170E+01  4.76212742236560160E+00
  5.68243553274813350E-01  6.61841304749936480E+00  3.84321929643450100E+00
  4.60682082706054620E-01  2.06954788103785030E+01  4.87893907592319120E+00
  6.41715074739605920E-01  2.56919599544406980E+01  1.56441300499109860E+01
  4.55206736325743130E-01  2.00909606136062350E+01  2.23767602596266820E+01
  4.22201084465533680E-01  3.50106250236835330E+00  3.69480364373639650E+00
  3.63079661055833470E-01  8.52905759981568320E+00  4.16947659124691050E+00
  2.63055759251188670E-01  1.92661484607574920E-01  1.29980957973224720E+01
  5.32877675645020420E-01  1.98708804198493440E+00  2.71409630826977550E+00
  5.77235448209733180E-01  2.51152408946031170E+00  3.82996035870005790E+00
  4.09775903561979240E-01  2.62823774004814940E+01  2.69589524551222120E+01
  6.93187364831086050E-01  1.10711110137322240E+01  4.85174676520243240E+00
  4.30054269381220950E-01  1.47774366388975040E+01  9.65971069092372760E+00
  5.07436062422724900E-01  7.10680938294306590E+00  9.25598660461221630E+00
  2.49948351789403130E-01  3.29968910042305770E+00  1.33892371201271030E+01
  3.16022212934137680E-01  1.93016046711687310E+00  2.54333801442215270E+01
  4.72818350263822220E-01  2.22838546412285940E+01  2.90848207773034170E+01
  4.46689977500956030E-01  9.22921074337692640E+00  1.68317999755652180E+00
  4.74581552528920360E-01  2.56248515520029050E+01  1.73330165745968900E+01
  4.86590143357422540E-01  1.18179091984807590E+01  2.08817006428913960E+01
  2.73281005279713530E-01  8.24523876496677130E+00  1.91152278058083880E+01
  5.20515140446715560E-01  4.68055550250967830E+00  1.02574434115812530E+01
  4.13811620468168510E-01  2.78975436257910620E+01  1.27262523397895460E+01
  3.81419328643079860E-01  1.45771190161109270E+01  2.37997241867909820E+01
  4.05593309893122810E-01  1.34241882731604250E+01  1.31151482891410950E+01
  5.85380732291966590E-01  1.28065271170433140E+00  2.02693594287485760E+01
  4.06599624824484800E-01  1.47399329999608920E+01  4.37351248539457060E-02
  6.40456937776772590E-01  1.04852904317347240E+01  2.58872050798734460E+01
  4.75626642073745920E-01  2.12340246943003560E+01  1.67721648692968020E+01
  5.09222041678605210E-01  4.02061686909797620E+00  5.89234240979087880E+00
  5.77820253962530560E-01  1.17991671882457410E+00  1.46575936797567220E+01
  3.80273533482480450E-01  2.84447068726588950E+01  2.78814178881372250E+01
  5.01406606281285510E-01  2.95621960361892530E+01  4.18959963545004400E+00
  3.59079136884617700E-01  1.08383876890369850E+01  1.70829400451771460E+01
  5.94092381958372510E-01  8.68616101802733630E+00  2.45193310952045170E+01
  2.54611020839302520E-01  2.31495132359442340E+01  1.43409841235750020E+01
  4.99223721401470310E-01  8.68883847884582220E+00  1.53453840612360380E+01
  2.54611020839302520E-01  2.51049961030935410E+01  5.37498523276759600E+00
  3.20574425314766210E-01  1.28995175583587460E+00  7.33364769350618670E+00
  2.85767805251094040E-01  1.61234382681455170E+01  2.78257902130065130E+01
  2.54611020839302520E-01  1.23896379579632490E+01  1.12273688941643410E+01
  4.12246671516209600E-01  6.08427942577697940E+00  4.66474862896340970E+00
  4.41298336829792340E-01  5.86245917230528860E+00  2.02692753576041160E+01
  7.09985914168247060E-01  2.17468130272137120E+01  7.43502672411534430E+00
  6.80956647410425740E-01  1.73830774580137800E+01  2.39141182393470050E+01
  4.75338540515479570E-01  7.67545525288877430E+00  2.48654124519190240E+01
  7.49588614928249000E-01  1.00718179122216630E+01  2.85233237697627400E+01
  4.74033319401206570E-01  1.86375705606009670E+01  1.28250267918444010E+01
  5.20515140446715560E-01  1.55187428009603250E+01  2.92341197396814960E+01
  5.48131117613959250E-01  2.10884184799291110E+01  1.12531680700967250E+01
  3.46733456860136300E-01  2.53426533146709510E+01  1.87637092461096980E+00
  6.97384645011991290E-01  1.98541355757804610E+01  9.13755661072572250E+00
  3.78209123272245940E-01  4.39698093466206160E+00  2.16004374611983110E+01
  3.82382183723224410E-01  6.55763665816871730E+00  1.56316035280172870E+01
  4.46537248270915300E-01  1.63555506067776090E+01  7.29181242024548040E-01
  6.08690451339190200E-01  4.87137162802363210E+00  2.06742717609917260E+01
  2.59062449636064510E-01  2.09484859674836660E+01  2.03920546038664700E+01
  4.43756654693070110E-01  3.67950058579157390E+00  6.86252461505976900E+00
  3.18942867500738640E-01  1.89309271836248330E+00  2.70777719469538810E+01
  7.16535845940979770E-01  2.74512222268027840E+01  1.83626823921142660E+01
  4.62836237406567810E-01  2.25989901585764700E+01  2.48838715814899170E+01
  6.97384645011991290E-01  1.69198652316482770E+01  8.99669069031327060E+00
  2.47647088603063280E-01  9.50715335664037480E+00  3.42537427511225620E+00
  4.05793634226126800E-01  2.38528728769769640E+01  8.99566969605168150E+00
  5.37364664263313330E-01  2.68152286051478300E+01  2.42881700091129710E+01
  5.72881440675418570E-01  2.92321438411671370E+01  2.65756128831672530E+01
  5.04213456464067280E-01  1.99039586462871120E+01  4.72729644937185610E-01
  3.86557871019070410E-01  1.90933782464279740E+01  1.20959663275636840E+01
  5.62178328188990490E-01  1.42132006341904620E+01  2.32877741310544910E+00
  6.41715074739605920E-01  1.12629488897180090E+01  8.87267100816187160E+00
  4.54567147313974470E-01  1.26945932021182060E+01  1.71284274879373580E+01
  3.97011970696729720E-01  2.68934373112758500E+01  7.80952022371272570E+00
  3.99477862283745790E-01  2.84435098669586320E+01  2.86642462358962610E+01
  5.15931587153482510E-01  1.22090359931850860E+01  1.62892199239973440E+01
  5.98026541173087530E-01  1.81236855454075860E+01  8.52067849944401170E+00
  5.94917806945655060E-01  2.92271544878691890E+01  2.24407190526070100E+00
  3.86557871019070410E-01  2.17267603362280010E+01  1.76266494969241910E+00
  5.52347772924787250E-01  2.22776802978874540E+01  6.29000983810238430E+00
  4.05793634226126800E-01  1.39144841698977530E+01  1.83617629274792660E+01
  4.66753989857397040E-01  3.02802791015823350E+00  1.46264546896867000E+01
  6.77666041374141330E-01  1.48149715992080470E+01  2.03610987862054140E+01
  3.23306573977224420E-01  1.01320306094349380E+01  1.86301467749598790E+01
  6.88340418185590860E-01  1.12955533351376300E+01  1.40261192570115160E+01
  4.11696508529454960E-01  2.45109715380021380E+00  7.68833466949904400E+00
  4.03052389307286420E-01  1.40095741311682400E+01  9.33951837787588350E+00
  2.97529618718302210E-01  2.23267018037247200E+01  2.81508026812474840E+01
  3.13090147150790890E-01  1.86742373713822940E+01  2.90736508765755240E+01
  5.01435669612667030E-01  2.63007971343989410E+01  2.78696264867119830E+01
  5.26482748420329030E-01  1.88985357981270640E+01  2.54344199245449640E+00
  6.75156127532392600E-01  2.23025690866101240E+01  1.48145738902995670E+01
  7.20816873845379820E-01  1.90229856051518770E+01  6.83074451864415090E+00
  5.30006102735105960E-01  1.09435032479615640E+01  1.83664398986164310E+01
  3.43353541919950760E-01  6.85842658671124990E+00  2.48538444599459080E+01
  5.32877675645020420E-01  1.34068005192674050E+01  1.98833534701457100E+01
  6.44956217916396120E-01  2.78473503939267600E+01  2.95193871909442650E+01
  3.55036581058269410E-01  7.75378917174713410E+00  2.64318869795620510E+01
  4.30054269381220950E-01  1.37674600524057600E+01  3.21456800935608600E+00
  4.93734512940847830E-01  4.96469015298555410E+00  1.33186462664255880E+01
  3.42409596243210680E-01  1.88723805425401810E+01  9.47941157458633830E+00
  5.58952633370732950E-01  1.57197845891269670E+01  9.36392555805990590E+00
  4.49954956992444630E-01  2.78956866015416980E+01  2.71990953088898100E+01
  4.11346310528290360E-01  6.18240078957481390E+00  2.43320325457692800E+01
  4.72818350263822220E-01  3.94609677517806500E+00  8.90370468635037330E+00
  5.00672486592370710E-01  1.22026349960030700E-01  1.12233643103567060E+01
  4.15334611176110170E-01  7.54425715655779960E+00  2.74710535050801460E+01
  7.70254277643880240E-01  2.08334227025684760E+00  1.05121388611587520E+01
  5.32262962461145860E-01  1.93233071758460890E+01  2.59260957965003160E+01
  4.01880163826280960E-01  8.36804378862421140E+00  2.31929029065973290E+01
  7.41720708060832300E-01  2.43787922466633380E+01  2.41205185823668380E+01
  3.01674668393272730E-01  2.31637160184229280E+01  3.86719365032488900E+00
  2.66929568161810020E-01  4.63201035123849180E+00  2.37812420177746380E+00
  4.15334611176110170E-01  1.83765067774289930E+01  1.76003567954786930E+00
  5.20369884994360540E-01  2.88181650688053890E+01  1.63063160338721150E+01
  2.84672167568555990E-01  8.27429843145712420E+00  1.05818239048724370E+01
  5.18912146576496980E-01  1.30731567107515080E+01  8.31309889961567450E+00
  3.90540239164096370E-01  2.51632427500422080E+01  7.73945245762077330E+00
  3.63079661055833470E-01  1.71370096387228430E+00  4.32587233465188170E+00
  4.73113776075054650E-01  1.40928681020544370E+01  1.64854250311455390E+01
  5.55687039951364880E-01  1.22961688266401570E+01  1.99563184257182020E+01
  6.97384645011991290E-01  1.55757899451286960E+01  2.32273961651500340E+00
  3.54092873053847420E-01  2.32096141455151150E+01  1.32039647574071090E+01
  7.37991961479508610E-01  1.98512367482039420E+01  1.71310130038459050E+00
  5.10790949981952740E-01  1.93249760993101240E+01  3.48803630072965550E+00
  7.03918080384424090E-01  1.17660130765449690E+01  2.33564251805767280E+01
  2.69326463995374250E-01  1.11824057198822270E+00  1.71898762608173290E+01
  5.39922025342825940E-01  2.64381973904544620E+01  3.96053196926276170E+00
  5.39922025342825940E-01  2.02512871194698010E+01  3.98310219812798960E+00
  3.52682444144397330E-01  1.83251623144830160E+01  2.96400971336725800E+01
  3.17084428049163950E-01  2.22268877100835520E+01  1.89817269699126820E+01
  3.92511582998476170E-01  4.78181963317639980E-01  1.59314403174441000E+01
  2.92799561075502800E-01  6.25969842843946190E+00  1.96519990243865270E+01
  3.63105686475124490E-01  2.49439873880063590E+01  4.77869002904576680E+00
  3.25036994184950640E-01  1.15253755204710850E+01  6.86626430498966390E+00
  5.70902198024309190E-01  1.12764872298171530E+01  3.60484508349198320E+00
  6.18138908065390960E-01  2.45102059235856230E+01  1.08913466096332920E+01
  3.10705613459761840E-01  1.27216180394173380E+01  4.25049890095648660E+00
  6.99092076263204730E-01  4.70099205126028610E+00  1.93777612263788730E+01
  4.40295189098215370E-01  1.77886345759686080E+01  2.28687829135567180E+01
  6.52034765531911640E-01  2.00402071727685400E+00  2.44695756424116270E+01
  5.12628979659419230E-01  7.06661194430276130E+00  1.18172161562770840E+01
  2.68569610726517900E-01  1.29898076517255670E+01  8.64765967673315930E-01
  4.41473589537221400E-01  1.21815808501662450E+00  2.67297005786757890E+01
  7.41623060643924430E-01  2.89180138796947620E+01  1.32672705552242310E+01
  2.49794182180603610E-01  9.65279933272794640E+00  2.23543214421065350E+00
  3.44856808658559500E-01  1.17247990284394630E+01  2.72691483051399080E+01
  6.83701617051292750E-01  1.11312900061924290E-01  2.53809925283220150E+01
  7.19599311285852310E-01  1.47556867878560570E+01  1.16827488502443620E+00
  6.67521681419926690E-01  2.77220076423947220E+01  2.25863648699113600E+01
  5.40946473112310590E-01  1.54432842924193230E+01  2.34840739370468760E+01
  3.83579206291793930E-01  8.92296084238869900E+00  1.68717812747520700E+01
  5.04339573614743570E-01  2.25611954826197770E+01  1.82331396921926800E+01
  6.35523375007872900E-01  1.88151128192102850E+01  8.05519686639432740E-01
  3.44905765886116280E-01  1.46261526191257600E+01  4.98763580699287430E+00
  2.65726189967390210E-01  1.98796811597620860E+01  6.34248626149376180E+00
  4.87785457169642190E-01  1.49432695474285690E+01  2.15594347174144050E+01
  3.71299762957800540E-01  2.32792898786365360E+01  1.77329611919039360E+01
  4.13811620468168510E-01  2.40309801361775190E+01  5.15086538778862660E-01
  5.69423614487483490E-01  2.30520669127383930E+01  3.67073801342468450E-01
  5.83429036676414100E-01  2.23148534268089980E+01  2.27280999275128080E+01
  5.30006102735105960E-01  2.43809635701939270E+01  8.22357285050734180E+00
  5.16710955738981780E-01  2.68383895916584090E+01  2.17985801916227760E+01
  2.65726189967390210E-01  1.21883633049745170E+01  2.67920263261751580E+01
  3.18942867500738640E-01  2.15024072209098340E+01  1.04877714278921950E+01
  3.23881608201221470E-01  4.71817241961294800E-01  1.52153284041055110E+01
  3.54092873053847420E-01  2.91208064712870180E+00  7.07749083501283670E+00
  5.12509616084684260E-01  8.12760065308019900E+00  9.25923046522951760E+00
  4.99223721401470310E-01  4.92175733021155710E+00  1.43104466791433480E+01
  2.56092450391898300E-01  2.77350638852222930E+00  2.65225081826454060E+00
  5.45765227979075810E-01  2.32741744765912630E+01  2.20929953742296090E+01
  6.94010183176834960E-01  2.74349208545596460E+01  2.82459392673072860E+01
  3.57201130995523370E-01  2.80244185946975120E+01  1.74549612221691040E+01
  5.25895496843049500E-01  1.31297772833158370E+01  2.78684969274745850E+01
  5.10790949981952740E-01  2.74881676937197920E+01  3.94114870649107760E+00
  4.89717368181109780E-01  2.69969276875236050E+01  3.07131487703129920E+00
  4.82769235883485770E-01  1.37489928690563090E-01  7.73415120693196470E+00
  6.93278360304079300E-01  1.73249044108494630E+01  2.58341042246350090E+01
  3.35017483125717060E-01  1.34733281208515140E+01  1.70025811525683790E+01
  3.26514001167033020E-01  3.77384277949812310E+00  2.27073562937504720E+01
  4.75880684447443510E-01  3.91198363357248300E+00  4.91422530958606970E+00
  4.22354771203238230E-01  5.60147465407757660E+00  1.00610684600222020E+01
  4.11966131227655820E-01  7.61650653313748190E+00  8.49128718713509120E+00
  7.30946391186454210E-01  1.66479872821154910E+01  2.86953651725537710E+01
  4.22201084465533680E-01  1.85039261539869990E+01  2.43170438341927520E+01
  5.15931587153482510E-01  2.01009426841613390E+01  2.33466657709338680E+01
  5.52347772924787250E-01  2.61836348245704790E+01  9.68218278873008490E+00
  2.49794182180603610E-01  2.67315406097458710E+01  1.02668343386513210E+01
  4.50103975287380020E-01  1.07375270344505190E+01  2.95227243600454190E+01
  3.61769499680632390E-01  2.86875391137370080E+00  5.13784762830604880E+00
  2.77147605524350650E-01  1.46776099155640000E+01  1.04121941071032540E+01
  7.64764367446448820E-01  1.83533500377446510E+01  1.98604930090025530E+01
  5.71326189973923350E-01  2.05928932918246770E+01  5.90523871241108010E+00
  4.07877171249442140E-01  3.01489687934821540E+00  2.47859029769260780E+01
  4.46540105696671490E-01  1.75154964170842040E+01  1.78846097470934870E+00
  5.07606992315717240E-01  2.51165788191786700E+01  1.90192519532470890E+01
  3.01731430220296380E-01  1.91446354746026620E+01  2.10769929688850230E+01
  4.32382463464541460E-01  6.29317207013599230E+00  1.21866415929628100E+00
  3.25762576013666160E-01  1.06073342555473910E+01  5.75893185055832110E+00
  6.24920360555607160E-01  1.09518076068709080E+01  2.01857886827814750E+01
  7.38532964590205680E-01  6.89972682434387520E+00  1.88437781881288760E+01
  3.92511582998476170E-01  6.82126220502783640E+00  2.09702526494731390E+01
  2.97561439636419770E-01  1.59440569604776790E+00  1.42345244858331420E+00
  3.46434506905438330E-01  5.12083064688947150E+00  2.15961193620038050E+01
  5.89502618647478990E-01  9.18616675407496790E+00  6.72908463104355190E+00
  3.32399546609116130E-01  1.33819331341605280E+01  2.90415281646065500E+01
  5.77649046292645880E-01  1.51618438356351070E+01  1.26587706280862570E+01
  4.31729360191427780E-01  1.79410631936116470E+01  2.55523615476852890E+00
  3.17950877609215300E-01  8.22946049126903920E+00  2.17644684616964380E+01
  4.75880684447443510E-01  2.66181743634535730E+00  1.30439538530159440E+01
  3.91816801400439550E-01  2.71059180829288200E+01  1.28749431237825180E+01
  2.50163292655703180E-01  1.59947043335063630E+01  1.58885838286129870E+01
  3.42074681651230290E-01  1.37260510801701500E+01  2.72391862543133280E+01
  3.50974061745161330E-01  2.33818998771036920E+01  2.46593516929553580E+01
  6.18566685513849460E-01  3.19305638457657670E+00  2.81584504188348250E+01
  3.24719866931951940E-01  1.97755446288007380E+01  2.79356010601333300E+01
  3.57201130995523370E-01  1.08657519344476900E+01  1.19829924336178150E+01
  3.13090147150790890E-01  5.64396301923262380E+00  1.67922198592732880E+01
  2.58355477869490890E-01  5.25413088528233980E+00  7.47537520296774890E+00
  4.83351594707823830E-01  1.49788870818176620E+01  5.73680817304029670E+00
  5.48463672908306780E-01  4.20589925340594300E+00  2.75821570318881230E+01
  4.24351701398837560E-01  3.31544074701556780E+00  2.55611426790270780E+01
  6.80557430527969220E-01  6.02722076301202230E+00  1.38051416472578130E-01
  3.73125396709624990E-01  1.86676306190129470E+01  1.87642042041519050E+01
  6.77808113742920780E-01  6.13155095907888010E+00  1.76548536180848470E+01
  7.67512613708393760E-01  1.62122286094378970E+01  2.67774586796435300E+01
  4.76544583128828500E-01  1.67294996618327690E+01  1.75307236721565760E+01
  6.97738347479756800E-01  1.94967693775924220E+01  1.67560188289388490E+01
  4.49545157175862540E-01  1.29960152663637880E+01  1.23708741742803190E+01
  6.25336422111717830E-01  2.01302062066554480E+01  2.90600786524885030E+01
  4.99487474973056500E-01  4.56242269796819500E+00  2.24620648100403100E+01
  6.67521681419926690E-01  1.59999589595729150E+01  3.61973587428572690E+00
  3.44170209092795430E-01  2.81137483543249720E+01  1.04141337185482640E+01
  4.01880163826280960E-01  9.09707571107461100E+00  2.91352097653704550E+01
  5.95035019805102560E-01  8.86002691424100420E+00  5.06704971159443130E+00
  5.20348764567513020E-01  2.88874200582237930E+01  1.07978969007108960E+01
  7.44845164893703690E-01  1.23866337893382620E+00  2.79149766079004960E+01
  6.94010688862415210E-01  3.02907950119429390E+00  2.11966908071139030E+01
  4.00156705760987560E-01  4.40879370152801280E+00  3.55990519069103420E+00
  6.57722721512726150E-01  9.78098092744163770E+00  2.07094557289939090E+01
  3.61198882346046800E-01  9.53099029384777370E+00  2.75502665056852120E+01
  6.07167866036927160E-01  2.51838239754000030E+01  2.83198100527256640E+01
  5.81677556670477180E-01  1.61433245017192380E+01  1.04256146259028330E+01
  3.17579752081870750E-01  1.95948421673850600E+01  2.51213041314718910E+01
  2.69169509893181310E-01  1.99985642601532310E+01  8.00591963144966810E+00
  5.36592099856838090E-01  2.92124170071311010E+01  2.43147208044198070E+01
  3.01799748246536660E-01  5.17174756148418970E+00  6.19362785443033910E-01
  4.05794678723965420E-01  1.20062182642052730E+01  4.27622950073581090E+00
  3.65995101567518470E-01  2.17640649576155380E+01  4.16882621928225740E+00
  3.39481361119070080E-01  2.14963242876875320E+01  2.23019622439290050E+01
  6.97384645011991290E-01  5.35846735275635490E+00  3.01168042087858060E+00
  6.82253548551889110E-01  6.58865039332187050E+00  1.36740469230882540E+01
  5.67035311113654220E-01  1.79853624544276340E+01  9.67734324664908030E+00
  6.47236078597052340E-01  9.35608443891208630E+00  1.44134621081726450E+01
  5.92513140571182980E-01  2.29232926869851890E+01  1.21630662169318530E+01
  4.71553509741754610E-01  3.31116092788183680E+00  1.55209409266607170E+01
  6.55885333720611730E-01  2.60798012406640720E+01  1.83667168445426010E+01
  2.83840017940612550E-01  2.04762126551577700E+01  1.68169043687119770E+01
  5.65219172841477580E-01  2.43378757297806740E+01  5.66281835829411670E+00
  3.48480710258510130E-01  1.78705221031598780E+01  1.07819023731108140E+00
  6.26908127420837150E-01  1.67348624931856480E+01  5.11779438683267610E+00
  2.62213147743524950E-01  8.86912347025249660E+00  3.64540161709057610E+00
  5.08737612195334600E-01  6.46630769296452090E+00  1.65175513718288580E+01
  4.59281804788439010E-01  5.70405268915118670E+00  1.87999416057283390E+01
  2.86550378078914000E-01  1.63942803818256490E+01  1.55308945340685550E+01
  2.99038091422116640E-01  3.04540725941583680E+00  3.13584201131052790E+00
  3.62493203924014780E-01  2.25780765354422110E+01  2.02883811997932570E+01
  5.64616421781660800E-01  9.97722393121089720E+00  1.95042667349921500E+01
  3.87533216804236250E-01  2.51593270022956480E+00  2.74089424809764030E+01
  3.90540239164096370E-01  2.79877653166045020E+01  1.55540764394766650E+01
  5.44640939783434240E-01  2.08335253171740720E+01  1.28667498533180760E+01
  3.84420431658369740E-01  4.70708933114777840E+00  5.32045133945886220E+00
  4.53492046339069340E-01  2.78933158788631700E+01  2.60696959567707440E+01
  6.38023782753992030E-01  2.59230881869807810E+01  5.01910652083957040E+00
  5.00672486592370710E-01  2.95498605697356850E+00  2.23874827745555050E+01
  6.08873319065221350E-01  2.76454785345892550E+01  1.37173594665795160E+01
  3.18942867500738640E-01  1.58553849996918590E+01  1.20926922856377970E+01
  2.65726189967390210E-01  2.72996594530070170E+01  1.98683304689324340E+01
  7.10410487391814980E-01  2.69653860811435300E+00  1.18589583987729000E+01
  4.66797018098134940E-01  8.31068115418819530E+00  1.62825031975184870E+01
  3.89889811574280460E-01  1.43835161408607760E+01  1.56354450475170450E+01
  2.92456502136063850E-01  2.45334209890657710E+01  1.18033756408459190E+01
  3.63079661055833470E-01  6.90440847046761960E+00  1.26776651909850920E+01
  4.13811620468168510E-01  1.41163932988462440E+01  2.11972067849705110E+01
  2.60417758313763680E-01  5.52389406054851580E+00  2.38910449326983210E+01
  4.41940562555082740E-01  1.36831023395135990E+01  5.28403036474877470E+00
  3.08418768867630710E-01  1.90034063562825500E+01  1.07733163856751450E+01
  3.04461637453634990E-01  1.71278430455465060E+01  1.68596005926164420E+01
  4.75626642073745920E-01  2.12785094483586960E+00  5.52792468912427730E+00
  4.19693779402500590E-01  1.35831473792827920E+01  1.57531512323425390E+01
  3.26514001167033020E-01  2.23755523694623870E+01  2.05435448933867800E+00
  3.55388479881239270E-01  2.16352964445822170E+01  1.60444754687942610E+01
  5.33859136323620030E-01  1.74833398360630740E+01  2.70504506820338970E+01
  3.39481361119070080E-01  1.25029129403647980E+01  1.04263046728714580E+01
  2.51153087880769550E-01  2.95790303188941020E+01  1.61832754248846660E+01
  4.21603844523193420E-01  1.48110849350158790E+00  2.13616760032302930E+01
  5.20348764567513020E-01  1.20472840245037780E+01  2.81554431835182410E+01
  6.86210935380316480E-01  2.39382804005475440E+01  4.47941052461189320E+00
  4.41140732643827070E-01  1.37628448940784390E+01  2.36866229215274440E+01
  6.26908127420837150E-01  1.16374612242120340E+01  1.53010026256062110E+01
  5.11871480770454750E-01  7.22805512423822450E+00  6.66870098730454860E+00
  4.70990686464341570E-01  2.47213620487197370E+01  2.52825639677335770E+01
  5.20369884994360540E-01  8.26311732432754020E+00  1.67780293877354090E+00
  3.04306421741581800E-01  1.20606782336291650E+01  8.36516800516761450E+00
  5.88333222664750720E-01  2.01576561148618080E+00  6.78816408103959200E+00
  6.64541222436485860E-01  2.56747286103312610E+01  2.46662511398219840E+01
  4.24351701398837560E-01  1.00937552251748000E+01  1.33200835416935370E+01
  5.55920758830291820E-01  1.23987039006253510E+01  1.43927687892109860E+00
  2.89042915761794110E-01  1.01048759873459760E+00  1.55073159135469450E+01
  2.47647088603063280E-01  1.20008464845160870E+01  1.70229203023161690E+01
  5.88686278844574580E-01  1.47786347947031020E+01  3.33037219312364120E+00
  3.53063097104977870E-01  2.28720008778406550E+01  2.85052779232773150E+01
  4.50600139601478670E-01  7.10147304641398680E+00  2.56091317333091690E+01
  6.65634982039605120E-01  1.73424723271544540E+01  2.13258059956704220E-01
  4.69750256464274060E-01  9.91106665725939170E+00  4.90766999433127720E+00
  6.13801455222646290E-01  2.15833084162558220E+01  1.37473450234582440E+01
  5.14582826754803690E-01  1.72463085038435050E+01  1.10225160833221380E+01
  3.81419328643079860E-01  2.02642233024823690E+00  1.88796926889284330E+01
  7.28196096543639280E-01  1.43482798018474290E+01  8.26153675417974580E+00
  7.33199636544987770E-01  2.20040861463984570E+01  8.85486137755174060E+00
  2.86550378078914000E-01  2.70958786575876690E+01  7.08678950049917060E+00
  2.52169786807371790E-01  1.93711359832110080E+01  4.71439356738471460E+00
  5.01406606281285510E-01  2.87955689581229100E+01  2.21252981205154670E+01
  4.18948713530687210E-01  2.90679025238980840E+01  1.72110956208196630E+01
  3.62620749938717070E-01  2.21719040334235150E+00  1.70959715865133290E+01
  3.15231116497538320E-01  9.54856553872748930E-01  1.37938808277999940E+01
  2.83840017940612550E-01  2.01882668546381440E+01  1.23474103133804540E+01
  4.72199721516180480E-01  1.95834797657420590E+01  1.28009090107872810E+01
  4.41666133880560000E-01  1.23292097729905340E+01  9.06065440440745110E+00
  3.39073066583844400E-01  2.59527021243885760E+01  1.65891478948719920E+01
  2.54831192030272870E-01  8.86433363803746840E+00  2.06821867531995240E+01
  6.65634982039605120E-01  2.51920590786204310E+01  2.03305430557860200E+01
  2.69326463995374250E-01  2.80410438193832190E+00  2.40035850617277400E+01
  3.08418768867630710E-01  1.89745254454930470E+01  2.50453153952895600E+01
  5.63324676144028570E-01  1.77733515855204940E+01  4.40975902982525800E+00
  2.49794182180603610E-01  2.15899867339063110E+01  2.17203058370094980E+01
  6.44956217916396120E-01  1.51909872508328330E+01  1.62817192407114210E+01
  4.26043897269923290E-01  9.82727154291152870E+00  1.04918204111039340E+00
  7.44533748089133770E-01  1.44378897009192570E+01  2.26833560248156870E+01
  2.47647088603063280E-01  2.61214335716371020E+01  1.04795751141116060E+01
  3.47451934045076260E-01  2.93637645420831670E+01  1.31253581481652030E+00
  4.83182858574677270E-01  2.64790753224228080E+01  2.33252862240151440E+01
  5.38382388131525950E-01  5.93287112668650170E+00  2.12462157265995870E+01
  6.08690451339190200E-01  3.47483016944899830E+00  7.89426925414714020E+00
  3.93024383017402490E-01  1.92221345671830940E+01  2.95226172705703040E+01
  2.54611020839302520E-01  2.94591899151955370E+01  9.33081002877523070E+00
  6.82253548551889110E-01  4.25083666491999780E+00  2.49705380278411900E+01
  7.67665169660178040E-01  8.54833066208087190E+00  2.81034517197176360E+01
  3.95839252948554370E-01  3.30728828286979140E-01  1.65465803558819310E+00
  5.15379284759350490E-01  2.09771593897121630E+01  2.26249170018872900E+00
  5.09222041678605210E-01  7.78584184661886790E+00  2.24621113090480050E+01
  4.72038094207023740E-01  4.07762704705884720E-01  5.77029934676029120E+00
  6.64541222436485860E-01  2.93904320600832310E+01  2.11115698507323620E+01
  4.84167632717154460E-01  2.36384355911214520E+00  1.53056379414045760E+01
  5.39922025342825940E-01  1.35319245622254360E+01  1.46324124102197880E+00
  3.77759649416993960E-01  8.19563248799943090E+00  2.70149567417849710E+01
  5.06367095649294540E-01  2.08362731597419530E+01  2.17708966692016580E+01
  3.05466220251299840E-01  1.37462876688008680E+01  2.61968443056766130E+01
  7.55604472483241980E-01  2.57978770428018260E+01  8.73368405270008990E-01
  7.68548325332126940E-01  2.04571082690783540E+01  1.45466458902402000E+01
  3.09209541844886400E-01  3.87486061453235030E-01  1.35349699669232560E+01
  4.71553509741754610E-01  1.12679755880767870E+01  2.87690384911334330E+01
  3.65995101567518470E-01  1.73260689898565520E+01  1.37711928754548830E+01
  6.26517897412854200E-01  8.82453252768050870E+00  1.98029114015372580E+01
  3.55388479881239270E-01  1.69513447326534850E+01  2.48549752001237320E+01
  3.90423892796942250E-01  5.18463126401012530E+00  5.93045951591880540E+00
  4.92172780862642510E-01  1.82511050241766770E+01  1.10440065519709880E+01
  6.66683478841499700E-01  1.37877773430057890E+01  1.10782252146195360E+01
  6.94903868090152520E-01  2.49156988627436500E+01  9.32488356710784320E+00
  7.65642972591057180E-01  1.65962173363120370E+01  1.28844462845434720E+01
  3.52682444144397330E-01  2.38995131868639420E+01  2.51363975823131940E+01
  5.39466591144820300E-01  2.32361408114960280E+01  2.13084926507468000E+00
  4.26043897269923290E-01  2.07251400174190830E+01  9.07777751016626410E-01
  2.53364602799301860E-01  9.06931512566877980E+00  5.88923153233791830E+00
  3.83290088603488770E-01  3.74833838098340120E+00  2.19983512455513480E+01
  5.55920758830291820E-01  1.34346021699482990E+01  7.30178121924206190E+00
  4.13050329149462850E-01  1.78901486890610040E+01  2.48833107486684570E+01
  5.20369884994360540E-01  2.73292283489015230E+01  1.48010605203986730E+01
  6.99477888048091770E-01  2.13010080228507000E+00  2.90511101998235330E+01
  3.59079136884617700E-01  2.96436477036573150E+01  8.55483228963218780E+00
  3.01799748246536660E-01  2.41114038237098710E+01  1.60835031117403420E+01
  5.28731261397185740E-01  5.88163991530402440E+00  1.46741802039837990E+01
  6.80338287111455390E-01  2.03887534129670240E+01  7.13989104450257630E+00
  4.74033319401206570E-01  1.91955482520473770E+01  2.84844801423901080E+01
  3.53302408788900560E-01  1.50785785010509380E+01  2.56013044128221810E+01
  4.03052389307286420E-01  2.98578155492008170E+00  9.76263370520560870E+00
  3.33973424357718240E-01  2.30872556270032200E+01  2.91571885763684800E+01
  4.68162992243922280E-01  1.71477138005221010E+01  1.55056009609444900E+01
  4.72192289519205580E-01  2.91605454814186590E+01  5.68805829543940880E+00
  6.73658304681401180E-01  2.16668544509101330E+01  1.97980582444732250E+01
  4.61178090502161720E-01  1.87914728626929910E+01  4.29923243593432150E+00
  4.18189647978318300E-01  2.27227568093000580E+01  1.95222131523114050E+01
  5.15379284759350490E-01  1.46416312355080900E+01  1.47682504754629460E+01
  5.34553382826858140E-01  7.66988222149636290E+00  1.55144389643698620E+01
  3.70336582810533970E-01  2.05075664318914580E+01  1.05434429317768500E+01
  6.42747544188997020E-01  1.05693365114973670E+01  2.26885301428262950E+01
  4.50600139601478670E-01  2.87143532441579590E+01  2.56933476439347250E+01
  3.55036581058269410E-01  2.60395932633390890E+01  1.95676731830563850E+00
  3.54092873053847420E-01  2.69569917962901650E+01  2.73147958013242690E+01
  5.13614394364816020E-01  9.89615446212815720E-01  3.03021769179485730E+00
  3.65995101567518470E-01  2.64626605932937010E+00  1.38851152563193170E+01
  5.25383403930900440E-01  1.09673355189290880E+01  1.28587232283731920E+01
  3.83598938984435380E-01  5.90168612732322110E+00  2.71370785500370100E+01
  4.86073626967704090E-01  2.34080302777753500E+01  1.08342004394340440E+01
  5.96963967672292380E-01  2.05082797228553450E+01  2.51265229097935650E+01
  4.66553963192992600E-01  3.94385509564259880E+00  1.48044843602859150E+01
  4.15252526658189590E-01  9.30711879352397810E+00  4.16167984288422140E+00
  6.36786611163594070E-01  7.77679607399315650E+00  3.51291278509101270E+00
  6.06760633376156730E-01  1.90896992472164900E+01  2.27291493429201670E+01
  5.25895496843049500E-01  1.40045502803770620E+01  2.84512467304907770E+01
  5.05409982910693060E-01  4.18935974722050370E+00  2.34278854545201480E+01
  5.18912146576496980E-01  2.01862821318686940E+01  2.92649156435443910E+00
  5.81677556670477180E-01  5.67912040362115530E+00  2.23369910112731240E+01
  2.50625569857546320E-01  2.84314945835459550E+01  1.70036562600115180E+01
  6.67521681419926690E-01  2.82583229580131140E+01  3.05169842647431230E+00
  6.52034765531911640E-01  1.15539374671602410E+01  5.76746444718843070E-01
  3.81419328643079860E-01  2.40255901709908000E+01  2.15511509258695390E+01
  3.18942867500738640E-01  6.34109303117172640E+00  1.00316426483892990E+01
  6.63973334543257470E-01  2.22861187930155360E+01  1.10813328862365610E+01
  4.05793634226126800E-01  1.77606424852502120E+01  1.27614726540904900E+01
  2.88617724104866640E-01  2.83729843542198240E+01  2.66357229218957770E+01
  3.17587838135982990E-01  2.16014512822008030E+00  1.18294197082426230E+00
  6.94010688862415210E-01  2.18309519052073280E+01  6.87999234575964460E-01
  3.25036994184950640E-01  9.63685627373876130E+00  1.27073772428356850E+01
  4.41940562555082740E-01  1.64782186311401590E+01  2.08544869376892770E+01
  3.05466220251299840E-01  1.74830574587736440E+01  2.21885043691485820E+01
  7.22984261441823330E-01  2.54676378094391960E+00  1.98651073125976830E+01
  4.60682082706054620E-01  3.45751301701771800E+00  1.27446860412318140E+00
  4.22201084465533680E-01  2.34564546617421890E+01  2.73199602544865670E+01
  6.24824560398126750E-01  2.28263188372881060E+01  2.38225703933049680E+01
  3.63079661055833470E-01  2.30863066621394390E+01  9.05236080182503680E+00
  3.25516939164680520E-01  1.14699838373687690E+01  1.67228227269034130E+01
  4.87886881528419990E-01  2.37608331104086550E+00  1.79301011301990560E+01
  4.34172467284937990E-01  7.40092486610174040E+00  1.66385479252969080E+01
  7.04082361725448710E-01  1.91396405948135990E+01  1.38901023010698720E+01
  4.40295189098215370E-01  1.94541244328725010E+01  2.17491650354662200E+01
  4.54567147313974470E-01  2.24118680000176200E+01  1.30753404161649730E+01
  4.89717368181109780E-01  1.56405818832969160E+01  2.24102819090759060E+01
  4.82771447840326400E-01  1.16536655355651230E+01  1.91420950666397620E+01
  3.54092873053847420E-01  2.50798109833760490E+01  7.00031891176693670E+00
  7.67457697882333090E-01  2.67704701534049720E+01  2.55914419353138920E+01
  4.43129600128677660E-01  3.56864436268102200E+00  1.92356590419231350E+01
  5.61514797181737530E-01  1.70967449598659160E+01  7.75215158153339880E+00
  5.82207618145930890E-01  1.51980270648520030E+01  1.91299965756765960E+01
  5.94092381958372510E-01  1.55507582369790850E+01  4.82422424077239230E+00
  5.64318884198494160E-01  1.18651626327107570E+00  5.08817238295042800E+00
  6.16837537735261420E-01  2.21040868096722100E+00  2.32193886115923500E+01
  4.20581746236023420E-01  8.83311835093905100E+00  9.86782884026268550E+00
  3.16022212934137680E-01  2.09089020556807700E+01  2.35445081633721640E+01
  4.59502380082057990E-01  2.70063604815676510E+01  4.78208314554764160E+00
  7.48336469443998900E-01  6.31577919422816430E+00  5.80054143122895740E+00
  6.90159994875631000E-01  3.94916646599195640E+00  1.27104342020297040E+01
  4.68364091588631840E-01  1.92251223732085420E+01  2.37944901868473730E+01
  4.05593309893122810E-01  2.93018172347860000E+01  3.29577670833908170E+00
  5.55687039951364880E-01  1.51498697467217290E+01  2.45404824196375310E+01
  2.83840017940612550E-01  5.93872215585517530E-01  2.08015000769596550E+01
  5.98280766214214580E-01  2.48575948893415770E+01  1.65852982235335130E+01
  5.84913004272127690E-01  1.71948650943720340E+01  3.24500070390739290E+00
  2.83840017940612550E-01  1.28474635965101650E+01  1.09449320109417720E+01
  2.83517655556827110E-01  4.08765263602131150E-01  2.32928849653888740E+00
  5.27599340399055180E-01  1.82881519914820460E+01  3.44861851394514750E+00
  6.24824560398126750E-01  1.93597568216531610E+01  2.70820764000195490E+01
  4.84167632717154460E-01  3.31436373630340600E+00  2.70627809143078510E+01
  5.66562802601083430E-01  2.20463157765304700E+01  2.57511535580762860E+01
  5.81213412342838430E-01  8.08908459489255980E+00  1.82759314876654990E+01
  5.13285974501586400E-01  2.51097690316849160E+01  1.23689988479403220E+01
  5.29625185962053640E-01  1.13754336983387030E+01  7.70732819334300160E+00
  3.30104909316010620E-01  1.64463099805450810E+01  1.54284858725593080E+00
  5.48174971142568520E-01  2.69544015488593550E+01  1.47389596970736050E+00
  4.72192289519205580E-01  3.94830376281033110E+00  1.75568459668540270E+01
  4.53126113496558960E-01  5.19234609329418630E+00  8.19388767411179410E+00
  5.25993347610763350E-01  1.21703917839801360E+01  2.46235756560306670E+01
  4.75338540515479570E-01  4.05414561057132520E+00  1.38697649046197410E+01
  4.30858982518450690E-01  1.28605260187904790E+00  6.07753588392913890E+00
  7.09741570678139940E-01  1.20259080012747850E+00  1.81650571013201800E+01
  5.05409982910693060E-01  2.27262684434023790E+01  3.18964026432848870E+00
  5.20369884994360540E-01  1.05344236549753180E+00  8.13960378815646020E+00
  2.73281005279713530E-01  8.44882979617428380E+00  2.58718137251229340E+01
  3.09574052588245370E-01  1.99643117044486190E+01  1.01367367202339020E+01
  3.18095930761502070E-01  1.76647856589625720E+01  5.28391462137930650E+00
  4.46537248270915300E-01  1.23507664570269600E+01  7.67345540735252830E+00
  6.38830345620663920E-01  2.57295152698667380E+01  1.13995225633115070E+01
  6.68397269451762100E-01  1.79678573730943720E+01  1.46027159823578660E+01
  5.32488384254616510E-01  1.02321443268247960E+01  3.95896975073959610E+00
  3.17579752081870750E-01  7.65420938971109080E+00  2.32774560513628970E+01
  5.16710955738981780E-01  7.75040189038780980E+00  7.77560048134403910E-01
  4.49545157175862540E-01  1.80396475219829680E+01  1.57170948757755230E+01
  3.20574425314766210E-01  1.86737106397692970E+01  1.02376819962359490E+01
  4.12246671516209600E-01  2.92911208735289000E+01  2.28920250110919670E+01
  4.94550785807675550E-01  8.44875051885294680E+00  8.13208552609620480E+00
  3.59079136884617700E-01  4.61271467050896970E+00  2.60601196006661270E+01
  6.10572080928614460E-01  2.86144998442900090E-01  5.78436404528839620E-01
  4.75338540515479570E-01  2.48545123568121940E+01  2.53664458274392900E+00
  5.09574347305064630E-01  5.44953122031779100E-03  1.79357760465441560E+01
  4.18189647978318300E-01  2.37952855276212140E+01  2.94100615734879400E+01
  3.76753951196820710E-01  2.66006940480805520E+01  1.08792328809977010E+01
  3.84533934306195220E-01  2.76952811713618380E+01  8.58876622505849950E-01
  6.60767019732147710E-01  2.38905729578926080E+01  3.13546817327514130E+00
  5.64318884198494160E-01  1.07545589722865370E+01  9.96555534786562090E+00
  4.69750256464274060E-01  2.30266025396507390E+01  8.22213332864139270E+00
  6.88340418185590860E-01  1.19088705866080890E+01  1.20379887646978840E+01
  5.93150731645016190E-01  9.20391528148420510E+00  1.86443646835290300E+01
  7.17499092254363010E-01  7.27943886872093060E+00  1.04683453467616320E+01
  3.79322922295397280E-01  4.71002898415865890E+00  1.51627129344033060E+01
  3.20574425314766210E-01  1.62410133462210740E+01  2.96641045729197690E+01
  7.17953871372127320E-01  1.55291032001052860E+01  1.76005432354198770E+01
  3.42409596243210680E-01  2.72626317644614740E+01  1.56608296086017710E+01
  4.43129600128677660E-01  2.83770422201694710E+00  1.87370978679427970E+01
  3.78068289465320630E-01  8.96065407960249870E+00  2.54518248978692720E+01
  4.75338540515479570E-01  9.01404501981757990E+00  1.07516070723538440E+01
  7.38532964590205680E-01  2.80095709016979590E+01  2.47363969633652130E+01
  5.07606992315717240E-01  1.83396086785460710E-01  1.22287202005180600E+01
  2.86134314477376340E-01  2.77848147163626250E+01  2.01308597776182840E+01
  5.07437626189109900E-01  2.08841132573594650E-01  2.00571260540988480E+01
  6.15073771326759470E-01  6.71974448700242720E-01  9.20793718080907200E+00
  3.30104909316010620E-01  1.31466530804282730E+01  4.72939839831414770E+00
  6.66683478841499700E-01  2.03633689004980810E+01  1.94931273767029580E+01
  7.49545055295440930E-01  1.64669656638827460E+01  1.87275698990522450E+01
  2.54824432159977790E-01  1.91519789957639330E+01  2.45124909729273060E+01
  5.72142532162989690E-01  1.59974923482778380E+01  1.99621390821066490E+01
  2.77147605524350650E-01  2.11251464795576180E+01  1.48457673797582550E+00
  4.68364091588631840E-01  1.15191229509687790E+01  1.75511778934783710E+01
  4.82771447840326400E-01  9.80459646789928920E+00  5.85375957037934920E+00
  2.50971712925384870E-01  1.95000152411282920E+01  4.22880224773849540E+00
  5.38024295323284910E-01  1.06346411411244170E+01  2.38668272940701200E+01
  4.13050329149462850E-01  2.50681821608232840E+01  1.80230541481401510E+01
  4.86590143357422540E-01  8.96580532680633450E+00  1.22510307117881110E+01
  3.16148313226467530E-01  2.06921103329086230E+01  1.20196516052541650E+01
  3.81419328643079860E-01  4.73427021971144770E-01  2.63820250443417240E+01
  6.52911031193170470E-01  8.89913214901934780E+00  2.73155912496504620E+00
  4.49150663742554990E-01  2.76865397718502850E+01  9.74593356411274490E+00
  4.73113776075054650E-01  1.67447222289288290E+01  2.28835079885802630E+00
  3.65995101567518470E-01  1.41152551906098510E+01  1.01002927636416420E+01
  3.46028387031474870E-01  1.74308080506531730E+01  1.92449096300256390E+01
  4.23675716525973380E-01  1.02940768604468680E+01  2.73717510833676380E+01
  2.47261092463374420E-01  1.79048843590127690E+00  7.68548300448705210E+00
  2.63339374245984010E-01  2.44956006735228370E+01  1.83806788809698320E+01
  2.59062449636064510E-01  2.11866870407708560E+01  6.64433838840217650E+00
  5.77180454669814490E-01  2.87123361766377520E+01  9.71442879564637000E+00
  4.06599624824484800E-01  3.62880613076599710E+00  4.25168803027755620E-01
  4.65278877330243820E-01  5.13995224298163760E+00  2.32344402962575530E+01
  3.07263188066738420E-01  1.34617981711045940E+01  2.43714354118656190E+01
  3.88697647565240350E-01  2.67316154127559960E+01  1.41162161285969920E+01
  6.62122603690132470E-01  1.60613297787947750E+01  2.53464022168085030E+01
  3.79322922295397280E-01  2.27501224338880270E+01  1.38486824456547220E+01
  3.53063097104977870E-01  2.78239676590459870E+01  4.73505634068409890E+00
  6.88885956497308970E-01  1.26622308975280080E+00  1.17205489043345800E+01
  5.33066537704075310E-01  2.02905986803703090E+00  8.53293819702565060E+00
  3.42074681651230290E-01  1.94567212608096480E+01  1.99306605879547510E+01
  4.24351701398837560E-01  2.74754074795112080E+01  2.29298092634591200E+00
  2.92456502136063850E-01  2.67625894877010670E+01  2.26038205213795000E+01
  5.90639534364661320E-01  2.10027076957030050E+01  9.72022806660601190E+00
  4.09705559579089850E-01  2.17822404022545070E+00  2.18999269727175590E+01
  3.59079136884617700E-01  2.04518677072560750E+00  2.08231712215705510E+01
  5.27599340399055180E-01  2.85338195153289400E+01  4.21442213302742360E+00
  5.38382256471750510E-01  5.01729158207684560E+00  2.68610807263909090E+01
  5.96963967672292380E-01  3.84702630072437980E+00  2.73673138800365830E+00
  2.96503602823160150E-01  9.72674211970313430E+00  1.20669248404651930E+01
  3.64593218166308700E-01  2.15169815154791240E+01  2.32389297712388510E+01
  4.18947112612636110E-01  2.68683851300992880E+01  1.93368556850495030E+01
  5.40946473112310590E-01  1.35856080071805390E+01  1.47925725648349820E+01
  3.35017483125717060E-01  5.81161842788979670E+00  7.70788753809365620E+00
  4.75626642073745920E-01  1.59460334372575210E+01  5.89131227521447800E+00
  3.04461637453634990E-01  1.68019903676878850E+01  2.76718466000463190E+01
  4.36315933331792570E-01  3.26132829809554850E+00  2.32719308161785360E+01
  6.77666041374141330E-01  2.46973324177433890E+00  2.62663511229895160E+01
  5.67035311113654220E-01  1.64687124975971350E+01  2.30662987469478220E+01
  3.38650161839631010E-01  1.23441708889103390E+01  1.78393879998710500E+01
  6.94010183176834960E-01  1.80915258855094550E+01  1.71188313525067350E+01
  7.10410487391814980E-01  2.15330897116545970E+01  2.69189335636993330E+01
  4.54567147313974470E-01  1.74106707239108300E+01  1.19764574134803400E+01
  2.52169786807371790E-01  1.77776002000956870E+01  1.04697189605810750E+01
  3.01799748246536660E-01  1.42196974716546760E+01  2.76524419080430230E+01
  4.27719079604653450E-01  2.69808483620907290E+01  6.36785537974848110E+00
  3.87762191716535260E-01  2.83867750484705930E+01  1.89480005760304420E+01
  5.72951670348821020E-01  2.87954305326807400E+01  5.89680369858660570E-01
  5.09222041678605210E-01  2.63217781805309450E+01  1.33177476073888100E+01
  5.25993347610763350E-01  2.38549169673022520E+01  9.92715860199872150E+00
  3.12648490279368120E-01  4.69306091862238080E+00  7.61383519996571680E+00
  3.32399546609116130E-01  1.05625244208079550E+01  1.34954307564328140E+00
  4.43807889241729470E-01  5.36365992344120280E+00  2.45778769789499450E+01
  3.44170209092795430E-01  2.29632555740919870E+00  4.72574743881284580E+00
  2.54824432159977790E-01  3.44092400943231610E+00  1.98903753735340240E+00
  4.21963532045373490E-01  6.16166863240854030E+00  2.51647369259202560E+01
  4.11696508529454960E-01  2.08047654939367240E+01  1.85107322430788770E+01
  4.11346310528290360E-01  4.09633126617135710E+00  2.66294717811434260E+01
  6.16837537735261420E-01  8.17948130577443240E+00  6.06669057476645880E+00
  4.83570943621045310E-01  8.11594846300697270E+00  1.72121954295125830E+01
  4.32382463464541460E-01  1.31798157832389190E+01  9.25718811905005090E+00
  5.92513140571182980E-01  1.42193151300412880E+01  1.37442656026223580E+01
  3.55036581058269410E-01  1.12643214434445460E+01  1.54041380486145000E+00
  4.74581552528920360E-01  2.78740454894812400E+01  6.49483554624830890E+00
  3.44905765886116280E-01  1.46893154542207150E+01  2.89877413214308350E+01
  5.96963967672292380E-01  1.77811270895444590E+01  1.83706871077157100E+01
  2.68569610726517900E-01  1.86137065685762670E+00  1.92259955338705970E+00
  5.80290806494985740E-01  1.22284606478376290E+01  2.92396750631679760E+01
  6.25336422111717830E-01  6.81319555854860590E+00  2.67048266971978590E+01
  6.17452885167652710E-01  2.40211560347762830E+01  1.26704933472018200E+01
  3.29506256422424390E-01  2.66805119896269680E+01  1.15804709570334500E+01
  2.58355477869490890E-01  1.02158017022100150E+01  1.26370117845242400E+01
  4.69641390777102340E-01  1.10231751684463590E+01  2.68572675085076110E+01
  3.49095179616795370E-01  4.83343099494902350E+00  2.39888732820401320E+01
  3.27988333844876360E-01  1.86119368678410770E+01  1.62407247141215120E+01
  3.86383264228710210E-01  2.15667640445275100E+01  1.87429881309788260E+01
  4.75543307221801650E-01  2.70278409721743390E+01  9.09728386152450420E+00
  5.07815655211632320E-01  2.92805874648911410E+01  1.89102762310875330E+01
  6.08088426536500660E-01  3.78655173942484290E+00  1.64902626509537490E+01
  3.93024383017402490E-01  2.62488500214768230E+01  5.99686109500719590E+00
  7.48336469443998900E-01  4.76002388993588530E+00  1.15232724839381380E+01
  3.13454063710418570E-01  2.67624352037421220E+01  5.51420578683711680E+00
  4.43133439323318520E-01  3.52890874718809040E+00  2.41084644218899410E+01
  3.62493203924014780E-01  4.15732374427556990E+00  1.74461702831473620E+00
  5.72881440675418570E-01  7.09765681177605060E+00  2.39709769749196160E+01
  3.71299762957800540E-01  2.30574080685322880E+00  9.39308963845030580E+00
  5.13143010843963320E-01  5.30464621813236550E+00  2.55326245073501640E+01
  3.87533216804236250E-01  2.77722303614822190E+01  1.94189225733153240E+01
  3.90540239164096370E-01  6.48974457610714950E+00  7.45149166483090660E+00
  4.11696508529454960E-01  1.93278386348760910E+01  1.91882299468841740E+01
  4.19670751191123690E-01  1.83941625108387970E+01  2.34825086870130700E+01
  5.39922025342825940E-01  2.24338519253672750E+01  1.71981492894353000E+01
  3.73125396709624990E-01  1.55839932460393340E+01  4.47887376547521490E-01
  5.72628172168292430E-01  2.88309310767789770E+01  1.19560920762969720E+01
  5.63660960642019760E-01  2.82257657482258040E+01  1.64483168870728560E+00
  7.54397230300637300E-01  7.50005012623643450E+00  4.87590402970399420E+00
  4.07877171249442140E-01  1.88346807277879410E+00  1.26260065132881320E+01
  4.61178090502161720E-01  1.84682996305427200E+01  5.16197696457575090E+00
  3.50974061745161330E-01  1.45117521497317360E+01  2.51844103641634050E+01
  4.22541054278063120E-01  1.74795839279594250E+01  6.84703163058825040E+00
  3.25036994184950640E-01  7.86091547226467390E+00  2.57615846024520610E+01
  4.96042965314236020E-01  2.93827819841539050E+01  1.54623931048551120E+01
  3.04461637453634990E-01  2.14356162175495940E+01  6.13891305579347430E+00
  4.21290506291976640E-01  3.08506354663169450E-01  2.72059422421893160E+01
  4.26578460793149810E-01  2.75508667069522990E+01  2.36660625082635610E+01
  3.91816801400439550E-01  2.72683523933950090E+01  2.66379070229220470E+01
  5.32262962461145860E-01  2.11395891297232800E+01  3.38378359086114870E+00
  6.07718241283317260E-01  8.12720633438441280E+00  2.94119690162883530E+01
  5.13425754976809310E-01  1.78852108570147620E+01  2.88278058766875560E+01
  5.46829204411607870E-01  1.78802016332210020E+00  1.35749443865309370E+01
  2.99038091422116640E-01  1.28835834299730860E+01  2.86546922632989260E+01
  3.65374026971610010E-01  5.43030893567047550E+00  5.12261387920093100E+00
  3.46733456860136300E-01  1.58124115890389340E+01  1.30634112827238220E+00
  5.01833768532536340E-01  6.92641608441139310E+00  2.00830046326305260E+01
  2.88617724104866640E-01  1.95682906823013450E+01  1.05833852909917500E+01
  3.13454063710418570E-01  1.26628259768164370E+01  9.79362421903116240E+00
  4.43756654693070110E-01  7.76575472505030270E+00  1.96478351669170190E+01
  5.20369884994360540E-01  9.68466635380940490E-01  1.28922126878930770E+01
  7.41720708060832300E-01  2.65768729073602010E+01  2.05684030243607450E+01
  2.99038091422116640E-01  3.44624227723932690E+00  2.62859498987061850E+01
  3.93024383017402490E-01  2.43959749999150870E+01  7.30083639811915660E+00
  2.53364602799301860E-01  1.02729785894518460E+01  1.21285712172130540E+01
  5.48463672908306780E-01  1.90396940209106020E+01  1.79210907888955010E+01
  5.63660960642019760E-01  4.67764138463927190E+00  6.73850341840463150E+00
  4.99487474973056500E-01  1.42348823522443230E+01  1.74848177328693490E+01
  5.32488384254616510E-01  2.86652096504920340E+01  1.80718426397965960E+01
  3.62493203924014780E-01  3.96657093593461950E+00  9.73826268463922240E+00
  3.90540239164096370E-01  2.29948701731685820E+01  2.56373621771948450E+01
  6.25248164210708260E-01  7.55285006242090160E-03  1.43878178615838640E+01
  3.93024383017402490E-01  1.97952351235731070E+01  2.44399010004252270E+01
  2.83517655556827110E-01  2.30456467124184670E+01  2.78933733859668570E+01
  5.16562546778196820E-01  8.78260185242376320E-01  4.05379521682866710E+00
  5.96777348356598920E-01  2.35951251200658910E+01  1.68183837172671460E+01
  3.35017483125717060E-01  1.02719838139067330E+01  1.40582793149664320E+01
  5.69344335137112000E-01  2.42039329235447660E+01  1.95909097541443240E+01
  5.55509338843663690E-01  1.56351682663421410E+01  1.51678336790859480E+01
  4.09775903561979240E-01  2.84259030140198020E+01  5.20198869790796610E+00
  3.20574425314766210E-01  2.31899736916975780E+01  2.29525255569536530E+01
  5.39466591144820300E-01  4.84762205262352100E+00  4.40754112959968940E+00
  5.18725390566230620E-01  2.88972239916067330E+01  8.09551748082943940E+00
  3.62493203924014780E-01  1.74526923808853310E+01  1.62777203718131420E+01
  4.23675716525973380E-01  2.38017134153162640E+01  1.16537112271618640E+01
  4.13050329149462850E-01  9.17454765612055920E+00  1.61175645125272350E+01
  3.01731430220296380E-01  2.89182648841342280E+01  2.73913234743789640E+01
  3.48156346672602490E-01  4.12721857742751300E+00  1.55975452656058950E+01
  6.83531487369900860E-01  2.61143801888451140E+01  7.06356669313181840E+00
  3.27197753470684690E-01  2.15485525822118970E+01  2.93992993214600670E+01
  3.50974061745161330E-01  1.28829569491568880E+01  1.15785739618173280E+01
  5.77649046292645880E-01  1.02058004203750560E+01  2.85015157909826690E+00
  5.13614394364816020E-01  2.14639421573723260E+01  2.09674974925834620E+01
  7.17953871372127320E-01  2.36464153590559750E+01  1.51770260009368040E+01
  3.01731430220296380E-01  1.22646177870965670E+01  2.62299681642010330E+01
  6.14584822297879540E-01  1.50941947926902390E+00  5.15674126946937240E-01
  4.69641390777102340E-01  7.17583757695227220E+00  1.57852692422327690E+00
  4.49154676673646060E-01  1.98491802322700900E+01  1.85034178623689170E+01
  4.82268891960512480E-01  2.59822322021187660E+01  1.94993536947623480E+01
  6.26908127420837150E-01  2.76941388948784740E+01  1.65282327368725500E+01
  2.50971712925384870E-01  8.81857445459613840E+00  7.48483488916184040E+00
  2.62213147743524950E-01  7.06333377397794670E+00  1.60302362186470120E+01
  6.45167794061425240E-01  1.16692335486332760E+01  2.45451341215749960E+00
  5.94931591270377070E-01  6.61926476289192230E+00  2.79090677394559710E+01
  7.68548325332126940E-01  2.79595988121077000E+01  2.11708112069592150E+01
  4.36195486319121350E-01  2.73489853663684740E+01  1.05640239513705370E+01
  5.33066537704075310E-01  3.45637020890769970E-02  1.01623084489744060E+01
  5.62178328188990490E-01  8.82530869275548110E+00  6.84921408687406790E-01
  2.97561439636419770E-01  8.29886184526119660E+00  2.53211871376417150E+01
  4.82771447840326400E-01  1.63562092362713050E+01  1.14684095573664850E+01
  6.61562106526255890E-01  1.20096437738743450E+01  2.20131527387288100E+01
  5.04339573614743570E-01  2.04328885931280230E+01  2.74306074382324000E+01
  3.45648959319623030E-01  7.45934818868622700E+00  2.83306089913572380E+01
  6.95947079841625180E-01  2.51451297034907990E+01  1.35769541587356460E+01
  4.75626642073745920E-01  6.80837138814985550E+00  2.25815919837346540E+01
  2.57534358191145160E-01  1.54819172728475910E+01  2.60592895699287510E+01
  6.30423428531534040E-01  2.58863229238096400E+01  2.92984565887758210E+00
  3.25516939164680520E-01  9.31510466234449370E-01  1.25628703594841530E+00
  3.14110289759674140E-01  2.60189039027673840E+01  1.40830206340305090E+01
  3.99477862283745790E-01  2.13519734492284160E+00  1.44538909223298830E+01
  6.47236078597052340E-01  2.48534163415164220E+01  2.95294479775931440E+01
  5.28731261397185740E-01  2.54807101698689140E+01  2.34888618269353560E+01
  4.43807889241729470E-01  4.67273923499043060E-02  2.21629974510151900E+01
  4.82268891960512480E-01  1.27372214416053160E+01  1.54430844295503590E+01
  4.30858982518450690E-01  2.48146310040510370E+01  2.13599309502128780E+01
  4.18947112612636110E-01  2.55406541680104910E+01  2.73517278096224000E+01
  3.50662231740508900E-01  2.41247082622151230E+01  2.15201053170703730E+00
  2.85767805251094040E-01  3.29607869705178920E+00  1.39242383195381730E+01
  3.45648959319623030E-01  6.04704852085873860E+00  8.34548954229837210E+00
