1
  1002  2.96924426640336700E+01  2.96924426640336700E+01  1.00000000000000000E+00
        0.00000000000000000E+00  0.00000000000000000E+00  0.00000000000000000E+00
  2.53364602799301860E-01  1.49621539649151650E+01  2.23687901590825040E+01
  5.48463672908306780E-01  1.22916115523068740E+01  2.34212250754655140E+01
  5.63660960642019760E-01  1.88817032244611340E+01  2.35260585343300370E+01
  4.99487474973056500E-01  5.71693187805635360E+00  2.66169173021262250E+01
  5.32488384254616510E-01  1.61678031568195100E+01  2.90682905340864260E+01
  3.62493203924014780E-01  3.40847761134037960E-01  1.26360276239534070E+01
  3.90540239164096370E-01  1.70420146722738540E+01  8.47704551875778910E+00
  6.25248164210708260E-01  1.37613119728312580E+01  9.49633052658683320E+00
  3.93024383017402490E-01  1.34498404937578120E+01  2.66094395068030280E+01
  2.83517655556827110E-01  2.78053054860808650E+01  1.32027087247717570E+01
  5.16562546778196820E-01  2.46280869009879130E+01  4.38336912948375270E+00
  5.96777348356598920E-01  1.17379395534682110E+01  2.24188628594107300E+01
  3.35017483125717060E-01  5.44142371526769870E+00  2.51223512961483340E+01
  5.69344335137112000E-01  8.56251041603415080E+00  7.01791563057327220E+00
  5.55509338843663690E-01  1.87064506315248060E+01  7.44129104531256400E+00
  4.09775903561979240E-01  2.81248132052768720E+01  6.28666175679665780E+00
  3.20574425314766210E-01  3.08906997150146000E+00  1.78044025050319700E+01
  5.39466591144820300E-01  2.55509102332966660E+01  2.28880157464033870E+00
  5.18725390566230620E-01  1.53035133752821630E+01  8.01897732032134060E+00
  3.62493203924014780E-01  7.65543438618157080E+00  1.94786522576115320E+01
  4.23675716525973380E-01  3.45472808314937960E+00  2.61340765089483360E+00
  4.13050329149462850E-01  2.07219860932880810E+01  1.45927181640164050E+01
  3.01731430220296380E-01  2.20703191074016590E+01  2.81709863910132870E+01
  3.48156346672602490E-01  2.65247045843274450E+01  3.76444649799823190E+00
  6.83531487369900860E-01  3.37536372541574540E+00  1.50907262277543700E+00
  3.27197753470684690E-01  1.16511863250251150E+01  2.04824445440625810E+01
  3.50974061745161330E-01  5.68686567539948840E-01  2.21762663566699170E+01
  5.77649046292645880E-01  2.57175918109373430E+01  4.28631222675251870E+00
  5.13614394364816020E-01  4.05193037807913650E+00  1.67799030383158010E+01
  7.17953871372127320E-01  1.97532281877919510E+01  1.96122352564038460E+01
  3.01731430220296380E-01  1.79890827790726680E+01  3.26849774184570400E+00
  6.14584822297879540E-01  1.02310365679759930E+01  2.47024180054029540E+01
  4.69641390777102340E-01  3.81908840593451340E+00  1.31341275872638390E+01
  4.49154676673646060E-01  2.89506164162404540E+01  2.14316072001919980E+01
  4.82268891960512480E-01  9.32237319969918590E+00  1.84338928080939510E+01
  6.26908127420837150E-01  2.78307474694688080E+01  1.93739070150290370E+01
  2.50971712925384870E-01  2.59197774556489380E+00  1.73546654073792260E+01
  2.62213147743524950E-01  5.80070019744298020E+00  1.01597189124726130E+01
  6.45167794061425240E-01  2.05655662515017920E+01  3.76696340339628930E-01
  5.94931591270377070E-01  2.48915569237431210E+01  1.81781011580704540E+01
  7.68548325332126940E-01  4.98695233292419000E+00  1.10855645885665590E+01
  4.36195486319121350E-01  1.56148015289566620E+00  1.10690885258982740E+00
  5.33066537704075310E-01  2.12869447686949480E+01  2.86179828414855880E+01
  5.62178328188990490E-01  1.07632723126898890E+01  9.38422945582592050E+00
  2.97561439636419770E-01  1.49452559911126150E+01  1.90726291115576210E+01
  4.82771447840326400E-01  2.63197680724045180E+01  9.94930406631801920E+00
  6.61562106526255890E-01  1.79769593846424020E+01  1.88928110402473240E+01
  5.04339573614743570E-01  2.17128997975727600E+01  1.66613569824820120E+01
  3.45648959319623030E-01  2.13708551246334440E+01  2.94922249757053760E+01
  6.95947079841625180E-01  9.62875858881620590E+00  2.35119589412148320E+01
  4.75626642073745920E-01  2.23366957856755980E+01  7.58656573642432000E+00
  2.57534358191145160E-01  2.16658595777111030E+01  7.20097011654981680E+00
  6.30423428531534040E-01  4.98321421032043240E+00  2.92830707482407920E+01
  3.25516939164680520E-01  2.05725309955795980E+01  2.90943506674460080E+01
  3.14110289759674140E-01  9.33173216168507120E+00  1.59787070443116190E+01
  3.99477862283745790E-01  1.86410458383921700E+01  1.97202081643727420E+01
  6.47236078597052340E-01  1.41835876653356150E+01  1.85137939212599430E+01
  5.28731261397185740E-01  1.90225893017106530E+01  1.55349994632323720E+01
  4.43807889241729470E-01  2.92598018810163510E+01  1.76906653955552070E+01
  4.82268891960512480E-01  1.44333578591400700E+01  1.65539190703290910E+01
  4.30858982518450690E-01  1.12745074890615040E+01  4.26765791899026500E+00
  4.18947112612636110E-01  8.49755766807220070E+00  2.56111983854681640E+01
  3.50662231740508900E-01  2.29458268806882600E+00  1.09115337461814420E+01
  2.85767805251094040E-01  1.79663621504903330E+01  1.98400826668586210E+01
  3.45648959319623030E-01  6.57032554471332910E+00  8.32014905755930560E+00
  3.45648959319623030E-01  1.67361568472263190E+01  4.68742711579550340E+00
  6.42005949159872720E-01  3.76849236459615660E+00  2.75949383529686830E+01
  2.74003615458356760E-01  1.35978324525805740E+01  4.73373453284405700E+00
  3.87653287431749970E-01  2.96337526210799410E+00  1.31826597623949090E+01
  4.18948713530687210E-01  2.71394822349520980E+01  5.46014380585084960E+00
  4.53451232343747090E-01  1.72463907097169480E+01  2.87737904463421400E+01
  4.21603844523193420E-01  6.27194457208950150E+00  2.21512094114411300E+01
  2.62213147743524950E-01  1.16142383442542340E+01  1.54290351149869930E+01
  6.94903868090152520E-01  7.57304205681077390E+00  2.47656362910593590E+01
  6.31563936872940970E-01  2.54626946184283830E+01  2.53940888597620750E+01
  7.01778375544082420E-01  2.84171271844382010E+01  1.50668302611923670E+01
  3.46434506905438330E-01  6.48986015308969930E+00  1.56918061115892480E+01
  3.50662231740508900E-01  1.72986567719918370E+01  1.05357684873058290E+01
  3.01799748246536660E-01  2.48559140299202450E+00  2.38291463850456040E+01
  4.41298336829792340E-01  4.32423723043647620E+00  1.48802326170547690E+01
  3.39481361119070080E-01  3.60357066889998600E+00  5.12153275874437690E-01
  3.83181557852844270E-01  1.26722104370704440E+01  2.21237375203915430E+01
  6.75156127532392600E-01  1.10991989267423200E+00  2.66426722781658010E+01
  2.73281005279713530E-01  3.63194816327954410E-01  1.12176371939417510E+01
  6.65634982039605120E-01  2.34562923988729710E+01  7.80342773386827470E+00
  2.54824432159977790E-01  3.87720229531509290E+00  1.43467492203682630E+01
  2.84029264846615530E-01  2.25226405266570570E+01  1.51856157743629950E+01
  4.62836237406567810E-01  1.80575995504941390E+01  2.71426185706659240E+01
  3.33973424357718240E-01  2.36464941907706670E+01  1.36959723330356550E-01
  4.91872428060923640E-01  6.98495117697492950E+00  2.80002166712771730E+00
  5.52490392167627680E-01  1.49195828118616020E+01  9.01841099865861830E+00
  5.39466591144820300E-01  2.72494393891399830E+01  1.44463938431669570E+01
  5.65219172841477580E-01  1.70980865684413780E+01  2.75107202939155440E+01
  3.53776024442120150E-01  1.44715938159093970E+01  7.75868033096080630E+00
  5.54611473665029210E-01  2.37020065910247590E+01  2.75857895927217140E+00
  4.81368497469048420E-01  1.44440569104233310E+01  2.69293340529458160E+01
  2.84672167568555990E-01  6.87528285691685510E+00  1.67674876131825490E+01
  3.06898385793053400E-01  1.16531520326317240E+01  2.64923773329291980E+01
  4.49954956992444630E-01  2.87207661476277280E+01  2.55180020904473680E+01
  5.88686278844574580E-01  1.01623610290016210E+01  1.90973045763911170E+01
  4.36315933331792570E-01  2.47004268722030530E+01  1.35768832466867960E+01
  5.46155746035104350E-01  2.52697362614631760E+01  3.14900116463761390E-01
  4.11346310528290360E-01  2.18825249132688700E+01  1.54905997034690180E+01
  7.44650008855257360E-01  6.47062571469048380E+00  9.40819265268845050E+00
  4.68162992243922280E-01  1.61164253551133600E+01  2.41216377296854990E+01
  7.11073931023246340E-01  9.64264006122480670E+00  6.12748149841262180E+00
  3.02034441597155470E-01  2.74038753464615750E+01  2.56252113560005200E+01
  5.12509616084684260E-01  1.27248472295231970E+01  2.45679904548492590E+01
  3.40422717275118370E-01  2.15651723313390420E+01  1.74926338888650290E+01
  6.65634982039605120E-01  8.57726983975175370E+00  8.25250797177682040E+00
  3.75295693565172690E-01  1.68875144203447860E+01  1.39189251310037680E+01
  4.75626642073745920E-01  2.32478666091946010E+00  1.80300195617231540E+01
  4.72038094207023740E-01  2.29779514554936850E+01  2.03554345972967070E+01
  4.29902962432020440E-01  5.84205324671046000E+00  2.36645764852432310E+01
  5.68910711623079470E-01  9.64393502974736450E+00  2.19900085354782070E+00
  3.07263188066738420E-01  1.73823964794074680E+01  1.17261311393226610E+01
  6.10911033360540580E-01  1.33581437802469140E+01  1.25927824318598680E+01
  3.43353541919950760E-01  2.75450658826722970E+01  2.30666274183514060E+01
  3.15231116497538320E-01  2.15922506847164010E+01  2.01299383304967070E+01
  3.78068289465320630E-01  1.86610846493401890E+00  2.84801109466164210E+01
  2.54824432159977790E-01  2.57917965907066550E+00  1.57539434793874700E+01
  5.44558358435121190E-01  4.17150958179037450E+00  3.26431610576526010E+00
  3.56000803327192820E-01  1.10354431105630510E+01  1.02616570702142500E+01
  3.13454063710418570E-01  1.53201879288212610E+01  2.09599719737845620E+01
  6.12591031919131530E-01  5.10258975193517910E+00  2.29310103426385900E+01
  6.47236078597052340E-01  9.83066787769540800E+00  2.02870505527631550E+01
  2.65726189967390210E-01  2.01287308274220960E+01  1.41943542693846170E+01
  2.96653470797716330E-01  2.70975080461265920E+01  9.90569577852626180E+00
  3.45648959319623030E-01  1.85677250468122810E+01  2.43794407957432000E+01
  3.13454063710418570E-01  1.55397096347638240E+01  2.25678793894431460E+01
  3.39073066583844400E-01  5.08231527928642280E+00  1.46958560604763060E+01
  2.96256570285591500E-01  6.32724595643136740E-01  2.74881358166448710E+01
  4.19081387041561550E-01  8.81527892881443260E+00  2.06097010526344530E+01
  7.08391389715138510E-01  1.46308406034734980E+01  1.53285196180723990E+01
  7.16035261746952050E-01  8.73384226527561220E+00  1.94775880064349460E+01
  4.43133439323318520E-01  5.62926232794816530E+00  2.76400550314670600E+01
  2.73281005279713530E-01  3.73571328550252040E+00  3.95590551310284950E+00
  3.35017483125717060E-01  2.50077275779470160E+01  1.54728598665502200E+01
  5.09222041678605210E-01  6.48091611762732890E+00  6.82317273878365070E+00
  4.27719079604653450E-01  1.55529283883888530E+01  9.76627370216670520E+00
  5.81299825206354370E-01  2.24844587337708610E+01  8.63287336942182650E+00
  5.46155746035104350E-01  4.43866173584324120E-01  5.37582972910300330E+00
  3.05466220251299840E-01  1.92997706472704100E+01  8.79260242072667350E+00
  3.11838068626578210E-01  1.23405736583790620E+01  5.30585665972468410E-01
  6.27423008989955560E-01  2.15629056462291580E+01  9.41448807373888210E+00
  7.12424816007452400E-01  1.10355086194705340E+01  2.35231407747680910E+01
  4.41140732643827070E-01  1.99912636938793470E+01  2.17228957974985020E+01
  3.80273533482480450E-01  1.90024798125261680E+01  2.04110342153593150E+01
  3.29796701345061780E-01  2.29336937052170100E+01  2.23449173108054140E+01
  4.15252526658189590E-01  2.88873052772762970E+01  3.24214216028395890E+00
  2.59062449636064510E-01  1.30198502666190560E+01  1.51716407880224310E+01
  6.18419083689772810E-01  8.49827461814886040E+00  1.55394468997693810E+01
  5.04213456464067280E-01  1.19679020111726950E+01  3.64060741347478700E+00
  3.48156346672602490E-01  2.15543384307571980E+01  4.68484249221280000E-01
  2.89042915761794110E-01  1.76077189741648470E+01  1.40584870436498870E+01
  3.05466220251299840E-01  1.12036729590382470E+01  2.45267263698932750E+01
  6.49919166153384610E-01  7.76635641370262420E-02  2.82534394160279020E+01
  6.14379095469630790E-01  9.52481001310498240E+00  2.57210900777721040E+01
  7.00411917450214720E-01  1.24661282534569630E+01  2.70863261682896170E+01
  5.69344335137112000E-01  1.83271734925431180E+01  1.45263107727982830E+01
  2.57564851167384970E-01  7.18513706190819870E+00  1.16057572940927990E+01
  4.13050329149462850E-01  1.09092819540966770E+00  2.86378729146567960E+01
  6.18419083689772810E-01  1.73890273665664240E+01  2.62867288933480230E+01
  4.26523982883737140E-01  1.28838670501734730E+01  2.81325395151496560E+01
  3.78209123272245940E-01  1.77201813243569540E+01  1.11300153305073920E+01
  2.63055759251188670E-01  1.22051917448723270E+01  2.80133765911578440E+01
  5.00274833943758600E-01  2.22827265893706680E+01  2.62424990908073670E+01
  6.01687927537542500E-01  2.08492262338840570E+01  6.92912426993176390E+00
  4.86073626967704090E-01  1.19624934721942750E+01  1.97316113204782300E+01
  7.62474117278193650E-01  2.00996435927936470E+01  2.81008003557766560E+01
  4.87886881528419990E-01  1.43522476266485860E+01  1.21250890585242460E+01
  2.99038091422116640E-01  1.56304826378382270E+01  1.54528698916435050E+01
  3.50974061745161330E-01  1.68840052325204790E+01  2.44052099928398360E+01
  6.10572080928614460E-01  2.88905959557071630E+01  8.99110656138815760E+00
  3.01731430220296380E-01  4.84308379278802190E+00  2.01019372738606990E+01
  2.59062449636064510E-01  3.40755165094394030E+00  2.96394698044297940E+01
  6.99477888048091770E-01  7.28078983050287040E+00  2.16622531693177790E+01
  4.41666133880560000E-01  8.79552116163235450E+00  1.65567252312421760E+01
  6.86210935380316480E-01  9.03311461772447010E-01  1.68648060570273870E+01
  5.27425300578987690E-01  7.41942720172903860E+00  8.56131309619320110E+00
  7.54505484792745040E-01  1.12203353604468600E+01  1.29101390679555430E+01
  4.11696508529454960E-01  1.16386596877481560E+01  1.18220949572379100E+01
  6.26517897412854200E-01  2.47817307537425610E+01  3.24976033831543630E+00
  5.72142532162989690E-01  2.22354139340452020E+01  2.91845305855150880E+01
  3.47451934045076260E-01  6.69646156930355560E+00  1.19622907527890930E+01
  2.57564851167384970E-01  1.62562211406153450E+01  3.16447312925506190E+00
  5.33859136323620030E-01  1.81590406524514800E+01  1.03307206306307040E+01
  2.69169509893181310E-01  1.82628932080710480E+01  2.64406580172631680E+01
  4.24351701398837560E-01  1.42754345754183770E+01  1.74463968894416510E+01
  3.11762329988951370E-01  1.49512589319918480E+01  1.71550150354034870E+01
  3.50974061745161330E-01  1.28865563784030250E+01  7.45954776265237830E+00
  2.66929568161810020E-01  1.57483575028766630E+01  4.19109130479574170E+00
  7.20816873845379820E-01  1.03258403610675630E+01  2.22791135793407950E+01
  4.22201084465533680E-01  1.82056606194676650E+01  1.35408439442983890E+01
  3.09209541844886400E-01  2.62934738692470620E+01  1.95411363213045810E+01
  2.62213147743524950E-01  2.13504251326365730E+01  2.29377653336999320E+01
  7.60411681679863700E-01  2.48295622900276700E+01  2.23159889897032000E+01
  6.67521681419926690E-01  2.13375571611994950E+01  8.13985705074405000E+00
  4.37954134865551840E-01  1.88422717674735620E+01  2.52850827279046410E+01
  7.16654247500547470E-01  8.72947167434608320E+00  1.03655737781747690E+01
  7.12424816007452400E-01  1.57398789231319650E+01  1.32425501512178610E+01
  3.61198882346046800E-01  9.84698673473025110E+00  1.29183113718304000E+00
  3.82245446386266610E-01  2.56338315647610320E+01  1.99670593070134290E+01
  3.58737518624021320E-01  1.53547532768382060E+00  6.88812861998065350E+00
  5.81547682683179710E-01  2.77896568549723140E+01  2.71636874341112390E+01
  4.21963532045373490E-01  2.36335218896218930E+01  1.53702007958745560E+01
  3.12648490279368120E-01  1.03738591598637910E+01  1.01675382596896000E+01
  3.25036994184950640E-01  1.87560677344344380E+01  3.04670041347227280E-01
  3.83290088603488770E-01  2.14532389129249590E+01  1.70521594609543350E+00
  2.93443024193560210E-01  8.13376297369130440E+00  1.73677955892599410E+01
  2.66929568161810020E-01  1.17817012277285840E+01  6.80764742083901810E-01
  2.99038091422116640E-01  1.32200077322218770E+00  1.33370658188480870E+01
  6.00040109246873770E-01  2.98515552178385020E+00  1.94409215157576260E+01
  7.14535578675763720E-01  2.72990931842456560E+01  2.95514368381068520E+01
  3.06898385793053400E-01  1.03962040746397640E+01  6.81433037329055220E+00
  3.45648959319623030E-01  1.20927965103277960E+01  1.89109184144297230E+01
  3.87046365911375680E-01  8.55997039837859400E-01  3.63867617029954670E+00
  6.56539952722306990E-01  1.89298533556168350E+01  2.14439820139903570E+01
  5.07436062422724900E-01  3.96186662041544260E+00  2.87449315505187710E+01
  7.39270392714900380E-01  2.41107766476226110E+01  2.51734803171751480E+01
  5.38024295323284910E-01  1.01381984077255150E+01  1.19085535642745910E+01
  7.33199636544987770E-01  1.70018028021662420E+01  6.13756267153396710E+00
  6.31923671661538840E-01  1.60926861037201690E+01  8.85525050741925310E+00
  5.72951670348821020E-01  1.65106889244749300E+01  1.00539573499604900E+01
  6.40456937776772590E-01  7.52120409235017730E+00  4.75217913819851030E+00
  4.77241894706072770E-01  2.51446338482707010E+01  1.27788575314585200E+01
  7.64764367446448820E-01  1.97937449276571230E+01  1.20032459221631170E+01
  7.16535845940979770E-01  1.55458704145345030E+01  1.09101455575143550E+01
  3.10705613459761840E-01  1.13830355104772010E+01  1.80894692972176970E+01
  3.89901968262705180E-01  4.41367424368947070E-01  1.97465225602631450E+01
  7.15011499502423580E-01  2.06553356378217320E+01  1.04034795770058820E+01
  7.60297905848187840E-01  1.99265476823211890E+01  7.93095063131492580E+00
  2.65726189967390210E-01  1.16247542567763580E+01  2.10744865938329050E+01
  4.53492046339069340E-01  7.76823464841742610E+00  1.20117206174287840E+01
  5.18725390566230620E-01  1.96207132631218360E+00  2.08467121070348860E+01
  4.24020504903543660E-01  2.50061779268144130E+01  2.34870299672638940E+01
  5.17634268500846420E-01  1.43298037962170250E+01  3.36756558140603700E+00
  4.54567147313974470E-01  2.48390640864148440E+01  2.82475361119614340E+01
  3.65965634987757580E-01  2.72627150453283880E+01  3.83215763972473940E+00
  2.96256570285591500E-01  2.89296818244561360E+01  1.96632962769233930E+01
  5.50543265074639000E-01  1.12115646173828520E+01  1.83373014886795930E+00
  4.46540105696671490E-01  2.88651229995656070E+01  1.93152837304244010E+00
  6.47236078597052340E-01  1.96600819150558340E+01  1.34082027467078420E+01
  4.82769235883485770E-01  2.65951694395721350E+01  2.24816673904900170E+01
  2.97529618718302210E-01  2.53174500941514570E+01  2.89220160051156260E+01
  4.13811620468168510E-01  2.29030984364253740E+01  2.17549927075790350E-01
  4.87785457169642190E-01  3.05611956675282580E+00  1.05576728586170960E+01
  3.41778742319800830E-01  2.85502440861413230E+01  1.19486155972787300E+01
  4.05793634226126800E-01  2.34491999623706440E+00  3.75329138268839420E+00
  7.14516279726398110E-01  1.38547049724113660E+01  2.23137234128436870E+00
  3.71799304162545760E-01  3.14406857167590740E+00  2.90668959866853530E+01
  5.77820253962530560E-01  6.96472306288207670E+00  1.62449400553811520E+00
  4.75626642073745920E-01  1.64260955888847850E+01  3.88808310862737460E+00
  5.46562010559427060E-01  1.00697441297218420E+01  3.22889847533475870E+00
  3.29506256422424390E-01  2.89788815545560130E+00  1.13587318662972430E+01
  2.62213147743524950E-01  1.17278448312791920E+01  1.20660541682560880E+00
  3.63105686475124490E-01  1.69155652524976330E+01  1.76591375861433130E+01
  7.08391389715138510E-01  3.18370117836957520E+00  2.07337526589544940E+01
  4.26578460793149810E-01  8.77608152030521540E+00  1.41380285214870800E+01
  6.08873319065221350E-01  2.57091430593722560E+01  2.76377731279858200E+01
  5.39466591144820300E-01  2.65152966605121780E+01  1.52369486077110100E+01
  4.66553963192992600E-01  1.55778510224622620E+01  3.47799512997057960E+00
  4.82771447840326400E-01  2.74055931980446420E+01  7.74445062717787280E+00
  5.13004586318856950E-01  1.20796158598773200E+01  7.76692209666034290E+00
  3.17084428049163950E-01  2.86242814554061940E+01  1.72728335915999370E+01
  3.50974061745161330E-01  2.94398216908653300E+01  2.00614212846076260E+01
  3.82382183723224410E-01  2.49174101484271060E+01  6.82074841577316700E+00
  3.77759649416993960E-01  1.99128712758758900E+01  4.83928792010809690E+00
  5.74203886104520670E-01  1.30136803865516290E+01  1.04340370297481490E+01
  4.11346310528290360E-01  1.86873986446651020E+01  3.00057476926337370E+00
  5.06367095649294540E-01  4.32483157740315250E+00  2.22510494260698310E+00
  6.01687927537542500E-01  2.81606123289991680E+01  1.10893948705592270E+01
  2.49794182180603610E-01  2.11112123514915600E+01  1.71159871982351250E+01
  6.11481049571092420E-01  2.78816399114387680E+01  2.83609407307664900E+01
  5.03927515451986880E-01  3.72817452803352460E+00  1.12865997236357070E+01
  6.35485889077753010E-01  2.39491325366071020E+01  1.89701260597591420E+01
  2.99038091422116640E-01  6.31878659083042930E+00  2.82431376490449540E+01
  4.22541054278063120E-01  9.03013622270609590E+00  9.26689092775344570E+00
  3.05466220251299840E-01  1.72196780688179630E+01  5.12307999643048540E+00
  2.62213147743524950E-01  2.40034630398977230E+00  2.32636486092510850E+01
  3.61769499680632390E-01  2.75192266917074410E+00  2.17280993193288340E+01
  2.47647088603063280E-01  2.77797407614660370E+01  8.37172033589529360E+00
  3.11155895623034430E-01  1.37231032653192100E+01  1.69609824311278140E+01
  2.66929568161810020E-01  2.82170338291411480E+01  1.41198911015449030E+01
  6.90395435464654740E-01  7.38737155143282380E+00  2.96241149620405720E+01
  2.96503602823160150E-01  2.66490271387457720E+01  1.31299044164332450E+00
  6.57722721512726150E-01  8.23568979869245870E+00  5.83566341717537360E+00
  7.24777883420223110E-01  1.75959999255381770E+01  2.35990958315710270E+01
  5.48279863025970290E-01  8.09035976263089120E+00  1.62178316266488030E+00
  6.40748513009616880E-01  2.31662308343856150E+01  2.41683686472156900E+01
  2.56092450391898300E-01  1.25448486523626710E+01  4.50983440540516160E+00
  7.17499092254363010E-01  1.24791757776512910E+01  1.83488945542334070E+00
  4.66141488621800890E-01  2.06020151047453340E+01  1.48725136477207400E+00
  6.33759023001558490E-01  2.84604181082138620E+01  2.04659956073316740E+01
  5.48279863025970290E-01  1.90545726778659130E+01  2.73100485890584430E+01
  4.19081387041561550E-01  2.59693647754081770E+01  1.09007328568694620E+00
  5.70902198024309190E-01  6.62009641587691530E+00  3.79779045129765970E+00
  3.17950877609215300E-01  2.79185508283228930E+01  1.59559475916199580E+01
  5.96963967672292380E-01  1.04035740511031080E+01  2.76930443657664500E+01
  6.18832453479690690E-01  5.07636580539840490E-01  1.07487464505603050E+00
  2.63339374245984010E-01  2.37192269243066210E+01  2.69466009777316770E+01
  3.55036581058269410E-01  1.24110181581238130E+01  2.90483972064606310E+00
  5.84913004272127690E-01  1.71025401832108950E+01  3.07183685573455150E+00
  5.77235448209733180E-01  3.13444220099896990E+00  1.22334221881742240E+01
  5.01105313190319460E-01  1.14716219194399900E+01  1.71716879692509430E+01
  3.83598938984435380E-01  1.36499453066426260E+00  3.11264411952676220E-01
  5.98360795606824340E-01  2.20084678880239370E+01  2.52061155363904990E+00
  3.41778742319800830E-01  3.70372851767599180E+00  2.57478523830067200E+01
  3.29796701345061780E-01  2.04892606909200450E+01  2.11345965781995060E+01
  3.84420431658369740E-01  1.10259492362932130E+01  2.08217525272581230E+01
  4.91872428060923640E-01  1.77642382876799550E+01  1.77593387626712590E+01
  2.93443024193560210E-01  1.81082591110687550E+00  1.30028301874529220E+01
  5.81299825206354370E-01  2.96243662324596000E+01  1.46323682158207300E+01
  5.68243553274813350E-01  1.64407681783120020E+01  2.28245310567412400E+01
  5.39001667068871980E-01  9.88227718320081120E+00  1.08626878375945960E+01
  7.01587183784351610E-01  2.64289000386215990E+01  1.71997724250833170E+01
  4.45239477383046460E-01  1.26997394952564340E+01  2.95566099553977040E+01
  5.39001667068871980E-01  1.09521859486630840E+01  1.99016409286148530E+01
  2.86134314477376340E-01  2.46778959589889060E+01  1.73237368288514980E+01
  7.70254277643880240E-01  1.51727272362814410E+00  4.58808645636445430E+00
  3.45648959319623030E-01  9.46271063702408450E-01  1.14248355017745380E+01
  3.39481361119070080E-01  2.96468709735754030E+01  1.85665741362168910E+00
  3.04461637453634990E-01  2.72188426220241340E+01  1.50345727370755820E+00
  5.20369884994360540E-01  1.13338954859215710E+01  1.61595709578254440E+01
  2.65726189967390210E-01  5.71793903779096270E+00  2.58519746111994340E+01
  6.26908127420837150E-01  2.09999582536955670E+01  1.26957894449271400E+01
  3.48480710258510130E-01  6.81749098978631720E+00  2.27820165193773430E+01
  2.96653470797716330E-01  2.31531913508068460E+01  6.89043960981767790E+00
  6.31923671661538840E-01  2.63158368372163060E+01  1.16981751113794610E+01
  4.09705559579089850E-01  1.15330819633234290E+01  2.80079466044163150E+01
  6.72499163702481620E-01  1.60698127904504490E+01  1.45866851928679820E+01
  2.84029264846615530E-01  4.82199848448867740E+00  4.66549256093792940E+00
  5.34631033075580400E-01  6.05238073080717330E+00  1.64553440455137900E+01
  6.17076625982510940E-01  1.95335066969221880E+01  6.61119392016209330E+00
  6.55074006360275090E-01  1.76187938315559050E+01  2.14602606819646800E+01
  5.46562010559427060E-01  6.14638980838663950E+00  2.45932544532685960E+01
  5.17626013175185660E-01  1.32378879485050210E+01  2.29324942907650320E+01
  5.82207618145930890E-01  1.84769366028849300E+01  1.17209342925191450E+01
  5.98268629341587580E-01  1.81940219198837840E+01  1.03606520327331090E+00
  5.34553382826858140E-01  2.21270587223767270E+01  1.29746821552452330E+01
  3.76753951196820710E-01  2.92112190504155680E+01  1.18469958991732940E+00
  7.52518120402026810E-01  2.20950527006982750E+01  1.06867940774835970E+01
  4.81368497469048420E-01  1.14470037785638250E+00  2.02706841969218630E+01
  6.47413426355271770E-01  8.09213196068642660E+00  1.33103394278021570E+01
  3.05466220251299840E-01  9.20268216968538160E+00  2.95387175461573910E+00
  4.46689977500956030E-01  4.83864783532088530E+00  1.73287388969007740E+01
  6.18566685513849460E-01  2.44537957654965870E+01  2.02359660689573500E+01
  5.36592099856838090E-01  6.35094881120292240E+00  4.87168911731714790E+00
  5.09574347305064630E-01  2.96520223476408520E+01  2.41382262133335280E+01
  4.92328788949218680E-01  2.58240925527928520E+01  2.30765221645807480E+01
  4.83351594707823830E-01  2.32870008171440830E+01  2.90960797725320750E+01
  4.40650972415989980E-01  1.85529908171664390E+01  6.21534822477733330E+00
  6.10911033360540580E-01  1.24783261052163080E+01  1.34398076300307160E+01
  4.34172467284937990E-01  2.38815537060243630E+01  1.30760720718182720E+01
  7.03188417218805210E-01  2.84636375282889700E+01  2.43801678180832940E+01
  2.92799561075502800E-01  2.09799249533097520E+01  2.51646464259665060E+01
  5.68243553274813350E-01  2.59555748477561250E+01  2.64873429730405650E+01
  4.60682082706054620E-01  2.09392846446537710E+01  1.15605465864262060E+01
  6.41715074739605920E-01  1.09237200350889300E+01  2.88638067900292120E+01
  4.55206736325743130E-01  1.36719940470852900E+01  7.63985644820751640E+00
  4.22201084465533680E-01  1.21683153519248250E+01  2.14955438472842990E+01
  3.63079661055833470E-01  2.26941104332314180E+00  9.02901340677229490E+00
  2.63055759251188670E-01  2.86500598163371690E+01  2.60731871309578130E+00
  5.32877675645020420E-01  7.34800637564076990E+00  1.55021141643395610E+01
  5.77235448209733180E-01  1.29294291037130280E+01  5.25991270587793740E+00
  4.09775903561979240E-01  2.87573810177156160E+01  4.05618171375574030E+00
  6.93187364831086050E-01  2.26066910837109280E+01  4.02561780615234710E+00
  4.30054269381220950E-01  1.79356724817967570E+01  6.82912016250941180E+00
  5.07436062422724900E-01  1.72363701040334050E+01  1.47628770694236220E+01
  2.49948351789403130E-01  2.88070225501690800E+01  1.05336319638094160E+01
  3.16022212934137680E-01  1.56124158056402710E+01  2.47206793922812440E+01
  4.72818350263822220E-01  1.46313509219330320E+01  2.04447910393024410E+01
  4.46689977500956030E-01  1.47098113406292090E+01  9.99475354018924730E+00
  4.74581552528920360E-01  2.96869651494376360E+01  3.63216455627499800E+00
  4.86590143357422540E-01  1.19231684537344900E+01  4.91606072156635410E+00
  2.73281005279713530E-01  1.61280052267449000E+01  4.57479380499462710E+00
  5.20515140446715560E-01  2.34167717309616560E+01  2.62236749042559150E+01
  4.13811620468168510E-01  2.43475243007961350E+01  5.88185434773506180E-01
  3.81419328643079860E-01  2.13314835841811540E+01  5.18635628978049020E+00
  4.05593309893122810E-01  2.41706486834516100E+01  1.16990121803490460E+01
  5.85380732291966590E-01  2.63153749088315010E+01  7.68874063393029860E+00
  4.06599624824484800E-01  1.45581711808035590E+01  2.47311569777371540E+01
  6.40456937776772590E-01  8.90151040654643210E+00  2.46323593092284060E+01
  4.75626642073745920E-01  1.49371132928103220E+01  2.30973806457920860E+01
  5.09222041678605210E-01  2.50794084001405790E+01  1.35250126536392720E+00
  5.77820253962530560E-01  1.56290979375049230E+00  2.33244340085681400E+01
  3.80273533482480450E-01  1.17272563979724930E+01  2.63461951972492470E+00
  5.01406606281285510E-01  5.62628689445470180E+00  1.35173895288156430E+01
  3.59079136884617700E-01  1.74163880186849910E+01  9.83634462460132040E+00
  5.94092381958372510E-01  1.76726898507656570E+01  1.25792715343615740E+01
  2.54611020839302520E-01  2.77008666322368600E+01  2.09261121146344670E+01
  4.99223721401470310E-01  1.51520959963026750E+01  2.40479051752228510E+01
  2.54611020839302520E-01  6.28004132355907880E+00  3.04558774717774790E+00
  3.20574425314766210E-01  1.60853876476265120E+00  1.14958254212961460E+01
  2.85767805251094040E-01  5.70739397287630900E+00  1.92019645728091340E+00
  2.54611020839302520E-01  4.77839625646264650E+00  1.54073498725336600E+01
  4.12246671516209600E-01  1.54703599308976310E+01  2.84313031576643310E+01
  4.41298336829792340E-01  9.04976551414630140E+00  1.38286808686078590E+00
  7.09985914168247060E-01  2.22364630508537820E+01  2.15736432531308040E+01
  6.80956647410425740E-01  2.45825935258921080E+01  5.81148379257516630E+00
  4.75338540515479570E-01  1.62411340184626880E+00  3.24711863542793020E+00
  7.49588614928249000E-01  1.70834159948897910E+01  2.72673661548460270E-01
  4.74033319401206570E-01  1.80458912969869520E-01  2.14488539351367860E+01
  5.20515140446715560E-01  6.23417437741607920E+00  1.26967423926205960E+01
  5.48131117613959250E-01  1.20111197800068190E+01  1.09380221007429960E+01
  3.46733456860136300E-01  2.39674149200860780E+01  1.38518370672079490E+01
  6.97384645011991290E-01  5.34596381340413010E+00  2.86191147865646980E+00
  3.78209123272245940E-01  1.05860542209350770E+01  1.66573353730167360E+01
  3.82382183723224410E-01  1.03469167655882050E+01  2.11769977568954030E+01
  4.46537248270915300E-01  1.10434004208859820E+01  3.42130961257153480E+00
  6.08690451339190200E-01  2.32085506556045120E+01  1.44319324649805840E+01
  2.59062449636064510E-01  1.56150358018618770E+01  4.71603137749088490E+00
  4.43756654693070110E-01  2.70044239792004320E+01  2.22012740308135250E+00
  3.18942867500738640E-01  1.33739225446014580E+01  2.21070580621019700E+01
  7.16535845940979770E-01  5.22869380602145380E-01  8.93100698370731650E+00
  4.62836237406567810E-01  8.04642872742598490E-01  2.79084112831207510E+00
  6.97384645011991290E-01  1.94826284734556660E+01  1.17001314324082380E+00
  2.47647088603063280E-01  1.44802239567571770E+01  2.96447267302886990E+01
  4.05793634226126800E-01  1.42041725458882390E+01  1.95664231733072920E+01
  5.37364664263313330E-01  2.70857067224548760E+01  1.61499049685390260E+01
  5.72881440675418570E-01  9.47240558099125880E+00  1.48544256028284280E+01
  5.04213456464067280E-01  2.57057965428000870E+01  9.17663754191122120E+00
  3.86557871019070410E-01  1.42294845956575350E+01  4.92393598762276950E+00
  5.62178328188990490E-01  1.33521704393984780E+01  6.67434659744655790E+00
  6.41715074739605920E-01  2.96107107934079320E+01  1.01473892081194120E+01
  4.54567147313974470E-01  1.40788276219230630E+01  8.46457990809458490E+00
  3.97011970696729720E-01  1.12003658094630190E+01  2.15832741084352050E+01
  3.99477862283745790E-01  1.11008444958683000E+01  2.52237721554399990E+01
  5.15931587153482510E-01  2.87658421682386990E+01  2.76629906734460040E+01
  5.98026541173087530E-01  4.58733069203399960E+00  1.38750466739173040E+01
  5.94917806945655060E-01  1.32181835504624330E+01  3.40520463702996250E+00
  3.86557871019070410E-01  2.93675964121157880E+01  2.49878043379172720E+01
  5.52347772924787250E-01  1.31694259161821180E+00  1.82311255408815070E+01
  4.05793634226126800E-01  9.01728564981165450E+00  2.93526289136471800E+01
  4.66753989857397040E-01  1.36857899899350310E+01  2.47519143137428020E+01
  6.77666041374141330E-01  3.10023080674971530E+00  7.41504564172203380E+00
  3.23306573977224420E-01  1.30365602055141460E+01  2.88663702505270980E+01
  6.88340418185590860E-01  2.54929580482411890E+01  2.10280527762451010E+01
  4.11696508529454960E-01  2.17816272590444480E+01  2.41059406862905800E+01
  4.03052389307286420E-01  3.18845069428312920E+00  1.70869810502547210E+01
  2.97529618718302210E-01  2.17403207197299440E+01  2.33388437506807770E+01
  3.13090147150790890E-01  1.06665996450409820E+01  6.25669411830847900E+00
  5.01435669612667030E-01  1.03429624616589240E+01  4.23984472161726880E+00
  5.26482748420329030E-01  1.80261427880370240E+01  5.40467397530440330E+00
  6.75156127532392600E-01  1.28020495424850010E+01  2.57529533287979500E+01
  7.20816873845379820E-01  2.28460247392835250E+01  1.61972792769443180E+01
  5.30006102735105960E-01  2.34702551550299140E+01  9.81762939963709510E-01
  3.43353541919950760E-01  2.79590917433555220E+01  2.52967911913485390E+01
  5.32877675645020420E-01  2.09642419809251090E+01  2.36327683233849650E+01
  6.44956217916396120E-01  2.35996085013409560E+01  4.92262105053962260E+00
  3.55036581058269410E-01  2.94022516147040780E+01  2.07664225234945480E+01
  4.30054269381220950E-01  1.51596307580311900E+01  2.53119649608427470E+01
  4.93734512940847830E-01  1.93141524225508190E+01  5.52227439962153890E+00
  3.42409596243210680E-01  1.99031112168687670E+00  1.56522079603784350E+01
  5.58952633370732950E-01  2.70480747184616700E+01  1.07595052563938690E+01
  4.49954956992444630E-01  5.39585125195734780E+00  7.35459584202320830E+00
  4.11346310528290360E-01  6.14256073292967920E+00  1.77093316021232500E+01
  4.72818350263822220E-01  3.17452668953040270E+00  3.46496872295063070E+00
  5.00672486592370710E-01  1.99442033740896780E+01  2.34694784519287620E+01
  4.15334611176110170E-01  2.64878750752536230E+01  2.56030507747687220E+01
  7.70254277643880240E-01  2.15325411421069070E+00  1.40095552469376370E+01
  5.32262962461145860E-01  1.36200859787564980E+01  2.75188165331191780E+01
  4.01880163826280960E-01  2.80397809610747540E+01  3.67717935621694190E+00
  7.41720708060832300E-01  2.59850925484144280E+01  5.57752244026564270E+00
  3.01674668393272730E-01  2.05895847393346930E+01  4.77861361293619870E+00
  2.66929568161810020E-01  2.23261039412118510E+01  2.45106884138737970E+01
  4.15334611176110170E-01  1.52676227233793790E+01  1.84370226980281800E+01
  5.20369884994360540E-01  3.32002415416929560E+00  2.65196458948336550E+01
  2.84672167568555990E-01  3.07595913541141420E+00  6.45339722769974330E+00
  5.18912146576496980E-01  7.50638032006588850E+00  6.75775477396195430E+00
  3.90540239164096370E-01  6.17477872025858150E+00  7.66902675854771680E+00
  3.63079661055833470E-01  2.04727002730239780E+01  2.47488971332901640E+01
  4.73113776075054650E-01  2.22439792815448560E+01  2.27558479292311410E+01
  5.55687039951364880E-01  1.59820113341337770E+01  2.76097910132714580E+01
  6.97384645011991290E-01  2.37083153876222920E+01  1.76593999135568080E+01
  3.54092873053847420E-01  2.03016538233504030E+01  4.18982607489851060E+00
  7.37991961479508610E-01  1.45115908781425220E+01  9.36444597167241530E-01
  5.10790949981952740E-01  2.84236968618085690E+01  7.97186639629123480E+00
  7.03918080384424090E-01  1.64381709971527880E+01  7.56429060675245070E+00
  2.69326463995374250E-01  2.03362839762463070E+01  2.41317733112934580E+01
  5.39922025342825940E-01  2.29835190348945810E+01  1.93389491270674760E+00
  5.39922025342825940E-01  2.67695817858742270E+01  2.34889111864059540E+01
  3.52682444144397330E-01  1.65500681257086270E+01  2.67750328849338390E+01
  3.17084428049163950E-01  2.31161954523411240E+01  1.94361986479610210E+01
  3.92511582998476170E-01  1.40576185458487170E+01  2.11345651990945990E+01
  2.92799561075502800E-01  7.86279293622851850E+00  7.61366292478839140E+00
  3.63105686475124490E-01  1.38207325639866130E+01  4.13007558885354340E-02
  3.25036994184950640E-01  1.83307626010690970E+01  2.58508382854552710E+01
  5.70902198024309190E-01  9.33368264937485570E+00  2.14527192920086340E+01
  6.18138908065390960E-01  5.73201309578000990E+00  1.97822541692678480E+01
  3.10705613459761840E-01  4.12798069254143130E+00  2.67127007642464990E+01
  6.99092076263204730E-01  3.30314396075024240E+00  9.27233861169269250E+00
  4.40295189098215370E-01  1.11388325613511170E+00  1.94263239428410230E+00
  6.52034765531911640E-01  7.98936500949163800E+00  2.74261212348734770E+01
  5.12628979659419230E-01  1.28592341717206630E+01  1.15746592600042200E+01
  2.68569610726517900E-01  1.72903522218728940E+01  7.09633185309608820E+00
  4.41473589537221400E-01  4.07682253748762590E+00  2.26906810693229910E+01
  7.41623060643924430E-01  6.48453586091429730E+00  1.08940914668043690E+01
  2.49794182180603610E-01  2.53784594839642780E+01  1.34687887112058910E+01
  3.44856808658559500E-01  1.24470437365123470E+01  1.49819915381534180E+01
  6.83701617051292750E-01  1.41594838806133370E+01  2.58000261564131040E+01
  7.19599311285852310E-01  2.81264644979664450E+01  1.02967700309906100E+00
  6.67521681419926690E-01  6.67872648216529540E+00  2.72773929347106760E+01
  5.40946473112310590E-01  1.41696487957193200E+01  2.24323555109284780E+01
  3.83579206291793930E-01  1.34710528420504630E+01  1.35802244048232430E+01
  5.04339573614743570E-01  3.61009465101759730E+00  2.18684388533575600E+01
  6.35523375007872900E-01  5.49265429224349950E+00  8.43477125952748890E+00
  3.44905765886116280E-01  1.31212830188836130E+01  4.33990617597603650E+00
  2.65726189967390210E-01  3.05295092165900430E+00  2.50827717482689610E+01
  4.87785457169642190E-01  1.36010880558061760E+00  2.77783215076833800E+01
  3.71299762957800540E-01  5.54649531881988890E+00  4.18702049641143590E-01
  4.13811620468168510E-01  1.90398896747385500E+01  1.87344964161932450E+01
  5.69423614487483490E-01  5.07053215808708390E+00  2.42983134589127160E+01
  5.83429036676414100E-01  1.57660121693272170E+01  5.09759435294874660E-01
  5.30006102735105960E-01  1.99124536754336350E+01  1.83760083552152760E+01
  5.16710955738981780E-01  2.50592977081557110E+01  1.92764245784138060E+01
  2.65726189967390210E-01  1.36158792446241130E+01  1.17559032581555040E+01
  3.18942867500738640E-01  2.42561905283714940E+01  2.62215017393487070E+01
  3.23881608201221470E-01  2.96557346494536130E+00  2.34170328122819170E+01
  3.54092873053847420E-01  1.16607080103056670E+01  2.58321510200557430E+01
  5.12509616084684260E-01  2.50840773896801890E+01  1.17910675431553910E+01
  4.99223721401470310E-01  8.11064405446779450E+00  9.31931974516484200E+00
  2.56092450391898300E-01  1.10968860378801000E+01  2.72079745212815770E+00
  5.45765227979075810E-01  2.61635820514455870E+01  1.28650076517803600E+01
  6.94010183176834960E-01  2.70986461071351280E+01  2.46775341131565720E+01
  3.57201130995523370E-01  3.02218996226447260E+00  1.84846964155901650E+01
  5.25895496843049500E-01  4.80043315032727590E+00  2.81417787935987280E+01
  5.10790949981952740E-01  9.69895436291434620E+00  2.68383201458916570E+01
  4.89717368181109780E-01  1.17671828909240710E+01  2.96172299310998640E+01
  4.82769235883485770E-01  2.80107349059949830E+01  2.61226342240233150E+01
  6.93278360304079300E-01  1.46062100017950950E+01  6.72094404775565120E+00
  3.35017483125717060E-01  1.67834744492109670E+01  2.19900948371699490E+01
  3.26514001167033020E-01  1.89045964881443350E+01  8.30007094638668970E+00
  4.75880684447443510E-01  2.67431364193331260E+01  2.73118878380022670E+01
  4.22354771203238230E-01  1.65669652456794410E+00  2.92525235320049790E+01
  4.11966131227655820E-01  7.85344179420189100E+00  2.55176847211125190E+00
  7.30946391186454210E-01  1.81075204274119270E+01  8.99417574408324680E+00
  4.22201084465533680E-01  2.36648397455573940E+01  2.25203352119004590E+01
  5.15931587153482510E-01  8.72357362276462390E+00  2.65181573617979110E+01
  5.52347772924787250E-01  1.09342852546025690E+01  1.11640442020482520E+01
  2.49794182180603610E-01  2.11096538491197410E+01  4.59588236545344660E+00
  4.50103975287380020E-01  5.83069837459634050E+00  1.44460039101846930E+01
  3.61769499680632390E-01  2.46148380541753580E+01  9.17756334342571020E+00
  2.77147605524350650E-01  6.89531126515697590E+00  1.62058805545820770E+01
  7.64764367446448820E-01  2.43250863902894390E+01  1.63342401938112400E+01
  5.71326189973923350E-01  1.79245383975547270E+01  1.55934350766662750E+01
  4.07877171249442140E-01  2.45394878103343290E+01  1.03227265925262870E+01
  4.46540105696671490E-01  1.89360577867541590E+01  2.84267161554311980E+01
  5.07606992315717240E-01  1.38955668393782310E+01  5.75309895453385420E+00
  3.01731430220296380E-01  4.09735473100061310E+00  6.03527414618468420E+00
  4.32382463464541460E-01  3.35119546424109590E+00  1.39047751373727380E+01
  3.25762576013666160E-01  6.48796258987282660E+00  2.63008263313125960E+01
  6.24920360555607160E-01  1.23100765233592780E+01  1.79657008701731550E+01
  7.38532964590205680E-01  3.02344159306156040E+00  4.67417481697340520E+00
  3.92511582998476170E-01  2.74091761729519770E+01  1.84312003550563830E+01
  2.97561439636419770E-01  7.44884863859540580E+00  2.26450556075159530E+01
  3.46434506905438330E-01  2.76092051859926710E+01  2.37711974171784740E+01
  5.89502618647478990E-01  1.24157791050100390E+00  1.23284126610920950E+01
  3.32399546609116130E-01  2.12219416199761430E+01  1.51451375669578070E+01
  5.77649046292645880E-01  6.93709303687767690E+00  5.82084176280301340E+00
  4.31729360191427780E-01  2.74888380583633600E+01  2.22938359734411480E+01
  3.17950877609215300E-01  2.01756651237423950E+01  3.52723917678370350E+00
  4.75880684447443510E-01  6.75995811548000350E+00  2.01553949365162910E+01
  3.91816801400439550E-01  3.67908347012068540E-01  1.18823142110313920E+01
  2.50163292655703180E-01  2.04484022349178110E+01  1.62889376079540650E+01
  3.42074681651230290E-01  1.74927454973962290E+00  1.74492797046442260E+01
  3.50974061745161330E-01  7.33680465744374730E-01  1.07159524845664400E+01
  6.18566685513849460E-01  1.44094928663128690E+01  1.32299536338145560E+01
  3.24719866931951940E-01  1.74408905134504270E+01  1.34681420663619220E+01
  3.57201130995523370E-01  2.88510187994565150E+01  1.41008731063523600E+01
  3.13090147150790890E-01  8.46382877021586390E+00  4.89263673859086980E+00
  2.58355477869490890E-01  1.44202737328088220E+01  2.16745830686817590E+01
  4.83351594707823830E-01  4.07445912036832600E+00  1.99423257869029700E+01
  5.48463672908306780E-01  9.84548678477563220E+00  8.74072589764477750E+00
  4.24351701398837560E-01  2.34553122104377390E+01  8.89233110376184930E+00
  6.80557430527969220E-01  1.58873188930093360E+01  1.74826898208469470E+01
  3.73125396709624990E-01  2.50332885273157760E+00  5.65718754605181840E+00
  6.77808113742920780E-01  1.34017333527713640E+01  1.60259654517834170E+01
  7.67512613708393760E-01  2.14171720979967690E+01  2.73244162563247880E+01
  4.76544583128828500E-01  1.95051412850064910E+01  9.54650561826139210E+00
  6.97738347479756800E-01  1.97268055305709890E+01  2.61611404590270300E+00
  4.49545157175862540E-01  1.50537717842564050E+01  2.72673196193426510E+00
  6.25336422111717830E-01  2.93067268806364750E+01  1.66230162124673870E+01
  4.99487474973056500E-01  3.97518949517848340E+00  1.89646663969623080E+01
  6.67521681419926690E-01  1.64013457487568640E+01  2.53121675471344930E+01
  3.44170209092795430E-01  2.17276686791505010E+01  4.57857215752409810E+00
  4.01880163826280960E-01  1.18619847319202200E+01  2.42682547730649110E+01
  5.95035019805102560E-01  8.26066450162606000E+00  1.82549256158271580E+01
  5.20348764567513020E-01  4.15977797368151060E+00  5.21574679548564020E+00
  7.44845164893703690E-01  2.36736259414997110E+01  2.13533711916602510E+01
  6.94010688862415210E-01  7.53080551784407430E+00  2.61615928813260830E+01
  4.00156705760987560E-01  5.86686859231392340E+00  1.18535887373191160E+01
  6.57722721512726150E-01  2.79311390875536140E+01  4.73112440509875490E+00
  3.61198882346046800E-01  2.36720636467823590E+01  2.33036114972213500E+01
  6.07167866036927160E-01  7.80467987030043280E+00  2.04363303472957300E+01
  5.81677556670477180E-01  1.32046772682501420E+01  7.57745866529519850E-01
  3.17579752081870750E-01  2.69483236432939960E+01  1.97649782331624980E+01
  2.69169509893181310E-01  1.72401861007564820E+01  1.83112210745227700E+01
  5.36592099856838090E-01  1.76765884800969810E+01  7.80224737503253610E+00
  3.01799748246536660E-01  2.94655369224629560E+01  4.89789714732945390E-01
  4.05794678723965420E-01  1.23548270311927040E+01  2.06875974858303310E+01
  3.65995101567518470E-01  1.87459294424733540E+01  4.87713018888247520E+00
  3.39481361119070080E-01  1.27975392595584620E+01  9.46203451179056820E+00
  6.97384645011991290E-01  2.35404136649179310E+01  1.07939435218896200E+01
  6.82253548551889110E-01  1.41485669089116400E+01  1.09729930316075950E+01
  5.67035311113654220E-01  7.86398326375423370E+00  1.45311340570452390E+01
  6.47236078597052340E-01  1.65165899436783550E+01  1.21273914050340930E+01
  5.92513140571182980E-01  2.01443984132486770E+01  1.54149461079296920E+01
  4.71553509741754610E-01  2.40226114059597720E+01  6.81802535473591750E+00
  6.55885333720611730E-01  2.04457574671661990E+01  5.72491274562247110E+00
  2.83840017940612550E-01  2.29474010380295820E+01  2.30579937305332730E+01
  5.65219172841477580E-01  2.24678690685975330E+01  1.74261602193587490E+01
  3.48480710258510130E-01  2.73987962187691670E+01  1.53215670248785990E+01
  6.26908127420837150E-01  2.80198072630895400E+01  9.86937497386037950E+00
  2.62213147743524950E-01  1.88718745623531030E+01  1.38975190066211260E+01
  5.08737612195334600E-01  2.07719507415077160E+01  1.77941180805503730E+01
  4.59281804788439010E-01  1.23102606001263500E+01  1.23765335701943200E+01
  2.86550378078914000E-01  6.99471921349838150E-01  2.08946599720001490E+01
  2.99038091422116640E-01  9.31037950852817890E+00  1.36475972765011450E+01
  3.62493203924014780E-01  2.23525502442930520E+01  2.35836226049948930E+01
  5.64616421781660800E-01  6.25925560389979910E-01  2.49800365461143520E+01
  3.87533216804236250E-01  1.95692728343213420E+01  2.56751453766380810E+01
  3.90540239164096370E-01  2.25504947927283400E+01  9.68769026988856300E-01
  5.44640939783434240E-01  1.72748837268737250E+01  2.03017153855829020E+01
  3.84420431658369740E-01  1.68286530505534560E+01  1.31106175121420240E+01
  4.53492046339069340E-01  1.13158040738653330E+01  2.71732374267082300E+01
  6.38023782753992030E-01  1.84197826873705570E+01  1.66965440237469810E+01
  5.00672486592370710E-01  2.70515789688562800E+01  1.34178414397756760E+01
  6.08873319065221350E-01  2.37834020039991750E+01  2.81235064486545100E+01
  3.18942867500738640E-01  2.99491271137716540E-01  2.04406312132155250E+01
  2.65726189967390210E-01  5.23441848960309030E+00  2.05127398031962540E+01
  7.10410487391814980E-01  2.75407860251390560E+01  1.22453080242420040E+01
  4.66797018098134940E-01  1.89844005512946620E+01  2.62975126378706530E+01
  3.89889811574280460E-01  2.66604109001335840E+00  8.38955391347425920E+00
  2.92456502136063850E-01  1.53605396189608960E+00  2.55085107785947080E+01
  3.63079661055833470E-01  6.11927737160879560E+00  2.29209020740621700E+01
  4.13811620468168510E-01  2.45915275230236570E+00  2.94212192406219670E+00
  2.60417758313763680E-01  1.84280204027115530E+01  3.61947592527271580E+00
  4.41940562555082740E-01  2.08542234155739160E+00  1.89156609844084650E+01
  3.08418768867630710E-01  2.79775389873456140E+01  8.89136323603436550E+00
  3.04461637453634990E-01  1.07722037681678810E+00  2.25886395108845090E+01
  4.75626642073745920E-01  4.58801949574759590E+00  2.19293745247436820E+01
  4.19693779402500590E-01  9.79973558127499270E+00  4.98312925602158520E+00
  3.26514001167033020E-01  7.54935812556898260E+00  9.34959086715068470E-01
  3.55388479881239270E-01  2.14936461386462630E+01  2.23371431340816180E+01
  5.33859136323620030E-01  1.80003483745161570E+01  2.81372098092063400E+01
  3.39481361119070080E-01  2.63131825093286760E+01  1.85245069835437130E+00
  2.51153087880769550E-01  1.65471705638332840E+01  1.68108482549487200E+01
  4.21603844523193420E-01  1.50481027056739420E+00  1.07611599745729410E+01
  5.20348764567513020E-01  8.39797839484813300E+00  5.98401815525168250E-01
  6.86210935380316480E-01  2.60758812299763070E+01  1.40930810154475610E+01
  4.41140732643827070E-01  6.65760001009277590E+00  2.54378299650735360E+01
  6.26908127420837150E-01  2.45949485788792330E+01  2.71044364054742990E+01
  5.11871480770454750E-01  2.89202245921897190E+01  6.76418358749838950E+00
  4.70990686464341570E-01  1.50050021517443480E+01  1.41700727842757070E+01
  5.20369884994360540E-01  1.30827480408996400E+01  1.43955738980029190E+01
  3.04306421741581800E-01  4.15071727466091730E-01  7.91670465548005000E+00
  5.88333222664750720E-01  1.96255855228869120E+01  1.64747402251101360E+01
  6.64541222436485860E-01  2.28467790618248790E+01  2.72614799056401760E+01
  4.24351701398837560E-01  2.27747121990975610E+01  2.83472201439192730E+01
  5.55920758830291820E-01  1.94272045482099460E+01  2.25487336719936880E+01
  2.89042915761794110E-01  4.06242331379607790E+00  4.41287995727445460E+00
  2.47647088603063280E-01  2.10624416628095900E-01  1.91525028091285070E+01
  5.88686278844574580E-01  7.76439405993108080E+00  3.54797851415671550E+00
  3.53063097104977870E-01  1.69662889517406410E+01  1.89756352058333630E+01
  4.50600139601478670E-01  6.27930514600733500E-01  1.36193978010343330E+01
  6.65634982039605120E-01  3.92832136407353170E+00  2.47660622162551610E+01
  4.69750256464274060E-01  1.08511597091733460E+00  9.97487654070667770E+00
  6.13801455222646290E-01  2.57329361815857140E+01  1.60840625312112310E+01
  5.14582826754803690E-01  5.00287733127272370E+00  1.63539527092891640E+01
  3.81419328643079860E-01  2.75653939115116560E+01  3.05407240453217720E+00
  7.28196096543639280E-01  1.55346404824193290E+01  2.64066508830344800E+01
  7.33199636544987770E-01  1.70738292785748450E+01  1.75458842932197360E+00
  2.86550378078914000E-01  1.47974396078339510E+00  1.60193621813251110E+01
  2.52169786807371790E-01  4.58518687346778360E-01  2.16558098677782910E+00
  5.01406606281285510E-01  1.72962408325691360E+01  1.68834763530213190E+01
  4.18948713530687210E-01  6.34411373733405700E-02  6.30542576535769860E+00
  3.62620749938717070E-01  2.59051841873373050E+01  2.19942636827911070E+01
  3.15231116497538320E-01  1.26766343997149530E+01  6.11533836656973850E+00
  2.83840017940612550E-01  2.43119592140153460E+01  2.32227808264060940E+01
  4.72199721516180480E-01  1.40695634763551140E+01  1.42898886793250260E+01
  4.41666133880560000E-01  1.19150182474799100E+01  8.70705938047562000E+00
  3.39073066583844400E-01  2.04397162003498670E+01  1.69184539555524540E+01
  2.54831192030272870E-01  6.46617558072372130E+00  1.71272113669990450E+01
  6.65634982039605120E-01  2.38188271283959850E+00  2.72444230772777760E+01
  2.69326463995374250E-01  2.57742482151064360E+01  2.85152065807059390E+01
  3.08418768867630710E-01  2.12436417455839790E+01  1.04659652229277800E+00
  5.63324676144028570E-01  2.96174208284128180E+01  2.70017506622035770E+01
  2.49794182180603610E-01  4.27115116525912700E+00  1.18089711114731540E+01
  6.44956217916396120E-01  1.29801213565289050E+01  8.49482077421312450E+00
  4.26043897269923290E-01  3.20990503236815620E+00  2.27080717967279570E+01
  7.44533748089133770E-01  2.31235766675419150E+01  1.21737022838045200E+01
  2.47647088603063280E-01  1.66245711979753960E+01  2.36187863915311560E+01
  3.47451934045076260E-01  8.47260351399158300E+00  1.23911686793945300E+01
  4.83182858574677270E-01  1.22246208365880640E+01  2.87590676525010880E+01
  5.38382388131525950E-01  4.93151127609341610E+00  5.93980680184310470E+00
  6.08690451339190200E-01  1.95337739530134580E+01  2.44999527459531700E+01
  3.93024383017402490E-01  9.03378011401093950E+00  2.74496856548133220E+01
  2.54611020839302520E-01  5.96402068639996230E+00  2.53938624065223450E+01
  6.82253548551889110E-01  1.56594414093557490E+01  1.77104987175874680E+00
  7.67665169660178040E-01  8.16886918701989370E+00  2.34300894231025970E+01
  3.95839252948554370E-01  2.87776909197870910E+01  1.89883216119956120E+01
  5.15379284759350490E-01  2.67665371592801300E+01  4.59317810302524960E+00
  5.09222041678605210E-01  1.51515540084119800E+01  2.92958148695931550E+01
  4.72038094207023740E-01  1.55458583692306340E+01  2.02081846596352010E+01
  6.64541222436485860E-01  3.22446378468968930E+00  1.49937476823886340E+01
  4.84167632717154460E-01  2.49643027862012130E+01  1.44585756034375110E+01
  5.39922025342825940E-01  1.63982150937940080E+01  1.96639595925429770E+01
  3.77759649416993960E-01  8.67152351914266180E-01  2.40085584045741850E+01
  5.06367095649294540E-01  4.84104503957665330E+00  2.71109473608559810E+01
  3.05466220251299840E-01  2.21998351612875910E+01  3.68334369921913480E-01
  7.55604472483241980E-01  1.03663107829600850E+01  1.77692316665656880E+01
  7.68548325332126940E-01  2.11179095691193480E+01  1.90242325184461370E+01
  3.09209541844886400E-01  1.47541416525238120E+01  2.12168093299888020E+01
  4.71553509741754610E-01  2.88011866301266860E+00  2.82662803101080050E+01
  3.65995101567518470E-01  5.07225519957564510E+00  1.77603902908052560E+00
  6.26517897412854200E-01  2.58412842223855530E+01  2.41948657293315460E+01
  3.55388479881239270E-01  2.21654818280482290E+01  2.05106636625065980E+01
  3.90423892796942250E-01  2.56029109657780900E+01  1.50595711821653530E+01
  4.92172780862642510E-01  1.33930821664472650E+01  1.76932427806273940E+01
  6.66683478841499700E-01  5.43223692424093670E+00  1.85329039704767420E+01
  6.94903868090152520E-01  6.02178871679778550E+00  2.10628828963865440E+01
  7.65642972591057180E-01  2.18476265141397690E+01  1.42437195043900660E+01
  3.52682444144397330E-01  2.15166697863995290E+01  2.07934878518803500E+01
  5.39466591144820300E-01  2.22803919202754630E+01  1.96233152920689770E+01
  4.26043897269923290E-01  1.82106192706210950E+01  2.05562023710109830E+01
  2.53364602799301860E-01  1.38026185667993300E+01  2.17279407885868350E+01
  3.83290088603488770E-01  4.31031308753914470E+00  8.87625090148208430E+00
  5.55920758830291820E-01  2.96574744770959950E+01  2.58841477077403250E+01
  4.13050329149462850E-01  9.21089669951589940E+00  2.24847754770604840E+01
  5.20369884994360540E-01  1.57844431956611830E+01  6.43182313938039750E+00
  6.99477888048091770E-01  1.77376284595417350E+01  2.50160306916402500E+01
  3.59079136884617700E-01  1.65964677721103090E+01  2.82868451090959990E+01
  3.01799748246536660E-01  5.06499957685367350E-01  4.23179759848452260E+00
  5.28731261397185740E-01  1.18505919261665120E+00  2.15488082928302910E+01
  6.80338287111455390E-01  9.70614291296518420E+00  7.51991792371571320E+00
  4.74033319401206570E-01  1.87182172234595260E+01  1.79075225757421670E+01
  3.53302408788900560E-01  2.28281696727335340E+01  3.00320696821510590E+00
  4.03052389307286420E-01  5.35618887185518130E+00  5.09968521901055640E+00
  3.33973424357718240E-01  2.38516351942185170E+00  1.27513864335100870E+01
  4.68162992243922280E-01  1.53246009008613160E+01  2.17449009178037470E+01
  4.72192289519205580E-01  2.45464756171144710E+01  2.17631106132394740E+00
  6.73658304681401180E-01  1.07104991158576650E+01  2.62229762703374760E+01
  4.61178090502161720E-01  2.95181743432635170E+01  1.85575322662074880E+01
  4.18189647978318300E-01  2.74655015417315450E+01  1.76226925273749520E+01
  5.15379284759350490E-01  2.50802974308946280E+01  8.37176869857276880E+00
  5.34553382826858140E-01  1.18452115992603200E+01  5.94205249406364810E+00
  3.70336582810533970E-01  2.68157201289140230E+01  3.10768329704089300E+00
  6.42747544188997020E-01  1.94879610642187520E+01  2.93652351756997520E+01
  4.50600139601478670E-01  2.10781900855755780E+01  2.16465385561025020E+01
  3.55036581058269410E-01  3.00893575917141560E+00  2.57015904810216180E+01
  3.54092873053847420E-01  2.64146309339701660E+01  4.58319549318849260E-01
  5.13614394364816020E-01  3.22556296829343970E+00  1.61711098144014220E+01
  3.65995101567518470E-01  1.70159889161556310E+01  9.23270570957947710E+00
  5.25383403930900440E-01  7.50519445659977080E+00  1.01446957411942580E+01
  3.83598938984435380E-01  1.39766721810597070E+01  4.19648715344643450E+00
  4.86073626967704090E-01  2.94890078201267160E+01  4.57214391271133640E+00
  5.96963967672292380E-01  7.75729504453638440E+00  1.65547064993734270E+01
  4.66553963192992600E-01  7.79617139620718100E+00  1.10925806033260520E+01
  4.15252526658189590E-01  1.36563990144156800E+01  2.84654030747269000E+01
  6.36786611163594070E-01  7.18869995243423340E+00  1.76490605321152470E+01
  6.06760633376156730E-01  4.35833583354952480E+00  7.15860574296265020E+00
  5.25895496843049500E-01  2.79271909335894900E+01  1.67994754850127310E+01
  5.05409982910693060E-01  2.09108467146171970E+01  2.40822076799270370E+00
  5.18912146576496980E-01  2.92657791913358560E+01  1.12717194664413980E+01
  5.81677556670477180E-01  6.85115212786200710E+00  2.37128198166799750E+01
  2.50625569857546320E-01  2.09586251681622180E+01  1.66399119694251350E+01
  6.67521681419926690E-01  2.23644997874270680E+01  5.36424895013812900E+00
  6.52034765531911640E-01  1.51096948046196700E+01  5.47388544942581760E+00
  3.81419328643079860E-01  2.43921090675458170E+01  1.51076662182220040E+01
  3.18942867500738640E-01  1.91867888550462130E+01  1.72684139276934370E+01
  6.63973334543257470E-01  1.08370489619019000E+01  5.29491254219285600E+00
  4.05793634226126800E-01  1.65559432236818940E+01  1.83381884101873820E+01
  2.88617724104866640E-01  8.51313839553959540E+00  3.09088366564518720E+00
  3.17587838135982990E-01  1.49358051226567690E+01  1.77839686897638210E+01
  6.94010688862415210E-01  1.09321173237403430E+01  8.13950141955941220E+00
  3.25036994184950640E-01  5.93236503758376000E-01  1.87265977896877980E+01
  4.41940562555082740E-01  9.76127549202887760E+00  9.72751896054114160E+00
  3.05466220251299840E-01  2.51237294717194360E+00  2.52661819262372020E+01
  7.22984261441823330E-01  2.70355665711355080E+01  6.59704466768442630E+00
  4.60682082706054620E-01  2.15007674744055990E+01  6.09001011041730940E+00
  4.22201084465533680E-01  4.16144987310970920E-01  1.78603266151679530E+01
  6.24824560398126750E-01  2.43941879987513130E+01  2.92302429674600860E+01
  3.63079661055833470E-01  2.50570980908254380E+01  9.75181036524717020E+00
  3.25516939164680520E-01  2.70927540264315350E+01  8.77904337339397860E-01
  4.87886881528419990E-01  2.39245844916431060E+01  9.67300456410741210E+00
  4.34172467284937990E-01  6.57848565810978770E+00  1.49170957629089000E+01
  7.04082361725448710E-01  1.76781161880019010E+01  4.22468190588314310E+00
  4.40295189098215370E-01  7.19453744945304320E+00  1.26964296901971390E+01
  4.54567147313974470E-01  7.32576985537890210E+00  1.87315501686645480E+01
  4.89717368181109780E-01  9.71393726081293710E+00  1.67090121930752000E+01
  4.82771447840326400E-01  9.13877817219345450E+00  1.28852115907343200E+01
  3.54092873053847420E-01  1.88615865349914560E+01  2.01838065392278130E+00
  7.67457697882333090E-01  1.14961060344437060E+01  1.44064533905110870E+01
  4.43129600128677660E-01  2.93735205763371850E+01  8.05477282555008500E+00
  5.61514797181737530E-01  4.50131624742848850E+00  2.08959430718060020E+01
  5.82207618145930890E-01  9.42121650286158110E+00  2.83443526894105910E+01
  5.94092381958372510E-01  9.03878055041712260E+00  1.16391047395163730E+01
  5.64318884198494160E-01  2.28156266740978740E+01  2.53210046285726380E+01
  6.16837537735261420E-01  1.67078503864247260E+00  8.23939939596549210E+00
  4.20581746236023420E-01  6.63485742509502700E+00  1.92686508957045960E+01
  3.16022212934137680E-01  3.73985073948180040E+00  1.75484897353506350E+01
  4.59502380082057990E-01  2.92927765369737680E+01  1.22496474847839460E+01
  7.48336469443998900E-01  9.02505140386415760E+00  3.99259552127869450E+00
  6.90159994875631000E-01  1.63159503648072000E+01  2.10785065300268710E+01
  4.68364091588631840E-01  2.10712293387993060E+01  1.59306504522041960E+01
  4.05593309893122810E-01  2.88516067895855740E+01  2.64084896881730770E+01
  5.55687039951364880E-01  1.31195315407776750E+01  2.12703284618824600E+01
  2.83840017940612550E-01  2.38062479869240780E+01  1.89265052635066340E+00
  5.98280766214214580E-01  1.02265310714196890E+01  1.57497605191927050E+01
  5.84913004272127690E-01  1.12827862740706290E+01  6.90981686153949060E+00
  2.83840017940612550E-01  1.64205799938848290E+01  2.53382523953244520E+00
  2.83517655556827110E-01  1.27083424718950550E+01  1.87819762255177380E+01
  5.27599340399055180E-01  2.07725753543193150E+01  2.03255453024080170E+01
  6.24824560398126750E-01  1.18849753870666550E+01  9.77244302605747000E+00
  4.84167632717154460E-01  1.87363754242384140E+01  1.27551814385768410E+01
  5.66562802601083430E-01  4.29135638244543220E-01  2.31701190499403820E+01
  5.81213412342838430E-01  5.51655266828835340E+00  4.12866556169601310E+00
  5.13285974501586400E-01  4.00988999290320610E+00  1.02568969626557020E+01
  5.29625185962053640E-01  6.41281600720210230E+00  6.64710655996792530E-01
  3.30104909316010620E-01  1.36319643848811700E+01  1.50447710999093740E+01
  5.48174971142568520E-01  1.24534823183902610E+01  1.68022300693398100E+01
  4.72192289519205580E-01  8.37036533471093950E+00  2.22074656694492700E+01
  4.53126113496558960E-01  4.39526451847909260E+00  1.81106231511691360E+01
  5.25993347610763350E-01  2.93978462474911420E+01  2.23280519055871380E+01
  4.75338540515479570E-01  2.95672555363995140E+01  2.66738171814103440E+00
  4.30858982518450690E-01  9.82166015810185660E-01  7.45017209032060990E+00
  7.09741570678139940E-01  4.74376285230646120E+00  2.58991752249101100E+01
  5.05409982910693060E-01  2.30218057021046720E+00  2.25024703057751520E+01
  5.20369884994360540E-01  1.33145210577321760E+01  1.93095446764433870E+01
  2.73281005279713530E-01  2.09700123674867100E+00  1.22170753186542530E+01
  3.09574052588245370E-01  1.60440106647901860E+01  2.20405443993820360E+01
  3.18095930761502070E-01  2.07640689076354960E+00  7.32740485571724070E+00
  4.46537248270915300E-01  2.45438425587675010E+01  7.57350720184196020E+00
  6.38830345620663920E-01  2.55064703558105810E+01  1.07201264212475990E+01
  6.68397269451762100E-01  5.02273383131149660E+00  9.64971813001691990E+00
  5.32488384254616510E-01  1.36351876290835390E+01  2.03121989904822800E+01
  3.17579752081870750E-01  2.63475122980425630E+01  2.60390880597356040E+00
  5.16710955738981780E-01  2.90476363575142180E+01  2.33095378843970310E+01
  4.49545157175862540E-01  2.07080121499738610E+01  1.37310713999932760E+01
  3.20574425314766210E-01  3.62444172758748720E+00  1.81744189165343430E+01
  4.12246671516209600E-01  6.50751986810281840E+00  1.84465539874504000E+01
  4.94550785807675550E-01  2.38012178468314700E+01  3.80198516253102130E+00
  3.59079136884617700E-01  2.42084004779160320E+00  2.89646076515676500E+01
  6.10572080928614460E-01  2.16399797425669900E+00  1.96206206145643910E+00
  4.75338540515479570E-01  7.03920012506703690E+00  7.63435548875091020E+00
  5.09574347305064630E-01  2.17749556859955080E+01  2.50570766289495450E+01
  4.18189647978318300E-01  2.90290230868929640E+00  2.44158709095950430E+01
  3.76753951196820710E-01  1.27728305174560860E+01  2.00260646254693850E+01
  3.84533934306195220E-01  4.51711159099407400E+00  8.13694452123056070E+00
  6.60767019732147710E-01  1.93049938309319420E+01  1.06652941533969800E+01
  5.64318884198494160E-01  1.49215050282979020E+01  4.27256259206055860E+00
  4.69750256464274060E-01  2.00139781035892560E+00  1.98591352955334730E+01
  6.88340418185590860E-01  1.80747979198961770E+00  2.45661413740900340E+01
  5.93150731645016190E-01  2.05757116665033660E+01  2.25759621537524350E+01
  7.17499092254363010E-01  1.66608007173089660E+01  1.58440644138000990E+01
  3.79322922295397280E-01  2.18596597975379440E+01  1.81487640523239190E+01
  3.20574425314766210E-01  2.35944676076947420E+01  1.98577423635586320E+01
  7.17953871372127320E-01  6.81440014328967170E+00  1.37902485812595610E+01
  3.42409596243210680E-01  2.21697544396009290E+01  1.59428252452475720E+00
  4.43129600128677660E-01  1.61886820856768310E+01  5.28820941059162750E+00
  3.78068289465320630E-01  2.53664148509442100E+01  7.52548233849843480E+00
  4.75338540515479570E-01  2.80378414336034890E+01  2.15728933901290740E+01
  7.38532964590205680E-01  2.87645514051638290E+01  2.94111577960346190E+01
  5.07606992315717240E-01  1.21077169318508910E+00  1.92848300817970500E+01
  2.86134314477376340E-01  2.51268577996096350E+01  5.01213221931357560E+00
  5.07437626189109900E-01  2.60936815676879310E+01  2.93513527836539900E+01
  6.15073771326759470E-01  8.26717403287857700E+00  2.86611819043473340E+01
  3.30104909316010620E-01  3.42562480090992060E+00  2.38814649686028490E+01
  6.66683478841499700E-01  2.89420385873854760E+01  5.58632983522003280E+00
  7.49545055295440930E-01  2.49603698303881940E+00  3.77886437457691570E-01
  2.54824432159977790E-01  3.53344795503112020E+00  2.33066874112274220E+01
  5.72142532162989690E-01  1.54575347568130470E+01  1.63064144427746210E+01
  2.77147605524350650E-01  1.55812164062684280E+00  2.22624669232006380E+01
  4.68364091588631840E-01  1.23319763517866810E+01  6.81883653467755480E+00
  4.82771447840326400E-01  1.22659355457611610E+01  1.57890660287013470E+01
  2.50971712925384870E-01  1.26262208483929670E+01  4.00935767966430130E+00
  5.38024295323284910E-01  2.28986923985871340E+01  9.67721571944876050E+00
  4.13050329149462850E-01  1.42719833701230690E+01  2.90186457315298870E+01
  4.86590143357422540E-01  2.31278728195530240E+00  6.55777714161963930E+00
  3.16148313226467530E-01  1.58606227625277700E+01  2.74863261141818160E+00
  3.81419328643079860E-01  1.73293613921055360E+01  2.24888602511334600E+01
  6.52911031193170470E-01  4.60829901309764620E-01  2.94974857371303540E+01
  4.49150663742554990E-01  1.79756264992146270E+01  2.51814259118983320E+00
  4.73113776075054650E-01  9.89352506364695830E+00  2.92875868421114910E+01
  3.65995101567518470E-01  2.43712444562819430E+01  1.24436540017144160E+01
  3.46028387031474870E-01  2.45880707684605290E+01  1.10746945410953790E+01
  4.23675716525973380E-01  1.00439393686950710E+01  1.28650138093711190E+01
  2.47261092463374420E-01  1.34846590808057950E+01  2.92242078732281210E+01
  2.63339374245984010E-01  1.01781904825041550E+00  2.57090242875854430E+01
  2.59062449636064510E-01  1.72839491685424950E+01  1.94984985435035940E+01
  5.77180454669814490E-01  1.82951099374008380E+01  2.25013325552212000E+01
  4.06599624824484800E-01  2.85576497120807250E+01  1.27069359771248380E+01
  4.65278877330243820E-01  2.59433085443120570E+01  1.88503653815351950E+01
  3.07263188066738420E-01  2.85370991556540470E+01  1.60753817334504530E+01
  3.88697647565240350E-01  2.41951837944258800E+01  8.55544042829059490E+00
  6.62122603690132470E-01  5.03608670669617630E+00  1.25152037884203740E+01
  3.79322922295397280E-01  7.78626527584202590E-01  6.66603060243740320E+00
  3.53063097104977870E-01  1.31123732787555220E+01  2.37940687354201370E+01
  6.88885956497308970E-01  4.57622380630060380E+00  8.45410413172328030E-01
  5.33066537704075310E-01  7.14059538738506560E+00  2.84257988699172050E+01
  3.42074681651230290E-01  4.04514141551025560E+00  1.23552273522579770E+01
  4.24351701398837560E-01  8.34863288505716920E+00  2.13119625476431410E+01
  2.92456502136063850E-01  2.49525295618155520E+01  2.45109744771815910E+01
  5.90639534364661320E-01  1.42729404203907360E+00  5.94529512298505660E+00
  4.09705559579089850E-01  1.97957235875970850E+01  2.08026425113306170E+01
  3.59079136884617700E-01  1.57142462273944950E+01  2.33995799482579830E+01
  5.27599340399055180E-01  1.94234403329293280E+01  1.45581987864760140E+01
  5.38382256471750510E-01  2.33375658936222510E+01  6.07625127476066050E+00
  5.96963967672292380E-01  7.04079638303024340E-01  1.55972821635935280E+01
  2.96503602823160150E-01  2.18663959890644400E+01  1.03227982680476700E+00
  3.64593218166308700E-01  9.05437134939825580E+00  5.22448218553456730E+00
  4.18947112612636110E-01  1.54810089239609550E+00  1.50328260902176480E+01
  5.40946473112310590E-01  2.23787526356488410E+01  6.57176606692639530E+00
  3.35017483125717060E-01  1.51206739805150650E+01  2.73853924217584570E+01
  4.75626642073745920E-01  2.58838736141194130E+01  3.24705910320308440E+00
  3.04461637453634990E-01  1.03661308339698070E+01  1.70814336335665460E+00
  4.36315933331792570E-01  2.68279396851253150E+01  1.90213923301853390E+01
  6.77666041374141330E-01  1.92905576398875880E+01  3.98692807076078370E+00
  5.67035311113654220E-01  6.18028153785128610E+00  2.92735214197466260E+01
  3.38650161839631010E-01  2.03904514534850150E+00  2.17005547903699210E+01
  6.94010183176834960E-01  2.68438859871536550E+01  2.13320806396666320E+01
  7.10410487391814980E-01  2.01138034273279760E+01  2.66283895928642560E+01
  4.54567147313974470E-01  5.90709981641971900E+00  5.75691849582145480E+00
  2.52169786807371790E-01  1.82709811973511050E+01  1.88254694291471390E+00
  3.01799748246536660E-01  2.41175751515285200E+01  1.44824126308742670E+01
  4.27719079604653450E-01  1.19178271977727750E+01  2.50947686320555120E+01
  3.87762191716535260E-01  5.62695511068571720E+00  6.55046848234030050E+00
  5.72951670348821020E-01  2.12381778886235080E+01  2.59965944483227740E+01
  5.09222041678605210E-01  4.22546164936038690E+00  2.36294359931704250E+01
  5.25993347610763350E-01  2.18740763634400570E+01  1.19451472402259270E+01
  3.12648490279368120E-01  1.54858498262331640E+01  7.20866145385392620E+00
  3.32399546609116130E-01  5.60509244014426590E+00  1.71967786518821410E+01
  4.43807889241729470E-01  3.39108348032066640E+00  5.79731733799719430E+00
  3.44170209092795430E-01  2.58215918850601800E+01  1.80504931673405020E+01
  2.54824432159977790E-01  2.88817828328676040E+01  2.84248618731381870E+01
  4.21963532045373490E-01  2.80556165805839020E+01  7.11542573952521900E+00
  4.11696508529454960E-01  4.77974260807908460E+00  1.93913831174897520E+01
  4.11346310528290360E-01  1.98972659595325010E+01  1.74360234955038750E+01
  6.16837537735261420E-01  2.17753384835760140E+00  1.65924632662207120E+01
  4.83570943621045310E-01  4.14578378821889350E+00  1.57874369984691310E+01
  4.32382463464541460E-01  9.28761235069827510E-01  1.44492423417781350E+01
  5.92513140571182980E-01  2.14688211904914670E+00  9.97644739612998070E+00
  3.55036581058269410E-01  2.81779582351780110E+01  2.33612516106671610E+01
  4.74581552528920360E-01  1.12275907276925650E-01  7.19955506602370040E+00
  3.44905765886116280E-01  2.11326124273980370E+01  2.44940420897492220E+01
  5.96963967672292380E-01  1.82217427380435560E+01  2.92459498989159880E+01
  2.68569610726517900E-01  2.78127632386457750E+01  5.65551964699309820E+00
  5.80290806494985740E-01  2.83307551830870250E+01  1.81207477892502740E+01
  6.25336422111717830E-01  1.01986893576136010E+01  1.39019925740613140E+01
  6.17452885167652710E-01  2.27617240608362190E+01  1.85716112583475200E+01
  3.29506256422424390E-01  1.49270672272254890E+01  1.96991768760891550E+01
  2.58355477869490890E-01  1.50124035210282790E+00  2.52392554181534660E+00
  4.69641390777102340E-01  2.42585107157527810E+01  2.39742558913008740E+01
  3.49095179616795370E-01  4.58962029320282380E+00  4.05386659197333100E+00
  3.27988333844876360E-01  3.68522718547441830E+00  6.51084291351798060E+00
  3.86383264228710210E-01  1.59533298768054980E+01  1.88517908814830870E+01
  4.75543307221801650E-01  2.57746415690530950E+01  6.77610849165238880E+00
  5.07815655211632320E-01  1.12397706261164970E+01  1.88951995271802320E+01
  6.08088426536500660E-01  2.66629359769851250E+01  2.83924846074453040E+01
  3.93024383017402490E-01  5.45435615774192860E+00  2.19899255664980020E+01
  7.48336469443998900E-01  2.69213760435813430E+01  8.87603805897251520E+00
  3.13454063710418570E-01  2.49902670992749980E+01  2.62244063625305660E+01
  4.43133439323318520E-01  1.66966279765574870E+01  1.10525684052145010E+01
  3.62493203924014780E-01  1.05401157646776640E+01  2.45156941059498750E+00
  5.72881440675418570E-01  2.93552620578323200E+01  1.32800295609712220E+01
  3.71299762957800540E-01  2.65421553087715660E+01  1.82663333688851810E+01
  5.13143010843963320E-01  9.06404586349811760E+00  1.74727921771575830E+01
  3.87533216804236250E-01  6.26815437129559160E+00  2.29181921993345620E+00
  3.90540239164096370E-01  5.65473076031507830E+00  2.84732411396316290E+01
  4.11696508529454960E-01  2.74143877058981570E+01  2.03252173603459420E+01
  4.19670751191123690E-01  2.53203546509914550E+01  1.70315836877962570E+01
  5.39922025342825940E-01  2.04314743550192330E+01  9.12884539901039100E+00
  3.73125396709624990E-01  4.03903092553814070E+00  2.96220075673155630E+01
  5.72628172168292430E-01  5.60463611328374340E+00  1.54430835406846310E+01
  5.63660960642019760E-01  1.45580721624560830E+01  2.80852517842935930E+01
  7.54397230300637300E-01  1.07270878853203660E+01  6.06804495319614560E-01
  4.07877171249442140E-01  2.93925411558143390E+01  1.55939067065528200E+01
  4.61178090502161720E-01  2.30380790817799050E+01  1.33761147386177550E+01
  3.50974061745161330E-01  2.26875723927900940E+00  1.16171153652487860E+01
  4.22541054278063120E-01  8.67321088216392510E+00  2.39806708505708550E+00
  3.25036994184950640E-01  1.55149758637784190E+01  1.94118196930229350E+01
  4.96042965314236020E-01  1.53357717646004480E+01  1.21040316988337060E+01
  3.04461637453634990E-01  1.10499425959853050E+01  1.53808441220465020E+01
  4.21290506291976640E-01  2.03634911510768790E+01  2.55249559381652200E+01
  4.26578460793149810E-01  5.62934335082129330E+00  1.21235693206186210E+00
  3.91816801400439550E-01  2.84147967050538240E+01  1.34921624989363950E+01
  5.32262962461145860E-01  9.44540276870885260E+00  4.94238663599304660E-01
  6.07718241283317260E-01  1.40720487711982400E+01  2.37493440239726500E+01
  5.13425754976809310E-01  2.79604227217597730E+01  2.25131430427557210E+00
  5.46829204411607870E-01  2.17751652847132830E+00  2.60495713116339120E+01
  2.99038091422116640E-01  2.77625050813306760E+01  1.37834131217279300E+01
  3.65374026971610010E-01  1.56574581663747930E+00  9.21579444337587360E+00
  3.46733456860136300E-01  2.42269117966155710E+01  1.42288952578473760E+00
  5.01833768532536340E-01  2.83909097184979090E+01  2.25313565449659730E+01
  2.88617724104866640E-01  2.93873835030269890E+01  1.92992881015352320E+01
  3.13454063710418570E-01  1.32235634829245580E+01  1.84807240429215800E+01
  4.43756654693070110E-01  2.63947771612685110E+01  2.02872163996935840E+01
  5.20369884994360540E-01  2.70363863843482190E+01  2.63603444192333530E+01
  7.41720708060832300E-01  2.12325890271246000E+01  3.61252013133962090E+00
  2.99038091422116640E-01  2.26464192379871190E+00  1.50727705698117270E+01
  3.93024383017402490E-01  3.74927827919207200E+00  8.26666434439512440E+00
