1
  1002  2.96924426640336700E+01  2.96924426640336700E+01  1.00000000000000000E+00
        0.00000000000000000E+00  0.00000000000000000E+00  0.00000000000000000E+00
  5.28731261397185740E-01  1.37759954808004520E+01  2.20581065294675480E+01
  4.43807889241729470E-01  1.31960569286575250E+01  1.95958068975539280E+01
  4.82268891960512480E-01  1.84431673918409840E+01  2.53166889082033180E+01
  4.30858982518450690E-01  7.35952214302117810E+00  2.73596530014871920E+01
  4.18947112612636110E-01  1.49997007036654570E+01  3.58863089469796390E-01
  3.50662231740508900E-01  1.52353638041062300E+00  1.31058051397340480E+01
  2.85767805251094040E-01  2.16044179657422610E+01  6.62221021960120290E+00
  3.45648959319623030E-01  9.73204988615392350E+00  1.12743834926371240E+01
  3.45648959319623030E-01  1.23882076464169300E+01  2.78729549966319430E+01
  6.42005949159872720E-01  2.91016789901354290E+01  1.24934654375190380E+01
  2.74003615458356760E-01  2.45365339290240560E+01  9.72849738245764680E+00
  3.87653287431749970E-01  1.23682168461277670E+01  1.95195755503504210E+01
  4.18948713530687210E-01  6.06445682983811810E+00  2.68507029298749200E+01
  4.53451232343747090E-01  4.63858673022214600E+00  2.94804658349599080E+00
  4.21603844523193420E-01  1.96578080093184160E+01  5.01914695061888680E+00
  2.62213147743524950E-01  6.61373763994395600E-02  1.32063334765089890E+01
  6.94903868090152520E-01  3.82405366909504880E+00  2.23448990506449090E+01
  6.31563936872940970E-01  2.44882491289010990E+01  5.96373468156250470E-02
  7.01778375544082420E-01  1.29667795601383630E+01  9.19827946683612830E+00
  3.46434506905438330E-01  4.78114774095735840E+00  1.63377500804319560E+01
  3.50662231740508900E-01  1.81843854113278350E+00  3.45106966174662100E+00
  3.01799748246536660E-01  2.38718401531225130E+01  1.15408687461864470E+01
  4.41298336829792340E-01  2.16124799446644470E+01  2.90661122773845190E+01
  3.39481361119070080E-01  2.36153075239596010E+01  5.05932585760584170E+00
  3.83181557852844270E-01  6.24545068885848040E+00  3.45823156570426700E+00
  6.75156127532392600E-01  6.55887423522495800E+00  2.21625196848992480E+01
  2.73281005279713530E-01  4.71248775017383180E-01  2.49473325382096610E+01
  6.65634982039605120E-01  2.37852707074071500E+01  2.28552538367173600E+00
  2.54824432159977790E-01  7.10137099064807490E+00  1.60474505773057960E+01
  2.84029264846615530E-01  2.43056076320292680E+01  1.50400132575136110E+01
  4.62836237406567810E-01  1.93171457221923750E+01  2.96156429059554720E+01
  3.33973424357718240E-01  4.71618147230641680E+00  2.91460556120295140E+01
  4.91872428060923640E-01  5.45750759559799550E+00  1.42881635690399320E+01
  5.52490392167627680E-01  2.81471456233882620E+00  1.88620940358338950E+01
  5.39466591144820300E-01  1.16425070291390750E+01  1.63213098432733760E+01
  5.65219172841477580E-01  2.51809451669244810E+01  1.70895758178826900E+01
  3.53776024442120150E-01  2.91022132966059740E+00  1.03383295688265250E+01
  5.54611473665029210E-01  1.86697795187825340E+00  1.39424377631543380E+01
  4.81368497469048420E-01  1.74639715030271000E+01  2.51645776955294340E+01
  2.84672167568555990E-01  3.32647269150034530E+00  1.53168510434901500E+01
  3.06898385793053400E-01  1.14152880142065950E+01  1.23115630968934600E+01
  4.49954956992444630E-01  4.01264844258586620E+00  1.86808890919383770E+00
  5.88686278844574580E-01  1.83549485512735020E+01  2.26485779577461020E+01
  4.36315933331792570E-01  1.42620051618194580E+01  5.57781164575353830E+00
  5.46155746035104350E-01  1.59258391757926110E+01  2.12141410444788580E+01
  4.11346310528290360E-01  1.95444392513883080E+01  1.65628556794711020E+01
  7.44650008855257360E-01  1.92857558832941510E+01  1.52255293988429660E+01
  4.68162992243922280E-01  2.68378404805407310E+01  1.54360583050629700E+01
  7.11073931023246340E-01  2.25222429584332070E+01  2.83594322822229470E+01
  3.02034441597155470E-01  6.12982433644205300E+00  2.30400256460575650E+01
  5.12509616084684260E-01  1.79698161286222770E+01  5.47519618578153190E+00
  3.40422717275118370E-01  2.41802558343690280E+01  1.36088780261774670E+00
  6.65634982039605120E-01  2.73537669659761210E+01  1.63687466095476660E+00
  3.75295693565172690E-01  2.14634598038133890E+01  4.14539704830694600E+00
  4.75626642073745920E-01  1.15454106786748870E+01  1.92599666307380030E+01
  4.72038094207023740E-01  1.22643574027358630E+01  1.71177772150596540E+01
  4.29902962432020440E-01  1.96055472254305950E+01  1.81100827160476140E+01
  5.68910711623079470E-01  2.03326002243373730E+01  1.32260066386201080E+01
  3.07263188066738420E-01  3.99790993833654800E-01  2.12618419434178560E+01
  6.10911033360540580E-01  1.72440736525660480E+01  1.70604458325901650E+01
  3.43353541919950760E-01  1.15251122013978250E+01  6.90462123215972490E+00
  3.15231116497538320E-01  7.54221865578544830E+00  2.22715390264662500E+01
  3.78068289465320630E-01  4.16683575872174390E-01  9.43814012382269850E+00
  2.54824432159977790E-01  1.00708358771154990E+01  1.89088399601610110E+01
  5.44558358435121190E-01  4.31102390531337500E+00  1.20629554193827900E+01
  3.56000803327192820E-01  1.34783580275905950E+01  1.60599704511442120E+00
  3.13454063710418570E-01  6.97248371997013370E-01  2.72694291639541750E+01
  6.12591031919131530E-01  1.85528033306731360E+01  7.71835640079208930E+00
  6.47236078597052340E-01  6.96697353822689620E-01  1.25492659558152940E+01
  2.65726189967390210E-01  2.74306034439586210E+01  7.27034711436300360E+00
  2.96653470797716330E-01  1.80453330746564650E+01  2.46481313414141180E+01
  3.45648959319623030E-01  1.50136570027909730E+01  2.04007706160957550E+01
  3.13454063710418570E-01  1.68034436650457230E+01  1.86466426263145450E+01
  3.39073066583844400E-01  7.90774358523963630E+00  2.17296067408603870E+01
  2.96256570285591500E-01  2.62831269860764070E+01  2.37153338745745760E+01
  4.19081387041561550E-01  2.44530200436979750E+01  1.63823860637831050E+01
  7.08391389715138510E-01  9.53437011268260020E+00  2.07013452108058150E+01
  7.16035261746952050E-01  1.83945476186574300E+01  1.40686869489380940E+01
  4.43133439323318520E-01  1.29116848755165760E+00  2.68022580969598390E+01
  2.73281005279713530E-01  5.01754707444733140E+00  1.57488098106680670E+01
  3.35017483125717060E-01  3.29889537477277490E-01  2.65521497539803130E+01
  5.09222041678605210E-01  1.44813217903220490E+01  2.70572475591999830E+01
  4.27719079604653450E-01  7.37643420960006410E+00  1.34733028565628610E+00
  5.81299825206354370E-01  2.82054945801019700E+01  1.93500688755846820E+01
  5.46155746035104350E-01  2.31680830032833640E+01  9.09811982950993150E+00
  3.05466220251299840E-01  1.02647510292053120E+01  1.27838893510725150E+01
  3.11838068626578210E-01  2.89467843599711860E+01  1.15527808389976980E+01
  6.27423008989955560E-01  2.02615484854486530E+01  2.48981071922515330E+01
  7.12424816007452400E-01  2.25101901346901770E+01  2.54228626990403650E+01
  4.41140732643827070E-01  4.68674893842925130E+00  1.28427517070502080E+00
  3.80273533482480450E-01  8.93507053724825790E+00  1.21942796293083760E+01
  3.29796701345061780E-01  2.11196041462068780E+01  1.56629567104141320E+01
  4.15252526658189590E-01  2.02416186288612320E+01  1.18907871496976260E+00
  2.59062449636064510E-01  1.35886683089584000E+01  5.39766229809084840E+00
  6.18419083689772810E-01  2.28771091144271100E+01  7.59875350740164810E+00
  5.04213456464067280E-01  1.74695649770716270E+01  2.72034178465686050E+01
  3.48156346672602490E-01  6.17237978779348670E+00  2.55903382544925860E+01
  2.89042915761794110E-01  1.80813344073932710E+01  3.34952701643393080E+00
  3.05466220251299840E-01  2.86650903068070550E+01  2.45814608167526210E+01
  6.49919166153384610E-01  7.51076467110577890E+00  1.84803020138208250E+01
  6.14379095469630790E-01  2.33543835850689020E+01  1.22963857244447470E+01
  7.00411917450214720E-01  2.68040249200510670E+01  3.00153098779179790E+00
  5.69344335137112000E-01  2.77616431014672860E+01  1.49659317698007150E+01
  2.57564851167384970E-01  9.19097781079011790E+00  1.33821803344069770E+01
  4.13050329149462850E-01  1.58406358302821180E+01  2.87090298833906810E+01
  6.18419083689772810E-01  1.06993335623380010E+01  6.13158671763167270E+00
  4.26523982883737140E-01  3.12440950062137230E+00  2.75988283620971730E+01
  3.78209123272245940E-01  1.14380273134901740E+01  2.58527910544572100E+01
  2.63055759251188670E-01  2.44951932172468610E+01  2.08463927251706240E+01
  5.00274833943758600E-01  2.21254972937238750E-01  2.56791406033470760E+01
  6.01687927537542500E-01  1.13288835666140780E+01  1.76428570825081400E+01
  4.86073626967704090E-01  1.81042736393095930E-01  1.98132848036517120E+01
  7.62474117278193650E-01  2.04889852471092300E+01  2.27455164173766060E+01
  4.87886881528419990E-01  2.80951409876408320E+00  2.67412080224388260E+01
  2.99038091422116640E-01  1.30036189459486470E+01  4.15741140410642810E+00
  3.50974061745161330E-01  1.09155878506180550E+01  8.15712562685230220E+00
  6.10572080928614460E-01  1.31035343093332270E+01  1.12169586343832040E+01
  3.01731430220296380E-01  2.43122078807833230E+01  2.42738300138616730E+01
  2.59062449636064510E-01  2.18494744218197850E+01  2.37343624549436850E+01
  6.99477888048091770E-01  7.44989747838749320E+00  3.79045784254684600E+00
  4.41666133880560000E-01  6.39747007677681620E+00  1.61550901395381740E+01
  6.86210935380316480E-01  7.95809634496710940E-01  1.01805956006978220E+00
  5.27425300578987690E-01  1.53206178245775890E+01  1.16776640632357880E+01
  7.54505484792745040E-01  1.53735651786022170E+01  2.32702298568218390E+01
  4.11696508529454960E-01  9.59047036300533410E+00  2.44383957187173100E+01
  6.26517897412854200E-01  1.39708100632509850E+01  2.03325962484111000E+01
  5.72142532162989690E-01  2.43393483875147110E+01  1.29557314946338630E+01
  3.47451934045076260E-01  2.39236764868049010E+01  9.62549129337198650E+00
  2.57564851167384970E-01  2.52178725367393320E+01  1.72116378527586210E+00
  5.33859136323620030E-01  1.61955219091986140E+01  1.49436140623175750E+01
  2.69169509893181310E-01  1.58593106747023890E+00  1.07308971096904190E+01
  4.24351701398837560E-01  2.79184803548449270E+01  3.15199535497203560E+00
  3.11762329988951370E-01  5.85918844634594380E+00  1.17275380141312770E+01
  3.50974061745161330E-01  1.54996629007156250E+01  1.54892526980340880E+01
  2.66929568161810020E-01  9.95031264038278350E+00  1.69237155258656530E+01
  7.20816873845379820E-01  7.02391083163853480E+00  2.62363962788688030E+01
  4.22201084465533680E-01  6.26404450580925150E+00  9.23275141730956680E+00
  3.09209541844886400E-01  2.69032010447059590E+01  2.05854359968024630E+01
  2.62213147743524950E-01  1.01786830039282790E+01  2.29582650331440430E+00
  7.60411681679863700E-01  1.90910235961224050E+01  6.11895930888681240E+00
  6.67521681419926690E-01  1.91239048815418120E+01  9.65932447275839580E+00
  4.37954134865551840E-01  4.14099188633370210E+00  8.47496554886641640E+00
  7.16654247500547470E-01  1.22210358579252370E+01  1.29423392434428470E+01
  7.12424816007452400E-01  1.24114031339260830E+01  1.56537322513491280E+00
  3.61198882346046800E-01  2.14176413227669900E+01  7.24123250252115460E+00
  3.82245446386266610E-01  1.23257922959246140E+01  2.51185282695903420E+01
  3.58737518624021320E-01  2.16913409326781730E+01  1.88260280818107650E+01
  5.81547682683179710E-01  1.65687963194852510E+01  1.95504999132378790E+01
  4.21963532045373490E-01  1.97130271634095780E+01  2.88256027988473210E+01
  3.12648490279368120E-01  1.48765915504465860E+00  4.02557256028747370E+00
  3.25036994184950640E-01  1.23875952041167370E+01  1.55631765659341820E+01
  3.83290088603488770E-01  6.32806628581189030E+00  1.45527105458744510E+01
  2.93443024193560210E-01  9.41250126787771000E+00  5.91254962323482400E+00
  2.66929568161810020E-01  2.68414624078730240E+01  8.58826508659880620E-01
  2.99038091422116640E-01  2.34610809664478840E+01  8.30590898096581400E+00
  6.00040109246873770E-01  4.41579651876330010E+00  2.11931679850592900E+01
  7.14535578675763720E-01  2.75033824462429740E+00  4.10823358492811510E-01
  3.06898385793053400E-01  1.06323011105165560E+01  2.92117023062665810E+01
  3.45648959319623030E-01  1.53226123356672450E+01  2.21715792993094350E+01
  3.87046365911375680E-01  1.18780847807847500E+01  1.84646456194269000E+01
  6.56539952722306990E-01  7.68211652448747810E+00  1.08751803604105990E+01
  5.07436062422724900E-01  2.85935257335545000E+01  2.35932120536894670E+01
  7.39270392714900380E-01  1.46632883620205940E+01  2.89431535835467630E+01
  5.38024295323284910E-01  1.43270058225463190E+01  1.06687911790092120E+00
  7.33199636544987770E-01  2.52776073982914440E+01  1.55785854798003510E+01
  6.31923671661538840E-01  8.74870041894458340E+00  2.30241840745491190E+01
  5.72951670348821020E-01  2.77066110328730200E+01  2.29778738843992870E+01
  6.40456937776772590E-01  2.72857772245256950E+01  5.62576185081888800E+00
  4.77241894706072770E-01  1.58401548735202730E+01  2.44098433537980920E+01
  7.64764367446448820E-01  1.62456663083113430E+01  2.66752157871520450E+01
  7.16535845940979770E-01  1.66183369262270230E+01  1.37677610263429490E+01
  3.10705613459761840E-01  1.69058686019754100E+01  2.35299881586656350E+01
  3.89901968262705180E-01  1.46256040032131620E+01  2.24049205029593530E+01
  7.15011499502423580E-01  1.29453006682689290E+00  7.42931298779242780E+00
  7.60297905848187840E-01  2.66914434821168010E+00  1.61278869028167580E+01
  2.65726189967390210E-01  2.76410358794075710E+01  2.52138397368178470E+00
  4.53492046339069340E-01  1.12093612644135660E+01  2.24496704902881350E+01
  5.18725390566230620E-01  5.45234715311277630E+00  9.78302872553264180E+00
  4.24020504903543660E-01  2.70638514834296020E+01  1.62982178187038760E+01
  5.17634268500846420E-01  1.33214947962603000E+01  6.12641187714062860E+00
  4.54567147313974470E-01  8.59195869969702030E+00  1.82551698696296540E+01
  3.65965634987757580E-01  9.44117337401071490E+00  1.65414377969936450E+01
  2.96256570285591500E-01  2.76915021555114860E+01  8.21615844674979810E+00
  5.50543265074639000E-01  2.76081949455239690E+01  2.85180286539661870E+01
  4.46540105696671490E-01  8.12718896533103850E+00  7.85636770758989480E+00
  6.47236078597052340E-01  9.92927747770395360E+00  5.12717782133793780E+00
  4.82769235883485770E-01  1.83636486674599730E+01  8.79704791111355360E+00
  2.97529618718302210E-01  2.01900359527725510E+01  2.67668735012649000E+01
  4.13811620468168510E-01  1.94355915791757210E+01  1.89361537362166640E+01
  4.87785457169642190E-01  1.68921238346553150E+01  2.16647504967529370E+01
  3.41778742319800830E-01  1.37723749321755770E+01  9.86118382934997230E+00
  4.05793634226126800E-01  1.66086421940805310E+01  6.58745029536888630E+00
  7.14516279726398110E-01  1.20488626231445010E+01  2.40574062338274860E+01
  3.71799304162545760E-01  1.53024133494234800E+01  1.47943929175612240E+01
  5.77820253962530560E-01  2.26703921218023370E+01  2.02171793844909620E+01
  4.75626642073745920E-01  2.05027568200314900E+01  1.51458313265634030E+01
  5.46562010559427060E-01  2.56283628072555380E+01  2.31854288395766340E+01
  3.29506256422424390E-01  2.25913666126914950E+01  6.33146887055390200E+00
  2.62213147743524950E-01  1.63365926144785800E+01  2.35944311544598230E+01
  3.63105686475124490E-01  8.06598683357936070E+00  1.28597791021870580E+01
  7.08391389715138510E-01  1.71441309715752300E+01  1.57449939101527360E+01
  4.26578460793149810E-01  9.54362680471510320E+00  5.43534216637269200E-02
  6.08873319065221350E-01  1.84547654725363760E+01  2.38413256165009530E+01
  5.39466591144820300E-01  5.87535392136898780E+00  4.55877800124394650E+00
  4.66553963192992600E-01  2.71187956200106410E+01  2.38335336287031900E+01
  4.82771447840326400E-01  2.50226303882147400E+01  2.03195356090639830E+01
  5.13004586318856950E-01  7.96516785200025530E+00  8.87043413523497650E+00
  3.17084428049163950E-01  2.15055799888986170E+01  6.02754059870091740E+00
  3.50974061745161330E-01  1.77493660835667590E+01  1.14201378191117710E+00
  3.82382183723224410E-01  9.72384463553883370E-01  1.55147615429210020E+01
  3.77759649416993960E-01  7.57655907098881440E+00  2.82011904073199240E+01
  5.74203886104520670E-01  5.75291095935878620E+00  1.53178093265948740E+01
  4.11346310528290360E-01  8.20019754556674310E-01  2.36534323136824510E+01
  5.06367095649294540E-01  2.50193181298214780E+01  2.86945839307954000E+01
  6.01687927537542500E-01  7.27062265921231620E+00  7.25432376236329550E+00
  2.49794182180603610E-01  8.72350649522378060E+00  2.01908440872277450E+01
  6.11481049571092420E-01  2.28503921657796250E+00  2.61017523575129000E+00
  5.03927515451986880E-01  1.21973696619462670E+01  2.28482886262915590E+01
  6.35485889077753010E-01  7.03809571668747140E+00  3.40239303016005580E-01
  2.99038091422116640E-01  2.57782017240982950E+01  2.40303055376066150E+01
  4.22541054278063120E-01  1.07925862859689960E+01  1.67712208305584620E+01
  3.05466220251299840E-01  1.91163301069619290E+01  6.64546698249917430E-01
  2.62213147743524950E-01  1.69638932848749310E+01  1.47026842816924980E+01
  3.61769499680632390E-01  2.11140357813614510E+01  1.37313264122590580E+01
  2.47647088603063280E-01  4.94497294851143820E+00  4.34052138437019690E+00
  3.11155895623034430E-01  2.08174263265824490E+01  1.10833992815437680E+01
  2.66929568161810020E-01  1.74639631301968170E+01  1.79166946523260680E+01
  6.90395435464654740E-01  1.15976789156685170E+01  8.94882119334750390E+00
  2.96503602823160150E-01  1.74293600776465460E+01  1.43744617470335410E+01
  6.57722721512726150E-01  4.14387634590267240E+00  1.71135555086131990E+01
  7.24777883420223110E-01  2.28605672784326540E+01  1.10525599145260610E+01
  5.48279863025970290E-01  1.91933559982308740E+01  1.11408051584532260E+01
  6.40748513009616880E-01  1.03450998004967830E+01  2.17787576655387020E+01
  2.56092450391898300E-01  1.90346694393904840E+00  1.73834946617715960E+01
  7.17499092254363010E-01  5.72513115966493840E+00  2.10488666981610210E+01
  4.66141488621800890E-01  2.79389398817495480E+01  2.43138160687449950E+01
  6.33759023001558490E-01  1.53773391808125980E+01  2.77707328117089030E+01
  5.48279863025970290E-01  2.23835901494720810E+01  2.96860689700788040E+01
  4.19081387041561550E-01  3.79908149618273060E+00  2.71038610948915480E+00
  5.70902198024309190E-01  8.04938370042241940E+00  1.73851278314192750E+01
  3.17950877609215300E-01  1.06097932587222610E+01  1.02618786204042630E+00
  5.96963967672292380E-01  2.56196319972060070E+01  2.47492253341510530E+00
  6.18832453479690690E-01  2.01353447779142590E+01  1.04525429386632660E+01
  2.63339374245984010E-01  2.32822332624118820E+01  2.64759804072193250E+01
  3.55036581058269410E-01  2.41620106149049110E+01  2.87639516949466060E+01
  5.84913004272127690E-01  1.75047567313369260E+00  2.40091981191654010E+01
  5.77235448209733180E-01  3.98232183931565370E+00  1.58753611505287730E+01
  5.01105313190319460E-01  2.79297116012192320E+01  4.68470715946089290E+00
  3.83598938984435380E-01  2.17967004276041500E+00  4.09016837479873360E+00
  5.98360795606824340E-01  1.17360436355341630E+01  2.95044752273167960E+01
  3.41778742319800830E-01  4.74799402301764410E+00  2.16069666819295850E+00
  3.29796701345061780E-01  9.02947730133661960E+00  4.67441173098122410E+00
  3.84420431658369740E-01  1.85069157471306730E+01  1.05102652016908780E+01
  4.91872428060923640E-01  3.89204548203464640E+00  7.97795352953038250E-01
  2.93443024193560210E-01  3.32752664609205520E+00  1.95345630273481240E+01
  5.81299825206354370E-01  1.32819564099818720E+01  2.52228425532906760E+00
  5.68243553274813350E-01  9.22172006715005030E+00  1.74493728813559490E+01
  5.39001667068871980E-01  7.98039915323763440E+00  1.97947012171054910E+01
  7.01587183784351610E-01  1.07873780884476690E+01  1.13496551795550400E+01
  4.45239477383046460E-01  2.12351746166090830E+01  2.17975141969976320E+01
  5.39001667068871980E-01  1.04253761933763860E-01  1.15226050244644400E+01
  2.86134314477376340E-01  2.19984461839130850E+01  4.53325840045057320E+00
  7.70254277643880240E-01  2.59589146945028090E+01  1.09758085511983850E+01
  3.45648959319623030E-01  1.23936797360635240E+01  8.24479490045638030E+00
  3.39481361119070080E-01  2.91533238048499330E+01  1.46510728248832310E+01
  3.04461637453634990E-01  1.13256189760321120E-01  1.90170391586326030E+01
  5.20369884994360540E-01  2.43107602435732450E+01  5.56443753024656300E+00
  2.65726189967390210E-01  2.90040740450320910E+01  5.90104645031274800E+00
  6.26908127420837150E-01  1.39603521991314370E+01  7.07541050729663910E+00
  3.48480710258510130E-01  1.92199158427308210E+01  2.82349860049527660E+01
  2.96653470797716330E-01  3.41310275255790210E+00  1.42370820226365050E+00
  6.31923671661538840E-01  3.31178695862965930E+00  1.14140202268737950E+01
  4.09705559579089850E-01  2.68627612519071060E+01  1.71063758417979810E+01
  6.72499163702481620E-01  2.94085890212124180E+01  2.73517479662718020E+01
  2.84029264846615530E-01  9.95156527946843460E+00  1.06849449017782410E+01
  5.34631033075580400E-01  2.71809151220823820E+01  1.97905486412411450E+01
  6.17076625982510940E-01  5.65936213410750800E+00  2.92677344978464050E+01
  6.55074006360275090E-01  5.51711537805345390E+00  6.22331555470364250E+00
  5.46562010559427060E-01  1.60112357282860320E+01  5.84784481093341850E+00
  5.17626013175185660E-01  3.37179907545113800E+00  2.59087489269534820E+01
  5.82207618145930890E-01  4.91722777123664300E+00  2.00333439126257100E+01
  5.98268629341587580E-01  2.10432530031500030E+01  1.22728088644244780E+01
  5.34553382826858140E-01  1.50580825529780070E+01  1.75545900848005590E+01
  3.76753951196820710E-01  2.23948916668547040E+01  1.51548190257810220E+01
  7.52518120402026810E-01  9.38236535922322900E+00  2.64075043052877090E+01
  4.81368497469048420E-01  2.78009361861339670E+01  6.62157934903755320E+00
  6.47413426355271770E-01  1.25927257766707860E+01  7.03480077553104350E+00
  3.05466220251299840E-01  1.93630250801876220E+01  2.39420029454570480E+01
  4.46689977500956030E-01  1.48932844731058860E+00  1.91377896179292130E+00
  6.18566685513849460E-01  2.11050402474939000E+01  2.68057673863934550E+01
  5.36592099856838090E-01  1.59697859980147690E+01  2.70778884647462360E+00
  5.09574347305064630E-01  8.14636836029349180E+00  4.86997271391815100E+00
  4.92328788949218680E-01  2.57605962211366300E+01  3.57869298539737630E+00
  4.83351594707823830E-01  3.53810597770556430E-01  1.61188050463944850E+01
  4.40650972415989980E-01  1.73770123953143600E+01  2.62632494811557780E+01
  6.10911033360540580E-01  1.55903787965923860E+00  6.07869720778919560E+00
  4.34172467284937990E-01  1.64007367535087980E+00  4.75656421450886220E+00
  7.03188417218805210E-01  2.79964996994115300E+01  1.69307096275153200E+01
  2.92799561075502800E-01  5.88540441577076480E+00  2.61625303138303740E+01
  5.68243553274813350E-01  2.26802673385064320E+00  2.58350180629222810E+01
  4.60682082706054620E-01  2.29270871674544590E+01  2.43264628455589750E+01
  6.41715074739605920E-01  1.15869300167667360E+01  2.72963250857167630E+01
  4.55206736325743130E-01  1.95656348824651900E+01  1.40590352390124310E+01
  4.22201084465533680E-01  4.31622050543061240E+00  1.10968934219649820E+01
  3.63079661055833470E-01  7.09492896742415180E+00  1.69194883075279490E+01
  2.63055759251188670E-01  1.48932293479384460E+00  2.61250659835478700E+01
  5.32877675645020420E-01  1.93942911892187160E+01  2.56683114987071830E+01
  5.77235448209733180E-01  5.97067260251429220E+00  2.80619101472108990E+01
  4.09775903561979240E-01  2.70532626603913860E+01  2.12871923071889310E+01
  6.93187364831086050E-01  1.30911693336017820E+01  1.62986926061259080E+01
  4.30054269381220950E-01  1.06981524191989300E+01  2.31699721653114320E+01
  5.07436062422724900E-01  2.87793457387906950E+01  1.35964261683889680E+01
  2.49948351789403130E-01  6.19570284213390820E-01  1.08082624347361380E+01
  3.16022212934137680E-01  1.65777654778498200E+01  2.41189494544573580E+01
  4.72818350263822220E-01  1.10728607876599940E+01  1.32520978139776240E+01
  4.46689977500956030E-01  2.78433948866644130E+01  1.39548848867053080E+01
  4.74581552528920360E-01  1.41139591707830960E+01  2.51611493261759020E+01
  4.86590143357422540E-01  1.31683109819496360E+01  2.53284002901129280E+01
  2.73281005279713530E-01  2.57438052037612590E+01  1.64693192557406860E+01
  5.20515140446715560E-01  2.84360269042371780E+01  8.55115051344323800E+00
  4.13811620468168510E-01  4.72954348782210590E+00  1.03711832681275580E+01
  3.81419328643079860E-01  1.65575931225588050E+00  3.85876228163116510E-01
  4.05593309893122810E-01  1.01614950663024230E+01  2.96317682012661590E+00
  5.85380732291966590E-01  7.97426836560638910E+00  1.53642489277801500E+01
  4.06599624824484800E-01  1.15399731750849880E+01  2.50558534812435240E+01
  6.40456937776772590E-01  2.03976458416271740E+01  1.73462695914351030E+01
  4.75626642073745920E-01  5.07948897145818190E+00  1.77530453573420810E+01
  5.09222041678605210E-01  2.17690829338202900E+01  2.16950483715757650E+00
  5.77820253962530560E-01  3.13108042871221490E+00  8.57507115473206660E+00
  3.80273533482480450E-01  1.26336267548417070E+01  2.85559250612828140E+01
  5.01406606281285510E-01  1.10430889228719060E+01  1.42254517705481350E+01
  3.59079136884617700E-01  2.69593524889069480E+01  1.00545856758519360E+01
  5.94092381958372510E-01  6.27836363914538960E+00  1.35771626144391090E+01
  2.54611020839302520E-01  2.00683794162610630E+01  1.45594302276772980E+01
  4.99223721401470310E-01  1.75174061812337380E+01  1.90336198038940730E+01
  2.54611020839302520E-01  1.37338834303937740E+01  1.76341506343344550E-01
  3.20574425314766210E-01  1.11226702972906960E+01  2.88207739173067310E+01
  2.85767805251094040E-01  2.23897165487997430E+01  1.66208553576512120E+01
  2.54611020839302520E-01  1.67581010977916270E+01  2.76454983139988060E+00
  4.12246671516209600E-01  1.43819571941157600E+01  1.16422901917264900E+01
  4.41298336829792340E-01  6.29609801382549610E-01  2.13245942943165190E+00
  7.09985914168247060E-01  2.33402491765524150E+01  3.61343980058628220E+00
  6.80956647410425740E-01  7.03691589739841380E+00  2.05678709681821770E+01
  4.75338540515479570E-01  9.94518841498084070E+00  8.97476716770999690E+00
  7.49588614928249000E-01  1.13071628754639660E+01  4.90606321592084260E+00
  4.74033319401206570E-01  3.88604987204915280E+00  2.02590050583601280E+01
  5.20515140446715560E-01  1.93563041492076240E+01  2.21437568969507870E+01
  5.48131117613959250E-01  3.12560967337548230E+00  5.62026299585187420E+00
  3.46733456860136300E-01  2.93762065168721840E+01  2.63334380207704160E+01
  6.97384645011991290E-01  2.79988705931307000E+01  2.07115178098693530E+01
  3.78209123272245940E-01  2.33820140554698030E+01  2.76908869070451540E+01
  3.82382183723224410E-01  2.12239545311896370E+01  8.73829713149499200E+00
  4.46537248270915300E-01  1.01237934383713920E+01  8.06217630658844090E+00
  6.08690451339190200E-01  2.42626553886675470E+01  8.73145701346481570E+00
  2.59062449636064510E-01  2.65069800510976950E+01  2.42228752357330600E+01
  4.43756654693070110E-01  2.11263302003287020E+01  2.83271213617004810E+01
  3.18942867500738640E-01  2.24273886434145200E+01  2.37283253127308600E+01
  7.16535845940979770E-01  1.77256572872236010E+01  6.67918966721472350E+00
  4.62836237406567810E-01  1.18004765267806830E+01  2.84281045620906700E+01
  6.97384645011991290E-01  1.51480825749959270E+01  7.65973891248131800E+00
  2.47647088603063280E-01  1.33222387803167560E+01  1.82130502183152320E+01
  4.05793634226126800E-01  3.68652338311680470E+00  7.76425696158340450E+00
  5.37364664263313330E-01  2.62323712694627030E+01  2.69882010860870520E+01
  5.72881440675418570E-01  5.28182643613679660E+00  1.89379706724986150E+01
  5.04213456464067280E-01  1.22096926525706950E+01  4.03718104593505430E+00
  3.86557871019070410E-01  4.21521712453234440E-02  2.54765360334421230E-01
  5.62178328188990490E-01  2.55687502826681130E+01  6.08706377167607290E-01
  6.41715074739605920E-01  2.06521110898762960E+01  7.88889290826249120E+00
  4.54567147313974470E-01  1.36613176571300180E+01  1.21233609887968130E+01
  3.97011970696729720E-01  5.24774967135071350E+00  1.21575364536548990E+01
  3.99477862283745790E-01  1.64932697434685450E+01  2.29522515116796950E+01
  5.15931587153482510E-01  1.20324981671822310E+01  1.48009702158010280E+01
  5.98026541173087530E-01  1.58258559868137820E+01  1.27189406661756120E+01
  5.94917806945655060E-01  2.71745737757221450E+01  8.94151741688299320E+00
  3.86557871019070410E-01  1.57008633757466000E+01  6.72758865737748390E+00
  5.52347772924787250E-01  2.10619196749626380E+01  2.39286952821584440E+01
  4.05793634226126800E-01  1.75997017205515540E+01  2.32952190758989910E+01
  4.66753989857397040E-01  2.66472111005636950E+01  2.81851701693494260E+01
  6.77666041374141330E-01  1.42520710331761610E+01  8.70146504647343730E+00
  3.23306573977224420E-01  2.20820875144550360E+01  1.38886038518977790E+01
  6.88340418185590860E-01  2.41363326471590370E+01  6.76007585360462390E+00
  4.11696508529454960E-01  1.31100773787577630E+01  2.44330169505260490E+01
  4.03052389307286420E-01  7.41144358446371500E+00  2.51654574167272500E+01
  2.97529618718302210E-01  1.49486393068078090E+01  1.42268505502171510E+01
  3.13090147150790890E-01  2.91627300556322380E+01  2.91374292599969710E+01
  5.01435669612667030E-01  1.35851155643848910E+00  2.77442620397995650E+01
  5.26482748420329030E-01  9.92920052093461970E+00  1.54784649360073880E+00
  6.75156127532392600E-01  6.10540547781393880E+00  1.72321978942948420E+01
  7.20816873845379820E-01  1.55446129929147750E+01  9.23176491280044510E+00
  5.30006102735105960E-01  1.93172790105487270E+01  1.22120401747947400E+01
  3.43353541919950760E-01  2.35759254215482240E+01  2.83854048457876760E+01
  5.32877675645020420E-01  9.80194911051648530E+00  2.35193314766510290E+01
  6.44956217916396120E-01  6.58388320123402780E-01  5.20452855807673220E+00
  3.55036581058269410E-01  2.85014860192987850E+01  1.44125381107378740E+01
  4.30054269381220950E-01  2.92777310408686380E+01  5.26236096438099740E+00
  4.93734512940847830E-01  6.06542372165015740E+00  1.25105064238186240E+01
  3.42409596243210680E-01  1.68138296264659640E+01  2.56849427601340990E+01
  5.58952633370732950E-01  6.76637867131483790E+00  2.88711291942453520E+01
  4.49954956992444630E-01  1.61171176335619180E+01  2.21914600067361540E+01
  4.11346310528290360E-01  2.51558840556098920E+01  1.01094240273121160E+01
  4.72818350263822220E-01  2.66340124856054230E+00  1.59469754104439550E+00
  5.00672486592370710E-01  1.58123030975678880E+01  2.96218390155454610E+01
  4.15334611176110170E-01  2.76646588608695110E+00  2.20080635991302030E+01
  7.70254277643880240E-01  2.12518669714397080E+00  1.21603454554423320E+01
  5.32262962461145860E-01  1.32654966761036870E+01  8.00227048066261480E+00
  4.01880163826280960E-01  2.72969463417633200E+01  1.20530275068320270E+01
  7.41720708060832300E-01  5.83788827065432870E+00  1.01353114347252360E+00
  3.01674668393272730E-01  1.43817952990830930E+01  2.37257580290573280E+01
  2.66929568161810020E-01  1.31559555271132210E+01  1.26377696042681080E+01
  4.15334611176110170E-01  1.29149376502197430E+01  3.44863457380640170E+00
  5.20369884994360540E-01  2.16315673457882870E+01  1.12466960635078050E+01
  2.84672167568555990E-01  1.94784042328364110E+01  1.12989831666961060E+00
  5.18912146576496980E-01  1.86677142052895170E+01  1.35668291486593300E+00
  3.90540239164096370E-01  1.39044230528634020E+01  2.43221860975002820E+01
  3.63079661055833470E-01  2.77404925345845860E+01  1.58968163984871570E+01
  4.73113776075054650E-01  2.69313214311556340E+01  4.57154162013017820E+00
  5.55687039951364880E-01  2.06199701393783310E+01  2.91882382327363570E+01
  6.97384645011991290E-01  1.49741648411794960E+01  2.59558982611062920E+01
  3.54092873053847420E-01  1.47551643456183720E+01  1.84701585795183120E+01
  7.37991961479508610E-01  2.49802341200104260E+01  1.83768504835461180E+01
  5.10790949981952740E-01  3.30696742162699530E+00  2.12562758283176050E+01
  7.03918080384424090E-01  2.09433044500053140E+01  5.09018834991882760E+00
  2.69326463995374250E-01  1.43638750698055930E+01  6.27570194979105440E+00
  5.39922025342825940E-01  1.50821839923477730E+01  2.09997933326521300E+00
  5.39922025342825940E-01  2.91945390865283940E+01  7.76072916978542970E+00
  3.52682444144397330E-01  8.76046285058368570E+00  9.21091725304693650E+00
  3.17084428049163950E-01  7.11276045552616850E+00  1.75991946918419440E+01
  3.92511582998476170E-01  1.77447753748498730E+01  2.18808581478349140E+01
  2.92799561075502800E-01  1.98299535908940160E+00  2.48554557165815170E+01
  3.63105686475124490E-01  7.45768712737694540E+00  1.32557279400358650E+01
  3.25036994184950640E-01  1.36466389817407470E+01  3.54937465803366740E+00
  5.70902198024309190E-01  5.07580297657060430E+00  2.21602676953168970E+01
  6.18138908065390960E-01  2.93132227504898570E+01  2.07638844829958020E+01
  3.10705613459761840E-01  9.67709643388221610E+00  2.74275208325066340E+01
  6.99092076263204730E-01  1.24347884714808430E+01  2.62587922073648340E+01
  4.40295189098215370E-01  2.26481069777788370E+00  2.74920744551657280E+01
  6.52034765531911640E-01  1.66600912432449310E+01  2.80290217865415730E+01
  5.12628979659419230E-01  2.77457454894792650E+01  2.18944406315237360E+01
  2.68569610726517900E-01  1.73713382754239910E+01  1.98310958181099510E+01
  4.41473589537221400E-01  8.63429075806216590E+00  1.65591606320680210E+01
  7.41623060643924430E-01  2.13592694770042430E+01  2.00697260923045630E+01
  2.49794182180603610E-01  1.63928028996478400E+01  9.70091720561463510E+00
  3.44856808658559500E-01  6.88984790331927500E+00  2.79765403590622090E+01
  6.83701617051292750E-01  1.58027905253918150E+01  1.11326478451017130E+00
  7.19599311285852310E-01  2.03123400278321000E+01  2.10889769486619190E+01
  6.67521681419926690E-01  2.16235692928610950E+01  1.78022553264585960E+01
  5.40946473112310590E-01  2.13442723779401860E+01  3.17989320603552450E-01
  3.83579206291793930E-01  2.94061833521208950E+01  2.84067914649168640E+01
  5.04339573614743570E-01  1.73950362594027470E+01  2.41816122749220920E+01
  6.35523375007872900E-01  2.22403859043947390E+01  5.42189297411829420E+00
  3.44905765886116280E-01  5.13017250536520390E+00  1.69341987803481970E+01
  2.65726189967390210E-01  1.52362853645864270E+01  2.68825125844339540E+01
  4.87785457169642190E-01  2.69847436514723850E+01  7.87753678315234570E+00
  3.71299762957800540E-01  2.77911471623800170E+00  1.49558118498493650E+01
  4.13811620468168510E-01  1.70509220051021340E+00  9.38146415898424020E+00
  5.69423614487483490E-01  1.41571293053374240E+01  1.06869342603831740E+01
  5.83429036676414100E-01  1.83251044778631370E+00  1.50782916945333700E+01
  5.30006102735105960E-01  2.56910475537686550E+01  2.79070582189650690E+01
  5.16710955738981780E-01  2.37437992520897620E+01  2.48625312416747520E+01
  2.65726189967390210E-01  2.42915697136353790E+01  2.61159331968859300E+01
  3.18942867500738640E-01  2.95035926342323120E+01  1.67089166737284350E+01
  3.23881608201221470E-01  1.36546074984983430E+01  2.71599716894515670E+01
  3.54092873053847420E-01  2.88056989644465420E+01  4.59121289594148420E+00
  5.12509616084684260E-01  2.21254227010129410E+01  1.02384889489358420E+00
  4.99223721401470310E-01  2.96329037450397410E+01  8.70186092457333870E+00
  2.56092450391898300E-01  2.09068593664799640E+01  2.55185466701625290E+01
  5.45765227979075810E-01  1.38433762225845810E+01  1.88473113091006220E+01
  6.94010183176834960E-01  3.80723220631833660E+00  2.37331661354107660E+01
  3.57201130995523370E-01  4.48408632550021840E+00  3.94896485167913450E+00
  5.25895496843049500E-01  6.52390799552058810E+00  8.09712454566887630E+00
  5.10790949981952740E-01  8.36620094332131000E+00  1.36799832521501850E+01
  4.89717368181109780E-01  2.01148124143195550E+01  4.23106989934035930E+00
  4.82769235883485770E-01  2.03513411682391590E+01  2.60042131051655550E+01
  6.93278360304079300E-01  1.84870281299037910E+01  2.64921427005355130E+01
  3.35017483125717060E-01  2.47750732511435460E+01  1.46370533833173420E+01
  3.26514001167033020E-01  2.25493216242277160E+01  8.48448834206102910E+00
  4.75880684447443510E-01  1.64661455491670420E+01  4.93285640450092800E+00
  4.22354771203238230E-01  2.59445245014904340E+01  4.48691908913270600E+00
  4.11966131227655820E-01  1.65344951091524130E+01  1.19997572539106890E+01
  7.30946391186454210E-01  2.65789260518432860E+01  2.23238588087163310E+01
  4.22201084465533680E-01  1.80502497581918500E+01  9.84552054599955360E+00
  5.15931587153482510E-01  2.61091599539765550E+01  1.76434471877620030E+01
  5.52347772924787250E-01  1.18702573413141470E+01  6.07842561719289790E+00
  2.49794182180603610E-01  2.66392900130086470E+01  2.33020210211468030E+01
  4.50103975287380020E-01  1.57901852890430640E+01  2.02271957645494890E+01
  3.61769499680632390E-01  9.42842058602675510E+00  3.18815230437359530E+00
  2.77147605524350650E-01  1.06558411187652770E+01  8.72875232606255480E+00
  7.64764367446448820E-01  1.33860663579566310E+01  2.32902545238677380E+01
  5.71326189973923350E-01  6.04698073414319290E+00  1.98011485339067160E+01
  4.07877171249442140E-01  2.70638239267344140E+00  2.37428371195859070E+01
  4.46540105696671490E-01  5.04536028643990520E-01  2.81551700412480490E+01
  5.07606992315717240E-01  4.48358430377346280E+00  1.39645018069329860E+01
  3.01731430220296380E-01  3.25521937325653580E+00  6.45959107159970890E+00
  4.32382463464541460E-01  1.07649579057410300E+01  2.46368304982108550E-01
  3.25762576013666160E-01  1.28640553988441510E+01  1.21220088083875870E+01
  6.24920360555607160E-01  1.53544085528429920E+01  3.69238455897268650E+00
  7.38532964590205680E-01  9.15999405332594920E+00  1.93041611366230940E+01
  3.92511582998476170E-01  3.51252880081426260E+00  9.46688010314288420E+00
  2.97561439636419770E-01  2.57579366728464690E+01  7.19913606066731050E+00
  3.46434506905438330E-01  1.49196096052605580E+01  1.24537093955037520E+01
  5.89502618647478990E-01  1.37225801373793230E+01  2.62499778719465410E+01
  3.32399546609116130E-01  2.43226506715579840E+01  2.54829031176288860E+01
  5.77649046292645880E-01  3.84749720023792320E+00  2.94222734992293980E+01
  4.31729360191427780E-01  1.90165395694795510E+01  2.74830608730013140E+01
  3.17950877609215300E-01  1.08210484407937390E+01  1.25029287465821040E+01
  4.75880684447443510E-01  9.22952080800183690E-01  1.92024650118690340E+01
  3.91816801400439550E-01  2.23041053166352430E+00  5.33412156175867300E+00
  2.50163292655703180E-01  2.20145114889535770E+01  6.27794517204500120E+00
  3.42074681651230290E-01  5.41794656453335040E+00  2.31209992680025740E+01
  3.50974061745161330E-01  3.18258354693405910E+00  2.23429380583711000E+00
  6.18566685513849460E-01  8.48511967447045910E+00  2.92355067438862990E+00
  3.24719866931951940E-01  1.82272435386933370E+01  1.53769093352528210E+01
  3.57201130995523370E-01  3.60103974436758190E+00  1.83643707540242610E+01
  3.13090147150790890E-01  1.79460790016398270E+01  1.77576525946084180E+00
  2.58355477869490890E-01  1.18050781142821610E+01  1.55406912663480640E+01
  4.83351594707823830E-01  2.32534184496831600E+01  1.52045773693802870E+01
  5.48463672908306780E-01  1.61173271838690900E+01  1.73303878715957500E+01
  4.24351701398837560E-01  2.00877516717866450E+01  2.38615412783356820E+01
  6.80557430527969220E-01  1.65351818085392410E+00  1.83066322227154790E+01
  3.73125396709624990E-01  1.04106196013081170E+01  2.85689948637367160E+01
  6.77808113742920780E-01  2.66324034131599100E+01  6.76849028839724020E+00
  7.67512613708393760E-01  9.46502053204235950E+00  6.97142867285375890E+00
  4.76544583128828500E-01  6.19479200119460490E+00  7.14642450579713810E+00
  6.97738347479756800E-01  2.94981902338023260E+01  1.03232512082815400E+01
  4.49545157175862540E-01  2.74773241944289170E+01  5.28910252714031160E-01
  6.25336422111717830E-01  4.98356717435403600E+00  2.63318063866556140E+01
  4.99487474973056500E-01  1.05546973601853920E+01  3.91042646666178670E+00
  6.67521681419926690E-01  1.05016653933222250E+01  1.97243616853247340E+01
  3.44170209092795430E-01  8.11540995053642430E+00  2.77208696379288850E+01
  4.01880163826280960E-01  2.16525409871296900E+01  2.76660223721057260E+01
  5.95035019805102560E-01  1.43660552969804360E+01  2.97864628151026840E+00
  5.20348764567513020E-01  2.02108113635784150E+01  2.80262496603702050E+01
  7.44845164893703690E-01  1.71693045596732820E+01  9.08028979059125340E+00
  6.94010688862415210E-01  2.24148419752741680E+01  2.68793169458741660E+01
  4.00156705760987560E-01  1.00623394996228830E+00  2.96457171423004620E+01
  6.57722721512726150E-01  1.85554864577657060E+01  2.53073756517215640E+00
  3.61198882346046800E-01  2.38420132759045100E+01  7.76714003410497610E+00
  6.07167866036927160E-01  2.21498921876794630E+01  2.12802451452495870E+01
  5.81677556670477180E-01  8.84599599276371680E+00  1.77950489097870830E+00
  3.17579752081870750E-01  8.21079474230043970E+00  1.44931671745500010E+01
  2.69169509893181310E-01  2.14169189098033390E+01  9.36058275742819920E+00
  5.36592099856838090E-01  8.85004945405263750E+00  1.12814780184133930E+01
  3.01799748246536660E-01  2.85492851780532640E+01  5.19490149381989940E+00
  4.05794678723965420E-01  1.02442141157333700E+00  1.45078634463169960E+01
  3.65995101567518470E-01  2.73030928134512720E+01  1.77433681538450330E+01
  3.39481361119070080E-01  1.81162294700887970E+01  1.74375669231652350E+01
  6.97384645011991290E-01  2.80080162928737590E+01  9.92644574892568700E+00
  6.82253548551889110E-01  1.69536068676991040E+01  1.84838732255196410E+00
  5.67035311113654220E-01  1.96405591411317570E+01  1.96527152777637310E+00
  6.47236078597052340E-01  4.21524728101510160E+00  6.11132287528047510E+00
  5.92513140571182980E-01  1.00908196239973350E+01  1.36647803608959590E+01
  4.71553509741754610E-01  4.97220613754661400E+00  2.83823695501808830E+01
  6.55885333720611730E-01  1.47337291559443400E+01  2.13622421843752160E+01
  2.83840017940612550E-01  1.55755033014219200E-01  2.67960899549601230E+00
  5.65219172841477580E-01  2.96668725166548730E+01  2.20232828679177150E+01
  3.48480710258510130E-01  1.02745708484575960E+01  1.45875702905548310E+01
  6.26908127420837150E-01  2.91526463926517960E+01  1.75868220624312100E+01
  2.62213147743524950E-01  4.20245306303936950E+00  7.02054652810717170E+00
  5.08737612195334600E-01  2.17430302232828720E+01  1.31297166841953090E+01
  4.59281804788439010E-01  6.80519739742511560E+00  2.82861468492721570E+00
  2.86550378078914000E-01  2.48150087581774090E+01  2.58568280701599420E+01
  2.99038091422116640E-01  1.86959139666142380E+01  3.47713658652220170E+00
  3.62493203924014780E-01  5.60215468710029360E+00  2.46893771981171320E+01
  5.64616421781660800E-01  2.88426719721324080E+01  6.71464991073847010E+00
  3.87533216804236250E-01  2.62808952106061540E+01  1.60851569103556000E+01
  3.90540239164096370E-01  1.04120023422821760E+00  1.66583379186462320E+01
  5.44640939783434240E-01  4.68124050979148440E+00  1.49979374103518490E+01
  3.84420431658369740E-01  1.06245103781153140E+01  2.07687931117550240E+01
  4.53492046339069340E-01  1.84603314919889390E+01  1.29017340490240180E+01
  6.38023782753992030E-01  2.15007599712321960E+01  1.46531910464565640E+01
  5.00672486592370710E-01  9.56431979560452920E+00  4.03938199156369130E+00
  6.08873319065221350E-01  1.53779879184741720E+01  1.64407415255179640E+01
  3.18942867500738640E-01  7.32917285180660550E+00  2.44482664971768460E+01
  2.65726189967390210E-01  1.48336290327931940E+01  6.74667276940636020E+00
  7.10410487391814980E-01  2.06123643081312870E+01  6.53460504210298860E+00
  4.66797018098134940E-01  1.75349252472916460E+01  1.30084792427325360E+01
  3.89889811574280460E-01  2.82941344859092250E+01  3.87306429544421040E+00
  2.92456502136063850E-01  9.37604817618229980E+00  1.82960938075063880E+01
  3.63079661055833470E-01  2.48665388062976160E+01  1.21001315745675030E+00
  4.13811620468168510E-01  1.77759692491632180E+01  1.08286229475445080E+01
  2.60417758313763680E-01  2.09003966612851610E+01  2.76603609680474280E+01
  4.41940562555082740E-01  1.69923782801425320E+01  5.70179214652530670E+00
  3.08418768867630710E-01  2.62031029900009820E+01  1.68247202621590870E+01
  3.04461637453634990E-01  6.66809042023981660E+00  1.80333291735957710E+01
  4.75626642073745920E-01  1.74782580563793600E+01  2.88028551125865170E+00
  4.19693779402500590E-01  2.19893306745908890E+01  8.97737188466497220E+00
  3.26514001167033020E-01  1.00959582843055880E+01  2.27125488102643870E+01
  3.55388479881239270E-01  1.18535997353861120E+01  1.39487434117370680E+01
  5.33859136323620030E-01  6.70394329831083800E+00  6.27185816168983120E+00
  3.39481361119070080E-01  2.39226184181919380E+01  1.86106774745208230E+01
  2.51153087880769550E-01  5.18638753851966610E+00  1.76197953932814540E+00
  4.21603844523193420E-01  1.33075110638318590E+01  1.33091761126626820E+01
  5.20348764567513020E-01  2.04657344674972300E+00  8.40910658907518820E+00
  6.86210935380316480E-01  2.40184567510635670E+01  2.16666698559084700E+01
  4.41140732643827070E-01  4.52422606890764460E+00  7.64571351131768570E+00
  6.26908127420837150E-01  1.69795469220083350E+01  5.39568624312032340E-01
  5.11871480770454750E-01  3.69764734642536790E+00  1.46132770188311890E+01
  4.70990686464341570E-01  1.91627346043745240E+01  2.46917716243899830E+01
  5.20369884994360540E-01  1.82035189560719960E+01  4.14879475235816030E+00
  3.04306421741581800E-01  2.47505921544158620E+01  2.78930849250091870E+01
  5.88333222664750720E-01  8.22877297889957580E+00  2.57257469680124340E+01
  6.64541222436485860E-01  1.51794243994822930E+01  4.96946242227982180E+00
  4.24351701398837560E-01  1.45325745325208420E+01  9.76706971766473760E+00
  5.55920758830291820E-01  2.21921610111070460E+01  1.21648550729790620E+01
  2.89042915761794110E-01  2.01153716467232540E+01  1.23960613891600710E+01
  2.47647088603063280E-01  8.20973082345153320E+00  1.90424648513367490E+01
  5.88686278844574580E-01  1.68801276342488010E+01  1.03817467555238650E+01
  3.53063097104977870E-01  1.94349207884018540E+01  2.04390096801153940E+01
  4.50600139601478670E-01  2.62347817974810770E+01  5.31020624779513730E+00
  6.65634982039605120E-01  1.82381744191807050E+01  2.50951928874103820E-01
  4.69750256464274060E-01  2.86984742552466160E+01  2.16602709120566280E+01
  6.13801455222646290E-01  2.14951427336288210E+01  1.65283510772144880E+01
  5.14582826754803690E-01  2.42782367983225940E-01  1.49936758493530620E+01
  3.81419328643079860E-01  1.96375610157047010E+00  1.01333508196128190E+01
  7.28196096543639280E-01  1.84153158756681710E+01  1.64127653495389580E+01
  7.33199636544987770E-01  1.77665511422408000E+01  2.07557529477816520E+01
  2.86550378078914000E-01  9.64704343901563450E+00  1.44937349598443530E+01
  2.52169786807371790E-01  2.96805279060842400E+01  1.82893578122099680E+01
  5.01406606281285510E-01  6.34413562309544240E+00  1.87708084389006660E+01
  4.18948713530687210E-01  2.30929958432586910E+01  2.34104018213620830E+01
  3.62620749938717070E-01  2.38947807275902200E+01  2.66031529435266700E+01
  3.15231116497538320E-01  1.76266821862346000E+01  2.80075153000051030E+01
  2.83840017940612550E-01  1.59322270379775940E+01  4.39312975589862550E+00
  4.72199721516180480E-01  2.01562823618433810E+01  1.99083741180979490E+01
  4.41666133880560000E-01  1.71242937478537380E+01  1.13827428103547220E+01
  3.39073066583844400E-01  1.00606370811515350E+01  6.46265764393182620E-01
  2.54831192030272870E-01  1.68779315255456660E+01  2.03260018445816190E+01
  6.65634982039605120E-01  2.66066004531182510E+01  1.28657886681646470E+01
  2.69326463995374250E-01  2.57984582594794820E+01  2.63084136195797740E+01
  3.08418768867630710E-01  1.34632939975277570E+00  1.72933960097792860E+01
  5.63324676144028570E-01  5.04582574811158140E+00  2.39461334473969960E+01
  2.49794182180603610E-01  2.11892833848781810E+00  1.31794577325955980E+01
  6.44956217916396120E-01  2.20244623848785680E+01  3.29389294492292390E+00
  4.26043897269923290E-01  2.89623586905150740E+01  9.33684009775108770E+00
  7.44533748089133770E-01  7.27722188630224130E+00  2.33863049610264180E+01
  2.47647088603063280E-01  7.95006238530434750E+00  2.26581487276351790E+01
  3.47451934045076260E-01  2.52204793956872710E+01  4.22171024402902530E+00
  4.83182858574677270E-01  1.66821622182184330E+01  2.91632099573761040E+01
  5.38382388131525950E-01  2.19773783452376750E+00  2.12173293722336890E+01
  6.08690451339190200E-01  2.73354467598163600E+01  1.10444021661476950E+01
  3.93024383017402490E-01  2.91167289652856490E+01  2.51504032150542470E+01
  2.54611020839302520E-01  5.75493199570569840E+00  2.26288917426943140E+01
  6.82253548551889110E-01  6.97557667893253090E+00  5.08764506183612040E+00
  7.67665169660178040E-01  8.41343985020939660E+00  2.43829279563854830E+01
  3.95839252948554370E-01  2.22369658002548400E+01  1.93463484687730830E+01
  5.15379284759350490E-01  9.58283048860664270E+00  2.82468071708085160E+01
  5.09222041678605210E-01  2.90701396964641710E-01  2.90866568493302540E+01
  4.72038094207023740E-01  1.61903230109659550E+01  1.11863392084843060E+01
  6.64541222436485860E-01  2.60711650897054990E+01  9.54574291934454240E+00
  4.84167632717154460E-01  1.14486447300527170E+01  8.55500620282163380E-01
  5.39922025342825940E-01  2.04035784178204480E+01  1.61561956302150800E+01
  3.77759649416993960E-01  1.01450345683774630E+01  1.63025008604017360E+01
  5.06367095649294540E-01  2.13943925947526810E+01  2.49335482571390760E+01
  3.05466220251299840E-01  2.64663830236861590E+01  3.94850051669360090E+00
  7.55604472483241980E-01  1.43937405180934020E+01  1.54777441042559670E+01
  7.68548325332126940E-01  1.20418189547846420E+01  1.03383952228642180E+01
  3.09209541844886400E-01  2.66073901627441170E+01  1.18648139210782980E+01
  4.71553509741754610E-01  1.50615225634201120E+01  1.34665375036439080E+01
  3.65995101567518470E-01  1.92374549617363650E+01  2.12335038219344700E+01
  6.26517897412854200E-01  1.96756211491008410E+01  3.15795359531718000E+00
  3.55388479881239270E-01  1.97730316981247500E+01  2.72682954851600630E+01
  3.90423892796942250E-01  2.87297812901143990E+01  3.22604174288248920E+00
  4.92172780862642510E-01  2.90612492459482680E+01  1.87020095003061650E+01
  6.66683478841499700E-01  1.27073941243591780E+01  5.11418682487370550E+00
  6.94903868090152520E-01  1.58021635357339090E+01  1.85318555559853700E+01
  7.65642972591057180E-01  2.88638012844874300E+01  1.57181549525266040E+01
  3.52682444144397330E-01  9.18441080333643000E+00  2.90169897849299190E+01
  5.39466591144820300E-01  4.44405708871848940E+00  9.46200551411349980E+00
  4.26043897269923290E-01  2.24242480905834790E+01  1.85465656983206060E+01
  2.53364602799301860E-01  2.89322922831076460E+01  1.67346833365137610E+01
  3.83290088603488770E-01  2.58255139330028850E+01  1.51767064572704250E+00
  5.55920758830291820E-01  1.35575886403092150E+01  2.80335409685381370E+01
  4.13050329149462850E-01  1.26931070572730600E+01  1.38023945252857770E-01
  5.20369884994360540E-01  7.16164763839995540E+00  9.82008218063214500E+00
  6.99477888048091770E-01  2.71840890734777960E+01  2.61997009602901940E+01
  3.59079136884617700E-01  1.63458033371863610E+01  1.64528468487897540E+01
  3.01799748246536660E-01  7.31181791839549260E-01  6.49919244201710370E+00
  5.28731261397185740E-01  2.27338911469416160E+01  1.73586295603685520E+01
  6.80338287111455390E-01  1.39142559392850330E+01  4.51703827387461310E+00
  4.74033319401206570E-01  2.32444688542680600E+01  2.25306429392886650E+01
  3.53302408788900560E-01  1.72640753830061830E+01  1.22294714065574760E+01
  4.03052389307286420E-01  9.69859079084765520E+00  1.20216895958530440E+01
  3.33973424357718240E-01  1.77646939487865580E+01  1.49081665858855420E+01
  4.68162992243922280E-01  8.90514998673228320E+00  2.75308643901458970E+01
  4.72192289519205580E-01  2.83323620097934780E+01  2.77399999181287030E+01
  6.73658304681401180E-01  2.94745203256245870E+00  2.47962512872374210E+01
  4.61178090502161720E-01  2.50193680900891770E+01  2.39879433578239020E+01
  4.18189647978318300E-01  1.89213638845061260E+00  1.14926486381024250E+00
  5.15379284759350490E-01  8.06542527589717470E+00  1.19819458348128340E+01
  5.34553382826858140E-01  1.41955593933141630E+01  1.29548641558798730E+01
  3.70336582810533970E-01  9.08752116703007400E+00  2.52997588575364570E+01
  6.42747544188997020E-01  2.54656861988761310E+01  8.38718975483578790E+00
  4.50600139601478670E-01  1.60189258170437580E+01  2.54815205000239760E+01
  3.55036581058269410E-01  6.87355735093610500E+00  1.28385297587280150E+01
  3.54092873053847420E-01  1.13957240434705550E+01  3.76590769956181770E+00
  5.13614394364816020E-01  1.16769283660292430E+01  7.74781691124188490E+00
  3.65995101567518470E-01  1.95534988304576380E+01  2.65543260781266990E+01
  5.25383403930900440E-01  4.78473649483767890E+00  3.10197752412602060E-01
  3.83598938984435380E-01  5.45622444254870940E+00  2.54404432181850030E+01
  4.86073626967704090E-01  1.87050183224881650E+01  2.88910787264936670E+01
  5.96963967672292380E-01  3.91194522980108860E+00  2.82508361006151420E+01
  4.66553963192992600E-01  8.89854502429782280E-01  1.36460422335260500E+01
  4.15252526658189590E-01  2.74895825385553610E+01  3.88106020737626490E+00
  6.36786611163594070E-01  1.20427249240823340E+01  2.86258865668799610E+00
  6.06760633376156730E-01  2.70422197077216810E+01  2.49028116336780310E+01
  5.25895496843049500E-01  3.35460843345337390E+00  1.25707785250829980E+01
  5.05409982910693060E-01  2.81644583473080100E+01  1.17886301916657600E+01
  5.18912146576496980E-01  2.33516306038009170E+01  1.63262060601117760E+01
  5.81677556670477180E-01  1.24115551458342940E+00  2.53181136481465750E+01
  2.50625569857546320E-01  1.77263455582395450E+00  2.94339203253770700E+01
  6.67521681419926690E-01  2.85058279634646890E+01  9.66431818023132120E-01
  6.52034765531911640E-01  1.40048849862261080E+01  1.41252691377648180E+01
  3.81419328643079860E-01  1.68087645357515570E+01  1.79520092494731750E+01
  3.18942867500738640E-01  1.67216939052152860E+01  2.08770026866261740E+01
  6.63973334543257470E-01  2.95905575916271740E+01  2.42063699132148540E+01
  4.05793634226126800E-01  5.36631089515465740E+00  2.72881705771516710E+01
  2.88617724104866640E-01  2.53846194683698630E+01  2.59344021659850660E+01
  3.17587838135982990E-01  1.88154926331973160E+01  2.06962069204664690E+01
  6.94010688862415210E-01  2.59592959308815170E+01  1.96073107074495780E+01
  3.25036994184950640E-01  1.14512229927922410E+01  2.32074633817893780E+01
  4.41940562555082740E-01  7.00238395093272990E+00  1.94461052043549290E+01
  3.05466220251299840E-01  7.29866466984293720E+00  2.15188915322269630E+01
  7.22984261441823330E-01  2.38370209338295710E+01  1.41488801876854690E+01
  4.60682082706054620E-01  1.91550908060706890E+01  1.73426597430272520E+01
  4.22201084465533680E-01  2.31934507407101870E+01  1.81909727916912690E+01
  6.24824560398126750E-01  1.48503393366742460E+01  1.94442640412429450E+01
  3.63079661055833470E-01  1.08523700487881310E+01  2.53998559994155110E+01
  3.25516939164680520E-01  8.36669930449074780E+00  7.09899809583992170E+00
  4.87886881528419990E-01  1.93066984638971950E+01  2.31509089105096320E+01
  4.34172467284937990E-01  1.29052060888038080E+01  2.72893181158515650E+01
  7.04082361725448710E-01  1.66819702962959620E+01  3.75017475949649890E+00
  4.40295189098215370E-01  1.85404478478660270E+01  2.16370272504418040E+01
  4.54567147313974470E-01  1.91776752616038490E+01  4.11700461257812390E+00
  4.89717368181109780E-01  2.96907492461937790E+01  3.43602767864881820E+00
  4.82771447840326400E-01  2.95289578168731810E+01  2.30618124602606510E+01
  3.54092873053847420E-01  3.71503554136513350E-01  7.96640634916193410E+00
  7.67457697882333090E-01  2.20185164538099020E+01  2.27222171593684020E+01
  4.43129600128677660E-01  2.51871503586893160E+01  5.01157661293940220E+00
  5.61514797181737530E-01  4.94704608603266480E+00  5.14949808836539710E+00
  5.82207618145930890E-01  5.18939669409605480E+00  1.31346542606862520E+01
  5.94092381958372510E-01  2.51338174135665930E+01  2.50363568652731310E+01
  5.64318884198494160E-01  2.07089863474728270E+01  2.33466603410588910E+00
  6.16837537735261420E-01  1.26550608122980680E+01  2.18261824764406430E+01
  4.20581746236023420E-01  5.54615237002654740E+00  1.62904604995322870E+01
  3.16022212934137680E-01  2.54814106865240080E+01  1.45496835465987860E+01
  4.59502380082057990E-01  1.87806463545864300E+01  4.93987683360497960E+00
  7.48336469443998900E-01  6.28487408655107330E+00  1.07368425870669400E+01
  6.90159994875631000E-01  3.13255266603238790E+00  3.59692569623592020E+00
  4.68364091588631840E-01  1.73787119119228140E+01  4.69292335608861940E+00
  4.05593309893122810E-01  2.14781084735404520E+01  2.58521580181395730E+01
  5.55687039951364880E-01  2.73490887310813340E+01  2.74428626041786540E+01
  2.83840017940612550E-01  2.73158910338355660E+01  2.93175667383946460E+01
  5.98280766214214580E-01  2.81446806792643490E+00  2.02633172295191030E+01
  5.84913004272127690E-01  2.43192446469204210E+01  4.46057424938983880E+00
  2.83840017940612550E-01  7.46973962457921740E+00  1.26089435782931720E+01
  2.83517655556827110E-01  1.21716360441400190E+01  5.98950899323384080E-01
  5.27599340399055180E-01  2.94682410341553550E+01  1.67480170957697410E+00
  6.24824560398126750E-01  7.30612183428196720E+00  1.42314966489437500E+01
  4.84167632717154460E-01  8.17250708985979730E+00  9.84554166539906280E+00
  5.66562802601083430E-01  1.07007838445496400E+01  2.64431563397502810E+01
  5.81213412342838430E-01  8.25868548522320720E+00  2.08796562708148490E+01
  5.13285974501586400E-01  3.77714021887188610E+00  1.03328203065838320E+01
  5.29625185962053640E-01  6.10788651454057430E-01  1.76943442472710790E+01
  3.30104909316010620E-01  2.21870066605054780E+01  6.91338023228849610E+00
  5.48174971142568520E-01  1.03525598458444600E+00  1.01270368598821040E+01
  4.72192289519205580E-01  2.17633151279760460E+00  2.30418381352135490E+01
  4.53126113496558960E-01  2.26841813123690450E+01  1.43778555959299580E+01
  5.25993347610763350E-01  2.33111005840200640E+01  5.86934212104927420E+00
  4.75338540515479570E-01  1.62562429264768900E+01  8.27122576711339260E+00
  4.30858982518450690E-01  2.61716836700537560E+01  1.48339794121492120E+01
  7.09741570678139940E-01  1.06180884217155710E+01  9.94869935348461890E+00
  5.05409982910693060E-01  7.58165173676367930E+00  2.25681633982444560E+00
  5.20369884994360540E-01  9.97800871851630330E+00  2.52842569044479220E+01
  2.73281005279713530E-01  6.51450333240333370E+00  4.05696558444398740E+00
  3.09574052588245370E-01  9.97541200449192190E+00  1.83525693608440860E+01
  3.18095930761502070E-01  1.32194713582334240E+01  1.02213813182109770E+01
  4.46537248270915300E-01  1.91873062989145660E+00  2.21611853481265620E+01
  6.38830345620663920E-01  9.27514678372907580E+00  1.00575244722566970E+01
  6.68397269451762100E-01  1.06905919614544370E+01  2.43327196827758210E+01
  5.32488384254616510E-01  2.61227634520650510E+01  2.55752911594244030E+01
  3.17579752081870750E-01  2.24640842135423210E+01  4.14969233257727590E+00
  5.16710955738981780E-01  1.03067646593593710E+00  2.17907115138172640E+01
  4.49545157175862540E-01  2.86020954227546230E+01  2.86209556910386770E+01
  3.20574425314766210E-01  2.45197380991459110E+01  7.83884699487742420E+00
  4.12246671516209600E-01  2.50650400019853490E+01  7.35002056508676290E+00
  4.94550785807675550E-01  2.27157441063006720E+01  1.83908315138449560E+00
  3.59079136884617700E-01  8.78556992126056710E+00  1.29180038440268350E+01
  6.10572080928614460E-01  1.95328135279545090E+01  8.44925713784340720E+00
  4.75338540515479570E-01  5.19271343707146470E+00  1.12873328841431650E+01
  5.09574347305064630E-01  6.11329549687790410E+00  2.38509124110559650E+01
  4.18189647978318300E-01  7.03436243832176980E+00  8.89070668445026870E+00
  3.76753951196820710E-01  9.18750626441472560E+00  1.40158576757426360E+01
  3.84533934306195220E-01  2.60377658256989650E+01  2.46625528387254250E+01
  6.60767019732147710E-01  1.09008602739896840E+01  1.53784943236656380E+01
  5.64318884198494160E-01  1.00298130732202060E+00  8.70066110368301970E+00
  4.69750256464274060E-01  7.73876640066202710E+00  1.63921244331204190E+01
  6.88340418185590860E-01  1.10693105293647760E+01  1.96416745773288890E+00
  5.93150731645016190E-01  6.96067487414947190E+00  1.18949562803829030E+01
  7.17499092254363010E-01  2.43213724357511860E+01  2.30388408359652100E+01
  3.79322922295397280E-01  2.50511181550629800E+01  9.32596430406303690E+00
  3.20574425314766210E-01  8.93182193294906850E-01  2.61505319103474250E+01
  7.17953871372127320E-01  1.13490744413855490E+00  2.05477894937134560E+01
  3.42409596243210680E-01  4.79682802031075890E+00  6.91191484443396310E+00
  4.43129600128677660E-01  1.62455189644388830E+01  7.35341015664845090E+00
  3.78068289465320630E-01  2.31579618953388290E+01  2.10397494886673190E+01
  4.75338540515479570E-01  1.85979492675483440E+01  1.80944398607806960E+01
  7.38532964590205680E-01  2.49620383977739270E+01  2.68705340400537300E+01
  5.07606992315717240E-01  1.33998162114186440E+01  1.74588821325395000E+01
  2.86134314477376340E-01  2.46316987726925550E+01  1.83249789427270770E+00
  5.07437626189109900E-01  8.94604420989146120E+00  1.48658726392774360E+01
  6.15073771326759470E-01  9.08951994859240560E+00  8.30127589660978240E+00
  3.30104909316010620E-01  2.00724005315318910E+01  5.64573781791104780E+00
  6.66683478841499700E-01  1.26177012115762790E+01  2.05434424659896560E+01
  7.49545055295440930E-01  2.05855308843393910E+01  1.87654392520020860E+01
  2.54824432159977790E-01  8.53462473935919870E+00  1.05559005485013880E+01
  5.72142532162989690E-01  1.42526904858231020E+01  1.67974579895837480E+01
  2.77147605524350650E-01  2.40602695776845260E+01  2.73501821695894520E+01
  4.68364091588631840E-01  8.59731609844084590E+00  4.00356129383932920E+00
  4.82771447840326400E-01  2.35682111201534910E-02  6.13654041175273160E+00
  2.50971712925384870E-01  1.25196162061419540E+01  2.91767882308703860E+01
  5.38024295323284910E-01  1.07314544491139470E+01  7.28753884254277120E+00
  4.13050329149462850E-01  1.86206414510654920E+01  1.99923772304236140E+01
  4.86590143357422540E-01  1.04725938476614560E+01  2.74710990629370290E+01
  3.16148313226467530E-01  5.01267546270136850E-01  1.85326803489034080E+01
  3.81419328643079860E-01  2.60869461434623240E+01  1.85400082225898610E+01
  6.52911031193170470E-01  2.46585243020506260E+01  3.27164353586227460E+00
  4.49150663742554990E-01  1.92915438292712620E-01  7.05292300588997630E+00
  4.73113776075054650E-01  7.05812492490144110E-01  4.08780696179099490E+00
  3.65995101567518470E-01  3.01421852413000210E+00  2.30299978973424150E+01
  3.46028387031474870E-01  1.55842635190579810E+01  1.41260171829931080E+01
  4.23675716525973380E-01  2.82010156392608910E+00  1.41620707252341710E+01
  2.47261092463374420E-01  2.03792163795721560E+01  2.72775825348777980E+01
  2.63339374245984010E-01  2.64100799395233350E+01  8.36274692875922380E+00
  2.59062449636064510E-01  2.47513401827481690E+01  2.36440546530550220E+00
  5.77180454669814490E-01  2.13038324323120460E+01  1.01992991285547880E+01
  4.06599624824484800E-01  2.55143674550430260E+00  6.38197491845177020E+00
  4.65278877330243820E-01  1.25891212001807330E+01  1.79955353089834920E+01
  3.07263188066738420E-01  2.68562985178376650E+01  2.89296954459337030E+01
  3.88697647565240350E-01  6.34338686665147660E-01  2.27116040130020490E+01
  6.62122603690132470E-01  1.81921120540210170E+01  1.18196930520779550E+01
  3.79322922295397280E-01  1.32539200630909960E+00  2.30456897562953850E+01
  3.53063097104977870E-01  1.77325090357427120E+00  1.67884280905715680E+01
  6.88885956497308970E-01  2.33083003698662950E+01  8.15212409476449730E-01
  5.33066537704075310E-01  8.17429066638524840E+00  2.68456506355104350E+01
  3.42074681651230290E-01  2.90224362716933020E+01  3.92964911234858500E+00
  4.24351701398837560E-01  4.18980464731032140E+00  1.30235671107212290E+01
  2.92456502136063850E-01  2.33907746530965320E+01  2.70208499469729230E+01
  5.90639534364661320E-01  2.81534428346750620E+01  2.53485844483580390E+01
  4.09705559579089850E-01  1.27925932137773570E+01  1.88450348714322150E+01
  3.59079136884617700E-01  7.40159507578023490E+00  8.20575341113672960E+00
  5.27599340399055180E-01  1.71229566006818640E+01  7.76715450400911410E+00
  5.38382256471750510E-01  1.48254188310369930E+01  2.44407433368442000E+01
  5.96963967672292380E-01  2.84337702335037080E+01  2.65402800688672080E+01
  2.96503602823160150E-01  3.96978567964305280E-01  1.68969680933703970E+01
  3.64593218166308700E-01  1.93441443835855650E+01  1.97088378780034250E+01
  4.18947112612636110E-01  1.41882474773414220E+01  1.79450119830809740E+01
  5.40946473112310590E-01  2.50538854365656290E+01  1.38075848204095040E+01
  3.35017483125717060E-01  2.91041330758963110E+01  1.95277658412369770E+01
  4.75626642073745920E-01  1.02518997181289730E+01  1.76176632823184500E+01
  3.04461637453634990E-01  1.78031496107939550E+01  8.24500770766080750E+00
  4.36315933331792570E-01  1.09939588559205000E+01  3.08541382813133640E+00
  6.77666041374141330E-01  2.41931533986670640E+01  1.06160550238110680E+01
  5.67035311113654220E-01  1.91358673821058090E+00  1.95260720395006470E+01
  3.38650161839631010E-01  2.63988044030137270E+01  1.95646351134523200E+00
  6.94010183176834960E-01  2.39558501241232410E+01  1.73773212597646780E+01
  7.10410487391814980E-01  2.53932605805901270E+01  6.14653915330451820E+00
  4.54567147313974470E-01  2.77099205145866680E+00  4.68300107643441880E+00
  2.52169786807371790E-01  1.01955403951567370E+01  2.95601843919717170E+01
  3.01799748246536660E-01  2.02361822652411940E+00  2.66698540112093880E+01
  4.27719079604653450E-01  2.95789181695913540E+01  4.46013414694995180E+00
  3.87762191716535260E-01  4.62839125515644060E+00  2.75768266959784680E+01
  5.72951670348821020E-01  8.93020915182481720E+00  2.18308663536025450E+01
  5.09222041678605210E-01  1.85240362136668400E+01  1.90757859146808430E+01
  5.25993347610763350E-01  1.30343768873060340E+00  2.87694373102771980E+01
  3.12648490279368120E-01  6.02906944077211280E+00  5.39819562731673660E+00
  3.32399546609116130E-01  1.61052718690155390E+01  1.58049793101930510E+01
  4.43807889241729470E-01  1.50463338564963820E+01  6.06977150793738310E+00
  3.44170209092795430E-01  1.67678077214797130E+01  1.27185543705948750E+01
  2.54824432159977790E-01  1.18323295987374200E+01  2.21132209907552730E+01
  4.21963532045373490E-01  2.83168990560624540E+01  5.88015222940740670E+00
  4.11696508529454960E-01  1.41367371809365260E+01  1.99884492397093430E+00
  4.11346310528290360E-01  2.25085502990461670E+01  1.59342881850250960E+01
  6.16837537735261420E-01  2.84798278369565060E+01  2.25028276438667560E+00
  4.83570943621045310E-01  1.33152985014972620E+01  7.83132224839924080E-01
  4.32382463464541460E-01  8.64658065646717770E+00  2.83933403020938080E+01
  5.92513140571182980E-01  2.04092373519281160E+01  9.27300724050682670E+00
  3.55036581058269410E-01  2.59312238073676330E+01  1.21006233592551810E+01
  4.74581552528920360E-01  1.27481574569733380E+01  1.40091834542555740E+01
  3.44905765886116280E-01  9.88089681453801210E+00  2.90532830063906220E+01
  5.96963967672292380E-01  4.13252605467340040E+00  1.91551382656614030E+01
  2.68569610726517900E-01  1.43824582095383650E+01  2.30168021326873350E+01
  5.80290806494985740E-01  2.32095698848475320E+01  1.91926863708543710E+01
  6.25336422111717830E-01  2.78970964076727520E+01  1.28860026664851510E+01
  6.17452885167652710E-01  2.52528147604567930E+01  2.20842857095378090E+01
  3.29506256422424390E-01  5.76422802217468620E+00  1.81762403975251130E+01
  2.58355477869490890E-01  2.03815096282106280E+00  6.80308995177746390E+00
  4.69641390777102340E-01  3.54767870691031280E+00  1.36441605352954460E+01
  3.49095179616795370E-01  3.59166919557081330E+00  7.01587239324274940E+00
  3.27988333844876360E-01  6.60099178489166240E+00  2.73694172357478070E+01
  3.86383264228710210E-01  5.36353508677274600E+00  7.37806316534738200E+00
  4.75543307221801650E-01  6.66666163833263070E+00  1.90437840188369340E+00
  5.07815655211632320E-01  2.61474317232564160E+00  9.52909028159485060E+00
  6.08088426536500660E-01  3.89264744944977320E+00  2.69063680251753680E+01
  3.93024383017402490E-01  2.36951040167403730E+01  2.39547975988922560E+01
  7.48336469443998900E-01  5.32529267376307840E+00  8.52354882879756030E+00
  3.13454063710418570E-01  1.79453385896604230E+01  1.97244894847268740E+01
  4.43133439323318520E-01  1.72243782206895130E+01  2.25341517563202980E+01
  3.62493203924014780E-01  2.05924400287932660E+01  1.42337195154816580E+01
  5.72881440675418570E-01  2.65654435951852790E+01  6.68856951876624970E-02
  3.71299762957800540E-01  1.53955433175557560E+00  1.60604910820662140E+01
  5.13143010843963320E-01  2.11544334269200860E+01  1.35388763735067790E+00
  3.87533216804236250E-01  9.54721088110741610E+00  2.44842656564102780E+00
  3.90540239164096370E-01  8.86600949069856270E+00  1.57602535005861580E+01
  4.11696508529454960E-01  2.29717670740459320E+01  4.67272352501785360E+00
  4.19670751191123690E-01  1.66195999499386420E+01  2.48527936475853900E+01
  5.39922025342825940E-01  1.96268510907789460E+01  7.30297220360672750E+00
  3.73125396709624990E-01  1.10175409210232940E+01  2.81355859838257420E+01
  5.72628172168292430E-01  2.81224365567850680E+01  1.81999597072874910E+01
  5.63660960642019760E-01  2.08272640839335420E+01  3.45579165095063920E+00
  7.54397230300637300E-01  2.57753652777483030E+00  2.86450023945717870E+01
  4.07877171249442140E-01  4.67135591433482930E+00  2.30505749410719860E+01
  4.61178090502161720E-01  2.36100602062181470E+01  2.58306420881949280E+01
  3.50974061745161330E-01  2.04553586162854200E+01  3.87317792141902920E-01
  4.22541054278063120E-01  9.27684448970284770E+00  8.59845491601655000E-01
  3.25036994184950640E-01  1.44263320012337350E+01  2.78896767308945570E+01
  4.96042965314236020E-01  2.96923423421993530E+01  1.40127031166815210E+01
  3.04461637453634990E-01  1.42897759372594990E+01  2.25210399922541880E-01
  4.21290506291976640E-01  8.90090680553506710E+00  5.41410253164177390E+00
  4.26578460793149810E-01  1.83671542410080130E+01  2.80436279509416870E+01
  3.91816801400439550E-01  4.32822473414141750E+00  1.81860242203083120E+01
  5.32262962461145860E-01  2.18152470033751700E+01  8.04081602641012870E+00
  6.07718241283317260E-01  1.53247815620866850E+01  1.05416360199209680E+01
  5.13425754976809310E-01  9.73499239701655840E+00  1.55120987413268700E+01
  5.46829204411607870E-01  2.23759490178011370E+01  9.86297295492076390E+00
  2.99038091422116640E-01  2.87415244170162230E+01  2.00475863437522720E+01
  3.65374026971610010E-01  9.01250352401223510E-01  2.44345614965156700E+01
  3.46733456860136300E-01  2.61709995287074090E+01  7.69338300541027920E+00
  5.01833768532536340E-01  1.07533515513832030E+01  1.85831702792261490E+01
  2.88617724104866640E-01  1.78630508348192830E+01  1.83031701171811290E+01
  3.13454063710418570E-01  2.92570690685541200E+01  2.76030729066788090E+00
  4.43756654693070110E-01  1.15157786106305840E+01  2.01787928170790170E+01
  5.20369884994360540E-01  2.54223144688351570E+01  1.28127907237949630E+01
  7.41720708060832300E-01  7.96878616558772280E+00  6.10805402516359040E+00
  2.99038091422116640E-01  2.89756058712403650E+01  2.58272909113850700E+01
  3.93024383017402490E-01  2.33010478862502270E+01  1.00262833607651520E+01
  2.53364602799301860E-01  1.78696085541514050E+01  2.57758645685098850E+01
  5.48463672908306780E-01  1.76709607398909970E+01  2.88699674786170740E+01
  5.63660960642019760E-01  9.86620356338954350E-01  3.07178195329521660E+00
  4.99487474973056500E-01  2.60886770257677760E+01  1.39082889205289830E+01
  5.32488384254616510E-01  6.85910513743340020E+00  1.52983289899581280E+01
  3.62493203924014780E-01  2.18089351703595080E+01  1.56045468090048390E+01
  3.90540239164096370E-01  1.34445340933454780E+01  2.12015878532509280E+01
  6.25248164210708260E-01  3.85025861322587350E+00  4.69859066350775570E+00
  3.93024383017402490E-01  2.20742484983979710E+01  2.43461493482169940E+01
  2.83517655556827110E-01  4.09290890658845100E+00  3.44216190642144280E+00
  5.16562546778196820E-01  2.81595915293938610E+01  7.55221261081991550E+00
  5.96777348356598920E-01  1.31250947563276950E+01  1.50106114917596600E+01
  3.35017483125717060E-01  2.28147546976780970E+01  2.68720140909040240E+00
  5.69344335137112000E-01  1.20160342397862190E+01  1.16743077208349340E+01
  5.55509338843663690E-01  2.34045121686554790E+01  2.92676642294803030E+01
  4.09775903561979240E-01  9.55060786696791020E+00  1.28205496964671500E+01
  3.20574425314766210E-01  2.31297614342821660E+01  6.69539564657001220E+00
  5.39466591144820300E-01  2.81570671418230770E+01  2.95035632639777070E+01
  5.18725390566230620E-01  2.01605916924211000E+01  1.15896058415964220E+01
  3.62493203924014780E-01  8.76928350232810590E+00  2.95981182112181640E+01
  4.23675716525973380E-01  2.46554211368590790E+01  1.94913052648764950E+01
  4.13050329149462850E-01  2.40169216518242590E+01  1.56740192813364470E+01
  3.01731430220296380E-01  9.51069542597856100E+00  2.24848748803918430E+01
  3.48156346672602490E-01  2.90186680955848930E+01  9.00683293054520280E-02
  6.83531487369900860E-01  5.69979247362771880E+00  2.54170414843581940E+00
  3.27197753470684690E-01  2.49810170822645930E+01  2.11801829533323560E+01
  3.50974061745161330E-01  2.29850819758835850E+01  2.17480057025842120E+01
  5.77649046292645880E-01  2.28072000816196660E+01  1.33546701749535850E+01
  5.13614394364816020E-01  5.30886182864113290E+00  3.67202448120036400E+00
  7.17953871372127320E-01  2.85466414544242540E+00  1.75925889595459250E+01
  3.01731430220296380E-01  1.54007896610288770E+01  2.50527650101378430E+01
  6.14584822297879540E-01  7.90901836758272480E+00  2.91360947990862980E+01
  4.69641390777102340E-01  2.69851853082832880E+01  1.42758112742816830E+01
  4.49154676673646060E-01  1.93152143096950260E+01  1.31906815073970960E+01
  4.82268891960512480E-01  2.31239946573733280E+00  1.09225930730520810E+01
  6.26908127420837150E-01  8.23540444888536880E+00  7.37280135999894880E-01
  2.50971712925384870E-01  8.21244470769165070E+00  2.22346487119804230E+01
  2.62213147743524950E-01  1.60761206058622930E+01  1.01032095757929060E+01
  6.45167794061425240E-01  1.15243859006693620E+01  2.12676024640405820E+01
  5.94931591270377070E-01  2.70538343455648160E+01  1.86698339535106360E+01
  7.68548325332126940E-01  4.35985262670758900E+00  2.50865646538868390E+01
  4.36195486319121350E-01  2.85391451063633210E+01  1.09263074593560830E+01
  5.33066537704075310E-01  6.55177199194948920E+00  2.47959317195890920E+01
  5.62178328188990490E-01  1.33762934146436030E+01  2.91355823782999080E+01
  2.97561439636419770E-01  2.64612295542093710E+01  1.27548956362632950E+00
  4.82771447840326400E-01  2.59929749288748900E+01  2.88730985714284250E+01
  6.61562106526255890E-01  2.47965141491200710E+01  1.18107171512625410E+01
  5.04339573614743570E-01  1.13454647253059980E+00  1.13589726534200040E+01
  3.45648959319623030E-01  1.97863577155261830E+01  5.80343686766115940E-01
  6.95947079841625180E-01  2.59870235018384930E+01  2.09965280955741100E+01
  4.75626642073745920E-01  2.86865284025149520E+01  2.26053626528206240E+01
  2.57534358191145160E-01  1.03353260571304450E+01  1.21953676929788310E+01
  6.30423428531534040E-01  2.38776683233522070E+01  2.02019505325052830E+01
  3.25516939164680520E-01  2.54071025695245930E+01  2.94294437642630660E+01
  3.14110289759674140E-01  2.40659409406412800E+01  2.79414128868134600E+01
  3.99477862283745790E-01  2.75966678726411720E+00  1.32792502516760960E+01
  6.47236078597052340E-01  2.68730552695301530E+00  7.43343517177321460E+00
