1
  1002  2.96924426640336700E+01  2.96924426640336700E+01  1.00000000000000000E+00
        0.00000000000000000E+00  0.00000000000000000E+00  0.00000000000000000E+00
  3.50662231740508900E-01  1.76181809350291230E+01  2.48311024514132010E+01
  2.85767805251094040E-01  1.51589885327815690E+01  2.65220811857093860E+01
  3.45648959319623030E-01  2.67135465824619760E+01  2.93756109510503980E+01
  3.45648959319623030E-01  5.59605646368132790E+00  2.71609429741955890E+01
  6.42005949159872720E-01  1.15071917109657280E+01  2.84065550712827570E+01
  2.74003615458356760E-01  2.48814028817045210E+01  1.46650929493524270E+01
  3.87653287431749970E-01  2.24722829978856070E+01  1.20943534102084840E+01
  4.18948713530687210E-01  1.69616973507388740E+01  1.66522054013422680E+01
  4.53451232343747090E-01  7.46267280680583230E+00  2.74025747729469130E+01
  4.21603844523193420E-01  2.54687608013548650E+01  1.42931743377370960E+01
  2.62213147743524950E-01  2.82832197206695350E+01  8.31239433310560120E+00
  6.94903868090152520E-01  1.27628281201798440E+01  2.08588571974964020E+01
  6.31563936872940970E-01  4.10497989395664130E+00  5.34748840162240490E+00
  7.01778375544082420E-01  1.01828168065604490E+01  3.94974947471977880E+00
  3.46434506905438330E-01  2.30002569971758140E+01  3.57518024106737630E+00
  3.50662231740508900E-01  4.65663570824407640E+00  7.19607601759310270E+00
  3.01799748246536660E-01  2.63628959939211140E+01  2.13747237403568350E+01
  4.41298336829792340E-01  2.62815836025295010E+01  3.52268533238744470E-01
  3.39481361119070080E-01  1.12780422803331980E+01  7.05136439679283280E+00
  3.83181557852844270E-01  8.76948016806444390E+00  1.33773198929069980E+01
  6.75156127532392600E-01  1.00736881551399440E+00  2.51240163467358000E+00
  2.73281005279713530E-01  2.24230205764602350E+01  1.68809064956014970E+01
  6.65634982039605120E-01  1.77146602293550050E+01  6.19815736042658650E+00
  2.54824432159977790E-01  2.79830515327596100E+01  5.27427684789852600E+00
  2.84029264846615530E-01  1.57438034857087630E+00  2.80752620891842890E+01
  4.62836237406567810E-01  4.41784715514031840E+00  2.11648364824638090E+01
  3.33973424357718240E-01  2.75999563712682330E+00  1.95376341383465540E+01
  4.91872428060923640E-01  2.03685077795151700E+01  4.74734486356422900E+00
  5.52490392167627680E-01  2.75893884136144290E+00  1.72041810654635050E+01
  5.39466591144820300E-01  2.15908548463050530E+01  1.96268444632539460E+01
  5.65219172841477580E-01  2.08393736706874750E+01  2.68991729309285650E+01
  3.53776024442120150E-01  7.01981414532689560E+00  2.59440520423382810E+01
  5.54611473665029210E-01  2.14662416147593180E+00  2.12914121535784840E+01
  4.81368497469048420E-01  9.41059473597893610E-01  1.80982791810116130E+01
  2.84672167568555990E-01  8.30957077121782990E+00  2.10414828517451970E+01
  3.06898385793053400E-01  2.27607635138632920E+01  1.75567816957979660E+01
  4.49954956992444630E-01  3.46245727291535670E-02  1.28748278488317410E+01
  5.88686278844574580E-01  2.78107827881356650E+01  1.52163999714228580E+01
  4.36315933331792570E-01  1.89374274418273000E+01  1.93022458432226960E+01
  5.46155746035104350E-01  2.82646247516249820E+01  1.64943358872959460E+01
  4.11346310528290360E-01  2.55605518067795370E+00  1.31309788207774610E+01
  7.44650008855257360E-01  6.23363537989784430E-01  2.84669190607167510E+01
  4.68162992243922280E-01  1.80054471478580600E+01  2.37007887980327290E+01
  7.11073931023246340E-01  1.49675781092330760E+01  8.02467286689404350E+00
  3.02034441597155470E-01  1.76557329101675760E+01  1.87831079107607760E+01
  5.12509616084684260E-01  1.91638963995454290E+01  1.16145147304680080E+01
  3.40422717275118370E-01  2.24040877280567800E+01  1.92926550740736040E+01
  6.65634982039605120E-01  2.74764069382799360E+01  1.74143011190921690E+01
  3.75295693565172690E-01  2.23737619124068490E+01  1.39631308723729060E+00
  4.75626642073745920E-01  9.52210944168638560E+00  2.74360050853356580E+01
  4.72038094207023740E-01  1.91362655088906020E+01  9.73847195966086690E+00
  4.29902962432020440E-01  2.30659779905606080E+01  1.00487398170545030E+01
  5.68910711623079470E-01  2.18136024773335980E+00  2.10256987071082690E+00
  3.07263188066738420E-01  1.97485234152068760E+01  4.24336202271712630E+00
  6.10911033360540580E-01  1.21541882127243530E+01  1.60161728713893510E+01
  3.43353541919950760E-01  1.18070252061545790E+01  1.84988313222316520E+01
  3.15231116497538320E-01  1.33404114835111420E+01  1.77984674865254180E+01
  3.78068289465320630E-01  2.23791287536439930E+01  7.48788643452040950E+00
  2.54824432159977790E-01  2.89682880275085070E+01  2.33635130059416230E+01
  5.44558358435121190E-01  1.82395470599697910E+01  1.53023268965732360E+01
  3.56000803327192820E-01  1.38873562108112820E+01  6.34723077485582900E+00
  3.13454063710418570E-01  8.97715958279687600E+00  2.80137390499500290E+01
  6.12591031919131530E-01  3.91759300439825700E+00  1.21665710927146180E+01
  6.47236078597052340E-01  1.70671775671078370E+01  1.50900313163470660E+01
  2.65726189967390210E-01  5.71796813858479160E+00  1.32186799266985600E+01
  2.96653470797716330E-01  1.35793258466125960E+01  2.04332464222866240E+00
  3.45648959319623030E-01  2.94028833217823970E+01  2.58692309391860250E+01
  3.13454063710418570E-01  1.37600257585060350E+01  1.37673496648174240E+01
  3.39073066583844400E-01  2.75274563755463840E+00  1.38549410003360600E+01
  2.96256570285591500E-01  1.22699233506103190E+00  8.48159812253839900E+00
  4.19081387041561550E-01  1.49602097532418870E+01  2.52700928733877070E+01
  7.08391389715138510E-01  1.07553892046255730E+01  1.84997512016765770E+01
  7.16035261746952050E-01  1.24303504545357910E+01  1.73138395736402550E+01
  4.43133439323318520E-01  9.09497910332677510E+00  1.84763171826605760E+01
  2.73281005279713530E-01  1.83098879476144840E+01  2.19057566855625550E+01
  3.35017483125717060E-01  2.54292282986756040E+01  1.76703144072392570E+01
  5.09222041678605210E-01  7.53820408867941530E+00  1.98793525832899430E+01
  4.27719079604653450E-01  1.71962123047643270E+01  1.36121722632545250E+01
  5.81299825206354370E-01  1.22356968113841850E+00  2.72847585147277480E+01
  5.46155746035104350E-01  7.87469476537344980E+00  1.29777914353202770E+01
  3.05466220251299840E-01  2.81317345998502720E+01  2.83703521011456170E+01
  3.11838068626578210E-01  1.68516794801713980E+01  2.08981605957566180E+01
  6.27423008989955560E-01  8.73670691284631400E+00  2.45429188139533100E+01
  7.12424816007452400E-01  2.79764405865919200E+01  2.06522745379194280E+01
  4.41140732643827070E-01  2.36324403890583630E+01  1.43371273740625430E+01
  3.80273533482480450E-01  1.25598197083707350E+01  1.50342917399606220E+01
  3.29796701345061780E-01  2.66175220505841670E+01  1.54729721895415760E+01
  4.15252526658189590E-01  2.06684650526765130E+01  1.98697813301565630E+01
  2.59062449636064510E-01  2.31676482036000060E+01  2.48245617954042890E+01
  6.18419083689772810E-01  6.61094199856301050E+00  5.04839426775250290E+00
  5.04213456464067280E-01  1.29432916488271830E+01  1.37573136022242170E+01
  3.48156346672602490E-01  2.11281079231658530E+01  1.06460226655496940E+01
  2.89042915761794110E-01  1.65878596869385970E+01  2.79085901484265260E+01
  3.05466220251299840E-01  1.40050110548995550E+01  8.35064584040061320E+00
  6.49919166153384610E-01  2.08658607295232020E+01  2.56952324263125930E+00
  6.14379095469630790E-01  1.39867882549338880E+01  2.93573657945464670E+01
  7.00411917450214720E-01  6.43274692695067870E+00  1.93888772535596350E+01
  5.69344335137112000E-01  9.90322313910295370E+00  7.96343307466177740E+00
  2.57564851167384970E-01  7.37538068844540010E-01  1.63516192187737520E+01
  4.13050329149462850E-01  6.85284389020048050E-01  1.89547810409884290E+01
  6.18419083689772810E-01  2.45527173616097020E+01  1.72960984214244850E+01
  4.26523982883737140E-01  2.33472421577425640E+01  1.11305413583777500E+00
  3.78209123272245940E-01  2.35071100530059600E+01  1.07556776958257070E+01
  2.63055759251188670E-01  7.05167206084375580E+00  7.41883170583376470E+00
  5.00274833943758600E-01  1.70018334714968300E+01  2.86659724472775000E+01
  6.01687927537542500E-01  7.89634757850530280E+00  4.43309464093385670E+00
  4.86073626967704090E-01  2.53969793085105340E+01  7.32760002806820410E-02
  7.62474117278193650E-01  1.11467099155614520E+01  2.43291175076014060E+01
  4.87886881528419990E-01  2.69501549155800970E+01  1.84406020234010090E+01
  2.99038091422116640E-01  2.96934406729926580E+00  2.46581190063603680E+00
  3.50974061745161330E-01  1.34310116917593660E+01  8.03295077439779700E+00
  6.10572080928614460E-01  2.62261434025421960E+01  1.71626952886855550E+01
  3.01731430220296380E-01  2.19581686004622190E+01  8.61904653610261560E-01
  2.59062449636064510E-01  3.10534858812181240E+00  2.45928454526653230E+01
  6.99477888048091770E-01  9.12324225569670590E+00  4.86601122210909850E+00
  4.41666133880560000E-01  1.66646329171854930E+01  5.84724388330143530E+00
  6.86210935380316480E-01  9.05695482182943580E+00  1.10191660257883970E+01
  5.27425300578987690E-01  2.71535663761867490E+01  2.34135718962312080E+01
  7.54505484792745040E-01  2.46885004107168660E+01  2.08929594749137420E+01
  4.11696508529454960E-01  2.95538163623833940E+00  2.39391561178343050E+01
  6.26517897412854200E-01  6.15436244320426960E+00  1.40040538683511890E+01
  5.72142532162989690E-01  3.06902097823342500E+00  1.38647136959148540E+00
  3.47451934045076260E-01  1.71143745548667960E+01  1.17618797683630480E+01
  2.57564851167384970E-01  1.54578767552437970E+01  2.22707234658572840E+01
  5.33859136323620030E-01  5.95970442408795620E+00  2.79613348305027390E+01
  2.69169509893181310E-01  6.85909220567019330E+00  2.20647317800459500E+01
  4.24351701398837560E-01  2.24843575792874830E+01  1.58313167437125270E+01
  3.11762329988951370E-01  2.42964997932794840E+01  1.46914957213851150E+01
  3.50974061745161330E-01  2.34774841529621700E+01  2.25298260009157470E+01
  2.66929568161810020E-01  1.39957567207865560E+01  2.36188141236420610E+01
  7.20816873845379820E-01  1.16996243590483150E+01  1.16878610767668720E+01
  4.22201084465533680E-01  2.61240376496701960E+01  2.11696919134884580E+00
  3.09209541844886400E-01  6.59049449063444290E+00  1.48548383994729550E+01
  2.62213147743524950E-01  1.16571075273385120E+01  1.79126431378693770E+01
  7.60411681679863700E-01  8.13226338851047360E+00  2.20712669444039980E+01
  6.67521681419926690E-01  7.97809109433055760E+00  2.55915847388432520E+01
  4.37954134865551840E-01  2.88637532528605690E+01  5.51341236571672780E+00
  7.16654247500547470E-01  2.89385232785486440E+01  2.23888482755548210E+01
  7.12424816007452400E-01  4.72051020363271070E+00  2.78305903761078920E+01
  3.61198882346046800E-01  1.56130487174608170E+01  9.51245132175378140E+00
  3.82245446386266610E-01  1.53399284602786090E+01  1.30439068773713270E+01
  3.58737518624021320E-01  9.05622532548294150E-01  1.40590075426153670E+00
  5.81547682683179710E-01  1.64131596007987250E+01  9.01443937650580370E+00
  4.21963532045373490E-01  7.65144796271740900E+00  3.43951849063026180E+00
  3.12648490279368120E-01  2.38521701670920660E+01  1.99786444925966330E+00
  3.25036994184950640E-01  4.78255022587262250E+00  2.48801955052427890E+01
  3.83290088603488770E-01  2.47436135485948800E+01  1.97202511061119270E+01
  2.93443024193560210E-01  1.69840042091749910E+01  1.78738182656396770E+01
  2.66929568161810020E-01  2.51591190435799670E+01  2.17989130819061000E+01
  2.99038091422116640E-01  5.40478503955302700E-01  2.95071860990179500E+01
  6.00040109246873770E-01  1.08775132035781410E+01  1.38616785842275940E+01
  7.14535578675763720E-01  1.02877701538616080E+01  1.02415490902760840E+01
  3.06898385793053400E-01  5.54065972391020800E+00  9.96303752146609870E+00
  3.45648959319623030E-01  2.81492274197499450E+01  6.71154285196378810E+00
  3.87046365911375680E-01  2.41868919030269960E+01  8.55763471828573510E+00
  6.56539952722306990E-01  1.58767286453840240E+01  2.47075100473068440E+01
  5.07436062422724900E-01  2.88165174760213210E+01  2.88510604455212380E+01
  7.39270392714900380E-01  8.82050720204891190E+00  2.16244688996354740E-01
  5.38024295323284910E-01  1.23344335003911430E+01  2.65809585193268130E+01
  7.33199636544987770E-01  1.41446330912165460E+01  1.59738181595510870E+01
  6.31923671661538840E-01  6.69598988893695780E+00  8.23938087544303780E+00
  5.72951670348821020E-01  2.76500673431569160E+01  2.24320145156526220E+01
  6.40456937776772590E-01  2.23482868187545480E+01  2.24152029387192150E+01
  4.77241894706072770E-01  1.66737349787970750E+01  1.20839729375263220E+00
  7.64764367446448820E-01  2.36376995206212190E+01  1.55427262737917430E+01
  7.16535845940979770E-01  1.13594765944284020E+01  2.57924363638502570E+01
  3.10705613459761840E-01  1.81666844922040300E+01  2.44623816242239510E+01
  3.89901968262705180E-01  2.62362905757927860E+01  9.80562143891133960E+00
  7.15011499502423580E-01  1.33788634648126850E+01  2.28548633741881240E+01
  7.60297905848187840E-01  2.12713210997513760E+01  5.20310874865964750E-02
  2.65726189967390210E-01  1.35999836281637180E+01  1.05505975121081230E+01
  4.53492046339069340E-01  1.36560253803414810E+01  1.70551363001682080E+01
  5.18725390566230620E-01  1.88090587619588160E+01  2.12902996931033710E+01
  4.24020504903543660E-01  2.88409173829054840E+01  6.37484373873158820E+00
  5.17634268500846420E-01  2.03804639193554580E-01  1.97508488905506820E+01
  4.54567147313974470E-01  3.19685021973128960E+00  3.68247303154547010E-01
  3.65965634987757580E-01  8.45976048456305210E+00  1.79752759263376090E+01
  2.96256570285591500E-01  9.78963135955826050E+00  1.82241970363118000E+01
  5.50543265074639000E-01  2.71037448938496300E+01  9.44279855660244750E+00
  4.46540105696671490E-01  1.53886623014166130E+01  6.94635988266377600E+00
  6.47236078597052340E-01  1.15062037260464130E+01  1.49387205121736050E+01
  4.82769235883485770E-01  1.05321508191311710E+01  1.19803931929765870E+01
  2.97529618718302210E-01  2.70881052637245860E+01  8.01792037868374590E+00
  4.13811620468168510E-01  2.26427906761314790E+01  6.54600244085135510E-01
  4.87785457169642190E-01  4.32326810868051400E+00  1.31886785120382990E+01
  3.41778742319800830E-01  1.41808687893956940E+01  4.74750427115894520E+00
  4.05793634226126800E-01  1.78653316543440220E+01  8.16214725320507210E+00
  7.14516279726398110E-01  2.13356079686772870E+01  2.57202325291154030E+01
  3.71799304162545760E-01  1.91122681715752950E+01  1.75102141438576600E+01
  5.77820253962530560E-01  1.16651358876844160E+01  1.94085546490740730E+01
  4.75626642073745920E-01  1.19758787015358090E+01  7.47683785260145490E+00
  5.46562010559427060E-01  1.62181638882997880E+01  7.89690144638730820E+00
  3.29506256422424390E-01  8.48592203092866980E+00  1.97846467927552150E+01
  2.62213147743524950E-01  2.17664782774001000E+01  1.36574322542642680E+01
  3.63105686475124490E-01  1.98032281565977750E+01  1.72600847845108590E+01
  7.08391389715138510E-01  2.35862466768244550E+01  1.82046550109563870E+01
  4.26578460793149810E-01  2.04923036702678660E+01  2.06922811928062200E+01
  6.08873319065221350E-01  2.28235235343113740E+01  5.51381633865370800E+00
  5.39466591144820300E-01  1.81559044483346420E+01  2.27047284663030840E+01
  4.66553963192992600E-01  4.79987399434175010E+00  9.74113051449214850E+00
  4.82771447840326400E-01  1.53371143513951440E+01  1.57326071223381220E+01
  5.13004586318856950E-01  1.22567161467408730E+01  1.92784064493272600E+00
  3.17084428049163950E-01  2.19454477459294210E+01  1.53222196342733600E+01
  3.50974061745161330E-01  2.78315507507756020E+01  7.89846308866288280E+00
  3.82382183723224410E-01  2.46502852214719400E+01  5.16121045986619010E-01
  3.77759649416993960E-01  2.37726963496063560E+01  1.66768322033304450E+01
  5.74203886104520670E-01  7.51506322517076430E+00  9.12415413021794210E+00
  4.11346310528290360E-01  2.04116097972521720E+01  8.60321278504255460E-01
  5.06367095649294540E-01  1.96569449716056330E+01  6.07733902454616090E+00
  6.01687927537542500E-01  1.10309248999954910E+00  1.24832503161095670E+01
  2.49794182180603610E-01  9.99201949893177850E+00  2.68837150157535480E+01
  6.11481049571092420E-01  3.05390665523219700E+00  1.52053139284243560E+01
  5.03927515451986880E-01  4.68229274811616140E-01  2.41133695229153310E+01
  6.35485889077753010E-01  6.23659015178132490E-01  2.62265929930792650E+01
  2.99038091422116640E-01  6.76138945679322490E+00  1.12350524534916310E+01
  4.22541054278063120E-01  1.26042035745230140E+01  1.97528694007576820E+01
  3.05466220251299840E-01  3.70985034361342870E+00  3.72792562682849620E+00
  2.62213147743524950E-01  1.74198637001130190E+01  2.08191171993494780E+01
  3.61769499680632390E-01  3.48739574867140110E+00  2.74476461742463690E+01
  2.47647088603063280E-01  2.34425985267471720E+01  1.98003241037877020E+01
  3.11155895623034430E-01  1.15573346307343850E+01  1.67183455208238700E+01
  2.66929568161810020E-01  1.89218447083501500E+01  5.83524022875305180E+00
  6.90395435464654740E-01  1.43335378996122550E+01  9.92987259035244390E+00
  2.96503602823160150E-01  2.41571759931915650E+01  1.09350448812935320E+01
  6.57722721512726150E-01  5.48743902292654080E+00  1.29628495597841330E+00
  7.24777883420223110E-01  2.54631573131665900E+01  1.19080150719748000E+01
  5.48279863025970290E-01  1.41980729840868140E+01  1.78967995451726050E+01
  6.40748513009616880E-01  1.27055301163414980E+01  1.07703640962635100E+01
  2.56092450391898300E-01  1.21923747319959620E+01  1.36461494683580580E+01
  7.17499092254363010E-01  2.93692714388051000E+01  1.39854456573238810E+01
  4.66141488621800890E-01  1.89550937738250270E+01  1.06586912950524530E+01
  6.33759023001558490E-01  1.97563607568037300E+01  8.82356670408732140E+00
  5.48279863025970290E-01  7.48346094862769200E+00  2.09350393921269780E+01
  4.19081387041561550E-01  1.37167507365478690E+01  1.12254124154117410E+01
  5.70902198024309190E-01  7.23530940630043240E+00  2.46010952661137200E+01
  3.17950877609215300E-01  6.79195662322284120E+00  2.77829356445192770E+01
  5.96963967672292380E-01  1.66573581533653260E+01  3.24539386728206080E+00
  6.18832453479690690E-01  2.41707905213172010E+01  2.83692381762164950E+01
  2.63339374245984010E-01  2.94192491135579070E+01  9.56266049096259250E+00
  3.55036581058269410E-01  6.41777626670632450E+00  2.08873019677596150E+01
  5.84913004272127690E-01  1.07741570502324070E+01  2.23537847937230660E+00
  5.77235448209733180E-01  2.77584161289794520E+01  1.50919923896079860E+00
  5.01105313190319460E-01  1.88045857163062140E+01  6.61432246814671570E+00
  3.83598938984435380E-01  2.15318890372323820E+01  2.46398020841164180E+01
  5.98360795606824340E-01  1.93014064952204940E+01  2.82334912319608300E+01
  3.41778742319800830E-01  2.63299225549468190E+01  2.31361651077976090E+01
  3.29796701345061780E-01  6.91454159380359100E-02  1.75308620010375730E+01
  3.84420431658369740E-01  2.28189842004507690E+00  9.25426648320015490E+00
  4.91872428060923640E-01  8.74019422669476850E+00  7.38132837103782970E+00
  2.93443024193560210E-01  1.55811859147279690E+01  4.26096391158987410E+00
  5.81299825206354370E-01  2.79798173617545100E+01  2.53192896244175540E+01
  5.68243553274813350E-01  7.87936271851547950E+00  8.04142972161350760E+00
  5.39001667068871980E-01  1.79535621446168000E+01  1.07424103517886390E+01
  7.01587183784351610E-01  7.89645118087584310E+00  2.35138480909159780E+01
  4.45239477383046460E-01  7.18219889309192890E+00  1.37020221628603750E+01
  5.39001667068871980E-01  1.24168105279957730E+01  4.41257497467160680E+00
  2.86134314477376340E-01  1.29867309633328710E+01  2.70840681233301340E+01
  7.70254277643880240E-01  9.40421597457867260E+00  2.03894056039634390E+01
  3.45648959319623030E-01  8.11343556258770170E+00  1.59095496685965290E+01
  3.39481361119070080E-01  1.87122869051572390E+01  2.75045836475052280E+01
  3.04461637453634990E-01  2.04624376512041370E+01  1.73651180943867120E+01
  5.20369884994360540E-01  2.05942595735460150E+01  3.74069133382811400E+00
  2.65726189967390210E-01  2.51874803798436910E+01  5.88135294858969800E+00
  6.26908127420837150E-01  1.72433833521858230E+01  2.17124384757928010E+00
  3.48480710258510130E-01  2.44153813690905040E+01  1.63391672892850150E+01
  2.96653470797716330E-01  2.79930233591416030E+01  1.82256361256199600E+01
  6.31923671661538840E-01  2.72541950168243690E+01  7.10373142524575840E+00
  4.09705559579089850E-01  2.63973520508890190E+01  7.86768963086921860E+00
  6.72499163702481620E-01  1.68233014644185100E+01  1.01993642643462280E+01
  2.84029264846615530E-01  1.35442333093411660E+01  2.69657753191712500E+01
  5.34631033075580400E-01  8.41801371906679740E+00  5.87827226773987910E+00
  6.17076625982510940E-01  2.77375987785269730E+01  1.25061050022363570E+01
  6.55074006360275090E-01  2.26701773486432320E+01  1.38127104928074440E+01
  5.46562010559427060E-01  1.38598541183326840E+00  2.95084523500801050E+01
  5.17626013175185660E-01  2.51747571657880000E+00  7.66804608449496780E+00
  5.82207618145930890E-01  2.71528651461982310E+01  1.94911398400822370E+01
  5.98268629341587580E-01  7.51702636743156560E+00  5.13602834634067310E-01
  5.34553382826858140E-01  2.95223825915375360E+00  8.62604113072059420E+00
  3.76753951196820710E-01  1.80269898767940050E+01  7.19250932540767350E+00
  7.52518120402026810E-01  3.19681348864009610E+00  2.56001824903754030E+01
  4.81368497469048420E-01  3.99110850618789070E+00  2.28243657217279400E+01
  6.47413426355271770E-01  3.16441709685931020E+00  9.78844654651122430E+00
  3.05466220251299840E-01  1.67219559665148050E+01  1.73355869167006770E+01
  4.46689977500956030E-01  2.48691846760592310E+01  1.07237681973752110E+01
  6.18566685513849460E-01  6.52027058408683310E+00  2.68870639582702610E+01
  5.36592099856838090E-01  5.97470649070438590E-01  3.65221301815986310E+00
  5.09574347305064630E-01  8.90499256398782710E+00  8.37137681537355150E+00
  4.92328788949218680E-01  2.12581754294701140E+01  2.21082680124366710E+01
  4.83351594707823830E-01  2.10156750225887910E+00  2.86321807790998230E+01
  4.40650972415989980E-01  2.41917262068952010E+01  2.67844730509782350E+01
  6.10911033360540580E-01  1.44855159539381970E+01  1.99410410633858070E+00
  4.34172467284937990E-01  9.16004260352784530E+00  9.27986388301323120E+00
  7.03188417218805210E-01  2.93575623917756940E+01  2.82366878436496870E+00
  2.92799561075502800E-01  2.42711709038102400E+00  2.20908170919555640E+01
  5.68243553274813350E-01  2.49394658058852490E+01  2.43751774144735830E+01
  4.60682082706054620E-01  1.27503297094042180E+00  4.38370563540320470E+00
  6.41715074739605920E-01  6.31535401179729040E+00  6.89357715868585700E+00
  4.55206736325743130E-01  2.82051398631539100E+01  1.42343002771354850E+01
  4.22201084465533680E-01  3.04156454004283900E+00  2.68031739197572880E+01
  3.63079661055833470E-01  2.08900172683725140E+00  2.76624143668744940E+01
  2.63055759251188670E-01  2.41903374863595640E+01  2.74879089000940020E+01
  5.32877675645020420E-01  1.44674886573906430E+01  2.60842410826270170E+01
  5.77235448209733180E-01  1.84140185319541380E+01  8.97766848052497760E+00
  4.09775903561979240E-01  7.41487578156077020E+00  1.01026044558410070E+01
  6.93187364831086050E-01  7.27360054454896600E+00  1.65206243811970910E+01
  4.30054269381220950E-01  4.37911815082035450E+00  2.55186956045714620E+01
  5.07436062422724900E-01  2.01367208059222840E+01  2.54871600779807640E+01
  2.49948351789403130E-01  6.90346100622620630E+00  2.53517719837492130E+01
  3.16022212934137680E-01  2.89451506252832540E+01  2.03042402247299560E+01
  4.72818350263822220E-01  1.11459253039134170E+01  1.73851301794485450E+01
  4.46689977500956030E-01  1.04876683468171180E+01  2.18087802906586390E+01
  4.74581552528920360E-01  5.07489782648615240E+00  1.37890065607558070E+01
  4.86590143357422540E-01  7.87496710358219860E-01  1.71430055602914070E+01
  2.73281005279713530E-01  1.74774833500408420E+01  2.42232089800140140E+01
  5.20515140446715560E-01  1.30020674779741800E+01  1.18923383413314050E+01
  4.13811620468168510E-01  1.14568176049551740E+00  1.49605289706715220E+01
  3.81419328643079860E-01  1.09581110518505970E+01  2.05790954388330720E+01
  4.05593309893122810E-01  1.22696232748347390E+01  2.26973160617676020E+01
  5.85380732291966590E-01  2.71718371070968560E+01  1.62011352548268090E+01
  4.06599624824484800E-01  3.62061102477437700E+00  2.19484148481170080E+00
  6.40456937776772590E-01  7.74496439804421580E+00  6.84048993059018340E+00
  4.75626642073745920E-01  1.67350929958342220E-01  2.72560105763965940E+01
  5.09222041678605210E-01  2.50841777645767210E+00  3.12960758083693720E+00
  5.77820253962530560E-01  1.02831442356936640E+01  1.48783012607850530E+01
  3.80273533482480450E-01  1.06287209065091480E+01  2.78838706421657040E+01
  5.01406606281285510E-01  2.17246149833030700E+01  1.45341499364397220E+01
  3.59079136884617700E-01  1.38729977687818200E+01  1.87430486920995210E+01
  5.94092381958372510E-01  2.44733557629180400E+01  5.02962557451649150E+00
  2.54611020839302520E-01  2.67468825347346520E+01  8.46712459306009890E+00
  4.99223721401470310E-01  1.34200095310852120E+01  2.77387944823266000E+01
  2.54611020839302520E-01  1.00516126839998900E+01  1.40788610571508580E+01
  3.20574425314766210E-01  3.30228339388690230E+00  7.16593636754081590E+00
  2.85767805251094040E-01  6.38107524017455050E+00  1.84043597706518830E+01
  2.54611020839302520E-01  2.28740547357631850E+01  9.19840653080894550E+00
  4.12246671516209600E-01  1.69469809619254870E+01  1.94161599217946200E+01
  4.41298336829792340E-01  4.41342678124769710E+00  2.89430620372855780E+01
  7.09985914168247060E-01  1.57063865389489480E+01  2.73536451338290120E+01
  6.80956647410425740E-01  2.22152986936916930E+01  8.53415937016106160E+00
  4.75338540515479570E-01  1.57631076062679440E+01  6.01479478920164290E+00
  7.49588614928249000E-01  2.06864519752579990E+01  1.26460752992420920E+01
  4.74033319401206570E-01  2.70085119976312240E+01  2.26114395035388330E+00
  5.20515140446715560E-01  2.26398408798698260E+01  6.62795856679625660E+00
  5.48131117613959250E-01  4.83836392852586170E+00  1.69408915665148110E+01
  3.46733456860136300E-01  9.42315169614995090E+00  1.63117165177004080E+01
  6.97384645011991290E-01  1.25902554610638740E+01  2.50970062097768190E+01
  3.78209123272245940E-01  1.73460428277732200E+00  1.84283767045277140E+01
  3.82382183723224410E-01  2.31255533173030800E+01  1.92559741295087470E+01
  4.46537248270915300E-01  2.04503757354058550E+00  1.20240432153602330E+01
  6.08690451339190200E-01  2.66524450178025560E+01  2.59162420048425200E+01
  2.59062449636064510E-01  1.36311914046759730E+00  1.89516608789599560E+01
  4.43756654693070110E-01  2.49779760307225910E+01  2.63803733566852690E+01
  3.18942867500738640E-01  1.83921253222672190E+01  1.00053642484031470E+01
  7.16535845940979770E-01  1.12898245217757150E+01  9.22069574476588900E+00
  4.62836237406567810E-01  2.77088279012806250E+01  1.02991468151565040E+01
  6.97384645011991290E-01  2.61871126348150120E+01  2.41653472630002750E+01
  2.47647088603063280E-01  1.98733589814469340E+01  2.26025059966548160E+01
  4.05793634226126800E-01  2.59041429634854050E+01  2.52314693267529040E+01
  5.37364664263313330E-01  2.14558998734726740E+01  9.48670753343201410E+00
  5.72881440675418570E-01  1.30935823390661370E+01  4.46883237259298300E-01
  5.04213456464067280E-01  1.47901073263169800E+01  4.16071471885435780E+00
  3.86557871019070410E-01  1.45314822047226540E+01  1.70241917834620370E+01
  5.62178328188990490E-01  2.58767219322812920E+01  1.06895935486947900E+01
  6.41715074739605920E-01  2.77473879606793620E+01  2.65196754827112500E+01
  4.54567147313974470E-01  1.08416355790442940E+01  1.64463377426699860E+01
  3.97011970696729720E-01  1.70739244011111420E+01  8.29312771578870840E+00
  3.99477862283745790E-01  2.81562047066480080E+01  2.94719834351219450E+01
  5.15931587153482510E-01  2.11098242446336110E+01  5.42986240343552500E+00
  5.98026541173087530E-01  2.09380962882171640E+01  8.47651514194958370E+00
  5.94917806945655060E-01  1.23766905285836820E+01  1.28156718021447860E+01
  3.86557871019070410E-01  4.00696119675438030E+00  1.06429114442860740E+01
  5.52347772924787250E-01  1.38398970644365540E+01  2.50988081848932540E+01
  4.05793634226126800E-01  1.30917961363182460E+01  1.64078648694020190E+01
  4.66753989857397040E-01  1.72213797850972480E+01  7.44214257670353610E+00
  6.77666041374141330E-01  5.55689921474498940E+00  8.88420465139379090E+00
  3.23306573977224420E-01  1.39970746302646950E+01  7.66735690882595300E+00
  6.88340418185590860E-01  1.58160472306841610E+01  2.87472607709147390E+01
  4.11696508529454960E-01  2.07456623427598360E+01  2.47614231103349030E+01
  4.03052389307286420E-01  2.66594935012302550E+01  4.64324326598361290E+00
  2.97529618718302210E-01  2.02901618311865310E+01  5.56689130015046270E+00
  3.13090147150790890E-01  2.13660270348350880E+01  1.55696916867097790E+01
  5.01435669612667030E-01  2.08539623798687610E+01  7.38054685135210600E+00
  5.26482748420329030E-01  1.36905003843776070E+01  2.16531281354320410E+01
  6.75156127532392600E-01  8.50734696109998720E+00  2.68939226292422790E+01
  7.20816873845379820E-01  1.59733473969469270E+01  2.14397873306469930E+01
  5.30006102735105960E-01  2.59641957825436730E+01  2.89233676575659400E+01
  3.43353541919950760E-01  1.09902533676125080E+00  2.15308818946266380E+01
  5.32877675645020420E-01  9.00842453256741750E+00  2.05857596344050590E+00
  6.44956217916396120E-01  5.45199609440049750E+00  1.84511123862501060E+01
  3.55036581058269410E-01  2.16648314848228730E+01  7.65650929597169050E+00
  4.30054269381220950E-01  1.26520500215859140E+01  8.07921120191503840E+00
  4.93734512940847830E-01  2.25323064960127300E+01  2.70560642755872750E+01
  3.42409596243210680E-01  1.49929098337134940E+01  2.81270570678385350E+01
  5.58952633370732950E-01  2.35725107852310290E+00  4.20813476092279880E+00
  4.49954956992444630E-01  2.83916230588779430E+01  1.33485391637909440E+01
  4.11346310528290360E-01  4.17106758249460710E+00  6.81294001696279850E-02
  4.72818350263822220E-01  6.11828547039912960E+00  1.16610452891512680E+01
  5.00672486592370710E-01  1.88898947117103830E+01  2.40954711988803540E+01
  4.15334611176110170E-01  9.00774681480888970E+00  2.59255040147691530E+01
  7.70254277643880240E-01  1.56606927180345320E+01  2.32778815084436770E+01
  5.32262962461145860E-01  2.33062476918583070E+01  2.63829301209975280E+01
  4.01880163826280960E-01  1.01427348750579950E+00  6.35222119003945900E+00
  7.41720708060832300E-01  1.82427186478863950E+01  2.65312640937715790E+01
  3.01674668393272730E-01  1.55626127232705060E+00  2.30733167704857180E+01
  2.66929568161810020E-01  4.03664541597825450E+00  1.12954281863038370E+01
  4.15334611176110170E-01  1.22504945850131950E+01  9.81806693011651890E+00
  5.20369884994360540E-01  2.74569327591910590E+01  1.36082370463390260E+01
  2.84672167568555990E-01  3.90638382898512400E+00  1.56612268763359320E+00
  5.18912146576496980E-01  1.38760932980917030E+01  1.96202454931251930E+01
  3.90540239164096370E-01  1.30702534981584840E+01  1.56120646113579190E+01
  3.63079661055833470E-01  9.48383076887435370E+00  2.65412742162543790E+01
  4.73113776075054650E-01  2.44125763771273010E+01  1.24845661256099410E+01
  5.55687039951364880E-01  1.49508222066114320E+01  5.20814344577440910E+00
  6.97384645011991290E-01  2.16556110246947780E+01  2.78618471115289170E+01
  3.54092873053847420E-01  1.45256717144446520E+01  2.32952666276546870E+01
  7.37991961479508610E-01  2.83849529541355390E+01  9.30706974602675350E+00
  5.10790949981952740E-01  2.81857354906069980E+01  2.50925689445600590E+00
  7.03918080384424090E-01  1.83553451392088580E+01  4.18303761295529060E+00
  2.69326463995374250E-01  1.65873346260197470E+01  2.93141960803492840E+01
  5.39922025342825940E-01  1.61555321226581550E+01  1.79630853131571370E+01
  5.39922025342825940E-01  2.65226167154425240E+01  1.46084953723110150E+01
  3.52682444144397330E-01  8.21639728357752830E+00  2.04111518861680210E+01
  3.17084428049163950E-01  2.60241775846224640E+01  4.20471097580646620E+00
  3.92511582998476170E-01  1.37765077478516530E+01  2.70359654546549600E+00
  2.92799561075502800E-01  1.10467454058262650E+01  4.45741505435335390E+00
  3.63105686475124490E-01  1.04742092197932530E+00  1.57310693429351110E+01
  3.25036994184950640E-01  9.27005898382264530E+00  1.00308248854377490E+01
  5.70902198024309190E-01  5.18621523905496230E+00  1.96372261932612280E+01
  6.18138908065390960E-01  1.70098038565666800E+01  2.71034494599388260E+01
  3.10705613459761840E-01  2.66862512088004670E+01  2.83806776429375810E+01
  6.99092076263204730E-01  5.20827443713330050E+00  1.23988811172448760E+01
  4.40295189098215370E-01  1.76938868033672420E+01  3.25004875118640690E+00
  6.52034765531911640E-01  2.88955477501981870E+01  2.43103758591482690E+01
  5.12628979659419230E-01  2.88721401238105990E+01  1.24234067280919650E+01
  2.68569610726517900E-01  4.78591158846902060E+00  2.42167455971931420E+01
  4.41473589537221400E-01  9.96931113174622750E+00  2.25294365958383090E+01
  7.41623060643924430E-01  5.30337330988732440E+00  4.67776259839759770E+00
  2.49794182180603610E-01  9.79031274480135490E+00  2.08016089516659090E+00
  3.44856808658559500E-01  2.70741207796880550E+01  2.12024126771283150E+01
  6.83701617051292750E-01  1.95936917573375880E+01  2.69852898871648820E+01
  7.19599311285852310E-01  4.16063307578932310E+00  1.80119655610136990E+01
  6.67521681419926690E-01  2.01606874864170610E+01  2.17342754857171410E+01
  5.40946473112310590E-01  1.55349171307082640E+01  3.42793212429438570E+00
  3.83579206291793930E-01  1.09104125783486920E+01  6.35668739671634770E+00
  5.04339573614743570E-01  2.16204510947654430E+01  6.72964919830139330E+00
  6.35523375007872900E-01  1.70609131361079100E+01  2.31307796963740770E+01
  3.44905765886116280E-01  1.86818312440295000E+01  1.80832167322583680E+01
  2.65726189967390210E-01  2.46563821572504200E+01  5.86961295112212690E+00
  4.87785457169642190E-01  6.95575199857601410E-01  5.86024383819652610E-01
  3.71299762957800540E-01  2.09468325710202090E+01  2.86609713378600230E+01
  4.13811620468168510E-01  2.81259774468251110E+01  5.93866967032715820E+00
  5.69423614487483490E-01  2.27902439000561060E+00  2.46496841491552810E+01
  5.83429036676414100E-01  1.60827189012448490E+01  3.08965765699227070E-01
  5.30006102735105960E-01  2.06511769440508890E+01  6.36932635581633200E+00
  5.16710955738981780E-01  1.68142842918735070E+00  1.34399110767745940E+01
  2.65726189967390210E-01  5.36754693911948080E-01  1.44614049329016780E+01
  3.18942867500738640E-01  1.08124889495255730E+01  1.11450823383246020E+01
  3.23881608201221470E-01  6.19139004608315440E+00  1.78253411329628120E+01
  3.54092873053847420E-01  3.69786813792812420E+00  2.81314391557745470E+01
  5.12509616084684260E-01  2.10439076504534410E+01  2.38870422513656100E+01
  4.99223721401470310E-01  2.50233728769386940E+01  2.54388913398246150E+01
  2.56092450391898300E-01  2.94943347785450950E+01  1.90897871675326450E+01
  5.45765227979075810E-01  1.33523867978534160E+01  2.41151201069170220E+01
  6.94010183176834960E-01  4.17265829292409850E+00  8.76493655449143110E+00
  3.57201130995523370E-01  2.93853655287800920E+01  2.65716202496667680E+01
  5.25895496843049500E-01  2.82918065892413710E+01  2.75524721524276790E+01
  5.10790949981952740E-01  1.91133577311978230E+01  2.22736742505074550E+01
  4.89717368181109780E-01  1.51924015508734640E+01  1.75994602603690140E+01
  4.82769235883485770E-01  2.41434096291007010E+00  2.95456963311978670E+01
  6.93278360304079300E-01  2.96546755151898120E+01  4.70493979550771970E+00
  3.35017483125717060E-01  8.42197596931372770E+00  9.06391485382531490E+00
  3.26514001167033020E-01  8.69198499576041250E+00  1.26718618327462810E+01
  4.75880684447443510E-01  1.79225314761355180E+01  2.77060003781829070E+01
  4.22354771203238230E-01  1.80903497575591170E+01  2.06829838658507090E+01
  4.11966131227655820E-01  2.00862313373604060E+01  1.04182976286800510E-01
  7.30946391186454210E-01  2.49618187567831310E+01  1.86276614762531350E+01
  4.22201084465533680E-01  1.74164963813248870E+01  9.03706667869939120E+00
  5.15931587153482510E-01  1.29691983042778020E+01  7.18817207030657550E+00
  5.52347772924787250E-01  2.63421346661462060E+00  6.60473005637228460E+00
  2.49794182180603610E-01  1.28582627575308790E+01  9.54845798891229160E+00
  4.50103975287380020E-01  1.96181393886932010E+01  2.07575043529906830E+01
  3.61769499680632390E-01  2.01607376512787510E+01  7.91424008527891940E+00
  2.77147605524350650E-01  2.75628280665212240E+01  2.15865892757296510E+01
  7.64764367446448820E-01  1.58522286532687800E+01  2.14758459244829640E+00
  5.71326189973923350E-01  2.18270550369675430E+01  1.85415463453219540E+01
  4.07877171249442140E-01  1.70975858914701210E+01  2.02222930301558110E+01
  4.46540105696671490E-01  4.95489085998551100E+00  7.93516435292047890E+00
  5.07606992315717240E-01  9.44817822946751920E+00  6.02839482003755660E+00
  3.01731430220296380E-01  1.62642660199194610E+01  2.65097884747485790E+01
  4.32382463464541460E-01  1.01530515266588440E+01  1.58873869963051760E+01
  3.25762576013666160E-01  6.55328932866775470E+00  2.15544419260633160E+01
  6.24920360555607160E-01  4.07818362441607980E+00  2.66577469998110140E+01
  7.38532964590205680E-01  3.01071686808301560E+00  1.11655986916498180E+01
  3.92511582998476170E-01  5.06999971090188240E+00  5.78682403941111100E+00
  2.97561439636419770E-01  1.24727176759050260E+01  1.06780180107257250E+00
  3.46434506905438330E-01  1.43652150219698690E+01  8.89370149582366490E+00
  5.89502618647478990E-01  1.70741351927584760E+01  4.35591875033608030E+00
  3.32399546609116130E-01  6.83407785288575290E+00  2.03403497359955880E+01
  5.77649046292645880E-01  1.08545338599906050E-01  1.18506017280889130E+01
  4.31729360191427780E-01  2.35481235351876350E+01  9.06984833636921910E+00
  3.17950877609215300E-01  1.23828510854981050E+01  1.43588632649903170E+01
  4.75880684447443510E-01  1.39529518926696560E+01  1.04727581622924350E+00
  3.91816801400439550E-01  2.57398917077322370E+01  3.55535208440205610E+00
  2.50163292655703180E-01  5.87734337062153230E+00  2.93452458974729350E+01
  3.42074681651230290E-01  1.65403348103128350E+01  2.39580554203374160E+01
  3.50974061745161330E-01  1.96290013467446020E+01  1.23418627306124940E+01
  6.18566685513849460E-01  7.44567661311902730E+00  1.52143232221613810E+01
  3.24719866931951940E-01  1.93497581439369860E+00  1.12609375562985150E+01
  3.57201130995523370E-01  1.76696716174825140E+01  5.09176278111453500E+00
  3.13090147150790890E-01  4.87229056018843480E+00  2.61584747451064460E+01
  2.58355477869490890E-01  4.14124849195306060E+00  3.16914663289354290E+00
  4.83351594707823830E-01  9.87198832340531850E+00  2.80740620922275670E+00
  5.48463672908306780E-01  2.07707825274463000E+01  1.89120860947583010E+01
  4.24351701398837560E-01  7.10545997685620810E+00  2.27128132692030710E+01
  6.80557430527969220E-01  1.81659679596868460E+01  1.24534480440755370E+00
  3.73125396709624990E-01  1.92358637825460650E+01  1.33705382237109450E+01
  6.77808113742920780E-01  2.03707497678061560E+01  1.63875312069691180E+01
  7.67512613708393760E-01  1.50830741678219980E+01  1.88695367784682160E+01
  4.76544583128828500E-01  2.01366639656738010E+01  2.89097248924834390E+01
  6.97738347479756800E-01  3.30832379472474750E+00  2.08249391397024160E+01
  4.49545157175862540E-01  1.31028743554270670E+01  1.46916136375209480E+00
  6.25336422111717830E-01  2.41174712593023950E+01  9.95990475625579560E+00
  4.99487474973056500E-01  6.89640073505254310E+00  3.96764107421289080E+00
  6.67521681419926690E-01  1.15103750488023470E+01  3.61642358060784020E+00
  3.44170209092795430E-01  2.88881138423323660E+01  8.34938127425292010E+00
  4.01880163826280960E-01  2.34138491742268760E+01  2.90537867469117190E+01
  5.95035019805102560E-01  3.95230724637138810E+00  2.44843768835489040E+01
  5.20348764567513020E-01  5.86230950741344170E+00  2.41276635346317780E+00
  7.44845164893703690E-01  1.11263151520831960E+01  2.28221958503447660E+01
  6.94010688862415210E-01  1.07591487261374910E+01  2.95129687864104680E+01
  4.00156705760987560E-01  2.86821060123736590E+01  2.60601696957976650E+01
  6.57722721512726150E-01  1.33002633514076540E+01  5.21982482940687300E+00
  3.61198882346046800E-01  2.17475559898363640E+01  2.67162492031128700E+01
  6.07167866036927160E-01  2.16543284122832880E+01  1.64434453194059810E+01
  5.81677556670477180E-01  2.66746607364855710E+01  2.71062979392827050E+01
  3.17579752081870750E-01  4.65351325587285470E+00  7.90891034883344800E-01
  2.69169509893181310E-01  1.06660640892879450E+01  3.08259399265538560E+00
  5.36592099856838090E-01  2.20021091160870660E+01  2.22890098692005620E+00
  3.01799748246536660E-01  2.30583545533062660E+01  2.30341584913009640E+01
  4.05794678723965420E-01  7.48497343653043770E+00  2.65441523423250030E+01
  3.65995101567518470E-01  1.44018558551463300E+01  1.16087999125840770E+01
  3.39481361119070080E-01  2.39221580175870870E+01  7.88130163070570510E+00
  6.97384645011991290E-01  6.56077209703605570E+00  1.27441625010633930E+01
  6.82253548551889110E-01  2.64906170808689690E+01  1.28691667299254760E+01
  5.67035311113654220E-01  5.70211463683859690E+00  1.57435130813684760E+01
  6.47236078597052340E-01  2.87618069429528160E+01  1.76787887382479520E+01
  5.92513140571182980E-01  1.59692962233277990E+01  1.68461518063974260E+01
  4.71553509741754610E-01  2.32812822051767370E+01  7.38440905859780990E+00
  6.55885333720611730E-01  2.57187866970528240E+01  5.12843821153461920E+00
  2.83840017940612550E-01  1.70434728805093090E+01  5.22863771693858140E+00
  5.65219172841477580E-01  5.86324296204966440E+00  3.49781663868247610E+00
  3.48480710258510130E-01  6.61686423197758430E+00  1.57122099114936550E+01
  6.26908127420837150E-01  1.13197316020373490E+01  2.71517898229070520E+01
  2.62213147743524950E-01  2.17165522710028580E+01  2.05499695646678330E+01
  5.08737612195334600E-01  2.84535148432587630E+01  4.66054989138040820E+00
  4.59281804788439010E-01  2.03874944839906600E+00  1.92083942223283980E+01
  2.86550378078914000E-01  8.95364070830136430E+00  1.92697013719607360E+01
  2.99038091422116640E-01  7.85570197335381160E-02  2.29700027832774010E+01
  3.62493203924014780E-01  6.54080406937939430E+00  9.22145543963252830E+00
  5.64616421781660800E-01  2.31963503266546100E+01  1.27125366497303050E+01
  3.87533216804236250E-01  3.45890394695984060E+00  7.85617207576819080E+00
  3.90540239164096370E-01  2.32987807260093690E+01  2.54605977056287070E+01
  5.44640939783434240E-01  2.25182897289471420E+01  2.93600366691513810E+01
  3.84420431658369740E-01  6.81921483370352630E+00  1.74976873939146990E+01
  4.53492046339069340E-01  1.97626234806862870E+00  8.47417606384717810E+00
  6.38023782753992030E-01  1.82455344521860640E+01  1.31678478289451150E+01
  5.00672486592370710E-01  2.96865810842336910E+01  1.83578946715170660E+01
  6.08873319065221350E-01  2.05864970635270290E+00  1.45001208503217390E+01
  3.18942867500738640E-01  1.16727544182909520E+01  1.34017281129617290E+01
  2.65726189967390210E-01  1.97184079846453100E+01  1.29520105576315000E+01
  7.10410487391814980E-01  2.68459141121877140E+01  1.15228002457203440E+01
  4.66797018098134940E-01  1.15926291901114200E+01  4.98811729202347110E+00
  3.89889811574280460E-01  1.70020833503670800E+01  1.85567794123810720E+01
  2.92456502136063850E-01  8.83262846535961010E+00  2.12852197610272180E+01
  3.63079661055833470E-01  1.19006231678196710E+01  8.33084035732155570E+00
  4.13811620468168510E-01  2.32770369924236280E+01  8.26942235656812840E+00
  2.60417758313763680E-01  1.74812425071369720E+01  1.81172349645006610E+01
  4.41940562555082740E-01  2.75033546825672030E+01  4.68095517280080390E+00
  3.08418768867630710E-01  1.17714691652228860E+01  1.40212438639906780E+01
  3.04461637453634990E-01  2.18425532095160690E+01  2.88459952758297500E+01
  4.75626642073745920E-01  2.12749395876001800E+01  2.11408146934270960E+01
  4.19693779402500590E-01  2.23825095880278690E+01  2.61550996855911180E+01
  3.26514001167033020E-01  1.23199336574683280E+01  5.30429238916832360E+00
  3.55388479881239270E-01  2.60886290362180840E+01  1.38254321626725570E+01
  5.33859136323620030E-01  1.61432194867590880E+00  2.22404168886760270E+01
  3.39481361119070080E-01  1.47932786229983560E+01  2.88481581464879430E+01
  2.51153087880769550E-01  1.36881168870992730E+01  6.92074540681164590E+00
  4.21603844523193420E-01  1.26646927646762140E+01  2.19707822392532610E+01
  5.20348764567513020E-01  1.47857369269092000E+01  2.01224018953606500E+01
  6.86210935380316480E-01  2.78774058193076170E+00  5.37645057108553190E+00
  4.41140732643827070E-01  2.60529481524835730E+01  1.81999705089879810E+01
  6.26908127420837150E-01  7.90764430651251620E+00  2.42262455626111350E+00
  5.11871480770454750E-01  1.11249132335726040E+01  1.27780595415988270E+01
  4.70990686464341570E-01  1.81114252369666300E+00  5.99671612229237460E+00
  5.20369884994360540E-01  2.39468141467794810E+01  2.48208248884882820E+01
  3.04306421741581800E-01  5.98041459477864560E+00  1.49181764369246020E+01
  5.88333222664750720E-01  1.29638575701141750E+01  2.87253279948858130E+01
  6.64541222436485860E-01  2.83777642861998520E+00  1.84185215838218140E+01
  4.24351701398837560E-01  1.62736093992390710E+01  1.89199145629700960E+01
  5.55920758830291820E-01  1.34732003538223020E+01  9.02814550826555970E+00
  2.89042915761794110E-01  2.02572630504838430E+01  2.62742122902293360E+01
  2.47647088603063280E-01  9.19322135318732060E+00  2.52891610118125100E+01
  5.88686278844574580E-01  1.93272199329948360E+01  5.03394342844229660E+00
  3.53063097104977870E-01  1.32911040460496270E+01  9.96769700573974050E+00
  4.50600139601478670E-01  2.25966640359809470E+01  1.49158482803790380E+01
  6.65634982039605120E-01  1.55591491422508880E+01  1.40685919090461980E+01
  4.69750256464274060E-01  2.61333494589813630E+00  1.61924871102262070E+01
  6.13801455222646290E-01  1.36020797068139650E+01  1.28542279612915140E+01
  5.14582826754803690E-01  1.78801741788102470E+01  1.42606516161168050E+01
  3.81419328643079860E-01  2.23693444746242240E+01  9.58528211672527060E+00
  7.28196096543639280E-01  1.94445673984869600E+01  3.25373627600237160E+00
  7.33199636544987770E-01  2.39889152566671270E+01  2.34865501344511110E+01
  2.86550378078914000E-01  2.25738850931183240E+01  1.81197278472446750E+01
  2.52169786807371790E-01  3.08699213047749720E+00  1.43424349166859240E+01
  5.01406606281285510E-01  4.95569937433637970E+00  1.06958940247763760E+01
  4.18948713530687210E-01  1.64340839148800310E+01  1.59478531334377640E+01
  3.62620749938717070E-01  2.05921521687071620E+01  1.80190541133274960E+01
  3.15231116497538320E-01  7.52805289709925950E+00  1.21892307158081670E+01
  2.83840017940612550E-01  2.57091937082930710E+01  2.07047979936184840E+01
  4.72199721516180480E-01  7.66586008224525270E+00  1.76272753369620220E+01
  4.41666133880560000E-01  2.21684589660685350E+01  2.13481311207268190E+01
  3.39073066583844400E-01  2.51183519424144460E+01  2.82290790886492570E+01
  2.54831192030272870E-01  1.72329070950817250E+01  2.79472802715215350E+01
  6.65634982039605120E-01  1.73263576960704560E+01  1.93740587904275490E-01
  2.69326463995374250E-01  1.86700697736704630E+01  2.33298995722233830E+01
  3.08418768867630710E-01  1.71906145655078260E+01  1.11105265952250050E+01
  5.63324676144028570E-01  7.79382931127211090E+00  2.90785927912264730E+01
  2.49794182180603610E-01  1.79832072312901730E+01  1.82070283329585260E+01
  6.44956217916396120E-01  2.52720340824168270E+01  9.43115491883943240E+00
  4.26043897269923290E-01  2.33391210310492210E+01  1.85588728834304110E-01
  7.44533748089133770E-01  5.09551558313976290E-02  2.10033268433565400E+01
  2.47647088603063280E-01  7.20345341497530180E+00  2.16797725200810870E+01
  3.47451934045076260E-01  8.94356031812458060E+00  1.20465910422374240E+01
  4.83182858574677270E-01  2.34510944188844020E+01  2.73877819766388340E+01
  5.38382388131525950E-01  1.64071216687893660E+00  7.05289295283042160E+00
  6.08690451339190200E-01  4.86378212904717260E+00  2.21388638792682040E+01
  3.93024383017402490E-01  7.33625883861109700E+00  2.82394418545551460E+01
  2.54611020839302520E-01  2.95079076224703130E+01  3.76900887833030480E+00
  6.82253548551889110E-01  1.81718784677536330E+01  2.88367159728356660E+01
  7.67665169660178040E-01  3.85883472861189640E+00  1.94674264625639920E+01
  3.95839252948554370E-01  2.35231169515041640E+01  4.75389226934109650E+00
  5.15379284759350490E-01  2.58985089391908050E+01  2.78807239498523420E+01
  5.09222041678605210E-01  1.26592414330953630E+00  2.06954267924107430E+01
  4.72038094207023740E-01  1.04668910271941500E+01  7.08835445455395790E+00
  6.64541222436485860E-01  9.81441074951397850E+00  2.85376912058301430E+01
  4.84167632717154460E-01  2.05294700844480570E+01  2.29262887484735390E+01
  5.39922025342825940E-01  1.93349686768587110E+01  6.88597025868950570E-01
  3.77759649416993960E-01  2.44722239512175720E+01  3.59323591490681430E+00
  5.06367095649294540E-01  1.62764479286963460E+01  1.31427893170307120E+01
  3.05466220251299840E-01  2.91207380350017470E+01  1.00466701862349800E+01
  7.55604472483241980E-01  1.35739940601512060E+01  3.83340570248118690E+00
  7.68548325332126940E-01  2.04827026259456280E+01  1.49457917263936010E+01
  3.09209541844886400E-01  6.92155070068152510E+00  2.37792542490357340E+01
  4.71553509741754610E-01  2.41213051483336860E+01  2.57972428382961180E+01
  3.65995101567518470E-01  1.79622835438329930E+00  5.02512667592251460E+00
  6.26517897412854200E-01  1.53812066278882200E+01  1.17929795911382040E+01
  3.55388479881239270E-01  1.00629106011755050E+01  1.12869491889935580E+01
  3.90423892796942250E-01  2.87348992606691630E+01  1.48934394790772990E+01
  4.92172780862642510E-01  1.47849952110677060E+01  1.49293414504441750E+01
  6.66683478841499700E-01  2.26048400378845570E+01  2.02794103301724990E+01
  6.94903868090152520E-01  2.17963135268396190E+01  3.53934261936883310E+00
  7.65642972591057180E-01  2.23493369571862530E+01  2.38320059087249270E+01
  3.52682444144397330E-01  4.18584423236955590E+00  7.71835609190685550E+00
  5.39466591144820300E-01  2.18905249469452910E+00  2.01982708831938570E+01
  4.26043897269923290E-01  9.55819906242913220E+00  6.96486885457747640E+00
  2.53364602799301860E-01  1.32210605279084120E+01  2.00288780777350510E+01
  3.83290088603488770E-01  1.14104673317380900E-01  1.01055083744082240E+01
  5.55920758830291820E-01  1.18708446115051070E+00  2.49438109193714370E+01
  4.13050329149462850E-01  8.85494290910097530E-01  9.91077150584298930E+00
  5.20369884994360540E-01  1.94556092117688020E+01  2.32462227360505620E+01
  6.99477888048091770E-01  4.03853815073602980E+00  1.43404667249199420E+01
  3.59079136884617700E-01  2.89151990914660890E+01  3.92606918003070290E+00
  3.01799748246536660E-01  1.44539597525952780E+01  4.52747620516358750E-01
  5.28731261397185740E-01  1.23964973280529160E+01  2.76457169724091080E+01
  6.80338287111455390E-01  1.92213974400691810E+00  1.02562359571344390E+01
  4.74033319401206570E-01  1.47515841339133540E-01  1.75016060189221930E+00
  3.53302408788900560E-01  1.50792239447552210E+01  1.65275209539386840E+01
  4.03052389307286420E-01  2.75069822318884720E+01  8.57891811651898270E+00
  3.33973424357718240E-01  2.32951736340625750E+01  1.72038957514264900E+01
  4.68162992243922280E-01  1.44041569611429880E+01  6.98900212158884760E+00
  4.72192289519205580E-01  2.39773717333485480E+01  1.93184916375259160E+01
  6.73658304681401180E-01  1.90597410857790980E+01  1.44023794296558130E+01
  4.61178090502161720E-01  3.39332680245210040E+00  1.33756822004864300E+01
  4.18189647978318300E-01  1.45204181971608270E+01  1.23842548717217600E+01
  5.15379284759350490E-01  9.87720034674452840E+00  2.44736340225702200E+01
  5.34553382826858140E-01  2.24352799327962560E+01  2.51291681988567820E+01
  3.70336582810533970E-01  2.89309840112209930E+01  2.53314261390382570E+01
  6.42747544188997020E-01  2.67728181889701770E+01  3.60410913764933750E+00
  4.50600139601478670E-01  7.90647861821092500E-01  2.32030787779244140E+01
  3.55036581058269410E-01  6.67063804821323370E+00  9.92696070617416740E+00
  3.54092873053847420E-01  1.50380508061704110E+01  9.08747917919956020E+00
  5.13614394364816020E-01  9.53634320340322360E+00  2.16781650399571930E+01
  3.65995101567518470E-01  1.77579934133417550E+01  9.74721567119268780E+00
  5.25383403930900440E-01  1.83747138636463240E+01  2.52718315678272770E+01
  3.83598938984435380E-01  8.21251130050542780E+00  1.20482315449194940E+01
  4.86073626967704090E-01  1.45664176043782200E+01  3.08779022637149090E+00
  5.96963967672292380E-01  6.33112863949855240E+00  3.67985768868294370E-01
  4.66553963192992600E-01  1.93166544729872140E+01  2.49628856608358910E+01
  4.15252526658189590E-01  5.60868569266833910E+00  2.64001791610279000E+01
  6.36786611163594070E-01  2.06218539478904720E+00  2.64018418708390140E+01
  6.06760633376156730E-01  1.43970776319938260E+01  2.72215354646323920E+01
  5.25895496843049500E-01  5.37747784981768890E+00  2.54882388181044630E+01
  5.05409982910693060E-01  1.75790643242789790E+00  1.75452767640006120E+01
  5.18912146576496980E-01  2.74365088759936990E+01  2.89017092224708030E+01
  5.81677556670477180E-01  1.51460736061843680E+01  1.00148887864321100E+00
  2.50625569857546320E-01  2.03580216502051460E+01  2.42233629481563710E+01
  6.67521681419926690E-01  2.94754350776452160E+01  1.65755145313129080E+01
  6.52034765531911640E-01  2.02855275756932690E+01  1.13030464193950180E+01
  3.81419328643079860E-01  1.60505122994152100E+01  1.52453931336710900E+01
  3.18942867500738640E-01  2.90701454999249230E+01  2.71695368717245780E+01
  6.63973334543257470E-01  1.93504736226640120E+00  8.94674867350469680E-01
  4.05793634226126800E-01  2.50042565942909790E+01  2.89650957536597460E+01
  2.88617724104866640E-01  1.38331338116539160E+01  1.19351293528769450E+01
  3.17587838135982990E-01  2.12538011781840340E+01  1.78622487081376240E+01
  6.94010688862415210E-01  1.73483791811322270E+01  2.17726397867318370E+01
  3.25036994184950640E-01  4.30721062643388470E+00  2.36355457941879160E+01
  4.41940562555082740E-01  3.45386123456393970E+00  3.02624783748010320E+00
  3.05466220251299840E-01  2.33212644619000540E+01  2.42817118615633660E+01
  7.22984261441823330E-01  2.33270467117877020E+01  2.14664563717086660E+01
  4.60682082706054620E-01  2.61312894349920240E+01  1.60961846639470030E+01
  4.22201084465533680E-01  1.17424473457733390E+01  2.04049911319570680E+01
  6.24824560398126750E-01  6.01007598234187680E+00  1.68945342465391660E+01
  3.63079661055833470E-01  1.03517578593599760E+01  2.10107489102906410E+01
  3.25516939164680520E-01  2.46820940012648120E+01  1.52302864837933940E+01
  4.87886881528419990E-01  2.19689158469081210E+01  1.74920357753476130E+01
  4.34172467284937990E-01  2.82679123679004720E+01  1.95438853945819130E+01
  7.04082361725448710E-01  1.60053516145703050E+01  2.00157394963293530E+01
  4.40295189098215370E-01  1.44544111524064360E+01  1.40577561461328970E+01
  4.54567147313974470E-01  4.49445298405183550E+00  6.40767000809676900E+00
  4.89717368181109780E-01  2.86107720282781980E+00  2.80242603811362480E+01
  4.82771447840326400E-01  6.26039641663987560E+00  2.50007133470403100E+01
  3.54092873053847420E-01  1.41884474056949820E+01  5.70429897435156970E+00
  7.67457697882333090E-01  1.80187635792382110E+01  1.71907331633045640E+01
  4.43129600128677660E-01  1.48642930710702590E+01  6.20288544800299050E+00
  5.61514797181737530E-01  6.82353354704737040E+00  2.90921171372398890E+00
  5.82207618145930890E-01  6.04266639483904110E+00  2.23052085586813010E+01
  5.94092381958372510E-01  8.88887196067113020E-02  5.98543910823211340E+00
  5.64318884198494160E-01  2.56908347635699780E+01  1.96978460128215790E+01
  6.16837537735261420E-01  2.55379918485888560E+01  7.30667056889479130E+00
  4.20581746236023420E-01  3.91918956411828530E+00  8.61341964129475990E-01
  3.16022212934137680E-01  1.40123668973657360E+00  1.16153700419329450E+01
  4.59502380082057990E-01  1.92564101369277550E+01  2.58869642421316720E+01
  7.48336469443998900E-01  2.50657581910183860E+01  2.63633718589699400E+00
  6.90159994875631000E-01  1.28271261162789540E+01  1.86628628334655890E+01
  4.68364091588631840E-01  1.43018703112229750E+00  9.21830111738063350E+00
  4.05593309893122810E-01  2.30009398496343640E+01  1.65247000001570040E+01
  5.55687039951364880E-01  1.64157246388590710E+01  6.81279094414706870E+00
  2.83840017940612550E-01  8.88263588792266390E+00  6.60819951253400360E+00
  5.98280766214214580E-01  3.35931170510839560E+00  2.90209544530219220E+01
  5.84913004272127690E-01  2.12511336018024260E+01  1.39658165366429010E+00
  2.83840017940612550E-01  2.86451782108040010E+01  2.67428627273987690E+01
  2.83517655556827110E-01  1.41053821782511320E+00  2.57525433755643540E+01
  5.27599340399055180E-01  2.26764494446181930E+01  4.38693924377243150E+00
  6.24824560398126750E-01  8.11723263108119040E+00  1.89047322200731640E+01
  4.84167632717154460E-01  2.41948726925598800E+01  2.94717643343682880E+01
  5.66562802601083430E-01  8.38112973033222450E+00  9.96443555518894720E+00
  5.81213412342838430E-01  1.33543564591866790E+01  2.61221333739418530E+01
  5.13285974501586400E-01  2.30264138194642740E+01  1.99925580208336040E+00
  5.29625185962053640E-01  5.62321389909777740E+00  2.12761368508924530E+01
  3.30104909316010620E-01  7.00127206629476270E+00  1.18164568350929710E+01
  5.48174971142568520E-01  1.47300426139370550E+01  2.11891620840770900E+01
  4.72192289519205580E-01  7.13844925168327380E+00  1.84103712532926420E+01
  4.53126113496558960E-01  3.59307489328489190E+00  6.30357229378385680E+00
  5.25993347610763350E-01  3.77009525373045080E+00  1.68301393902401170E+01
  4.75338540515479570E-01  2.58278633094352370E+01  6.25392495312369690E+00
  4.30858982518450690E-01  7.11248451015404100E-01  1.34384694044697110E+01
  7.09741570678139940E-01  5.30961040392421070E+00  2.33793170330942600E+01
  5.05409982910693060E-01  1.63989426438430610E+01  1.12979349450383260E+01
  5.20369884994360540E-01  1.98777346930847930E+01  7.07933911286622570E+00
  2.73281005279713530E-01  1.55891093958253610E+01  8.78782121655301300E+00
  3.09574052588245370E-01  2.46307141683542770E+01  1.41202468864657430E+01
  3.18095930761502070E-01  2.17606266118486180E+01  1.25127289768184390E+01
  4.46537248270915300E-01  6.99307131899023910E+00  6.04240931380171280E+00
  6.38830345620663920E-01  1.00158284321570930E+01  2.56190242799858010E+01
  6.68397269451762100E-01  4.67371486392942700E+00  2.40999437976055740E+00
  5.32488384254616510E-01  1.06044176990078400E+01  1.97364879918251250E+01
  3.17579752081870750E-01  1.02095768416060610E+01  6.34360323361500540E+00
  5.16710955738981780E-01  2.81968252547428730E+01  2.33740988170110780E+01
  4.49545157175862540E-01  5.90940223366315380E+00  5.85362992310210380E+00
  3.20574425314766210E-01  5.22126485315382280E+00  2.05275867081997210E+01
  4.12246671516209600E-01  2.26878611281626310E+01  2.88383888831041300E+00
  4.94550785807675550E-01  2.42505243591793760E+01  1.29635208297169810E+00
  3.59079136884617700E-01  2.78562306068924490E+01  1.88662805573092420E+01
  6.10572080928614460E-01  2.73540682539817230E+01  3.92655655214213300E-01
  4.75338540515479570E-01  2.56822983742208030E+01  8.38901143140475900E+00
  5.09574347305064630E-01  2.94381825221277720E+01  2.96556558555746470E+01
  4.18189647978318300E-01  2.12453532577227580E+01  4.50581869806767620E+00
  3.76753951196820710E-01  9.65719696642019090E+00  1.18963443609423970E+01
  3.84533934306195220E-01  2.18973464283998460E+01  5.88500427355155150E+00
  6.60767019732147710E-01  7.71516166027574800E+00  1.11298874182126500E+01
  5.64318884198494160E-01  5.16404362066711280E-01  2.22262806636319110E+01
  4.69750256464274060E-01  1.24502486970630990E+01  8.95602122677695790E+00
  6.88340418185590860E-01  8.59293086682265890E+00  1.69296685852041480E+01
  5.93150731645016190E-01  1.60791538337593170E+01  4.99427553124904300E+00
  7.17499092254363010E-01  9.96679628693627430E+00  1.72262813012519520E+01
  3.79322922295397280E-01  2.85424161334138980E+01  1.04125856667982330E+01
  3.20574425314766210E-01  3.39417830539064140E+00  1.60723691077579610E+01
  7.17953871372127320E-01  6.82151594239344840E+00  1.63012532471849950E+00
  3.42409596243210680E-01  6.85138245953204010E+00  1.06003643919845660E+01
  4.43129600128677660E-01  2.14515337242015210E+01  2.30231024465602230E+01
  3.78068289465320630E-01  6.02069450297474070E-01  8.73376519497238310E+00
  4.75338540515479570E-01  3.81025779051527990E+00  2.18849074066249260E+01
  7.38532964590205680E-01  4.39702584908859690E+00  1.57324920023454080E+01
  5.07606992315717240E-01  9.81474580902449210E-01  5.33989387826780870E+00
  2.86134314477376340E-01  6.07154410997704290E+00  9.69896043610936150E+00
  5.07437626189109900E-01  1.92507906563093170E+01  2.93376441928307230E+01
  6.15073771326759470E-01  1.79465678872032730E+01  1.96527934126776640E+01
  3.30104909316010620E-01  2.81612999631748620E+01  2.16878302348932800E+01
  6.66683478841499700E-01  1.15498423810547340E+01  2.14762832463379280E+01
  7.49545055295440930E-01  2.69784151182945390E+01  5.75054617718212050E+00
  2.54824432159977790E-01  8.81705204993810730E+00  1.47409072788389680E+01
  5.72142532162989690E-01  1.10444710279041370E+01  7.95652862774920870E+00
  2.77147605524350650E-01  1.99573423737047620E+01  2.38951552597132100E+00
  4.68364091588631840E-01  1.38978153514727300E+01  2.06067225844020110E+01
  4.82771447840326400E-01  2.10411738771308520E+01  1.38261563001396150E+01
  2.50971712925384870E-01  1.57703097773711210E+01  1.25794516469730060E+01
  5.38024295323284910E-01  1.71932110255674860E+01  1.26436931943216580E+01
  4.13050329149462850E-01  2.57348849423077760E+01  2.67812437243022710E+01
  4.86590143357422540E-01  4.79967890311790240E+00  3.55782113878418250E+00
  3.16148313226467530E-01  5.37479587693615720E+00  1.13975590817880600E+01
  3.81419328643079860E-01  1.25317904156676790E+01  3.37968902285621780E+00
  6.52911031193170470E-01  1.55381641406915760E+01  1.05234550683243300E+01
  4.49150663742554990E-01  1.75894857725351590E+01  1.60532169517525640E+01
  4.73113776075054650E-01  5.40276373366406390E+00  2.87996123689109990E+01
  3.65995101567518470E-01  4.63504098815895200E+00  1.15014566069816270E+01
  3.46028387031474870E-01  2.90457725283387130E+01  1.96016798915548660E+01
  4.23675716525973380E-01  2.19370996574192670E+01  4.98506088814186030E+00
  2.47261092463374420E-01  2.44273313392639510E+01  9.14435978656369210E+00
  2.63339374245984010E-01  1.45881125892983100E+00  1.68997732123249840E+00
  2.59062449636064510E-01  3.72382324925059600E+00  2.36615803998555410E+01
  5.77180454669814490E-01  1.23177993640787450E+01  2.36788047052955830E+01
  4.06599624824484800E-01  2.94519564534234670E+01  8.89362510448455090E+00
  4.65278877330243820E-01  1.42041534296857640E+01  2.82999751555790480E+01
  3.07263188066738420E-01  2.45589270087545230E+01  1.14107938619456400E+01
  3.88697647565240350E-01  2.49389874173846810E+01  6.49449806600743070E+00
  6.62122603690132470E-01  1.21835722429284490E-01  1.52907214925715900E+01
  3.79322922295397280E-01  5.37546669763121090E+00  6.49515811697262980E+00
  3.53063097104977870E-01  1.65898730102021440E+01  1.41040983145118570E+01
  6.88885956497308970E-01  2.54327558933173350E+01  1.24729155515863080E+00
  5.33066537704075310E-01  1.07581167132534210E-01  2.50854911245272940E+01
  3.42074681651230290E-01  2.23061377235649300E+01  1.28844346893292750E+01
  4.24351701398837560E-01  6.43402981868896260E+00  2.32317998146758100E+01
  2.92456502136063850E-01  7.00379772515196740E+00  1.44177051076561810E+01
  5.90639534364661320E-01  2.80047943947059960E+01  3.65695514412153780E+00
  4.09705559579089850E-01  6.25845810256104150E+00  2.58927599000998400E+01
  3.59079136884617700E-01  3.96740946669513580E+00  7.02738707682793520E+00
  5.27599340399055180E-01  5.98427868993365490E+00  1.06697368509411930E+01
  5.38382256471750510E-01  2.49816277570523650E+01  2.73623838522825940E+01
  5.96963967672292380E-01  2.44075321207373650E+01  2.22242654376920430E+01
  2.96503602823160150E-01  1.04003413521389870E+01  2.72466418519475370E+01
  3.64593218166308700E-01  5.37033328241113050E+00  7.23872634694352610E+00
  4.18947112612636110E-01  1.63354484080786730E+01  1.22197277524767450E+01
  5.40946473112310590E-01  1.56925733167848560E+01  2.58907240132726490E+01
  3.35017483125717060E-01  2.95328074070472400E+01  2.35571447813536490E+01
  4.75626642073745920E-01  3.08063658487911770E+00  2.24944037775028320E+01
  3.04461637453634990E-01  2.00342985871840400E+01  2.46817975261125540E+01
  4.36315933331792570E-01  1.91526121011882790E+01  1.66940668627165110E+01
  6.77666041374141330E-01  1.96403064144433940E+01  1.84382081107710650E+01
  5.67035311113654220E-01  2.52740515672093160E+01  2.32908021460792480E+01
  3.38650161839631010E-01  8.40934729255659260E+00  1.51754138958597270E+01
  6.94010183176834960E-01  1.89049547014091990E+01  7.80515682789286650E+00
  7.10410487391814980E-01  1.20022292025512680E+01  6.29120865626134320E+00
  4.54567147313974470E-01  2.44671907467140390E+01  7.30455038660044580E+00
  2.52169786807371790E-01  3.00186427442131220E+00  2.17246544803998880E+01
  3.01799748246536660E-01  3.10230892797697550E+00  3.68140115884165910E+00
  4.27719079604653450E-01  2.53452732803331000E+01  1.66134469823887120E+01
  3.87762191716535260E-01  2.62619581348091130E+01  9.02840699445907010E+00
  5.72951670348821020E-01  2.85452715430633570E+01  6.70529208480945900E-01
  5.09222041678605210E-01  8.25352858732950880E+00  1.34044398653958070E+00
  5.25993347610763350E-01  2.37356131239260690E+00  2.32038166698933600E+01
  3.12648490279368120E-01  2.63456810978397190E+01  6.84733385910808860E+00
  3.32399546609116130E-01  4.50607845813699370E+00  1.42358457061456220E+00
  4.43807889241729470E-01  6.22936091338609900E+00  2.40751465577863260E+01
  3.44170209092795430E-01  1.85044539314313890E+01  1.61586841708925630E+01
  2.54824432159977790E-01  2.48407812581153300E+00  2.71873192500551570E+01
  4.21963532045373490E-01  7.58610878058542150E+00  5.40820637223746740E+00
  4.11696508529454960E-01  1.45641977387423700E+01  1.32129280803721870E+01
  4.11346310528290360E-01  1.31236812197112990E+01  6.27402156524098230E+00
  6.16837537735261420E-01  1.80696852536496810E+01  1.18922769250173450E+01
  4.83570943621045310E-01  1.50493946446021860E+01  2.96332458490253360E+01
  4.32382463464541460E-01  2.95235961657748400E+01  9.01082436275567030E-01
  5.92513140571182980E-01  1.93013091778360750E+01  1.81990852391119520E+00
  3.55036581058269410E-01  1.89314923083487050E+01  1.24501592718113140E+01
  4.74581552528920360E-01  2.73580627442537260E+01  2.79114744201035020E+01
  3.44905765886116280E-01  1.61874207059469380E+01  4.06154230333323250E+00
  5.96963967672292380E-01  6.59569621916745240E+00  2.88962908876138190E+01
  2.68569610726517900E-01  2.36927211048719780E+01  5.39595728253356730E+00
  5.80290806494985740E-01  2.37177619248873450E+01  1.16934673359040730E+01
  6.25336422111717830E-01  8.13830851015366010E+00  1.41813556021376000E+01
  6.17452885167652710E-01  1.20697101525271630E+01  2.95332577302361230E+01
  3.29506256422424390E-01  3.28142293158385720E+00  2.32737402216148830E+01
  2.58355477869490890E-01  1.62780326300621500E+01  1.46476074844541010E+01
  4.69641390777102340E-01  1.88613930648162120E+01  2.02351525118747450E+01
  3.49095179616795370E-01  3.17859440825766540E-01  9.40252900081217650E+00
  3.27988333844876360E-01  2.87341768973952870E+01  2.13646718263181120E+01
  3.86383264228710210E-01  5.90223861434829370E+00  2.03376816119907500E+01
  4.75543307221801650E-01  1.59845475435613470E+00  3.50513333494352960E+00
  5.07815655211632320E-01  5.18291242425027580E+00  1.47653194554225550E+01
  6.08088426536500660E-01  4.51580866930496330E-02  7.92036404145786670E+00
  3.93024383017402490E-01  1.05206843176945380E+01  2.65185370082626090E+01
  7.48336469443998900E-01  8.82156190060866230E+00  3.45010543070903220E+00
  3.13454063710418570E-01  1.93121680773265170E+00  2.54608572548228200E+01
  4.43133439323318520E-01  2.87658419153879930E+00  1.23393928099871810E+01
  3.62493203924014780E-01  4.56134004508208690E+00  2.03522843450844350E+01
  5.72881440675418570E-01  2.65308234695370120E+01  2.04637622880811810E+01
  3.71299762957800540E-01  5.76886323926824480E+00  7.85699951524962880E+00
  5.13143010843963320E-01  1.97434749629182210E+01  1.98026093028018270E+01
  3.87533216804236250E-01  1.83432650818278230E+01  1.87323391172889200E+01
  3.90540239164096370E-01  2.49909223467124480E+01  1.58761284555895830E+01
  4.11696508529454960E-01  2.02945524176009400E+01  1.67491162787537090E+00
  4.19670751191123690E-01  2.88129428220742340E+01  1.56995990382812420E+01
  5.39922025342825940E-01  2.66594914775441900E+01  1.30942406301769140E+00
  3.73125396709624990E-01  1.16651086713382130E+01  2.58743416292694310E+00
  5.72628172168292430E-01  1.61112634192651290E+00  1.64775754793232490E+01
  5.63660960642019760E-01  1.83816871009202250E+01  2.51952871531974680E+00
  7.54397230300637300E-01  1.69780143224897910E+01  2.57315091631656830E+01
  4.07877171249442140E-01  1.83858806518449140E+01  5.36052488288448180E+00
  4.61178090502161720E-01  1.29259393137561340E+01  2.63526740542808780E+00
  3.50974061745161330E-01  2.63342321882260180E+01  1.90417965659852940E+01
  4.22541054278063120E-01  2.37679521259586120E+01  3.97319347808796980E+00
  3.25036994184950640E-01  5.01048997392805170E+00  2.68349292182293770E+01
  4.96042965314236020E-01  1.21567173529259960E+00  1.96922603858431950E+01
  3.04461637453634990E-01  2.67618043556145190E+01  2.26554316767321350E+01
  4.21290506291976640E-01  1.85036331215099670E+01  1.96671277730025910E-01
  4.26578460793149810E-01  4.21391788846759670E+00  4.25824408567219950E+00
  3.91816801400439550E-01  1.69177033853153880E+01  2.45869832340187990E+01
  5.32262962461145860E-01  2.56485084520270730E+01  1.52292090331084240E+01
  6.07718241283317260E-01  1.45954806572728050E+01  2.23365845757483400E+01
  5.13425754976809310E-01  1.00745583857435150E+01  9.03236146200420720E+00
  5.46829204411607870E-01  2.04029735385136100E+01  2.79216197939803440E+01
  2.99038091422116640E-01  9.35220616234760090E+00  2.38511394314883170E+01
  3.65374026971610010E-01  2.07458841617226850E+01  1.00440630846131590E+01
  3.46733456860136300E-01  2.05822770117160690E+01  9.35142450539697020E+00
  5.01833768532536340E-01  9.74345129189311270E+00  1.91634657047385240E+01
  2.88617724104866640E-01  4.08161717203489880E+00  9.97220124671248160E+00
  3.13454063710418570E-01  2.73583120582296570E+01  1.44360804681712210E+01
  4.43756654693070110E-01  5.46292924534401970E+00  2.45224792337166980E+01
  5.20369884994360540E-01  2.93188870631875530E+01  1.08653388007268390E+01
  7.41720708060832300E-01  9.85091309340294610E+00  1.29978120204301530E+01
  2.99038091422116640E-01  2.16245366108402310E+01  1.31145645039467950E+01
  3.93024383017402490E-01  2.48501742458192570E+01  8.14077083524106550E+00
  2.53364602799301860E-01  8.70594073350725850E+00  1.59952277367475460E+01
  5.48463672908306780E-01  2.40416344276343600E+01  1.34363673184469190E+01
  5.63660960642019760E-01  2.86424711646747420E+01  7.47543225740447250E+00
  4.99487474973056500E-01  2.77187787538639690E+01  2.42707346250108960E+01
  5.32488384254616510E-01  2.27173721648555830E+01  1.12074892533212700E+01
  3.62493203924014780E-01  1.97527785712416770E+01  2.40774025978090260E+01
  3.90540239164096370E-01  2.36543846384613160E+01  2.04022543730796710E+01
  6.25248164210708260E-01  2.37236231166461380E+01  2.92649027284745780E+00
  3.93024383017402490E-01  1.11879495476225330E+00  1.41542388131695520E+01
  2.83517655556827110E-01  9.11381027779281360E+00  1.77500314717919810E+01
  5.16562546778196820E-01  2.00460884676915290E+01  1.37374898094365290E+01
  5.96777348356598920E-01  1.93217027002732640E+01  1.56640748668979910E+01
  3.35017483125717060E-01  2.61225914638790510E+01  2.87409293635447550E+00
  5.69344335137112000E-01  2.28585975854287860E+01  2.82574083730018760E+01
  5.55509338843663690E-01  5.20670212955154100E+00  1.16195052671544550E-01
  4.09775903561979240E-01  1.05493331078352240E+00  7.79744271846336190E+00
  3.20574425314766210E-01  1.08745006837534750E+01  1.56719068216821180E+01
  5.39466591144820300E-01  2.19872103885037510E+01  1.04230294487201340E+01
  5.18725390566230620E-01  9.28014205517454730E+00  1.41214746823606010E+01
  3.62493203924014780E-01  2.56843001433557740E+01  2.59917528998583980E+01
  4.23675716525973380E-01  1.79930216517512050E+00  1.54993816561186590E+01
  4.13050329149462850E-01  2.94586446395543220E+01  6.93895725048244660E+00
  3.01731430220296380E-01  2.39673509326336570E+01  5.52328368385887280E-01
  3.48156346672602490E-01  1.46232926737979930E+01  1.09298462267907370E+01
  6.83531487369900860E-01  1.14935050279848600E+01  1.00682969527668890E+00
  3.27197753470684690E-01  2.11065466217158540E+01  1.72302165222419030E+01
  3.50974061745161330E-01  2.56997692205946320E+01  2.13394932544227770E+01
  5.77649046292645880E-01  9.07603227280890050E+00  2.30193744358185200E+01
  5.13614394364816020E-01  2.88410394812372070E+01  1.72063669451087840E+00
  7.17953871372127320E-01  1.04622795136056240E+01  5.34060109209873970E+00
  3.01731430220296380E-01  2.11826098752258220E+01  2.03690951931850320E+01
  6.14584822297879540E-01  2.58935475594022790E+01  2.22853513308714710E+01
  4.69641390777102340E-01  1.99339886416510520E+01  1.02381637443085280E+01
  4.49154676673646060E-01  3.34871413183578430E+00  4.39028689262532000E+00
  4.82268891960512480E-01  2.88123408176577200E+01  1.88069785009736850E+01
  6.26908127420837150E-01  1.46723568800704740E+01  2.42647119608094040E+01
  2.50971712925384870E-01  9.01400921706308720E+00  1.18741273208685970E+00
  2.62213147743524950E-01  2.67060048211426310E+01  1.38276793415773640E+01
  6.45167794061425240E-01  2.52213196369215850E+01  1.32561949413875940E+01
  5.94931591270377070E-01  8.17121712907239580E-01  1.09163775061440300E+01
  7.68548325332126940E-01  1.00445495899443000E+01  1.09545880039222100E+00
  4.36195486319121350E-01  8.73271235793964170E+00  2.87370644567247630E+01
  5.33066537704075310E-01  1.15387428268483840E+01  1.04448058795108500E+01
  5.62178328188990490E-01  9.27802744252865530E+00  1.54147924064820520E+01
  2.97561439636419770E-01  2.02657289646081120E+01  2.36621213858779880E+01
  4.82771447840326400E-01  8.17958532211547680E+00  2.80040859308794690E+01
  6.61562106526255890E-01  2.15749691413394340E+01  1.15509632105288040E+01
  5.04339573614743570E-01  1.00593365348790140E+01  2.34707053438580430E+01
  3.45648959319623030E-01  1.63800178482692470E+01  2.24250434527652370E+01
  6.95947079841625180E-01  2.38241605113910890E+01  6.35105034178014630E+00
  4.75626642073745920E-01  2.92104478549809630E+01  2.79510148792906640E+01
  2.57534358191145160E-01  2.41773322662846300E+01  2.00198904941216720E+01
  6.30423428531534040E-01  2.82954368966367970E+01  1.13910785717155140E+01
  3.25516939164680520E-01  2.74587388235825250E+01  2.92151059824478450E+00
  3.14110289759674140E-01  2.26964977800086450E+01  1.87075289846329400E+01
  3.99477862283745790E-01  2.68330348521184660E+01  2.19058815208132670E+01
  6.47236078597052340E-01  1.35860754192281230E+01  1.47119959220664110E+01
  5.28731261397185740E-01  1.47833275334915740E+00  2.38994438126203050E+01
  4.43807889241729470E-01  2.70301957265298430E+01  2.49339867021632640E+01
  4.82268891960512480E-01  2.51139651491594090E+01  4.16493189857610080E+00
  4.30858982518450690E-01  2.68200251924035560E+01  1.03820888284263160E+01
  4.18947112612636110E-01  6.37604581971424360E-01  7.08147589308763430E+00
