1
  1002  2.96924426640336700E+01  2.96924426640336700E+01  1.00000000000000000E+00
        0.00000000000000000E+00  0.00000000000000000E+00  0.00000000000000000E+00
  6.65634982039605120E-01  1.47426123751895770E+01  2.18080508060067470E+01
  2.54824432159977790E-01  1.06448486507775590E+01  2.92078848522312920E+01
  2.84029264846615530E-01  2.08745102857675560E+01  2.17826881296821000E+01
  4.62836237406567810E-01  6.31507297805248410E+00  2.42392768218099700E+01
  3.33973424357718240E-01  1.33258183811601170E+01  2.87937558189291640E+01
  4.91872428060923640E-01  1.79304337440102910E+00  1.15596458354451940E+01
  5.52490392167627680E-01  2.16097859053952600E+01  6.48212914292849350E+00
  5.39466591144820300E-01  1.26841510198946350E+01  1.12671687012945800E+01
  5.65219172841477580E-01  1.27577065463942830E+01  6.44056316033392310E-01
  3.53776024442120150E-01  2.74830921287368070E+01  1.55212833029662820E+01
  5.54611473665029210E-01  2.49180249429053720E+01  5.80646785782474770E+00
  4.81368497469048420E-01  1.44974420300059580E+01  2.40209835173441600E+01
  2.84672167568555990E-01  4.76671959453349810E+00  2.65337251166454850E+01
  3.06898385793053400E-01  8.51477527167204150E+00  2.76803765001277990E+01
  4.49954956992444630E-01  2.34712749243589510E+01  5.67425277059420980E+00
  5.88686278844574580E-01  2.28889668941654460E+01  1.16739077634691470E+01
  4.36315933331792570E-01  1.32546862768534850E+00  1.92813026774225310E+01
  5.46155746035104350E-01  2.50945433631990300E+01  4.13262469357421750E-01
  4.11346310528290360E-01  1.30199937642642600E+01  3.20516053920701620E+00
  7.44650008855257360E-01  7.30310413517714000E+00  1.65851126519538250E+01
  4.68162992243922280E-01  3.94683960539859150E+00  2.59449544558899350E+00
  7.11073931023246340E-01  2.59741330398892030E+01  1.40557273378205600E+01
  3.02034441597155470E-01  1.99960331417035670E+01  6.29155433098203430E+00
  5.12509616084684260E-01  1.20376657119471230E+00  2.12234020114139940E+00
  3.40422717275118370E-01  5.33783720481088770E+00  8.06820924488333980E+00
  6.65634982039605120E-01  4.37163998407766650E+00  2.35331822065863000E+01
  3.75295693565172690E-01  2.78740272083357680E+01  2.27339460676117220E+01
  4.75626642073745920E-01  2.17518338337479340E+01  7.49997029535839930E+00
  4.72038094207023740E-01  6.18804225385268140E-01  1.22489792103439040E+01
  4.29902962432020440E-01  2.08112699573755010E+01  2.08170887420121180E+01
  5.68910711623079470E-01  2.08210642816145820E+01  2.91764868219373860E+00
  3.07263188066738420E-01  6.40762811611343610E+00  2.34748681858754720E+01
  6.10911033360540580E-01  2.81122004341524840E+00  1.19821908124978830E+01
  3.43353541919950760E-01  5.46200052131691830E-02  2.16874907908941270E+01
  3.15231116497538320E-01  9.80010313304135040E+00  2.19574229454720400E+01
  3.78068289465320630E-01  2.32080198028852890E+01  1.74783883393157070E+01
  2.54824432159977790E-01  4.10729462933707000E+00  1.51271940295920210E+01
  5.44558358435121190E-01  2.84919452989830690E+01  1.37236469234147090E+01
  3.56000803327192820E-01  2.08466474165229730E+01  2.42036250460252230E+01
  3.13454063710418570E-01  2.55039373606397110E+01  1.71669679951966470E+01
  6.12591031919131530E-01  4.47086217463241820E+00  9.82060177952026340E+00
  6.47236078597052340E-01  7.31745400405478110E+00  2.37623181554875340E+01
  2.65726189967390210E-01  2.24725766367187700E+01  2.55815472829263190E+01
  2.96653470797716330E-01  1.19113274353696530E+01  6.60795911375688670E+00
  3.45648959319623030E-01  1.28746141477247120E+01  1.86042213971733760E+01
  3.13454063710418570E-01  2.19313166221444650E+01  1.18403826711400870E+01
  3.39073066583844400E-01  2.03323916153838980E+01  1.06765309244858210E+01
  2.96256570285591500E-01  2.36592065726618620E+01  1.04389177226861580E+01
  4.19081387041561550E-01  2.36291974152244820E+01  8.75283101913120910E-01
  7.08391389715138510E-01  8.31942348405632260E+00  2.66847105836427940E+01
  7.16035261746952050E-01  1.91379632048645900E+01  5.64666107105985660E+00
  4.43133439323318520E-01  2.09108607060074230E+01  9.25803964570037690E+00
  2.73281005279713530E-01  2.71331798028904490E+01  2.90118067263590480E+01
  3.35017483125717060E-01  2.22347336745225060E+01  3.35551433484716990E+00
  5.09222041678605210E-01  8.55361330350017290E+00  1.66673074771816270E+01
  4.27719079604653450E-01  1.22953778453250160E+01  1.49981103544680090E+01
  5.81299825206354370E-01  1.43903549047614570E+01  1.23493869378912460E+01
  5.46155746035104350E-01  2.24389994574983970E+01  1.68404304433715840E+01
  3.05466220251299840E-01  1.94321414288466720E-01  1.90896136695830520E+01
  3.11838068626578210E-01  1.17108963902840060E+01  1.65518576832388010E+01
  6.27423008989955560E-01  1.48190856252091160E+01  4.49134884742810140E+00
  7.12424816007452400E-01  8.64941952442199560E+00  2.34912059316113900E+01
  4.41140732643827070E-01  2.41492357280267410E+00  1.00756615179668360E+01
  3.80273533482480450E-01  1.68164796356278860E+01  1.69148596221635220E+01
  3.29796701345061780E-01  5.45984586982045970E+00  1.01889086400524690E+01
  4.15252526658189590E-01  1.36364747503804740E+01  6.92377223543496090E+00
  2.59062449636064510E-01  2.72882631306346330E+01  2.77807810584605230E+01
  6.18419083689772810E-01  1.74710441563635510E+01  4.17583012676430960E+00
  5.04213456464067280E-01  1.68784214284531430E+00  1.40778205433596980E+01
  3.48156346672602490E-01  2.72014504606782950E+01  2.11446165507858200E+00
  2.89042915761794110E-01  1.94367070978858760E+01  2.44558473890764500E+01
  3.05466220251299840E-01  6.99066541409790960E+00  2.16982246720935270E+01
  6.49919166153384610E-01  1.47711074584429230E+01  1.62792357309068760E+01
  6.14379095469630790E-01  6.54265899989732440E+00  2.08952719331311410E+01
  7.00411917450214720E-01  2.24366775977937710E+01  2.79952011150740390E+01
  5.69344335137112000E-01  2.33703567938829020E+01  1.38439179592847150E+01
  2.57564851167384970E-01  7.13088013724686930E+00  2.28771361964415410E+01
  4.13050329149462850E-01  2.50204353047089540E+01  1.34611783667988830E+01
  6.18419083689772810E-01  3.21412201116069380E+00  2.69580139004483680E+01
  4.26523982883737140E-01  6.24128898746168210E+00  1.00927462465683590E+01
  3.78209123272245940E-01  7.04512149120684320E+00  2.79760163763812470E+00
  2.63055759251188670E-01  4.77749455337780570E+00  2.16229018970533280E+01
  5.00274833943758600E-01  2.15660428392707670E+00  2.51815713881891590E+01
  6.01687927537542500E-01  2.91891602648878500E+01  1.96678740676035170E+01
  4.86073626967704090E-01  2.41101826414580880E+01  1.30924322529988150E+01
  7.62474117278193650E-01  1.71696948200385120E+00  1.28116512226980850E+01
  4.87886881528419990E-01  2.67558159814305190E+01  1.49643200029163750E+01
  2.99038091422116640E-01  1.85256919356592680E+01  2.25888863594754100E+01
  3.50974061745161330E-01  2.65499400415333720E+01  2.60118560930453670E+01
  6.10572080928614460E-01  4.12101493838942190E+00  6.67180966058000100E-01
  3.01731430220296380E-01  1.41650036296518650E+01  1.46051465348473060E+01
  2.59062449636064510E-01  2.05084437157192310E+01  1.35859547462090170E+01
  6.99477888048091770E-01  1.49122976922007810E+01  4.47734484647634550E-01
  4.41666133880560000E-01  1.16379669892665520E+01  4.46028746282744320E+00
  6.86210935380316480E-01  1.76896247276533600E+01  1.05386975399452910E+01
  5.27425300578987690E-01  9.69238640054912000E+00  6.20129000821061020E-01
  7.54505484792745040E-01  6.22351107883036470E+00  2.24294239094994230E+01
  4.11696508529454960E-01  1.67341948045527320E+01  2.68719668964471750E+00
  6.26517897412854200E-01  2.56971173132243890E+01  1.91650185379993730E+01
  5.72142532162989690E-01  7.67476463389811060E+00  1.89134505341580880E+01
  3.47451934045076260E-01  2.24846714892072900E+01  1.77323697365502720E+01
  2.57564851167384970E-01  2.93396939588533030E+01  2.77624767455292730E+01
  5.33859136323620030E-01  2.53559995112872050E+01  1.13225825948760960E+01
  2.69169509893181310E-01  1.66263196490111850E+00  7.30088202535488410E+00
  4.24351701398837560E-01  1.64487382693818280E+01  2.93947254730935160E+01
  3.11762329988951370E-01  8.63795863775877490E+00  1.62479013769019320E+00
  3.50974061745161330E-01  2.55263393266328410E+00  2.96813722471078950E+01
  2.66929568161810020E-01  1.64780155217588340E+01  2.70965504491304900E+01
  7.20816873845379820E-01  2.65138413886079220E+01  2.02365096374926240E+01
  4.22201084465533680E-01  2.55409983853647040E+00  5.95742233804884960E+00
  3.09209541844886400E-01  1.57281991666122620E+01  1.63399566225520910E+01
  2.62213147743524950E-01  2.74486641078948490E+01  2.22592608237203680E+01
  7.60411681679863700E-01  2.25989435771642380E+01  2.15310864180077000E+01
  6.67521681419926690E-01  5.55158636025692330E+00  2.59961418270013240E+01
  4.37954134865551840E-01  1.05626298230010210E+01  2.03132809100289080E-01
  7.16654247500547470E-01  1.99326654526859490E+01  7.87685071800746250E+00
  7.12424816007452400E-01  1.44343885975517750E+01  9.14701364359322610E+00
  3.61198882346046800E-01  2.76496401042697960E+01  2.34348599396318740E+01
  3.82245446386266610E-01  1.79785305762691440E+01  1.56592647884331180E+01
  3.58737518624021320E-01  1.06150376527554770E+00  4.78446485029368420E-01
  5.81547682683179710E-01  4.61481754418675830E+00  1.25704497494653160E+01
  4.21963532045373490E-01  2.47890110839547330E+01  2.54236267885392840E+00
  3.12648490279368120E-01  1.34152210268278690E+01  9.04646409835741850E+00
  3.25036994184950640E-01  1.74782623974593500E+01  2.31965110209628060E+01
  3.83290088603488770E-01  5.51983801442988490E+00  2.76345934577958940E+01
  2.93443024193560210E-01  7.48845995538511300E+00  2.20305773839814090E+01
  2.66929568161810020E-01  2.12287729422759380E+01  1.42025457006978700E+01
  2.99038091422116640E-01  2.01847427055319600E+01  6.86222525187966250E+00
  6.00040109246873770E-01  2.41000205467946640E+01  2.54237437309770090E+01
  7.14535578675763720E-01  1.76246142748569380E+01  2.01445354080607970E+01
  3.06898385793053400E-01  8.02521615236416250E+00  1.24946741521580940E+01
  3.45648959319623030E-01  3.64341074359056980E-02  3.59548422039417350E+00
  3.87046365911375680E-01  6.95975375173545880E+00  1.55073749760037000E+01
  6.56539952722306990E-01  1.33702153254622050E+01  1.51395400641553500E+01
  5.07436062422724900E-01  1.36588187589815620E+01  2.34971826119737810E+01
  7.39270392714900380E-01  6.91053741009152930E+00  2.63560484964427030E+01
  5.38024295323284910E-01  3.63916836126501810E+00  4.59382430537225430E+00
  7.33199636544987770E-01  2.69385814377736460E+01  1.82405227845587060E+01
  6.31923671661538840E-01  8.76527545782516170E+00  2.85843988612601620E+01
  5.72951670348821020E-01  1.52746578351326130E+01  6.36873172684589760E+00
  6.40456937776772590E-01  2.22788563170270850E+01  8.48316345054704080E+00
  4.77241894706072770E-01  2.88932734753639830E+01  8.06431249343537360E+00
  7.64764367446448820E-01  1.06097285003505170E+01  1.00901641619267860E+01
  7.16535845940979770E-01  1.61382056025482110E+01  4.23635368824984940E+00
  3.10705613459761840E-01  2.38412505080002080E+01  3.84075844400819160E+00
  3.89901968262705180E-01  9.55927430828030820E+00  2.28695849371620170E+01
  7.15011499502423580E-01  2.51210856094966890E+01  2.45965109730683730E+01
  7.60297905848187840E-01  1.03270509076012470E+01  2.53797930734605930E+01
  2.65726189967390210E-01  2.55275485025422670E+01  2.02426573770923210E+01
  4.53492046339069340E-01  2.78906844434844960E+01  4.62894022670400850E-01
  5.18725390566230620E-01  5.80972588348679950E+00  1.27693143100042870E+01
  4.24020504903543660E-01  4.63577161670969760E+00  1.47022514794562960E+01
  5.17634268500846420E-01  8.04756286934291510E+00  9.61234964870884490E+00
  4.54567147313974470E-01  2.55765677641373120E+01  3.83551389311081350E+00
  3.65965634987757580E-01  1.81650854671988430E+01  9.60129569193188280E+00
  2.96256570285591500E-01  1.32320151945051910E+01  2.15873775004806990E+01
  5.50543265074639000E-01  1.28959064619907360E+00  2.75889010834863310E+01
  4.46540105696671490E-01  6.32589462936852700E+00  1.97185564748320630E+01
  6.47236078597052340E-01  1.05187440694679620E+01  2.12431377195745730E+01
  4.82769235883485770E-01  1.46459882045647480E+01  1.74042686369979340E+01
  2.97529618718302210E-01  1.34641986070812790E+01  1.16279483511387250E+01
  4.13811620468168510E-01  2.89726159261674280E+01  2.32262961870332630E+01
  4.87785457169642190E-01  2.00083697826694370E+01  2.66955551055157510E+01
  3.41778742319800830E-01  1.28001905618197720E+01  2.67567613160342080E+01
  4.05793634226126800E-01  2.38247566125151270E+01  1.47141834218016780E+01
  7.14516279726398110E-01  1.26392799433945080E+01  2.57130705068605470E+01
  3.71799304162545760E-01  1.88204144366081070E+01  2.46934453697950790E+01
  5.77820253962530560E-01  2.38612592980642790E+01  2.95988024054528260E+01
  4.75626642073745920E-01  1.20866372721297870E+01  2.11570828949611850E+01
  5.46562010559427060E-01  2.22809726427679140E+01  2.92314734273161570E+01
  3.29506256422424390E-01  1.52066873713492810E+01  1.27528638120905260E+01
  2.62213147743524950E-01  1.26740225960075250E+01  2.16030162322486450E+01
  3.63105686475124490E-01  1.91408364767156200E+01  2.09200908200780060E+01
  7.08391389715138510E-01  6.97027072171527170E-01  1.10714270996822290E+01
  4.26578460793149810E-01  4.64905855150031220E+00  1.93435560813966560E+01
  6.08873319065221350E-01  2.39952848878321090E+00  2.79201795588815570E+01
  5.39466591144820300E-01  1.07386530765920780E+01  1.88680360677208160E+01
  4.66553963192992600E-01  9.83696311117001620E+00  1.35528709886515220E+01
  4.82771447840326400E-01  2.86891034382187660E+01  1.77828766874442580E+01
  5.13004586318856950E-01  1.16177707202486640E+01  9.30499287892501850E+00
  3.17084428049163950E-01  1.46630381580147570E+01  8.14396082278431700E+00
  3.50974061745161330E-01  4.44920610083851550E+00  1.56268087158431110E+01
  3.82382183723224410E-01  2.44032815746531960E+01  6.58902441786296840E+00
  3.77759649416993960E-01  2.29967566178083840E+01  3.13325672416201200E-01
  5.74203886104520670E-01  7.59663492878034940E+00  4.92850984101402200E+00
  4.11346310528290360E-01  1.14167857975576470E+01  5.85119980129179230E+00
  5.06367095649294540E-01  1.85136592810587750E+01  4.59656293158440390E+00
  6.01687927537542500E-01  1.74906744237339710E+01  2.85390756023475870E+01
  2.49794182180603610E-01  1.74978123290418670E+01  1.80239240110934990E+01
  6.11481049571092420E-01  1.18263473627057020E+01  2.22121701265525540E+01
  5.03927515451986880E-01  1.25863604485479460E+01  5.38601285519005920E+00
  6.35485889077753010E-01  1.55726285280770660E+01  8.42598011924192040E+00
  2.99038091422116640E-01  1.38229593800901900E+01  2.15175588212402960E+01
  4.22541054278063120E-01  1.99067441684507640E+01  1.60127516791418500E+01
  3.05466220251299840E-01  1.81007289744611770E+01  1.90934525011913830E+01
  2.62213147743524950E-01  2.51551618458285270E+01  1.98687672058511820E+01
  3.61769499680632390E-01  1.91321023861975700E+01  1.58905976900249750E+01
  2.47647088603063280E-01  2.31561180878561290E+01  5.05213005678152350E+00
  3.11155895623034430E-01  1.94045022062666280E+01  1.96004350019458120E+01
  2.66929568161810020E-01  1.12665247220119720E+01  6.51229451466972620E+00
  6.90395435464654740E-01  1.36419631991950250E+01  1.37623253206214000E+01
  2.96503602823160150E-01  7.71885323180375860E+00  2.83243793380077560E+00
  6.57722721512726150E-01  1.99736848759616980E+01  2.15089290250315560E+01
  7.24777883420223110E-01  3.25461422982541570E+00  9.26687102777435000E+00
  5.48279863025970290E-01  2.47552493979221350E+01  2.69923772628672790E+01
  6.40748513009616880E-01  2.78168990496321910E+01  2.06311119492734430E+01
  2.56092450391898300E-01  8.99492050932619240E+00  5.43504932060665350E+00
  7.17499092254363010E-01  2.33804492188036730E+01  6.99208466046314130E+00
  4.66141488621800890E-01  1.83567697513973690E+01  6.53340496698933220E+00
  6.33759023001558490E-01  3.82324182581714420E+00  1.34924819793124550E+01
  5.48279863025970290E-01  1.28939127606407930E+01  1.76176455003827040E+00
  4.19081387041561550E-01  2.71018445389500510E+00  1.49318564859051720E+01
  5.70902198024309190E-01  1.17952822003308060E+00  2.06086892147924380E+01
  3.17950877609215300E-01  2.78440655315944380E+01  1.23238887159994710E+00
  5.96963967672292380E-01  7.68365653312258260E+00  8.55918952950843530E+00
  6.18832453479690690E-01  1.30741673028512530E+01  2.06860352914714620E+01
  2.63339374245984010E-01  4.64848653429982410E+00  3.94125291097519760E+00
  3.55036581058269410E-01  2.15778921425434330E+01  2.55961165490353440E+01
  5.84913004272127690E-01  6.34268134100349190E+00  3.45621639283666890E+00
  5.77235448209733180E-01  2.30725172599784720E+01  2.48503224262733510E+01
  5.01105313190319460E-01  8.73838473910003090E+00  8.86403668721748340E+00
  3.83598938984435380E-01  2.06823205836461310E+01  6.35537454680943450E+00
  5.98360795606824340E-01  2.11748144571088450E+01  1.02653496430204710E+01
  3.41778742319800830E-01  1.96867584508922600E+01  1.08924376197795160E+01
  3.29796701345061780E-01  5.84181758950166950E+00  5.99589993489184000E+00
  3.84420431658369740E-01  2.00569506972102970E+01  1.93610073441616560E+01
  4.91872428060923640E-01  1.81338541045778750E+01  1.36124935509408850E+01
  2.93443024193560210E-01  9.33110116935840320E+00  1.16093041568738770E+01
  5.81299825206354370E-01  1.70804693676509060E+01  1.53110392475342980E+01
  5.68243553274813350E-01  3.99349117843517210E+00  1.82741605842569360E+01
  5.39001667068871980E-01  2.11149147082789210E+01  8.29748671678236600E+00
  7.01587183784351610E-01  1.88351362548350640E+01  8.77216071819812270E+00
  4.45239477383046460E-01  7.80954024288638050E+00  2.26952867225100800E+01
  5.39001667068871980E-01  5.47626169834688440E+00  1.69003942964115980E+01
  2.86134314477376340E-01  6.28946790788589550E+00  1.67663554816200070E+01
  7.70254277643880240E-01  2.70963686277962130E+01  2.50333053078803580E+01
  3.45648959319623030E-01  1.71014060613994300E+01  1.09835922430018940E-01
  3.39481361119070080E-01  2.41331886496966380E+01  2.38463961333193130E+01
  3.04461637453634990E-01  2.93165727859586910E+01  6.28176319243741150E+00
  5.20369884994360540E-01  2.27084488240497120E+00  1.91346355141290230E+01
  2.65726189967390210E-01  5.94988312477668660E+00  1.23419652475092300E+00
  6.26908127420837150E-01  4.39927651281099850E-01  1.24211842950501120E+00
  3.48480710258510130E-01  1.74573119576491140E+01  9.51194957142524980E+00
  2.96653470797716330E-01  2.35795029597409530E+01  2.10965559300570290E+01
  6.31923671661538840E-01  2.04937260983565540E+01  1.59217272988222240E+00
  4.09705559579089850E-01  1.11879303182691770E+00  2.66443023219225590E+01
  6.72499163702481620E-01  1.97352363927067940E+00  1.78062412401696970E+01
  2.84029264846615530E-01  2.83029221149208470E+01  9.90015466426148550E+00
  5.34631033075580400E-01  1.94004873723267380E+00  4.98680168369440670E+00
  6.17076625982510940E-01  1.05641525270088740E+01  1.36072852872545180E+00
  6.55074006360275090E-01  7.56342121238982030E+00  2.78191305166076650E+01
  5.46562010559427060E-01  1.14726916680541590E+01  5.77141963056371220E-01
  5.17626013175185660E-01  2.20030713913622120E+01  1.10124061329461810E+01
  5.82207618145930890E-01  9.80818422875781510E+00  2.92093404070300370E+01
  5.98268629341587580E-01  1.63887992545913010E+00  2.16835454206635630E+01
  5.34553382826858140E-01  8.64296019344729060E+00  7.79075457322656820E-01
  3.76753951196820710E-01  1.00344534521482170E+01  1.82595899972321870E+01
  7.52518120402026810E-01  1.86630130968789500E+00  2.39629831637855090E+01
  4.81368497469048420E-01  1.02235111673784330E+01  1.74108674360027460E+01
  6.47413426355271770E-01  2.02895396897234010E+01  2.77945580395644960E+01
  3.05466220251299840E-01  2.13716615977008500E+01  1.15395908694229860E+01
  4.46689977500956030E-01  1.43994728195927730E+01  1.47239588645690180E+00
  6.18566685513849460E-01  2.92046233535502080E+01  9.90840398976944490E+00
  5.36592099856838090E-01  1.38741746246149940E+01  2.94695999469438870E+01
  5.09574347305064630E-01  2.78426438206324750E+01  1.72651255894759930E+01
  4.92328788949218680E-01  2.93537948779219560E+01  1.84962926161627510E+01
  4.83351594707823830E-01  2.67726674308246970E+01  6.80954609983810500E+00
  4.40650972415989980E-01  2.38354220471288370E+01  8.63084185752218150E+00
  6.10911033360540580E-01  1.13901568993487940E+01  1.12230127062939860E+01
  4.34172467284937990E-01  1.64263961341840740E+01  2.78214403421951100E+01
  7.03188417218805210E-01  5.05908764273363860E+00  3.06312012167740380E+00
  2.92799561075502800E-01  3.99492373306301830E-01  1.01158062208560420E+01
  5.68243553274813350E-01  2.96022716575527660E+01  1.30954349053815220E+01
  4.60682082706054620E-01  2.86440044829967210E+01  9.80468490645402470E-01
  6.41715074739605920E-01  6.58449857950648720E+00  7.98832507106339660E+00
  4.55206736325743130E-01  2.34226955570675910E+01  1.66546523037881150E+01
  4.22201084465533680E-01  5.11321557138804650E+00  5.81168032923853770E+00
  3.63079661055833470E-01  9.35918646704831760E+00  8.16509833156224830E+00
  2.63055759251188670E-01  1.69138518013518360E+01  4.85962421685723810E+00
  5.32877675645020420E-01  3.30330429273566440E+00  2.16692690262230130E+01
  5.77235448209733180E-01  6.79989871266971410E-01  2.23627999386133640E+01
  4.09775903561979240E-01  2.85352618406620660E+01  7.25311924955435840E+00
  6.93187364831086050E-01  1.58294370911683870E+01  1.73363081771209910E+01
  4.30054269381220950E-01  2.41288785550954970E+01  1.61211146617520740E+01
  5.07436062422724900E-01  8.12173995525422580E+00  2.45907706897824920E+01
  2.49948351789403130E-01  2.83342586888948490E+01  2.65839856385798040E+01
  3.16022212934137680E-01  5.06884430973962810E+00  7.47002618124167750E+00
  4.72818350263822220E-01  2.31388847676668310E+01  2.58984066465260840E+01
  4.46689977500956030E-01  1.76114981308718850E+00  8.16232627394757420E-02
  4.74581552528920360E-01  2.70353710167423240E+01  2.28689988085545510E+01
  4.86590143357422540E-01  1.46168308366712590E+01  3.39606204699375750E+00
  2.73281005279713530E-01  9.61057070736494980E+00  9.80881408508959220E+00
  5.20515140446715560E-01  2.05546714881593080E+01  4.87444174113548720E+00
  4.13811620468168510E-01  2.83328241905029190E+01  1.64828658274707430E+01
  3.81419328643079860E-01  1.77308656649270160E+01  2.64568941003674390E+01
  4.05593309893122810E-01  2.39890240855362400E+01  2.33198832231846080E+00
  5.85380732291966590E-01  9.53795021057317350E+00  3.51489361979196820E+00
  4.06599624824484800E-01  2.61914069254254610E+01  1.73803943462818500E+01
  6.40456937776772590E-01  3.35629309046886170E+00  1.65641708148766910E+00
  4.75626642073745920E-01  3.01111487839564610E+00  2.71678849603272930E+00
  5.09222041678605210E-01  2.90635641611280170E+01  2.70477591769748860E+01
  5.77820253962530560E-01  1.13928625482360570E+01  2.88431220691699050E+01
  3.80273533482480450E-01  1.55084630565965980E+01  1.09880818335642230E+01
  5.01406606281285510E-01  3.56771287456278690E+00  1.45979823461917850E+01
  3.59079136884617700E-01  4.17342224405048510E+00  2.14744863547012410E+01
  5.94092381958372510E-01  3.25730388456958940E+00  2.57463405668399080E+01
  2.54611020839302520E-01  2.47056217270002950E+01  2.94052242881762070E+01
  4.99223721401470310E-01  5.82422511932523880E+00  4.40767578842357200E+00
  2.54611020839302520E-01  2.16065784887725130E+01  1.94314953249850890E+01
  3.20574425314766210E-01  1.31409086527893140E+01  1.66546494911215140E+01
  2.85767805251094040E-01  1.39409007709987360E+01  2.09449811858876910E+01
  2.54611020839302520E-01  2.76169502766067260E+01  1.15171522475833840E+01
  4.12246671516209600E-01  8.56139894773542660E-01  1.36108327182263480E+01
  4.41298336829792340E-01  1.53353505555690590E+01  2.36349710709288980E+01
  7.09985914168247060E-01  1.73366914851662380E+01  1.18886790716684130E+01
  6.80956647410425740E-01  8.92309885160650040E-01  1.69923558090688830E+01
  4.75338540515479570E-01  1.62986686694459910E+01  2.42236893769882930E+01
  7.49588614928249000E-01  1.00542615237965090E+01  2.38954949298158180E+01
  4.74033319401206570E-01  2.46890529222153000E+01  1.49000251111860290E+01
  5.20515140446715560E-01  3.95151073386448550E+00  3.58281952619554600E+00
  5.48131117613959250E-01  1.01154038021002760E+00  6.80720644272221340E+00
  3.46733456860136300E-01  2.73693563766913570E+01  2.80114573002237850E+00
  6.97384645011991290E-01  5.75600067460051430E-02  2.50932431026206530E+00
  3.78209123272245940E-01  5.58802723116000790E+00  1.79147154556004050E+01
  3.82382183723224410E-01  7.78201979831601330E+00  2.88332825964417550E+01
  4.46537248270915300E-01  1.76015953954501610E+01  1.43850161013732900E+01
  6.08690451339190200E-01  1.24623083620722870E+01  1.60205960792907050E+01
  2.59062449636064510E-01  1.65209324007162940E+01  5.20345829504907620E+00
  4.43756654693070110E-01  2.71564915519494930E+01  7.65321489821619580E+00
  3.18942867500738640E-01  1.84703856914710580E+01  2.91355557818438770E+01
  7.16535845940979770E-01  1.13183878481143320E+01  1.44032377395051300E+01
  4.62836237406567810E-01  7.10120149576686720E+00  9.86761351049462300E+00
  6.97384645011991290E-01  9.09117622302832200E+00  1.77473334653821980E+01
  2.47647088603063280E-01  2.27300121603237950E+01  5.30438065209334210E+00
  4.05793634226126800E-01  1.51059173532094530E+01  1.81631251297687650E+01
  5.37364664263313330E-01  5.25629809082666720E+00  8.29512637520967110E-01
  5.72881440675418570E-01  1.47815479371959950E+01  2.56434235863991480E+01
  5.04213456464067280E-01  1.77986778131697820E+01  8.15670020999145070E+00
  3.86557871019070410E-01  1.61496515702869980E+01  2.00698351673898930E+00
  5.62178328188990490E-01  1.96214757624503870E+01  1.69552205526813680E+01
  6.41715074739605920E-01  2.87503576859651400E-01  2.95377327471414230E+01
  4.54567147313974470E-01  2.19128920759332790E+01  9.51482501284351120E+00
  3.97011970696729720E-01  5.05452980416702680E+00  1.60653403949868260E+01
  3.99477862283745790E-01  8.68129457127390400E+00  1.12336901617818990E+01
  5.15931587153482510E-01  9.46539599053875950E+00  1.63825117770471220E+00
  5.98026541173087530E-01  5.47458898114375000E+00  2.03234141774650470E+01
  5.94917806945655060E-01  2.61764740645411320E+01  2.22335821361113270E+01
  3.86557871019070410E-01  5.72984347149225130E+00  5.28837949602831350E+00
  5.52347772924787250E-01  2.95125982427537610E+01  2.46514934667160300E+01
  4.05793634226126800E-01  2.40075948058713210E+01  2.29998378956345810E+01
  4.66753989857397040E-01  2.86340429937275540E+01  2.79240228032796230E+01
  6.77666041374141330E-01  1.55797687681320290E+01  9.93309559472398720E+00
  3.23306573977224420E-01  1.17779643309849900E+01  5.21191993370836480E+00
  6.88340418185590860E-01  2.31114678118194800E+01  1.55542889772360110E+01
  4.11696508529454960E-01  2.13339726377999060E+01  2.30087299961114660E+01
  4.03052389307286420E-01  1.98132579685364690E+01  2.89606386788487670E+01
  2.97529618718302210E-01  2.21036304428145450E+01  2.70549850322001890E+01
  3.13090147150790890E-01  1.78407189403266530E+01  8.97291282022701790E+00
  5.01435669612667030E-01  1.21234718702052810E+01  3.37663872343266600E+00
  5.26482748420329030E-01  1.28601868418314780E+01  6.39177601883182960E+00
  6.75156127532392600E-01  1.23167127823904230E+01  1.34343626118900340E+01
  7.20816873845379820E-01  1.82283801105729300E+00  9.07627888340899420E+00
  5.30006102735105960E-01  2.74146203282780370E+01  2.69553190669135280E+01
  3.43353541919950760E-01  1.15909914183001440E+01  1.86384587448357660E+01
  5.32877675645020420E-01  1.94575538024262040E+01  4.16292112721043050E+00
  6.44956217916396120E-01  2.82376071404093130E+01  8.97433946471092980E+00
  3.55036581058269410E-01  2.03127237354710780E+01  5.71586776483705170E+00
  4.30054269381220950E-01  2.20530697058488800E+01  5.27276885847107830E+00
  4.93734512940847830E-01  1.71879387317694600E+01  1.30823046053855040E+01
  3.42409596243210680E-01  5.72600139514198240E+00  7.50744415554943510E+00
  5.58952633370732950E-01  1.56336718297550910E+01  2.26806820998653150E+01
  4.49954956992444630E-01  1.22678319855532420E+01  1.91183060789803530E+01
  4.11346310528290360E-01  7.72212235957357950E+00  1.04823467242756100E+01
  4.72818350263822220E-01  2.64610625577834500E+01  1.75444795028671510E+00
  5.00672486592370710E-01  1.13948477008017120E+01  8.16592801055696070E+00
  4.15334611176110170E-01  2.17482674161624700E+01  2.58252520419500350E+00
  7.70254277643880240E-01  1.96314487168614600E+01  2.54965376791608770E+01
  5.32262962461145860E-01  2.12135499009350820E+01  2.93837595835555020E+01
  4.01880163826280960E-01  1.46895698320407690E+01  5.51259271904059660E+00
  7.41720708060832300E-01  2.22072744076310900E+01  1.44463841119349310E+01
  3.01674668393272730E-01  2.39477803149694350E+01  7.84842662318129670E+00
  2.66929568161810020E-01  1.45280233621397400E+01  2.09005650434500230E+01
  4.15334611176110170E-01  7.22556440798958820E+00  2.48205775968559940E+01
  5.20369884994360540E-01  1.50051093401376040E+01  1.90827823341721940E+01
  2.84672167568555990E-01  2.65818911128819550E+01  2.91787462087589230E+01
  5.18912146576496980E-01  4.36641789912589660E+00  2.58377312768543850E+01
  3.90540239164096370E-01  9.80404369654459980E+00  4.45349202592861550E+00
  3.63079661055833470E-01  8.78780001128703600E+00  1.45109865034325730E+01
  4.73113776075054650E-01  1.67289499998415710E+01  9.88993832531635600E+00
  5.55687039951364880E-01  1.60419946248414110E+01  7.19561828547998330E+00
  6.97384645011991290E-01  2.83323195820715230E+01  2.42426459501636950E+01
  3.54092873053847420E-01  1.34200566354340850E+01  2.64418599940136650E+01
  7.37991961479508610E-01  2.91519973430056890E+01  4.58408720427841040E+00
  5.10790949981952740E-01  5.41984313082720970E+00  1.18169397812960230E+01
  7.03918080384424090E-01  6.15548205115242200E+00  2.18161705228247230E+00
  2.69326463995374250E-01  2.04230858725370460E+00  1.47652811417340790E+01
  5.39922025342825940E-01  1.79320148253698620E+01  2.48954690186939300E+01
  5.39922025342825940E-01  7.61346971053533220E+00  4.74124707054372150E-01
  3.52682444144397330E-01  1.91454021451583500E+01  5.81297714657959470E-01
  3.17084428049163950E-01  2.49715203219081050E+01  4.31403604149035760E+00
  3.92511582998476170E-01  7.04685683685103290E+00  4.13370601988762140E+00
  2.92799561075502800E-01  1.58166628353909290E+01  4.05033963131771200E-02
  3.63105686475124490E-01  2.88188189641864340E+01  2.05588246442293330E+01
  3.25036994184950640E-01  6.61921518969051890E+00  1.32258677713571550E+01
  5.70902198024309190E-01  1.45622502125548370E+01  7.26250821459814500E+00
  6.18138908065390960E-01  2.92922576463269380E+01  1.68622915193131530E+01
  3.10705613459761840E-01  2.30188237863764700E+00  6.11179484929960100E-01
  6.99092076263204730E-01  1.41952186377522210E+01  1.99937375953252430E+01
  4.40295189098215370E-01  1.38052782507105590E+01  1.70250247863130750E+01
  6.52034765531911640E-01  1.41923209697562400E+01  2.83243695345083390E+01
  5.12628979659419230E-01  2.39290720845274510E+01  1.20323820813176070E+01
  2.68569610726517900E-01  1.52930441424303220E+01  3.73118039745206830E+00
  4.41473589537221400E-01  1.91478588273226610E+01  2.94799934027120970E+01
  7.41623060643924430E-01  1.15327653726189490E+01  2.37053662040028780E+01
  2.49794182180603610E-01  7.16707927007120200E-01  1.29638903668704110E+01
  3.44856808658559500E-01  2.92117989850233460E+01  1.55163161981318960E+00
  6.83701617051292750E-01  2.15899265318008100E+01  4.26058649716366670E+00
  7.19599311285852310E-01  1.05101072093472950E+01  2.73849554479972670E+01
  6.67521681419926690E-01  8.88815572298149450E+00  1.91660399496110680E+01
  5.40946473112310590E-01  2.94684705029093910E+01  1.41962917217091300E+01
  3.83579206291793930E-01  8.06170563666933230E+00  1.74196299639583000E+01
  5.04339573614743570E-01  2.44444449347915340E+01  1.05949696968717260E+01
  6.35523375007872900E-01  1.57162471361157450E+01  2.93249117585921550E+00
  3.44905765886116280E-01  1.39621372791232210E+01  4.94960689104982170E+00
  2.65726189967390210E-01  2.02469456378627120E+00  6.90726788385749040E+00
  4.87785457169642190E-01  9.81968181618385390E+00  5.69472785188155410E+00
  3.71299762957800540E-01  5.07568327904661130E+00  2.42941703791300900E+01
  4.13811620468168510E-01  1.56580808492962560E+01  2.74635406046220500E+01
  5.69423614487483490E-01  3.18416267242882080E+00  2.38721149539487780E+01
  5.83429036676414100E-01  3.30560123498974920E+00  1.73507361436039210E+01
  5.30006102735105960E-01  1.24787592194341810E+01  2.86263415346696770E+01
  5.16710955738981780E-01  7.01263365986374070E+00  2.92984030707237150E+01
  2.65726189967390210E-01  2.79161975838524760E+01  1.80363810850135770E+01
  3.18942867500738640E-01  6.68878410890882510E+00  2.73905738276285610E+01
  3.23881608201221470E-01  1.13771822876433890E+01  2.07896425100248120E+01
  3.54092873053847420E-01  2.82262711464192240E-01  6.27623253721917250E+00
  5.12509616084684260E-01  1.53504353071938180E+01  1.59553308056072170E+00
  4.99223721401470310E-01  2.53138047347891980E+01  1.63773223448259450E+01
  2.56092450391898300E-01  1.45194915505792410E+01  2.48019070891766200E+01
  5.45765227979075810E-01  2.73177481424272270E+00  1.39676385415886270E+01
  6.94010183176834960E-01  2.31639930659899380E+01  2.01916127015934630E+01
  3.57201130995523370E-01  1.32663403200913020E+01  4.85796366550621880E+00
  5.25895496843049500E-01  1.05872683461785380E+01  3.12805244739263300E+00
  5.10790949981952740E-01  1.55862367331129800E+01  5.33167129808605190E+00
  4.89717368181109780E-01  1.31628755954765690E+01  1.94043034983050650E+01
  4.82769235883485770E-01  2.19556938254599070E+01  1.83719182072799360E+01
  6.93278360304079300E-01  2.01554027487411140E+01  3.09447023450022840E-01
  3.35017483125717060E-01  2.53067935080465990E+01  3.09372038560141770E+00
  3.26514001167033020E-01  1.91209924542047920E+01  2.78306122563491770E+01
  4.75880684447443510E-01  1.94119367322338970E+01  6.80531582631059880E+00
  4.22354771203238230E-01  2.50743622988199810E+01  2.57325996647815100E+01
  4.11966131227655820E-01  1.37827265066589210E+01  2.57549785813923470E+01
  7.30946391186454210E-01  2.31247092186934180E+01  9.56173116354927010E+00
  4.22201084465533680E-01  2.88366290706719490E+00  1.30122171868320660E+01
  5.15931587153482510E-01  7.76364054179215040E-01  1.45352634030548270E+01
  5.52347772924787250E-01  9.39555599241276160E+00  1.06049715105996450E+01
  2.49794182180603610E-01  6.58059816529210020E+00  1.38010321923903480E+01
  4.50103975287380020E-01  3.06236066891376170E+00  6.06604423257473440E-01
  3.61769499680632390E-01  2.62208167606346160E+01  2.12782739951609410E+01
  2.77147605524350650E-01  2.05452033718018750E+01  2.49856812733890340E+01
  7.64764367446448820E-01  3.41600059481516550E+00  1.07472994636637620E+01
  5.71326189973923350E-01  1.53425329984550810E+01  2.46472019210776030E+01
  4.07877171249442140E-01  2.83570011139941410E+01  5.40931118694339210E+00
  4.46540105696671490E-01  2.76088033700679110E+01  2.84096005640238220E+01
  5.07606992315717240E-01  2.46134068369436320E+01  3.57143387876884200E+00
  3.01731430220296380E-01  1.95043903068483860E+01  2.83276881366997270E+01
  4.32382463464541460E-01  1.45729902406316610E+01  1.52153150898636670E+01
  3.25762576013666160E-01  9.55365294774223810E+00  2.13658407359053940E+01
  6.24920360555607160E-01  4.77910296757886850E+00  4.81981885831837610E+00
  7.38532964590205680E-01  5.61815378003602110E+00  9.10903028916721880E+00
  3.92511582998476170E-01  8.94677897330251070E+00  9.75297638951925270E+00
  2.97561439636419770E-01  2.07960548956258470E+01  2.55031232568778530E+01
  3.46434506905438330E-01  1.61635071349485600E+01  2.34138316828286400E+01
  5.89502618647478990E-01  2.10334714266806700E+01  2.63669414347310000E+01
  3.32399546609116130E-01  2.22818969314046740E+01  1.02097281120876070E+01
  5.77649046292645880E-01  2.53225840695507680E+01  6.86356803940713970E+00
  4.31729360191427780E-01  1.78241967383928890E+01  2.95166660155460720E+01
  3.17950877609215300E-01  2.43722899957323950E+01  7.28830523923074570E+00
  4.75880684447443510E-01  1.35304417458827630E+01  5.64728607051815070E+00
  3.91816801400439550E-01  2.01415364066380040E+01  2.44525078812037220E+01
  2.50163292655703180E-01  2.30628226816822240E+01  2.93815782520347000E+01
  3.42074681651230290E-01  2.62653946476460330E+01  2.31814123995917040E+01
  3.50974061745161330E-01  1.21210946475096510E+01  1.30250742232106380E+00
  6.18566685513849460E-01  2.39007615387727550E+01  2.19811585676739690E+01
  3.24719866931951940E-01  1.29267041855123600E+01  2.38918208494940030E+01
  3.57201130995523370E-01  1.06635799837113580E+01  5.70325754662710870E+00
  3.13090147150790890E-01  1.05449928787954810E+01  2.29032936927889440E+00
  2.58355477869490890E-01  1.09141066242870650E+01  2.45465743867068160E+01
  4.83351594707823830E-01  1.24356602107727670E+01  2.45328971682308530E+01
  5.48463672908306780E-01  7.24983600040363910E+00  1.78767981941083210E+01
  4.24351701398837560E-01  2.70568096718761910E+01  1.28041518458269100E-02
  6.80557430527969220E-01  7.65580126046810070E+00  1.15718944095853920E+01
  3.73125396709624990E-01  8.49901647525906510E+00  1.03797331463758980E+01
  6.77808113742920780E-01  6.32893774830670090E+00  2.83199058580735820E+01
  7.67512613708393760E-01  1.87661420713527390E+01  1.15153863554292020E+01
  4.76544583128828500E-01  2.04279566238552770E+01  3.88585698650202980E+00
  6.97738347479756800E-01  7.83758561370573940E+00  2.11031897581716270E+01
  4.49545157175862540E-01  4.33375568214997300E+00  7.25813301845464400E+00
  6.25336422111717830E-01  2.49965069819219150E+01  1.24234165984546220E+01
  4.99487474973056500E-01  1.63374258814366340E+01  1.25698836592422900E+01
  6.67521681419926690E-01  1.55205588690169660E+01  2.88202233186469070E+01
  3.44170209092795430E-01  2.39231010956225950E+01  2.44965616868977740E+01
  4.01880163826280960E-01  2.91227679087003180E+01  2.87170000044324420E+01
  5.95035019805102560E-01  1.73419407083557250E+01  2.73520687226343430E+01
  5.20348764567513020E-01  1.42388295342220510E+01  1.12587872664625410E+01
  7.44845164893703690E-01  3.48667869839801230E+00  1.94846595259602540E+01
  6.94010688862415210E-01  2.83172161496818260E+01  1.08773365110543650E+01
  4.00156705760987560E-01  1.74907520414391970E+01  3.11991097390176990E+00
  6.57722721512726150E-01  3.47307538994760550E+00  2.92703951882489730E+01
  3.61198882346046800E-01  2.83602886666337890E+01  2.87050770201206480E+01
  6.07167866036927160E-01  8.70059480180173140E+00  4.50974917583724990E+00
  5.81677556670477180E-01  1.97132328297918780E+01  1.38574577276069190E+01
  3.17579752081870750E-01  8.15306312549808080E+00  1.98213198134355370E+01
  2.69169509893181310E-01  1.91424561419675210E+01  2.87693708330695940E+01
  5.36592099856838090E-01  2.01031166631622430E+01  1.16654437446355050E+01
  3.01799748246536660E-01  2.40879213802383810E+01  1.53904278101181690E+01
  4.05794678723965420E-01  2.01070504382648070E+01  8.98521501665415020E+00
  3.65995101567518470E-01  2.05580487248754090E+01  2.87709468878733610E+01
  3.39481361119070080E-01  2.81768201395263700E+01  2.52858804732065860E+01
  6.97384645011991290E-01  1.63301283004451290E+01  8.86231442969800300E-01
  6.82253548551889110E-01  2.61990914586652470E+01  8.89601036177282370E+00
  5.67035311113654220E-01  4.55907509633161650E+00  1.76011983905581920E+00
  6.47236078597052340E-01  8.73719788100075870E+00  2.57808033616555580E+00
  5.92513140571182980E-01  5.20558944466390730E-01  9.23909213538542670E+00
  4.71553509741754610E-01  2.13323542340402170E+01  2.83874849994562520E+01
  6.55885333720611730E-01  8.91377559857888890E+00  2.54578730377461260E+01
  2.83840017940612550E-01  2.70802536290690600E+00  5.26879385823668310E+00
  5.65219172841477580E-01  1.26590141291199960E+01  2.30433338162910000E+01
  3.48480710258510130E-01  1.38432641187787290E+01  2.98082498340186280E+00
  6.26908127420837150E-01  2.46119100581447550E+01  1.50891298001840510E+00
  2.62213147743524950E-01  1.13571040557969720E+01  3.29633957081539290E+00
  5.08737612195334600E-01  2.13793483333698900E+01  2.74087895338354070E+01
  4.59281804788439010E-01  2.08751173143967820E+01  7.17590253982730710E+00
  2.86550378078914000E-01  2.42976673392238710E+01  6.51791036003147720E-01
  2.99038091422116640E-01  5.55418698555205110E+00  4.81900684313032460E-02
  3.62493203924014780E-01  1.03221880797074040E+01  5.00922411366003480E+00
  5.64616421781660800E-01  2.61488167885515170E+01  7.65099908166830200E+00
  3.87533216804236250E-01  2.46455014571739820E+01  1.83872192258452460E+01
  3.90540239164096370E-01  2.96439489820566580E+00  2.48064037212339380E+01
  5.44640939783434240E-01  6.49249244763567910E+00  1.19549265123749200E+01
  3.84420431658369740E-01  2.32208908115276880E+01  8.08151991546908910E+00
  4.53492046339069340E-01  6.31948658838720250E+00  1.75048718536306610E+01
  6.38023782753992030E-01  2.95803817461973640E+01  7.18629003212220320E+00
  5.00672486592370710E-01  4.45981675899479500E+00  1.14997306847471240E+01
  6.08873319065221350E-01  6.04733029091892860E+00  1.59052280609483250E+01
  3.18942867500738640E-01  1.58412320067507850E+01  1.41579048716508600E+01
  2.65726189967390210E-01  1.97698935111217860E+01  4.89687430968155100E+00
  7.10410487391814980E-01  2.28724579796159060E+01  2.52736011794563350E+00
  4.66797018098134940E-01  1.69875593524672370E+01  1.84638401319958340E+00
  3.89889811574280460E-01  6.49337752517793200E+00  5.69102362523925010E+00
  2.92456502136063850E-01  3.48692996062527880E+00  1.26297491403454580E+01
  3.63079661055833470E-01  6.59901782960892640E+00  1.19322079436269250E+00
  4.13811620468168510E-01  1.68249614904697290E+01  1.78311076217153010E+01
  2.60417758313763680E-01  5.37375715272837340E+00  1.61810956696986370E+00
  4.41940562555082740E-01  1.61375185825499430E+00  2.59514421551920760E+01
  3.08418768867630710E-01  1.27445126382462860E+01  2.21690498231815210E+01
  3.04461637453634990E-01  2.88007311836342450E+01  2.51272968833616450E+01
  4.75626642073745920E-01  2.77095130930848160E+01  1.29298337751583730E+01
  4.19693779402500590E-01  2.11308664511265010E+01  1.48817977293410100E+01
  3.26514001167033020E-01  9.56366913989250380E+00  7.50668541390119510E+00
  3.55388479881239270E-01  2.47888363271003700E+01  2.78948329680620790E+01
  5.33859136323620030E-01  2.30007104065433910E+01  3.76473726313825980E+00
  3.39481361119070080E-01  5.18041067950109380E+00  2.27588295296554720E+01
  2.51153087880769550E-01  2.50347219486587170E+01  1.42626968153121490E+01
  4.21603844523193420E-01  1.65325906519640990E+01  1.61602974262350580E+01
  5.20348764567513020E-01  2.89458278407879560E+01  1.57783860770944620E+01
  6.86210935380316480E-01  6.11514404351181100E+00  1.46125358454678890E+01
  4.41140732643827070E-01  1.65725328842287210E+01  1.44240513246108240E+01
  6.26908127420837150E-01  1.89888048810152410E+01  1.28912262132449220E+01
  5.11871480770454750E-01  2.67166677799319460E+01  1.30035276068659690E+01
  4.70990686464341570E-01  1.01793264747379040E+01  8.01357385360116230E+00
  5.20369884994360540E-01  1.53033881156408920E+01  2.07640370362154730E+01
  3.04306421741581800E-01  8.16040223722865040E+00  1.81297601284472950E+01
  5.88333222664750720E-01  1.64737040547573770E+01  1.09196834736093390E+01
  6.64541222436485860E-01  1.73323195989896560E+01  7.01108722192079180E+00
  4.24351701398837560E-01  1.37033116993289910E+01  1.61668913932219920E+01
  5.55920758830291820E-01  2.88682983361620450E+00  3.73994433651141380E+00
  2.89042915761794110E-01  1.06631153985844130E+01  1.80433671393178510E+01
  2.47647088603063280E-01  2.11537941686946950E+01  2.17294845066400550E+00
  5.88686278844574580E-01  2.05411877270054330E+01  1.77332562368308150E+01
  3.53063097104977870E-01  1.84921563568154570E+01  2.36194475103974440E-01
  4.50600139601478670E-01  1.14097918421420590E+01  7.21509002836523640E+00
  6.65634982039605120E-01  5.10203840582060670E+00  1.37182160216905370E+01
  4.69750256464274060E-01  5.63095527723020690E-01  1.97709382144871420E+01
  6.13801455222646290E-01  1.36869110697309160E+01  3.98324894546636890E+00
  5.14582826754803690E-01  2.25850769150234390E+01  6.05243003384976670E+00
  3.81419328643079860E-01  1.50782854702840710E+01  2.65597326699730590E+01
  7.28196096543639280E-01  8.25935885088016700E+00  1.54654859058997190E+01
  7.33199636544987770E-01  8.90118517066286690E+00  6.49742632911918250E+00
  2.86550378078914000E-01  2.82735098838214040E+01  2.32609209044601180E+01
  2.52169786807371790E-01  2.64707631536643630E+00  2.87848476548931240E+01
  5.01406606281285510E-01  1.23826006343757980E+01  8.33070225624363660E+00
  4.18948713530687210E-01  3.36724472207788270E+00  5.51116885595281230E+00
  3.62620749938717070E-01  2.82273439042690730E+01  1.97169267021953410E+01
  3.15231116497538320E-01  6.06974173019013820E+00  1.35612761687419800E+01
  2.83840017940612550E-01  1.46461658030847810E+01  2.91935948237509670E+01
  4.72199721516180480E-01  2.69040460269205180E+01  2.38061455902620230E+01
  4.41666133880560000E-01  1.77908772025908140E+01  2.24966478767015090E+01
  3.39073066583844400E-01  1.68214710090105440E+01  3.43258144650313750E+00
  2.54831192030272870E-01  2.40687928269610010E+01  6.04728798790013840E+00
  6.65634982039605120E-01  1.35725361045726170E+01  2.46975218689859840E+01
  2.69326463995374250E-01  1.88709124425221970E+01  2.47920886117204640E+00
  3.08418768867630710E-01  1.55966863424342300E+01  1.22482440182014760E+01
  5.63324676144028570E-01  1.84281264762465010E+01  1.64900813021721790E+01
  2.49794182180603610E-01  1.95224769644499360E+01  1.21957213193481590E+01
  6.44956217916396120E-01  2.37264084661417880E+00  1.65519730799308890E+01
  4.26043897269923290E-01  1.64391374434852970E+01  9.03894020160061020E+00
  7.44533748089133770E-01  2.44512664000814080E+01  1.72719532117076010E+01
  2.47647088603063280E-01  2.41576956750503880E+01  5.55299592098518600E+00
  3.47451934045076260E-01  2.71632755425497410E+01  3.55564519440057400E+00
  4.83182858574677270E-01  2.78446193691004320E+01  2.60383897974556790E+01
  5.38382388131525950E-01  2.54945749905974530E+01  1.80183751427365240E+01
  6.08690451339190200E-01  2.57302546698260850E+01  1.53518201123778720E+01
  3.93024383017402490E-01  2.86858882543685890E+01  1.28067707991563700E+01
  2.54611020839302520E-01  1.78683196543858220E+01  1.50327128542071090E+01
  6.82253548551889110E-01  1.82543515929973130E+01  2.14729613211834620E+01
  7.67665169660178040E-01  8.61319258730470420E+00  1.33940329514681230E+01
  3.95839252948554370E-01  2.61906502728711460E+01  2.42995218611871630E+01
  5.15379284759350490E-01  9.66160745582058840E+00  1.45971157369715070E+01
  5.09222041678605210E-01  6.05170815860947900E-01  2.39373472697668140E+01
  4.72038094207023740E-01  2.56155243342504870E+01  2.64442058779693530E+01
  6.64541222436485860E-01  2.18379465740202110E+01  2.39588689771164740E+01
  4.84167632717154460E-01  2.16981962167806870E+01  1.68519380894528050E+00
  5.39922025342825940E-01  1.68085142220805500E+01  2.63505360702447110E+01
  3.77759649416993960E-01  1.79945487294468870E+01  1.27541781913294180E+01
  5.06367095649294540E-01  9.28499198046558580E+00  2.74208514293332900E+01
  3.05466220251299840E-01  1.62527321669171200E+01  2.08269712271260660E+01
  7.55604472483241980E-01  2.67843857076051430E+01  1.09450167708598190E+01
  7.68548325332126940E-01  2.83150345055947380E+01  2.21069555555318860E+00
  3.09209541844886400E-01  1.71999751888590740E+00  1.99139711673343810E+01
  4.71553509741754610E-01  1.79104054228083020E+00  2.27418695715767600E+01
  3.65995101567518470E-01  3.78590195944838600E+00  1.20436248509219990E+01
  6.26517897412854200E-01  1.80092292981790790E+01  2.23417988735816580E+00
  3.55388479881239270E-01  6.40353210371630870E-02  5.49469313563383020E+00
  3.90423892796942250E-01  4.72856757967345140E+00  2.09713686985947660E+01
  4.92172780862642510E-01  5.50268526543543680E+00  2.14127772190032570E+01
  6.66683478841499700E-01  3.43682095535563190E+00  6.59435546734266160E+00
  6.94903868090152520E-01  1.77207263892489730E+01  9.45457060539063040E-01
  7.65642972591057180E-01  2.51444924447522890E+00  2.06387265767696100E+01
  3.52682444144397330E-01  2.66679236407022420E+01  9.83008317293215580E+00
  5.39466591144820300E-01  7.10509579825797570E-02  2.06531690379274590E+01
  4.26043897269923290E-01  2.54930340305877180E+00  2.22616444550006950E+01
  2.53364602799301860E-01  1.13929016761345280E+01  3.81027985467973360E+00
  3.83290088603488770E-01  1.16125534110870420E+01  2.73607503074884450E+01
  5.55920758830291820E-01  2.50291714985403570E+01  2.23013919101785550E+01
  4.13050329149462850E-01  9.74286018207865820E+00  2.82171315300835630E+01
  5.20369884994360540E-01  2.70525001678034160E+01  9.57458213120542470E-01
  6.99477888048091770E-01  1.87708039145705820E+01  1.47247003173632670E+01
  3.59079136884617700E-01  1.14386075827449400E+00  9.98311829670101500E+00
  3.01799748246536660E-01  1.14803201080096730E+01  1.42464506449966380E+00
  5.28731261397185740E-01  1.98128476874556550E+01  2.03339899504818430E+01
  6.80338287111455390E-01  1.05857218633423610E+01  2.25686634936555310E+01
  4.74033319401206570E-01  2.59304126817470820E+01  2.54673567589293800E+01
  3.53302408788900560E-01  2.90710424210395680E+01  5.67186658937004220E+00
  4.03052389307286420E-01  1.54701449897470820E+01  1.34361544851205360E+01
  3.33973424357718240E-01  1.21976926377013330E+01  1.83375809135361290E+01
  4.68162992243922280E-01  2.75579164455301500E+01  9.99780864249931160E+00
  4.72192289519205580E-01  1.63385937903726410E+01  1.35415049842335800E+01
  6.73658304681401180E-01  2.18048593074650260E+01  2.03380480450972490E+01
  4.61178090502161720E-01  1.85376049262201410E+01  2.83587641379815350E+01
  4.18189647978318300E-01  2.15256906845365780E+01  2.22013971094762220E+01
  5.15379284759350490E-01  2.88865623415149670E+01  3.35998888077484990E+00
  5.34553382826858140E-01  4.41682001686730170E+00  2.23340620992621200E+01
  3.70336582810533970E-01  1.25233094157370810E+01  2.60201535651570510E+00
  6.42747544188997020E-01  1.07648760172483690E+01  1.64257064723477800E+01
  4.50600139601478670E-01  2.43723524728771860E+01  1.40315767096336720E+01
  3.55036581058269410E-01  5.67229357856399470E+00  2.47449497158685040E+01
  3.54092873053847420E-01  2.05390563372247390E+00  4.10594369049107580E+00
  5.13614394364816020E-01  2.74142384766888410E+01  1.93926650745033450E+01
  3.65995101567518470E-01  8.06941276333893140E+00  1.43881344666666760E+01
  5.25383403930900440E-01  2.65097279107502320E+01  4.13373501240076190E+00
  3.83598938984435380E-01  1.29565416605241830E+01  2.94087832549309030E+01
  4.86073626967704090E-01  1.84207946253470320E+01  2.74187555853505530E+01
  5.96963967672292380E-01  4.29264828225421800E+00  1.67034640659946090E+01
  4.66553963192992600E-01  2.56726051796853980E+01  1.24454846110087970E+00
  4.15252526658189590E-01  1.51365099325275950E+01  1.16901809216412880E+01
  6.36786611163594070E-01  2.74187230241940970E+01  5.86819253600993830E+00
  6.06760633376156730E-01  2.09754615444888590E+01  1.88457991287170860E+01
  5.25895496843049500E-01  1.25899929014648590E+01  4.29130582209609650E+00
  5.05409982910693060E-01  2.05660203647342930E+01  2.25089448211663950E+01
  5.18912146576496980E-01  1.76428343294869170E+01  1.72691473545462980E+01
  5.81677556670477180E-01  1.20672808371933990E+01  1.22032688380640750E+01
  2.50625569857546320E-01  1.95757484070396650E+01  9.37064024526803510E+00
  6.67521681419926690E-01  1.13993952552704520E+01  2.63215148862620650E+01
  6.52034765531911640E-01  2.57637783136879830E+01  2.76426380685500240E+01
  3.81419328643079860E-01  2.57307387250701180E+01  2.36731168200307710E+01
  3.18942867500738640E-01  2.82416679597939930E+01  2.71452171918906160E+01
  6.63973334543257470E-01  9.66353937744412410E-01  2.50557505342287640E+01
  4.05793634226126800E-01  5.13014297192339260E+00  1.08897044704196110E+01
  2.88617724104866640E-01  1.45049316854506860E+01  1.01450830181838590E+01
  3.17587838135982990E-01  5.32765428396601410E+00  2.69553544279466560E+01
  6.94010688862415210E-01  2.14027381163833250E+01  1.32578850664657520E+01
  3.25036994184950640E-01  1.50854484176228420E+01  2.79293537756109170E+01
  4.41940562555082740E-01  2.87870530985387060E+00  8.16275340017472220E+00
  3.05466220251299840E-01  1.21078037751001730E+01  6.03859466701557410E+00
  7.22984261441823330E-01  7.47281413977535890E+00  6.21879630331277510E+00
  4.60682082706054620E-01  1.96685535521456420E+01  2.37435949321021270E+01
  4.22201084465533680E-01  8.35348463366940840E+00  2.95536577186259810E+01
  6.24824560398126750E-01  3.97873797789077790E+00  2.47623602277468180E+01
  3.63079661055833470E-01  1.65292681173294830E+01  2.86116903529892500E+01
  3.25516939164680520E-01  2.37836798877651260E+00  2.60164714622723740E+01
  4.87886881528419990E-01  2.71855303062856600E+01  1.21213608632587010E+01
  4.34172467284937990E-01  2.67018205721254490E+01  5.07312520717579930E+00
  7.04082361725448710E-01  1.35518385335745960E+01  8.03939387007189770E+00
  4.40295189098215370E-01  2.46331961383116750E+01  1.92394873077435270E+01
  4.54567147313974470E-01  4.98384485749141340E+00  1.85286909050202300E+01
  4.89717368181109780E-01  2.32058327895089040E+01  1.27263302926244690E+01
  4.82771447840326400E-01  1.88209576847099490E+01  2.01378571226786530E+01
  3.54092873053847420E-01  6.67326894412054820E-01  2.60285240301420690E+01
  7.67457697882333090E-01  7.57010205329117450E+00  1.77952905453460900E+00
  4.43129600128677660E-01  2.38543594462792260E+01  2.65158077120243900E+01
  5.61514797181737530E-01  1.49505642819842720E+01  1.42485372290004620E+01
  5.82207618145930890E-01  2.07355719080840650E+01  1.65803366268966100E+01
  5.94092381958372510E-01  1.67577549447551280E+01  2.24245884505583990E+01
  5.64318884198494160E-01  3.40457263931852470E+00  2.27609648559722470E+01
  6.16837537735261420E-01  3.50305503210410720E-01  2.82810948954827240E+01
  4.20581746236023420E-01  2.20888799075288920E+01  2.50135197458170990E+01
  3.16022212934137680E-01  2.42008469115211180E+01  2.10683999887786940E+01
  4.59502380082057990E-01  2.15661330664338780E+01  1.75141645827745230E+01
  7.48336469443998900E-01  1.84581208159911510E+01  2.36340756651012390E+01
  6.90159994875631000E-01  8.80463909859608410E+00  2.20977244089794600E+01
  4.68364091588631840E-01  3.74117712282700540E+00  2.07691147282191190E+01
  4.05593309893122810E-01  2.25321630819345700E+01  1.33461145517160770E+01
  5.55687039951364880E-01  2.44126666761701190E+01  2.02105579782148370E+01
  2.83840017940612550E-01  2.15803034770779330E+01  1.67711578926443890E+01
  5.98280766214214580E-01  1.36225503430067290E+01  2.23921007950028430E+01
  5.84913004272127690E-01  1.59392507359300990E+01  2.56369030788117480E+01
  2.83840017940612550E-01  4.46345932190904730E+00  1.07160164774731740E+01
  2.83517655556827110E-01  2.45374535846543830E+01  2.61904995283837470E+01
  5.27599340399055180E-01  9.58538346254031030E+00  2.64320974460860190E+01
  6.24824560398126750E-01  1.64371475698427890E+01  6.08340190927615330E+00
  4.84167632717154460E-01  2.07309373319858030E+01  1.99076757238471740E+01
  5.66562802601083430E-01  1.96997429974104890E+01  3.09129795085580650E+00
  5.81213412342838430E-01  6.29847586966927770E+00  6.78381612061328990E+00
  5.13285974501586400E-01  2.91701176192635780E+01  2.23205786657723270E+01
  5.29625185962053640E-01  7.35122185438133700E+00  1.36903792188862500E+01
  3.30104909316010620E-01  2.33405153485419420E+01  1.91834439102891280E+01
  5.48174971142568520E-01  2.56948135495510780E+01  4.83229330889594260E+00
  4.72192289519205580E-01  4.22025777455110780E+00  5.76783541132642340E+00
  4.53126113496558960E-01  8.66585047853787320E+00  1.20860416079002210E+01
  5.25993347610763350E-01  1.68763763904958530E+01  2.50409190678979350E+01
  4.75338540515479570E-01  1.94954210131436550E+01  2.07025698606066430E+00
  4.30858982518450690E-01  1.58854546573634130E+01  2.66506940810588620E+01
  7.09741570678139940E-01  1.45958567960835860E+00  1.55519764522369300E+01
  5.05409982910693060E-01  2.81764295412907050E+01  1.20675702025627290E+01
  5.20369884994360540E-01  1.46941820879065370E+01  2.39281314027980850E+00
  2.73281005279713530E-01  1.08247071764553460E+01  7.64308636172113600E+00
  3.09574052588245370E-01  7.23714341679021180E+00  3.45796772431138600E+00
  3.18095930761502070E-01  1.94551439471765520E+01  2.72804181383473790E+01
  4.46537248270915300E-01  2.33150486608284030E+01  2.87324482775428330E+01
  6.38830345620663920E-01  7.83196659806797160E-01  1.83529273778838050E+01
  6.68397269451762100E-01  2.37802232586143310E+01  2.77195704396462370E+01
  5.32488384254616510E-01  5.57055768212111250E+00  2.35383706252136950E+01
  3.17579752081870750E-01  2.23379735144291160E+01  6.96553913256595080E+00
  5.16710955738981780E-01  1.23718933686104810E+01  7.31308968350696540E+00
  4.49545157175862540E-01  1.42208457233860180E+01  2.64972732911638680E+01
  3.20574425314766210E-01  2.48324768317122380E+01  4.93595364162185390E+00
  4.12246671516209600E-01  5.24160991190672830E+00  1.52782343980549660E+01
  4.94550785807675550E-01  7.24386938176192170E+00  1.26722782142282520E+01
  3.59079136884617700E-01  6.71567437469210570E+00  4.80546587715970390E-01
  6.10572080928614460E-01  9.65056232742151110E+00  2.03332763887714450E+01
  4.75338540515479570E-01  5.24549704852630770E+00  6.69902795317625270E+00
  5.09574347305064630E-01  2.63176131808043080E+01  1.64733887983236650E+01
  4.18189647978318300E-01  2.55428198165205630E+01  2.12188954672581210E+00
  3.76753951196820710E-01  2.58291516066977710E+01  1.29787151787575450E+01
  3.84533934306195220E-01  5.35121889271056530E-02  2.55792680201548630E+01
  6.60767019732147710E-01  1.90523089753911280E+01  1.01166807197539210E+01
  5.64318884198494160E-01  1.86559124827638030E+01  7.51927420383002860E+00
  4.69750256464274060E-01  1.42370945789831560E+01  6.27426678541167870E+00
  6.88340418185590860E-01  2.55962827231778540E+01  1.01255271914701110E+01
  5.93150731645016190E-01  2.02039843911817980E+01  1.27902607177157710E+01
  7.17499092254363010E-01  1.03221155340062140E+01  6.78965879699921260E+00
  3.79322922295397280E-01  8.66141594524798460E+00  2.02977019432366780E+01
  3.20574425314766210E-01  9.07364958989571770E+00  4.07022310269375960E-02
  7.17953871372127320E-01  1.39296205609761190E+01  1.84712715623842560E+01
  3.42409596243210680E-01  1.48632502768428390E+01  1.06638378040135450E+01
  4.43129600128677660E-01  4.44304980617285940E+00  2.01883490217197870E+01
  3.78068289465320630E-01  8.36668813258983590E+00  5.52155917790381780E+00
  4.75338540515479570E-01  7.78453997822502860E+00  2.55136258507735650E+01
  7.38532964590205680E-01  8.98706114727798600E-01  4.25453890857321860E+00
  5.07606992315717240E-01  2.44484084318984860E+01  2.86870225166761660E+01
  2.86134314477376340E-01  6.88171670313742380E+00  1.92413107767578210E+01
  5.07437626189109900E-01  2.66557439031349120E+01  2.83829552916807160E+01
  6.15073771326759470E-01  2.44674329909320070E+01  9.47582649556530400E+00
  3.30104909316010620E-01  2.78755755154894840E+01  2.76808453584982030E+01
  6.66683478841499700E-01  1.85129635965817730E+01  3.42419587148964060E+00
  7.49545055295440930E-01  1.34720751851801430E+01  1.02470911394935320E+01
  2.54824432159977790E-01  2.01674614036625750E+01  2.41641322414690940E+00
  5.72142532162989690E-01  9.80411957003067510E+00  8.98681900800121800E+00
  2.77147605524350650E-01  9.78198854082468470E+00  1.88619935779104750E+01
  4.68364091588631840E-01  1.14812249657473230E+01  1.55766384696289930E+01
  4.82771447840326400E-01  7.28057548741947260E+00  1.46997770638037170E+01
  2.50971712925384870E-01  1.88013778370496780E+01  1.85790569901712460E+00
  5.38024295323284910E-01  9.59844888511094220E+00  1.66057791823851100E+01
  4.13050329149462850E-01  2.65368791785078970E+00  7.33765907303020270E+00
  4.86590143357422540E-01  9.46760954340497560E+00  1.55896220186283440E+01
  3.16148313226467530E-01  1.21674878110757660E+01  2.69355613136383740E+01
  3.81419328643079860E-01  8.86357135158579370E+00  7.61047810110729910E+00
  6.52911031193170470E-01  2.52208764042680010E+01  2.11084004425040810E+01
  4.49150663742554990E-01  2.02086938519027550E+00  7.92324355789719090E+00
  4.73113776075054650E-01  2.95909727227733480E+00  1.83877843236040230E+01
  3.65995101567518470E-01  7.11426759605232830E-01  2.14201052457571310E+01
  3.46028387031474870E-01  2.93567937165549820E+01  1.08604974036989150E+01
  4.23675716525973380E-01  1.07914665197272900E+01  8.86537756246189800E+00
  2.47261092463374420E-01  1.84850323792963240E+01  1.94901842640453610E+01
  2.63339374245984010E-01  1.91196402786207320E+01  2.18523900915573610E+01
  2.59062449636064510E-01  2.71232845286866250E+01  2.62214612825086770E+01
  5.77180454669814490E-01  1.59877827554759480E+01  1.85959877836048800E+01
  4.06599624824484800E-01  2.38158888517201140E+01  3.12475404908653510E+00
  4.65278877330243820E-01  5.53677262699883870E+00  1.92627768032103400E+01
  3.07263188066738420E-01  7.88524347916232400E+00  4.09616107884219800E+00
  3.88697647565240350E-01  1.87685503428265260E+01  1.21945047042351160E+00
  6.62122603690132470E-01  1.28632720044648480E+01  1.75966925552611640E+01
  3.79322922295397280E-01  1.95874123924496500E+01  1.78960869560277230E+01
  3.53063097104977870E-01  1.60570156451240290E+01  1.17647669299072410E+01
  6.88885956497308970E-01  1.62566287142811700E+01  1.98328431665155660E+01
  5.33066537704075310E-01  2.61726605594545630E+01  3.79177833897140990E-01
  3.42074681651230290E-01  7.88864677354731030E+00  3.44738851286365080E+00
  4.24351701398837560E-01  1.82654439204095420E+00  3.36192708406495110E+00
  2.92456502136063850E-01  1.13320044368961150E+01  2.79752613883277840E+01
  5.90639534364661320E-01  1.21329816419860690E+01  1.02805888980347950E+01
  4.09705559579089850E-01  1.99974456539608700E+01  1.85698053578706740E+01
  3.59079136884617700E-01  9.10178659354046720E+00  2.44616095311624800E+01
  5.27599340399055180E-01  2.87379169328344730E-01  1.59462044710399700E+01
  5.38382256471750510E-01  2.70788033145706030E+01  2.15494464749988880E+01
  5.96963967672292380E-01  2.26798345664326710E+01  1.23477795097528280E+00
  2.96503602823160150E-01  2.96438760813080190E+01  8.25118282634342570E+00
  3.64593218166308700E-01  2.42708176963269210E+00  1.27437348034497420E+00
  4.18947112612636110E-01  4.97331707109268620E+00  2.50772666057901400E+01
  5.40946473112310590E-01  1.45831422135314650E+01  2.30033581416895210E+01
  3.35017483125717060E-01  2.33195933185345570E+00  1.09325231206781550E+01
  4.75626642073745920E-01  1.90499423519072940E+01  2.65981445153441920E+01
  3.04461637453634990E-01  2.91530564831200430E+01  1.49803303492274720E+01
  4.36315933331792570E-01  2.72542809777957760E+01  8.52674753568086710E+00
  6.77666041374141330E-01  8.99178367665800590E-01  8.02715481771383210E+00
  5.67035311113654220E-01  7.93414729608175850E+00  7.42292805975160870E+00
  3.38650161839631010E-01  1.52322575605720130E+01  1.99095545067436990E+01
  6.94010183176834960E-01  2.56134412215203430E+01  2.89797953857876780E+01
  7.10410487391814980E-01  4.43919294197761350E+00  2.74721427199679340E+01
  4.54567147313974470E-01  2.22839386762055370E+01  1.25226685883331860E+01
  2.52169786807371790E-01  1.64797373449791660E+00  1.86717064712105550E+01
  3.01799748246536660E-01  2.46885591291797950E+00  1.56105827999101800E+01
  4.27719079604653450E-01  1.01797114468839720E+00  3.09450746633495970E+00
  3.87762191716535260E-01  6.02600678847904270E+00  2.70535818122109110E+01
  5.72951670348821020E-01  2.87687810968378700E+01  2.96249395772104760E+01
  5.09222041678605210E-01  6.03705633479254990E+00  1.10052899526982570E+01
  5.25993347610763350E-01  2.29357121437135910E+01  2.68755901656736750E+01
  3.12648490279368120E-01  2.94298371453815760E+01  2.37906652260638120E+01
  3.32399546609116130E-01  1.68387211338235300E+01  2.33474735705816060E+01
  4.43807889241729470E-01  9.82655396902267950E+00  2.52717130613967100E+00
  3.44170209092795430E-01  1.71912364811096410E+01  8.87305179791574080E+00
  2.54824432159977790E-01  1.83248206109512420E+01  2.66842266113906280E+01
  4.21963532045373490E-01  2.90746674493346400E+01  2.13225850805615630E+01
  4.11696508529454960E-01  1.03144102381256000E-01  2.31655789214971720E+01
  4.11346310528290360E-01  2.14384043174401920E+01  2.13765965688957710E+01
  6.16837537735261420E-01  1.08371304407698600E+01  2.00199384179911920E+01
  4.83570943621045310E-01  2.01469395471224430E+01  1.48294571900826760E+01
  4.32382463464541460E-01  2.12465638114956510E+01  2.48824215691046650E+01
  5.92513140571182980E-01  1.02036610749513630E+01  1.14139492918614010E+01
  3.55036581058269410E-01  2.08344249824969480E+01  1.11557137608223780E+01
  4.74581552528920360E-01  1.37875973726818180E+01  7.84275728035553320E-01
  3.44905765886116280E-01  2.71430903256407670E+01  9.29949857685338440E+00
  5.96963967672292380E-01  2.81827229155609730E+01  2.18130399709598030E+01
  2.68569610726517900E-01  2.27679157615900120E+00  2.83576114580103770E+00
  5.80290806494985740E-01  2.83196907907205220E+01  1.87793349384176090E+01
  6.25336422111717830E-01  2.60898651634217490E+01  5.93718140811268210E+00
  6.17452885167652710E-01  1.49315348152055820E+00  2.87451039551862060E+01
  3.29506256422424390E-01  5.74892248814103720E+00  2.91432241394327600E+01
  2.58355477869490890E-01  2.85081180228444000E+01  2.27403049316700990E+01
  4.69641390777102340E-01  2.77168491546514840E+01  6.93328548002591560E+00
  3.49095179616795370E-01  2.93733245226258890E+01  6.28655406565939150E-01
  3.27988333844876360E-01  2.53795936922177210E+00  2.31163722978620360E+01
  3.86383264228710210E-01  1.80594127183616880E+01  1.83227538350031230E+01
  4.75543307221801650E-01  3.45993439661277870E+00  2.81382481830370670E+01
  5.07815655211632320E-01  1.26381170847015960E+01  9.30631302912844660E+00
  6.08088426536500660E-01  1.32139968125925660E+01  1.25176499639002050E+01
  3.93024383017402490E-01  1.10746839934022320E+01  5.07594393102959710E+00
  7.48336469443998900E-01  1.57516887950471570E+01  1.52835753332747720E+01
  3.13454063710418570E-01  1.32908722042441650E+01  2.52708559029320810E+00
  4.43133439323318520E-01  2.79285412192356300E+01  3.35868176678709050E+00
  3.62493203924014780E-01  1.38452218758174100E+01  2.14015751170467850E+00
  5.72881440675418570E-01  1.86844671433583900E+01  1.75958129463568160E+01
  3.71299762957800540E-01  4.20226737189330630E+00  2.85447624322249100E+01
  5.13143010843963320E-01  1.26632308278993030E+01  2.76002078148836390E+01
  3.87533216804236250E-01  1.04942230808998790E+01  2.84919615558380170E+01
  3.90540239164096370E-01  2.37400122184191920E+01  1.11468604502886390E+01
  4.11696508529454960E-01  2.28685381901987870E+01  1.06744513922195610E+01
  4.19670751191123690E-01  1.46568755515347180E+01  1.33132217612329490E+01
  5.39922025342825940E-01  1.06953971888760350E+01  4.18791855166587810E+00
  3.73125396709624990E-01  4.07091079304071710E-02  2.63969839579636380E+01
  5.72628172168292430E-01  1.20230492079722070E+01  2.01109557474509020E+01
  5.63660960642019760E-01  2.22900526868007770E+01  2.28175851552557740E+01
  7.54397230300637300E-01  2.49468000120150610E+01  8.19313017568522280E+00
  4.07877171249442140E-01  2.39391294758202310E+01  1.87524748826720790E+01
  4.61178090502161720E-01  4.79735190386952400E+00  1.76329293117401060E+01
  3.50974061745161330E-01  2.75204290585500560E+00  4.63594166692172220E+00
  4.22541054278063120E-01  6.93002234399434510E+00  1.07412124275079610E+01
  3.25036994184950640E-01  2.45029446269856380E+01  1.14222462980686430E+01
  4.96042965314236020E-01  6.39479480564103750E+00  2.51947451481357550E+01
  3.04461637453634990E-01  6.08385349997261750E+00  6.80106994293631400E-01
  4.21290506291976640E-01  4.84357609715414040E+00  2.96230203889980860E+01
  4.26578460793149810E-01  6.78024760459895590E+00  9.03852655106748770E+00
  3.91816801400439550E-01  8.92367320707436920E+00  2.10227081207032960E+01
  5.32262962461145860E-01  2.48666870271792780E+01  2.33763190837443740E+01
  6.07718241283317260E-01  1.01325720232405600E+00  5.65199290793407630E+00
  5.13425754976809310E-01  2.23612295380388520E+01  1.92898257556891260E+01
  5.46829204411607870E-01  1.59397860728831940E+01  2.16195307435076030E+01
  2.99038091422116640E-01  2.66202647159924800E+01  1.92222870597730380E+01
  3.65374026971610010E-01  2.21395953182779800E+01  4.39192025322294640E-01
  3.46733456860136300E-01  2.68378570219711430E+01  1.57939974637650860E+01
  5.01833768532536340E-01  1.56655034103214460E+00  1.17513251908093940E+00
  2.88617724104866640E-01  9.43392655524264610E+00  5.02232552702439690E+00
  3.13454063710418570E-01  4.47988605315812190E+00  6.50929592126489090E+00
  4.43756654693070110E-01  2.12290231099938820E+01  5.56241448682166960E+00
  5.20369884994360540E-01  1.36477441168213410E+01  2.72861194459099430E+01
  7.41720708060832300E-01  1.76853568595615160E+01  5.52939439835231370E+00
  2.99038091422116640E-01  1.19344320811694780E+01  2.79846760673245110E+01
  3.93024383017402490E-01  2.69528039323030660E+01  1.71144660462988300E+01
  2.53364602799301860E-01  1.53260121178522580E+01  7.57213346649173500E+00
  5.48463672908306780E-01  5.12127459758074280E+00  2.85299096967971550E+01
  5.63660960642019760E-01  2.88899650889320940E+01  2.59897994385488860E+01
  4.99487474973056500E-01  2.21169312512957070E+01  2.62586158139698500E+01
  5.32488384254616510E-01  2.12983648572310710E+01  7.51526872510265060E-01
  3.62493203924014780E-01  6.21050675766538960E+00  2.96582964333843330E+01
  3.90540239164096370E-01  1.95472990728234530E+01  1.20622537616631660E+00
  6.25248164210708260E-01  2.82282540903451210E+01  1.48863021594945590E+01
  3.93024383017402490E-01  1.74954585007839400E+01  2.57195832837659350E+01
  2.83517655556827110E-01  8.45359654044230700E+00  8.13318746197130870E+00
  5.16562546778196820E-01  1.83951145819620800E+01  2.58527527979838040E+01
  5.96777348356598920E-01  6.32727111115893950E+00  1.85546193919118350E+01
  3.35017483125717060E-01  2.06280822228147220E+01  1.41675843725362040E+01
  5.69344335137112000E-01  1.67279753773173890E+01  8.08645570155686680E+00
  5.55509338843663690E-01  7.29398821199548310E+00  1.99747300281527170E+01
  4.09775903561979240E-01  2.92856921764314110E+01  8.85972858105660240E+00
  3.20574425314766210E-01  2.39146292381346830E+01  1.94896164300389570E+01
  5.39466591144820300E-01  2.06443635712924190E+00  2.68224346459512830E+01
  5.18725390566230620E-01  2.84949128126872790E+01  6.32550113650705100E+00
  3.62493203924014780E-01  1.00451646777125560E+01  1.94443793621542010E+01
  4.23675716525973380E-01  2.06568954249977490E+01  1.55787209696618270E+01
  4.13050329149462850E-01  3.57352075843501060E+00  7.66517668117737560E+00
  3.01731430220296380E-01  1.03361609621488280E+01  1.41364273996375420E+01
  3.48156346672602490E-01  1.49514034120734610E-02  1.77341339086522220E+01
  6.83531487369900860E-01  4.37455287505733100E+00  8.41382448412779560E+00
  3.27197753470684690E-01  2.56251929649565180E+01  2.29725000028401280E+01
  3.50974061745161330E-01  1.07314292853967430E-01  1.50863677301280710E+01
  5.77649046292645880E-01  1.70103914575094710E+01  2.12805173452569890E+01
  5.13614394364816020E-01  1.72752437620748010E+01  2.40720366346399960E+01
  7.17953871372127320E-01  2.76988271305672460E+01  4.49637620589937640E+00
  3.01731430220296380E-01  2.80814199400530630E+01  1.58043452790732890E+01
  6.14584822297879540E-01  9.65476555090260820E+00  1.24874384159256100E+01
  4.69641390777102340E-01  1.74114806575916570E+01  1.63081843347457220E+01
  4.49154676673646060E-01  2.05335962117392190E+01  2.34623960799097660E+01
  4.82268891960512480E-01  2.19789477284721090E+00  2.08934557633641750E+00
  6.26908127420837150E-01  1.94470555248708120E+01  2.26796512621672690E+01
  2.50971712925384870E-01  4.37280007824994050E+00  2.91431758084951190E+01
  2.62213147743524950E-01  5.16765043551787870E+00  4.02232505624975990E+00
  6.45167794061425240E-01  1.71797534604573730E+01  1.88603342436013220E+01
  5.94931591270377070E-01  2.39385242097086600E+01  4.74006294549831340E+00
  7.68548325332126940E-01  1.09522400351748510E+01  1.29642665409546570E+01
  4.36195486319121350E-01  2.77993182200552840E+01  2.92710253327546470E+01
  5.33066537704075310E-01  1.04436121197116360E+01  1.52950619431546320E+01
  5.62178328188990490E-01  2.61363597613847390E+01  1.20919234413936500E+01
  2.97561439636419770E-01  2.16071266449197100E+01  3.28049424479999450E+00
  4.82771447840326400E-01  2.01686683298495490E+01  9.87124488174378460E+00
  6.61562106526255890E-01  1.15145016155542080E+01  2.38645454945066060E+00
  5.04339573614743570E-01  2.29388987688578890E+01  1.84525229390150540E+01
  3.45648959319623030E-01  2.36831847316732010E+01  1.80440784558230050E+01
  6.95947079841625180E-01  1.15076911216238520E+01  1.75387492076683880E+01
  4.75626642073745920E-01  3.45341100769621170E-01  2.71887947047465270E+01
  2.57534358191145160E-01  2.27683769144633170E+00  2.91351642203055730E+01
  6.30423428531534040E-01  1.89758573660336050E+01  1.87627216787916780E+01
  3.25516939164680520E-01  2.31784478350662190E+01  2.26267681627771400E+01
  3.14110289759674140E-01  1.95563259390312220E+01  1.53649433768487440E+01
  3.99477862283745790E-01  1.79943806197878490E+00  6.28139384126544620E+00
  6.47236078597052340E-01  2.73300756556598190E+01  1.39860920853922280E+01
  5.28731261397185740E-01  1.15769972033006870E+01  2.50675987461066260E+01
  4.43807889241729470E-01  1.21400959775872930E+01  2.95389665070732620E+01
  4.82268891960512480E-01  2.74459873675464120E+01  1.63565008931320150E+01
  4.30858982518450690E-01  2.10364334379463040E+01  1.21945929901214320E+01
  4.18947112612636110E-01  1.68970510031054260E+00  1.05376276724966580E+01
  3.50662231740508900E-01  8.57170240469217500E+00  3.56141107380924100E+00
  2.85767805251094040E-01  5.21246160263772220E+00  2.21344691195855460E+01
  3.45648959319623030E-01  1.27371459344053800E+01  1.43636167073325320E+01
  3.45648959319623030E-01  1.14988008402897210E+01  1.93212407193940410E+01
  6.42005949159872720E-01  2.31749311579227000E+01  2.36357300817672640E+01
  2.74003615458356760E-01  1.36810464091448050E+01  1.52515875435445420E+00
  3.87653287431749970E-01  2.80334344014168300E+01  7.96196916645187970E+00
  4.18948713530687210E-01  6.60474125069960390E+00  4.89016991259038920E+00
  4.53451232343747090E-01  1.46212548552164880E+01  2.73055875412987210E+01
  4.21603844523193420E-01  2.26265170730303570E+01  4.64338722120897440E+00
  2.62213147743524950E-01  4.00488731297721490E+00  2.65691005548785350E+01
  6.94903868090152520E-01  2.17516656613375120E+01  1.58077318916864800E+01
  6.31563936872940970E-01  2.92887439539054350E+01  1.18353939692772490E+01
  7.01778375544082420E-01  2.63281967013752760E+01  2.92069735607326030E+00
  3.46434506905438330E-01  2.47898399198363430E+01  1.57139394627951730E+01
  3.50662231740508900E-01  1.06148950426968500E+00  2.32085639335026780E+01
  3.01799748246536660E-01  1.70625336268581690E+01  1.38667940452437430E+01
  4.41298336829792340E-01  2.64569894152031570E+01  2.67981199262192360E+01
  3.39481361119070080E-01  2.67481139396132410E+01  2.75229175920763320E+01
  3.83181557852844270E-01  2.35557754332527590E+01  1.67368199613923310E+00
  6.75156127532392600E-01  3.43282891673932290E+00  1.57665570784773530E+01
  2.73281005279713530E-01  2.49860928169480450E+00  6.65065425542154730E+00
