1
  1002  2.96924426640336700E+01  2.96924426640336700E+01  1.00000000000000000E+00
        0.00000000000000000E+00  0.00000000000000000E+00  0.00000000000000000E+00
  7.17953871372127320E-01  2.17756707048740520E+01  2.25482785426210310E+01
  3.01731430220296380E-01  1.43283496794046330E+01  2.02351468418423820E+00
  6.14584822297879540E-01  2.01594081312359780E+01  2.14790371338707620E+01
  4.69641390777102340E-01  4.19099618558537120E+00  2.89270155633215360E+01
  4.49154676673646060E-01  1.34569961970174090E+01  2.70408802434186160E+01
  4.82268891960512480E-01  8.86551798138976820E-01  1.29717390084086230E+01
  6.26908127420837150E-01  1.76025858285176860E+01  5.49471783828451340E+00
  2.50971712925384870E-01  9.94390068654560900E+00  9.91274783018795520E+00
  2.62213147743524950E-01  1.40308633585728140E+01  2.66205225116855570E+01
  6.45167794061425240E-01  2.75984356196449240E+01  1.44714581287943100E+01
  5.94931591270377070E-01  2.36810677804574220E+01  5.25019458470104010E+00
  7.68548325332126940E-01  1.53534127020296190E+01  2.07366593944138660E+01
  4.36195486319121350E-01  8.63922966646351580E+00  4.16802663994508740E+00
  5.33066537704075310E-01  8.25062030871055190E+00  1.44751153902864790E+00
  5.62178328188990490E-01  2.25503433980245450E+01  8.31789257267222130E+00
  2.97561439636419770E-01  2.26289754682974740E-01  1.25574975764519450E+01
  4.82771447840326400E-01  3.07514941525053230E+00  2.23412712495521430E+01
  6.61562106526255890E-01  2.55876486625965320E+01  2.36013548617810010E+00
  5.04339573614743570E-01  1.86413162569639750E+01  5.04774909724265180E+00
  3.45648959319623030E-01  5.97773364049602660E+00  1.85217197224308490E+01
  6.95947079841625180E-01  1.35695446066968370E-01  5.56719632305788800E+00
  4.75626642073745920E-01  2.35024612128697510E+01  1.49378584896100420E+01
  2.57534358191145160E-01  2.15677978577035780E+01  3.72346570416096160E-01
  6.30423428531534040E-01  2.82169867151550130E+01  3.73515572979922710E+00
  3.25516939164680520E-01  1.87303852151221390E+00  5.91305694355527310E+00
  3.14110289759674140E-01  7.05813009741207600E+00  2.26009488662710080E+01
  3.99477862283745790E-01  2.93387348420840330E+01  2.00363882672173370E+01
  6.47236078597052340E-01  2.49208113183926300E+01  5.22350693481547260E+00
  5.28731261397185740E-01  6.10069177088248080E-01  1.70939807347729090E+01
  4.43807889241729470E-01  2.66682796533411310E+01  1.88381911566204750E+01
  4.82268891960512480E-01  2.40411795784723910E+01  1.92014841021080900E+00
  4.30858982518450690E-01  7.14451914100373740E+00  2.71358242582941040E+01
  4.18947112612636110E-01  5.88862932047319100E-01  1.38218119997747310E+01
  3.50662231740508900E-01  2.37099542648010120E+00  2.14412833853903810E+01
  2.85767805251094040E-01  5.23279928479905010E+00  2.00205086540440290E+01
  3.45648959319623030E-01  2.35406556050543260E+01  1.62538685783378720E+01
  3.45648959319623030E-01  2.73736624452141260E+01  9.06200209615167830E+00
  6.42005949159872720E-01  1.87628499706767330E+00  1.51433827279436350E+01
  2.74003615458356760E-01  2.30296996580078930E+01  2.91421229975429980E+01
  3.87653287431749970E-01  2.10620664461650830E+01  1.30463076375712600E+01
  4.18948713530687210E-01  4.48094899486528410E+00  1.15476132460727460E+01
  4.53451232343747090E-01  7.40490993424646860E+00  2.91672072787448900E+00
  4.21603844523193420E-01  2.07116523776317790E+01  2.65587733383962680E+01
  2.62213147743524950E-01  1.21159255429708970E+01  9.46774837228537440E+00
  6.94903868090152520E-01  1.17142807254248690E+01  1.95619337655050350E+01
  6.31563936872940970E-01  2.46221580483171000E+01  1.25783879453693640E+01
  7.01778375544082420E-01  2.22094019784822870E+01  2.11975810060530810E+01
  3.46434506905438330E-01  2.36659546268844640E+01  1.27819190238220290E+01
  3.50662231740508900E-01  2.41132433213978740E+01  2.74011240562721700E-01
  3.01799748246536660E-01  1.12649225483244550E+01  2.47964581552280200E+01
  4.41298336829792340E-01  2.02891877765102360E+01  1.54962798387767940E+00
  3.39481361119070080E-01  2.57710398321753690E+01  7.47446219180486880E+00
  3.83181557852844270E-01  4.78457302637862900E+00  2.95376930116722960E+01
  6.75156127532392600E-01  1.99021650596971110E+01  3.52207940128676130E+00
  2.73281005279713530E-01  8.93732451590861740E+00  1.64456554520171170E+01
  6.65634982039605120E-01  1.31476869346096610E+01  1.70690184723288850E+01
  2.54824432159977790E-01  8.64676474661641590E+00  1.60050498080302860E+01
  2.84029264846615530E-01  2.04735735258756900E+01  1.33999905360558010E+01
  4.62836237406567810E-01  2.58649319428076580E+01  1.84202888969134120E+01
  3.33973424357718240E-01  1.49572441231236210E+01  1.65747807357937660E+01
  4.91872428060923640E-01  1.18873421096862940E+01  7.32499391008195830E+00
  5.52490392167627680E-01  1.01073475946947810E+01  2.79012320476320530E+01
  5.39466591144820300E-01  2.76976888265743280E+01  1.27589100838351610E+01
  5.65219172841477580E-01  1.31303071696460540E+01  1.82985709190294980E+01
  3.53776024442120150E-01  8.31189227154439260E+00  1.08198506335878160E+01
  5.54611473665029210E-01  1.61296985891299730E+01  8.32510442280706190E+00
  4.81368497469048420E-01  2.76960226261017330E+01  2.84477782314992070E+01
  2.84672167568555990E-01  1.92077634232086470E+01  1.21692222613550950E+01
  3.06898385793053400E-01  6.43561936694828860E-01  1.20981627515904560E+01
  4.49954956992444630E-01  3.35945167252771570E+00  2.92469322357065930E+00
  5.88686278844574580E-01  1.73742073858132960E+01  2.27860040738565280E+01
  4.36315933331792570E-01  6.93178494794282330E+00  1.92722952707692170E+01
  5.46155746035104350E-01  1.19443289240903850E+01  1.46434339055412150E+01
  4.11346310528290360E-01  9.00266758951915060E+00  2.04378529161162630E+01
  7.44650008855257360E-01  2.37393214969639350E+01  2.78924165337579490E+01
  4.68162992243922280E-01  2.80430517187465650E+01  1.86672329401972310E+01
  7.11073931023246340E-01  8.56803637881693620E+00  1.82336476351796470E+01
  3.02034441597155470E-01  1.47425121278461830E+01  1.55744274878456500E+01
  5.12509616084684260E-01  2.47502801488964240E+00  2.49961552417129910E+01
  3.40422717275118370E-01  2.43329311514285030E+00  1.06172476642496040E+01
  6.65634982039605120E-01  4.72714146212751100E+00  1.30824487677352930E+00
  3.75295693565172690E-01  1.14471304802885550E+01  2.34728480039299610E+01
  4.75626642073745920E-01  7.80090231383826360E-01  2.95034106202320740E+01
  4.72038094207023740E-01  1.60416582492994150E+00  1.72017612683703510E+01
  4.29902962432020440E-01  2.59984415485172600E+01  1.43386503670879740E+01
  5.68910711623079470E-01  1.11344368094596860E+01  1.03982465167419670E+01
  3.07263188066738420E-01  2.30661305526238860E+01  1.42899585901559260E+01
  6.10911033360540580E-01  2.02085711315442110E+01  2.51619966432363890E+01
  3.43353541919950760E-01  2.83284446803282610E+01  2.43512172819867170E+01
  3.15231116497538320E-01  7.67869518554541220E+00  8.21197818286046300E-01
  3.78068289465320630E-01  1.49313072852657490E+01  1.17896094675947140E+01
  2.54824432159977790E-01  2.34822170049081860E+01  1.22067439381253400E+01
  5.44558358435121190E-01  1.92781263172235350E+01  2.47506566347422390E+00
  3.56000803327192820E-01  7.95346257089280150E+00  2.32012048178064450E+00
  3.13454063710418570E-01  1.90776515965987380E+01  6.90227820801820610E+00
  6.12591031919131530E-01  1.34336381943136000E+01  2.59813107024139500E+01
  6.47236078597052340E-01  1.06627705803417340E+01  1.73591024465367280E+01
  2.65726189967390210E-01  1.72824000154966020E+01  4.21709068859410600E+00
  2.96653470797716330E-01  8.39079522522139420E-01  2.20126517263468600E+01
  3.45648959319623030E-01  1.05400738883088290E+01  2.08454572150770230E+01
  3.13454063710418570E-01  2.12078824424615850E+01  8.87203489874522330E+00
  3.39073066583844400E-01  4.04187857105739120E+00  2.89631715181428720E-02
  2.96256570285591500E-01  2.73063881805266820E+01  1.84640336068967810E+01
  4.19081387041561550E-01  4.84980835919662740E+00  1.33322395580393210E+01
  7.08391389715138510E-01  1.45061784540421690E+01  2.96836017803973570E+01
  7.16035261746952050E-01  8.19942181327714440E+00  7.11900447320480810E+00
  4.43133439323318520E-01  2.38371113644268040E+01  1.01810496937361930E+00
  2.73281005279713530E-01  1.32219804494745430E+01  2.38552317867210170E+01
  3.35017483125717060E-01  2.36207968644415020E+01  2.48508465854881350E+01
  5.09222041678605210E-01  4.61084252137809970E+00  2.80450392934573610E+01
  4.27719079604653450E-01  1.27880470522653550E+01  1.60374393922474750E+01
  5.81299825206354370E-01  1.26939442718759630E+00  1.62038123290773370E+01
  5.46155746035104350E-01  2.35075545108336820E+01  1.83127449041985350E+01
  3.05466220251299840E-01  5.91715063076009160E+00  2.31378053730927820E+01
  3.11838068626578210E-01  1.00210686462249610E+01  4.49910471304582060E+00
  6.27423008989955560E-01  1.31356978516461300E+01  4.97281941170639020E+00
  7.12424816007452400E-01  1.41803854801037550E+01  8.53569273979524470E+00
  4.41140732643827070E-01  2.96863709948378580E+01  2.42421262125062600E+01
  3.80273533482480450E-01  2.11495891325566210E+01  2.14037789336202420E+01
  3.29796701345061780E-01  2.78530905426940510E+01  2.00358379584081310E+00
  4.15252526658189590E-01  4.63304963564561680E+00  6.35965061450130430E+00
  2.59062449636064510E-01  7.36290680487959200E-01  5.44136881091500870E-01
  6.18419083689772810E-01  1.41534923187748980E+01  9.89534841656757540E+00
  5.04213456464067280E-01  1.54491893548827140E+01  2.30146033287000190E+01
  3.48156346672602490E-01  3.18516471574954620E+00  2.40876394618088630E+01
  2.89042915761794110E-01  1.46660254636206680E+01  2.31353183138480000E+01
  3.05466220251299840E-01  4.58886440554748810E+00  1.91836665373723890E+01
  6.49919166153384610E-01  2.75364823480126260E+01  6.92107553928836340E+00
  6.14379095469630790E-01  2.21526998024965560E+01  2.92825179517707850E+01
  7.00411917450214720E-01  1.56642875227944600E+01  1.73297331490113040E+01
  5.69344335137112000E-01  1.31768169322230830E+01  1.30357249819023140E+01
  2.57564851167384970E-01  4.26262564790409470E-01  4.65991142459045450E+00
  4.13050329149462850E-01  1.20263716461713980E+01  2.06250175967826760E+01
  6.18419083689772810E-01  1.61212442623135420E+01  1.95819357054600470E+01
  4.26523982883737140E-01  7.57460334862861640E+00  2.32143638161526620E+01
  3.78209123272245940E-01  6.37428347570505060E+00  2.24952669733397560E+01
  2.63055759251188670E-01  7.59595586337438180E+00  9.46310298204312160E+00
  5.00274833943758600E-01  2.90055309838255690E+01  1.87724996980026440E+01
  6.01687927537542500E-01  6.26056521341656860E+00  2.66038115178556680E+01
  4.86073626967704090E-01  2.18709236511176930E+01  6.85338131011687410E+00
  7.62474117278193650E-01  2.07994610954273470E+01  1.12466463600752940E+01
  4.87886881528419990E-01  2.97099620265731410E+00  3.93494255249721160E+00
  2.99038091422116640E-01  1.87979242899877120E+01  9.48049886040770850E+00
  3.50974061745161330E-01  1.24483456057662170E+01  2.63676970116580600E+00
  6.10572080928614460E-01  2.22807424544290490E+01  3.23527773424852640E+00
  3.01731430220296380E-01  5.97053608730018140E+00  2.85375245628669030E+01
  2.59062449636064510E-01  2.27700191933908260E+01  1.86315534843114570E+01
  6.99477888048091770E-01  1.37499798605814410E+01  2.47081750700430800E+01
  4.41666133880560000E-01  2.57673685297891100E+01  2.15695530668211330E+01
  6.86210935380316480E-01  1.74041365870750120E+00  2.65716852202425250E+01
  5.27425300578987690E-01  5.78443842158552270E+00  1.68476636534030850E+01
  7.54505484792745040E-01  6.81056067466883070E+00  1.44248487437875090E+01
  4.11696508529454960E-01  7.11699906618851940E+00  7.43378766536574530E+00
  6.26517897412854200E-01  2.93642797746699560E+01  8.58530829517015090E+00
  5.72142532162989690E-01  1.98368384213227670E+01  1.42052399976397280E+01
  3.47451934045076260E-01  2.47344255224908060E+00  2.41369912446506340E+01
  2.57564851167384970E-01  8.14457666660364940E-01  3.30938717370574540E+00
  5.33859136323620030E-01  7.92541343408041230E+00  2.41073928183507960E+01
  2.69169509893181310E-01  1.43297346661504810E+01  3.77389546072070560E+00
  4.24351701398837560E-01  1.85510751086382650E+01  1.63428859641744570E+01
  3.11762329988951370E-01  1.05511387441284640E+01  6.63769924665027840E+00
  3.50974061745161330E-01  4.01532664192108420E+00  2.46128527617593420E+01
  2.66929568161810020E-01  1.91632587801090320E+01  2.15655479602225030E+01
  7.20816873845379820E-01  1.10339932854413230E+01  2.87726138829182290E+01
  4.22201084465533680E-01  1.88971531155935540E+01  2.02732976690379160E+01
  3.09209541844886400E-01  1.43648634974769180E+01  2.86775547347788520E+01
  2.62213147743524950E-01  1.82096205910292140E+01  2.52160276606369110E+01
  7.60411681679863700E-01  2.96057375329096790E+01  3.78122093159163250E+00
  6.67521681419926690E-01  9.40493557471761040E+00  1.93938203011359850E+01
  4.37954134865551840E-01  2.31239919921377570E+01  2.18773817111729870E+01
  7.16654247500547470E-01  1.73107015595159730E+01  1.88943094540072560E+01
  7.12424816007452400E-01  1.50910612052019740E+01  1.46217583737795300E+01
  3.61198882346046800E-01  1.55553229052967210E+01  1.55878853740748620E+01
  3.82245446386266610E-01  3.84889672659830580E+00  6.59102621453959440E+00
  3.58737518624021320E-01  6.80197961621876330E+00  1.74594621890933190E+01
  5.81547682683179710E-01  3.52386671515272140E+00  2.81146834378446440E+01
  4.21963532045373490E-01  1.04645503965324540E+01  2.29464348649660650E+01
  3.12648490279368120E-01  8.61857357716404420E+00  1.34593975149393700E+01
  3.25036994184950640E-01  2.79750668935589320E+01  1.35774277084086010E+01
  3.83290088603488770E-01  1.39784587560507680E+01  6.85008937013455020E+00
  2.93443024193560210E-01  9.99749863627273250E+00  1.14307600357786240E+01
  2.66929568161810020E-01  6.52285107936158770E+00  1.34447902046724600E+01
  2.99038091422116640E-01  2.31280158589356870E+01  6.99891276630533900E+00
  6.00040109246873770E-01  2.53556390611412720E+01  2.41848819368135360E+01
  7.14535578675763720E-01  6.67600917641512390E+00  9.79340186531292640E+00
  3.06898385793053400E-01  1.26697001487216440E+01  5.77989251058866400E+00
  3.45648959319623030E-01  2.03711267103720170E+01  8.87299325443024500E+00
  3.87046365911375680E-01  2.28017936035144050E+01  2.85221100022089190E+01
  6.56539952722306990E-01  1.75144642678804270E+01  2.15517952105655080E+01
  5.07436062422724900E-01  1.13247646162867230E+01  2.25991460346027610E+01
  7.39270392714900380E-01  1.75475061815123500E+01  7.64480608683120090E+00
  5.38024295323284910E-01  1.86982166444085820E+01  3.38821623757784090E+00
  7.33199636544987770E-01  7.99488763630407370E+00  2.21349034577553390E+01
  6.31923671661538840E-01  1.38719626608962920E+01  1.59946575624638430E+01
  5.72951670348821020E-01  2.45040907708253780E+01  1.65059015530486270E+01
  6.40456937776772590E-01  2.27571668368101290E+01  2.44007849462213430E+01
  4.77241894706072770E-01  2.79462771590069540E+01  1.55380758334518280E+01
  7.64764367446448820E-01  1.95478322964393920E+01  5.93360486327737390E+00
  7.16535845940979770E-01  2.15165870986561600E+01  2.49456602410763860E+01
  3.10705613459761840E-01  1.15680587018046270E+01  9.63336576084977030E+00
  3.89901968262705180E-01  1.32176114122883560E+01  1.39927548192115390E+01
  7.15011499502423580E-01  8.96939996846256090E+00  5.86818629949571240E+00
  7.60297905848187840E-01  2.40402058072060780E+01  2.38409439889621450E+01
  2.65726189967390210E-01  6.42388357209566060E+00  7.61551443717158170E+00
  4.53492046339069340E-01  2.37434535989438300E+01  2.66960617009646020E+01
  5.18725390566230620E-01  2.58349128028356890E+01  1.94006794607976900E+01
  4.24020504903543660E-01  7.76346275491046800E+00  1.01293934872800920E+01
  5.17634268500846420E-01  2.22614640425350000E+01  7.14900888425295110E-01
  4.54567147313974470E-01  1.72118152299810380E+01  6.50172620648770840E+00
  3.65965634987757580E-01  4.33773318102896790E+00  1.59878061349720700E+01
  2.96256570285591500E-01  7.12444512501827280E+00  2.63594957832877910E+01
  5.50543265074639000E-01  3.18301719092769050E+00  1.82749424422684720E+01
  4.46540105696671490E-01  3.70839318043072510E+00  2.30210996729968680E+01
  6.47236078597052340E-01  2.57575704222001390E+01  4.23736933599814770E+00
  4.82769235883485770E-01  1.07718630588861950E+01  1.13853783927470590E+01
  2.97529618718302210E-01  7.75034533958880090E+00  1.48951362802866180E+01
  4.13811620468168510E-01  2.79914542231524980E+01  2.76029424785644010E+01
  4.87785457169642190E-01  1.63763096941873060E+01  2.14607542029832960E+01
  3.41778742319800830E-01  1.95936787557061700E+00  2.75739789738091330E+01
  4.05793634226126800E-01  2.29406215962330080E+01  2.70018706803088800E+01
  7.14516279726398110E-01  1.18320749703788830E+01  1.66623084753274040E+01
  3.71799304162545760E-01  2.25446745449452060E+01  7.38402118368978580E+00
  5.77820253962530560E-01  1.83961626651092200E+01  1.24593525530294930E+01
  4.75626642073745920E-01  1.80657953519569790E+01  1.06063169142503120E+01
  5.46562010559427060E-01  7.71199517858358870E+00  5.95577577408689860E+00
  3.29506256422424390E-01  2.29475031628572310E+01  1.36660763903556520E+01
  2.62213147743524950E-01  1.75530039446308840E+01  1.66657856081922660E+01
  3.63105686475124490E-01  1.03019219880873900E+01  8.17302587973022200E+00
  7.08391389715138510E-01  1.04009385228733570E+01  1.32281276624569970E+01
  4.26578460793149810E-01  6.07424242563841600E+00  1.77555651961772120E+01
  6.08873319065221350E-01  1.71521684169329410E+01  1.39681529600374110E+01
  5.39466591144820300E-01  1.96261244446910940E+01  9.35037729382766610E+00
  4.66553963192992600E-01  6.77145058079741700E+00  2.01600982556402460E+01
  4.82771447840326400E-01  1.40788725811057760E+01  1.18977564180668550E+01
  5.13004586318856950E-01  2.40332637783709520E+00  2.03993439491369630E+01
  3.17084428049163950E-01  4.47939774634431130E-01  2.36359819300061420E+01
  3.50974061745161330E-01  1.26821566348314750E+01  2.65822269108261760E+01
  3.82382183723224410E-01  2.45122005153039740E+01  2.87124171485715890E+01
  3.77759649416993960E-01  3.80222451074315340E+00  4.17429077558780560E+00
  5.74203886104520670E-01  4.68356267886704190E+00  1.68596629948123250E+01
  4.11346310528290360E-01  9.99916237291176020E+00  5.26064596331254020E+00
  5.06367095649294540E-01  2.81787258306537320E+01  1.23379387258316430E+00
  6.01687927537542500E-01  1.55575763390581140E+01  6.63550266645806450E+00
  2.49794182180603610E-01  2.80160219801825930E+01  2.25743529308063660E+01
  6.11481049571092420E-01  1.80492087555764230E+01  2.73016344789851470E+01
  5.03927515451986880E-01  2.80632570523228080E+01  2.51539063969787580E+01
  6.35485889077753010E-01  4.32475621651409630E+00  1.49873770744777170E+01
  2.99038091422116640E-01  2.61992819835577320E+01  1.36391065950687820E+01
  4.22541054278063120E-01  9.78612014250899880E-01  7.05021076839888570E+00
  3.05466220251299840E-01  1.25243363539544430E+01  3.80115944848125050E-01
  2.62213147743524950E-01  5.73666770174286440E+00  1.15023036804618470E+00
  3.61769499680632390E-01  6.80890653048927770E+00  5.87992410468727660E+00
  2.47647088603063280E-01  1.80224342096432790E+01  1.82321813819571620E+01
  3.11155895623034430E-01  5.04163906636000990E+00  2.87657682186072780E+01
  2.66929568161810020E-01  7.45915292681775990E+00  1.65219442157872760E+01
  6.90395435464654740E-01  1.24090921095665540E+01  2.90827654646191430E+01
  2.96503602823160150E-01  1.11048364280209510E+01  2.03427642538251870E+01
  6.57722721512726150E-01  2.90961141743803570E+01  2.24171101375408130E+01
  7.24777883420223110E-01  1.06225403273050550E+01  9.21216738232944190E+00
  5.48279863025970290E-01  2.08485598861985190E+01  7.33968015736587540E-01
  6.40748513009616880E-01  2.91491542211327720E+01  1.69171034617964470E+01
  2.56092450391898300E-01  2.28394077729641690E+01  5.35998759724066700E+00
  7.17499092254363010E-01  2.26075322051099900E+01  1.26778510012381550E+01
  4.66141488621800890E-01  1.33647566870030450E+01  6.12222095326124100E+00
  6.33759023001558490E-01  2.60294198717700380E+01  1.67903587137554450E+01
  5.48279863025970290E-01  2.96863309138438680E+01  1.79766414809250780E+01
  4.19081387041561550E-01  2.56158178586759750E+01  8.41905643922070900E+00
  5.70902198024309190E-01  2.36819037888100330E+01  8.31268151279607890E+00
  3.17950877609215300E-01  1.48733021461185760E+01  9.29707222141784230E+00
  5.96963967672292380E-01  2.10868601126958130E+01  3.06027537295459820E+00
  6.18832453479690690E-01  6.79957067582921050E+00  2.89341660657017420E+01
  2.63339374245984010E-01  3.59498846090118770E+00  1.25368403206146420E+01
  3.55036581058269410E-01  2.01211784597177720E+01  1.55413408365563330E+01
  5.84913004272127690E-01  5.76922236187694890E+00  1.99573476784875720E+00
  5.77235448209733180E-01  3.00299734893259010E+00  6.11502090457499750E+00
  5.01105313190319460E-01  2.20585183946935470E+01  2.00048531413140220E+01
  3.83598938984435380E-01  5.46597477594100220E+00  5.64850958204250910E-01
  5.98360795606824340E-01  2.67757971923731790E+01  1.04320222128457440E+01
  3.41778742319800830E-01  1.69890932427381500E+01  4.74758092087090320E+00
  3.29796701345061780E-01  5.43146104247898350E+00  2.82120829626429350E+01
  3.84420431658369740E-01  4.48718133146803840E+00  2.51767224591365100E+01
  4.91872428060923640E-01  1.15686032240371750E-01  6.75348931213242660E+00
  2.93443024193560210E-01  1.32536221346403180E+01  1.53022108268513150E+01
  5.81299825206354370E-01  2.53248950929811300E+01  1.35639720599184560E+01
  5.68243553274813350E-01  9.02515295990409070E+00  2.41629957671393640E+01
  5.39001667068871980E-01  2.71389265930882750E+01  1.32912326082499140E+00
  7.01587183784351610E-01  1.18310310489156300E+01  5.22126211853869380E+00
  4.45239477383046460E-01  1.41297804672625720E+01  2.26361067281564630E+01
  5.39001667068871980E-01  3.75643506586414770E+00  2.01966968985919240E+00
  2.86134314477376340E-01  1.94539375970052290E+01  2.20375008346500070E+01
  7.70254277643880240E-01  1.51390873491589470E+01  1.32374477788447730E+00
  3.45648959319623030E-01  9.57799999685689230E+00  8.99176457379252450E+00
  3.39481361119070080E-01  2.12423936225306490E+01  2.95657167390013740E+01
  3.04461637453634990E-01  2.90899487480119420E+01  2.06948310808657890E+01
  5.20369884994360540E-01  2.10259480008209220E+01  2.80099870343353100E+01
  2.65726189967390210E-01  3.07621033519798860E+00  5.27516577589776410E+00
  6.26908127420837150E-01  6.95439178855640790E+00  4.90295086819518830E+00
  3.48480710258510130E-01  2.93969376338340070E+01  1.37547694766462370E+01
  2.96653470797716330E-01  6.22624098399079260E+00  2.74699141059843300E+00
  6.31923671661538840E-01  3.50495450865831200E+00  8.76137711186278880E-01
  4.09705559579089850E-01  2.87599803174896960E+01  2.73072250333550740E+01
  6.72499163702481620E-01  1.01347889627822220E+01  2.66279325442508150E+01
  2.84029264846615530E-01  1.69537952524359920E+01  8.47475307210009630E+00
  5.34631033075580400E-01  4.39160774771705590E+00  1.24964685042674120E+01
  6.17076625982510940E-01  8.63283098179340770E+00  1.51335277388877130E+01
  6.55074006360275090E-01  4.07957878427060990E+00  2.70102706407723440E+01
  5.46562010559427060E-01  2.32164148587195240E+01  2.48266730306009320E-01
  5.17626013175185660E-01  2.08448703857308050E+00  4.40804355358146170E+00
  5.82207618145930890E-01  2.82071748115510740E+01  2.06129690301700880E+01
  5.98268629341587580E-01  1.05735586829931960E+01  2.17883186015018350E+01
  5.34553382826858140E-01  1.48695086400553510E+01  1.95295384929525110E+01
  3.76753951196820710E-01  2.46250286784239190E+00  1.13333723518924150E+01
  7.52518120402026810E-01  2.40173188720951350E+01  1.38230564453758210E+01
  4.81368497469048420E-01  1.39436882297460000E+01  2.35436667418322080E+01
  6.47413426355271770E-01  1.81609722537109230E+01  1.73411130286355830E+01
  3.05466220251299840E-01  1.78840952731173800E+00  1.79556577025215810E+01
  4.46689977500956030E-01  1.72827339549186620E+01  2.95602737167432390E+01
  6.18566685513849460E-01  1.10076241354612850E+01  2.56775347577697200E+01
  5.36592099856838090E-01  2.20395822079013190E+01  1.89430544837241720E+01
  5.09574347305064630E-01  1.54650424245724680E+00  3.53490707903413440E+00
  4.92328788949218680E-01  2.98261463238053890E+00  8.22789949852767320E+00
  4.83351594707823830E-01  2.87609772942083520E+01  4.34439168299108580E-01
  4.40650972415989980E-01  2.36243091332672650E+00  5.32458679746095690E+00
  6.10911033360540580E-01  8.21923946062037380E+00  1.69599867689066030E+01
  4.34172467284937990E-01  1.12920205451256500E+01  2.10472460792480190E+01
  7.03188417218805210E-01  2.31556656754503900E+01  1.95101836741523660E+01
  2.92799561075502800E-01  1.26651456620105560E+01  1.53284256246018680E+01
  5.68243553274813350E-01  1.90629959704114820E+01  1.03037883053591330E+01
  4.60682082706054620E-01  3.88358891619055770E+00  7.92102084406904350E+00
  6.41715074739605920E-01  1.19333624042475180E+01  1.12290036153342390E+00
  4.55206736325743130E-01  1.73858558701115020E+01  1.26723406207714380E+01
  4.22201084465533680E-01  6.13106760761594670E+00  8.23967845562336270E+00
  3.63079661055833470E-01  1.18935781548994640E+01  1.30540639598653690E+01
  2.63055759251188670E-01  2.38044455029492600E+01  7.42906549198333540E+00
  5.32877675645020420E-01  1.31831140164631930E+01  2.28734745260172470E+01
  5.77235448209733180E-01  8.92050523708021710E+00  2.63376889265127510E+01
  4.09775903561979240E-01  1.16814150280418510E+01  2.42216525769600680E+01
  6.93187364831086050E-01  2.18557552863062200E+01  1.01982965467262970E+01
  4.30054269381220950E-01  1.85804625561899070E+01  1.79735428057908670E+00
  5.07436062422724900E-01  2.08210020853383990E+01  9.59498291172168470E+00
  2.49948351789403130E-01  3.61514542172414500E+00  3.57560429575852150E+00
  3.16022212934137680E-01  2.39186066165613130E+01  9.64068240500906090E+00
  4.72818350263822220E-01  6.67906846646795670E+00  2.32894341920439130E+01
  4.46689977500956030E-01  5.14280381014990250E+00  1.09910148353320490E+01
  4.74581552528920360E-01  7.70414885920061200E+00  1.64623641482570800E-02
  4.86590143357422540E-01  9.62749499552507260E+00  2.32981062187909340E+01
  2.73281005279713530E-01  1.84959063749987390E+01  2.46246997540925750E+01
  5.20515140446715560E-01  4.78155919227336310E+00  2.49164566895482190E+00
  4.13811620468168510E-01  1.40352177571109070E+00  4.63253977963014040E-01
  3.81419328643079860E-01  2.64794886803749810E+01  2.00289092665747040E+01
  4.05593309893122810E-01  2.54105935257974450E+01  2.63223477717666580E+01
  5.85380732291966590E-01  1.89164143187115710E+01  1.34996626061220510E+01
  4.06599624824484800E-01  8.87818666336282010E+00  8.71784981649970090E+00
  6.40456937776772590E-01  2.47013551341831030E+01  8.96694602839759010E+00
  4.75626642073745920E-01  2.49969349043792770E+01  2.20659919179676330E+01
  5.09222041678605210E-01  2.71706062418203270E+01  2.56281665860935100E+01
  5.77820253962530560E-01  2.55366492070785110E+01  2.53477761329549300E+01
  3.80273533482480450E-01  1.81789376582183700E+01  9.75808273460345710E+00
  5.01406606281285510E-01  1.35859900331404620E+01  2.89005363458061520E+01
  3.59079136884617700E-01  1.39667658405890690E+01  5.50192876063611800E+00
  5.94092381958372510E-01  1.08048152965535870E+01  1.46119904501895160E+01
  2.54611020839302520E-01  3.20874972478305850E+00  1.28816453093166250E+01
  4.99223721401470310E-01  2.62902418893105470E+01  2.61156982451452540E+01
  2.54611020839302520E-01  1.38787758453571270E+01  1.26066564978280090E+01
  3.20574425314766210E-01  1.31130922026090420E+01  1.02666674018974380E+01
  2.85767805251094040E-01  2.47952669399675220E+01  1.94279758804493770E-01
  2.54611020839302520E-01  1.91307698496805190E+01  4.07107264473817400E+00
  4.12246671516209600E-01  1.87928751608583550E+01  8.77184947224936100E+00
  4.41298336829792340E-01  9.37709154720291420E+00  1.58832677809634290E+01
  7.09985914168247060E-01  1.67128591918395650E+00  1.20762206763019080E+01
  6.80956647410425740E-01  1.82706200536982520E+01  2.36843720881562620E+01
  4.75338540515479570E-01  1.52263099103799520E+01  1.34436328595198110E+01
  7.49588614928249000E-01  1.54943608867527070E+01  1.01640783814435200E+01
  4.74033319401206570E-01  3.98730025944497730E+00  5.74823572278771430E+00
  5.20515140446715560E-01  1.22729853131850890E+01  1.02338885739118610E+01
  5.48131117613959250E-01  1.97612046100122250E+01  2.62300676290840540E+01
  3.46733456860136300E-01  2.09073371432838040E+01  2.58164235048562250E+01
  6.97384645011991290E-01  2.80120659942314490E+01  2.64920845588917760E+01
  3.78209123272245940E-01  1.97501536595930850E+01  7.05809735591069120E+00
  3.82382183723224410E-01  2.59817366508382220E+01  1.10065005360326130E+01
  4.46537248270915300E-01  2.23571827032516060E+01  1.45435045735247960E+01
  6.08690451339190200E-01  1.69383980104826290E+01  1.76234317307517290E+01
  2.59062449636064510E-01  5.36409323969586450E+00  2.32452489705595050E+01
  4.43756654693070110E-01  1.35457733738977540E+01  2.19668617793913370E+01
  3.18942867500738640E-01  2.49317813557680100E+01  2.68642106293334140E+01
  7.16535845940979770E-01  4.99995022548580970E+00  2.41497115754569050E+01
  4.62836237406567810E-01  1.07651125207599050E+01  4.71274962517594980E+00
  6.97384645011991290E-01  1.40339875862359500E+00  1.97192467844997740E+01
  2.47647088603063280E-01  1.74620690488053470E+01  1.47663287881518310E+01
  4.05793634226126800E-01  1.79403338018988020E+01  1.33302099500143050E+01
  5.37364664263313330E-01  2.03743959461795750E+01  2.94502707566743710E+01
  5.72881440675418570E-01  7.96402765074365070E+00  2.86943421697802490E+01
  5.04213456464067280E-01  2.91295324561563260E+01  7.48070611085860020E+00
  3.86557871019070410E-01  9.61764046174842770E-02  1.06177311609525660E+01
  5.62178328188990490E-01  6.39651939955611230E+00  2.77875183335274300E+01
  6.41715074739605920E-01  7.38353595604930390E+00  1.31543349937950960E+01
  4.54567147313974470E-01  1.67971940335350420E+01  2.50731721186178120E+01
  3.97011970696729720E-01  9.18869996785147870E+00  1.57874222581092100E+00
  3.99477862283745790E-01  2.87795416761738350E+01  2.14090640688137160E+01
  5.15931587153482510E-01  2.49825300694358110E+01  3.37007357201904160E+00
  5.98026541173087530E-01  3.54913783746157210E-01  1.68034626142703040E+00
  5.94917806945655060E-01  1.52673519715361010E+01  2.86292349157272100E+01
  3.86557871019070410E-01  2.83302901484066080E+01  2.31259697021257690E+01
  5.52347772924787250E-01  2.42782235348698580E+00  1.30841507149139140E+01
  4.05793634226126800E-01  8.11687836131753390E+00  9.04383551917639040E+00
  4.66753989857397040E-01  2.86279196271153680E+01  1.40248594760537910E+01
  6.77666041374141330E-01  6.55418652447502480E+00  3.66188427347861320E+00
  3.23306573977224420E-01  1.54483266887499300E+01  1.88971600318133280E+01
  6.88340418185590860E-01  1.66544207749946550E+01  1.63582416495020870E+01
  4.11696508529454960E-01  1.68317510239432830E+01  2.82266382611680060E+01
  4.03052389307286420E-01  1.97426448088372590E+01  1.17379083424276960E+01
  2.97529618718302210E-01  1.51507880532314210E+01  2.39018480932008840E+00
  3.13090147150790890E-01  2.16899053291652880E+01  2.38145532433606850E+00
  5.01435669612667030E-01  1.19980553297641490E+01  2.51213473462572240E+01
  5.26482748420329030E-01  7.75031281324955580E-01  1.12270759486014620E+01
  6.75156127532392600E-01  2.70736288080876690E+01  4.36214811351432810E+00
  7.20816873845379820E-01  1.66361634931536990E+01  3.47213539299752800E+00
  5.30006102735105960E-01  1.31462504070873720E+01  2.79691852179871920E+01
  3.43353541919950760E-01  1.56275525910991620E+01  2.18867900202401450E+01
  5.32877675645020420E-01  2.55383069622137880E+01  1.51830538024223160E+01
  6.44956217916396120E-01  1.45271137428840860E+00  2.10578774967314860E+01
  3.55036581058269410E-01  2.45909324281052050E+01  2.55100675951260450E+00
  4.30054269381220950E-01  1.07685938564417810E+01  5.60499490883904890E+00
  4.93734512940847830E-01  1.25060094255869800E+01  6.56100292207858530E+00
  3.42409596243210680E-01  9.04442454175099540E-02  1.31826724151874140E+01
  5.58952633370732950E-01  1.13884474950908900E+01  6.40080426545253900E+00
  4.49954956992444630E-01  3.85247871578080850E+00  1.90177181230509120E+01
  4.11346310528290360E-01  1.26758564533908710E+01  2.11542896215917080E+01
  4.72818350263822220E-01  3.05695352854435500E-01  2.51002080030569810E+01
  5.00672486592370710E-01  5.15048696730438140E+00  1.78262759678170720E+01
  4.15334611176110170E-01  1.31526536393697670E+01  3.93218859923114210E+00
  7.70254277643880240E-01  1.82501959970487860E+00  2.24200253814208460E+01
  5.32262962461145860E-01  2.91832770763762190E+00  1.21187840278498930E+01
  4.01880163826280960E-01  7.34596224698990150E+00  2.79430327993630310E+01
  7.41720708060832300E-01  9.70714686802120850E+00  2.52803874223390500E+01
  3.01674668393272730E-01  9.88834926643074750E-01  1.04448508488814710E+00
  2.66929568161810020E-01  1.18122968035293430E+01  2.75827056322065370E+00
  4.15334611176110170E-01  4.30143277148900440E-01  2.02577537726943150E+01
  5.20369884994360540E-01  1.48005919117121770E+01  2.64793553477334350E+01
  2.84672167568555990E-01  2.64332719907765680E+00  1.89116167800917980E+01
  5.18912146576496980E-01  2.11602032502289390E+01  1.95233662795727480E+01
  3.90540239164096370E-01  1.79138842134314590E+01  4.52797535375816910E+00
  3.63079661055833470E-01  9.57953810237929740E+00  3.98911547798187840E+00
  4.73113776075054650E-01  1.63780706558623170E+01  7.32826319568696860E+00
  5.55687039951364880E-01  1.58035041232787460E+01  2.48927730242191170E+01
  6.97384645011991290E-01  2.05633397425159180E+01  1.84662561987649670E+01
  3.54092873053847420E-01  2.30486783096312990E+01  1.13256037657776030E+00
  7.37991961479508610E-01  2.62709639587019450E+01  5.52336765508802420E+00
  5.10790949981952740E-01  1.63254971282970550E+01  2.24561550835162970E+01
  7.03918080384424090E-01  2.19379419351756790E+01  5.03634642064115480E+00
  2.69326463995374250E-01  2.10573339508374960E+00  1.90448433806296220E+01
  5.39922025342825940E-01  1.24126553563430470E+01  2.36180337566251100E+01
  5.39922025342825940E-01  2.06981301191175400E+01  5.32131514589215100E+00
  3.52682444144397330E-01  2.28752788764331160E+00  1.83837296091621990E+01
  3.17084428049163950E-01  3.18764582005144570E+00  1.73983932385164340E+01
  3.92511582998476170E-01  9.55148627670574160E+00  8.25720487161197520E+00
  2.92799561075502800E-01  7.32161658738056610E+00  1.70639367403335560E+01
  3.63105686475124490E-01  2.84284358617318170E+01  2.90895091505800320E+01
  3.25036994184950640E-01  2.35468190385950710E+01  2.25122593863960320E+01
  5.70902198024309190E-01  2.34098547001398280E+01  2.57296679163942590E+01
  6.18138908065390960E-01  9.11688282917571160E-01  8.65299534127525940E+00
  3.10705613459761840E-01  1.27258201994250800E+01  2.72420424502812150E+01
  6.99092076263204730E-01  2.93543868783507020E+01  1.17366119787523290E+01
  4.40295189098215370E-01  4.55570592624715860E-01  2.71182131098454220E+00
  6.52034765531911640E-01  2.03760600299786180E+00  6.87493164498041320E+00
  5.12628979659419230E-01  1.92911876655145950E+01  2.45139177052925420E+01
  2.68569610726517900E-01  1.42489494245416570E+01  2.10890763278124710E+01
  4.41473589537221400E-01  5.30797096569783910E+00  2.52643944352328410E+01
  7.41623060643924430E-01  2.80509295738695210E+01  8.21230419918636300E+00
  2.49794182180603610E-01  6.18586295076624020E+00  8.95886397248945520E+00
  3.44856808658559500E-01  8.89893557505310180E+00  7.91580092542639950E+00
  6.83701617051292750E-01  1.85366257768700890E+01  2.61029123063026350E+01
  7.19599311285852310E-01  2.45194431225929710E+01  1.91062264606088630E+01
  6.67521681419926690E-01  1.69533703695923490E+01  2.39664151620557670E+01
  5.40946473112310590E-01  2.03404486858568920E+01  1.24660211104946030E+01
  3.83579206291793930E-01  2.12054561632254310E+01  7.41223579644438150E+00
  5.04339573614743570E-01  1.33075750423290930E+01  1.74175048530052830E-01
  6.35523375007872900E-01  2.76385142482379540E+01  5.64021025041654770E+00
  3.44905765886116280E-01  1.32562565022274480E+01  6.93308255115556800E+00
  2.65726189967390210E-01  2.12709535346664500E+01  2.33915914760045100E+01
  4.87785457169642190E-01  1.98745781896438030E+01  4.69101583910877550E+00
  3.71299762957800540E-01  2.53371156185890920E+01  1.60633623725377500E+01
  4.13811620468168510E-01  1.56776773872823970E+01  2.86649931552132240E+00
  5.69423614487483490E-01  2.23945997431244240E+01  1.78960494672835930E+01
  5.83429036676414100E-01  1.37909200707416430E+01  1.92364296312218100E+01
  5.30006102735105960E-01  4.95084888089172370E+00  5.46947022693291980E+00
  5.16710955738981780E-01  1.45484535573958190E+01  6.15522974091452820E+00
  2.65726189967390210E-01  1.48350180819646940E+01  2.25524178018888150E+01
  3.18942867500738640E-01  1.00038178838272330E+01  1.41743875357465650E+01
  3.23881608201221470E-01  4.47854920667421920E+00  1.85641088705144310E+01
  3.54092873053847420E-01  1.95409346195890170E+00  2.36474697128600900E+01
  5.12509616084684260E-01  3.48686500940051670E+00  1.57837101124431380E+01
  4.99223721401470310E-01  5.67975254437145430E+00  7.43707294447811940E+00
  2.56092450391898300E-01  1.22247779767112590E+01  2.69794628294838150E+01
  5.45765227979075810E-01  1.78431151153754790E+01  8.89518729459818760E+00
  6.94010183176834960E-01  1.77734229341084640E+01  2.57605430944619140E+00
  3.57201130995523370E-01  2.49499881182973080E+00  1.95351725266020220E+01
  5.25895496843049500E-01  4.86033589962062610E+00  8.05122338984213390E+00
  5.10790949981952740E-01  2.57642446128233940E+01  1.25643836127933710E+01
  4.89717368181109780E-01  1.37473505205397060E+01  1.46941280447453430E+01
  4.82769235883485770E-01  9.23306995445454250E+00  2.73490479819976540E+01
  6.93278360304079300E-01  2.49639500608901590E+01  1.15845364483270920E+00
  3.35017483125717060E-01  2.94020099156344980E+01  2.50099316894276620E+00
  3.26514001167033020E-01  1.62321161577321010E+01  2.32863712921435000E+01
  4.75880684447443510E-01  1.23940592034564180E+01  1.37268218093400170E+01
  4.22354771203238230E-01  9.05134486192242170E+00  2.25973617569127970E+01
  4.11966131227655820E-01  1.66712264912589060E+00  9.34943306102825570E+00
  7.30946391186454210E-01  1.64599053604735810E+01  2.03141383874030360E+00
  4.22201084465533680E-01  5.72911974811433030E-01  2.86291558170730340E+01
  5.15931587153482510E-01  2.67701576207906060E+01  2.88168086789503870E+01
  5.52347772924787250E-01  8.22250116102492790E+00  2.75684420436943500E+01
  2.49794182180603610E-01  2.09747395245676070E+01  2.20066650904979430E+01
  4.50103975287380020E-01  5.22286955886760840E+00  1.87729597991149650E+01
  3.61769499680632390E-01  1.26599345824790760E+01  1.95661213445830650E+00
  2.77147605524350650E-01  1.27468646305871950E+01  1.09384008867328650E+01
  7.64764367446448820E-01  2.11760982266733500E+01  1.41909212792294140E+01
  5.71326189973923350E-01  1.55949817357509130E+01  1.24663388221297830E+01
  4.07877171249442140E-01  1.90406843496021880E+01  2.70700383572814650E+01
  4.46540105696671490E-01  6.75244590345660360E+00  2.10728760469064440E+01
  5.07606992315717240E-01  1.35103212531825300E+01  2.13546932823799860E+00
  3.01731430220296380E-01  2.31834730329115890E+01  7.59686693130567470E+00
  4.32382463464541460E-01  7.33513503303874700E+00  1.74926509332700510E+00
  3.25762576013666160E-01  9.78038310229424820E+00  1.99148854250732300E+00
  6.24920360555607160E-01  2.88432659927493380E+01  1.29557292327711460E+01
  7.38532964590205680E-01  2.70962772421077960E+01  2.43742049635970940E+01
  3.92511582998476170E-01  1.77183941502176090E+00  2.43710483592513930E+01
  2.97561439636419770E-01  2.74119698856616840E+00  1.40427764176494010E+00
  3.46434506905438330E-01  9.62393651732328510E+00  1.82025001510312270E+01
  5.89502618647478990E-01  9.08862449380935190E+00  2.84105867826246550E+01
  3.32399546609116130E-01  2.64367858048439960E+01  2.52175888753434380E+01
  5.77649046292645880E-01  1.04735614262338020E+01  3.69769091727856570E+00
  4.31729360191427780E-01  2.26075578855036350E+01  2.33401614133098430E+01
  3.17950877609215300E-01  1.75323900504428210E+01  1.00194178897089990E+01
  4.75880684447443510E-01  2.89030029010886520E+01  2.37685553278829150E+01
  3.91816801400439550E-01  5.56917624018700950E+00  2.95121691565323160E+00
  2.50163292655703180E-01  8.18104761507984790E+00  5.62049830312840640E-01
  3.42074681651230290E-01  2.24593464148414700E+01  9.23814134952718470E+00
  3.50974061745161330E-01  2.26599661809529960E+01  2.77045969058232120E+01
  6.18566685513849460E-01  1.00819457006613270E+01  1.09664992576441450E+00
  3.24719866931951940E-01  1.11295477414398610E+01  1.21093261398479550E+01
  3.57201130995523370E-01  2.16329107337319610E+01  8.35435084651620660E+00
  3.13090147150790890E-01  5.27703224867650530E+00  1.27350812400411190E+01
  2.58355477869490890E-01  2.72214005728398480E+01  9.68786097885134550E+00
  4.83351594707823830E-01  5.30544065828314880E+00  1.19118243911814740E+01
  5.48463672908306780E-01  3.33580416579704540E+00  1.98711455011446030E+01
  4.24351701398837560E-01  1.44036581078079850E+01  2.56221343046124840E+01
  6.80557430527969220E-01  2.66475983061172780E+01  7.99323613947176790E+00
  3.73125396709624990E-01  2.15819714063922060E+01  1.29083335039748760E+00
  6.77808113742920780E-01  1.76377499001734820E+01  1.21129354178511360E+00
  7.67512613708393760E-01  6.61597356528435650E+00  6.15101109046291230E-01
  4.76544583128828500E-01  8.38976801836170340E+00  1.16451606651162860E+01
  6.97738347479756800E-01  9.29876196260172880E+00  2.15054040786512530E+01
  4.49545157175862540E-01  1.46500748312340150E+01  1.78644413726414970E+01
  6.25336422111717830E-01  2.94069899434344390E+01  2.92280693854509900E+01
  4.99487474973056500E-01  4.65251845096874290E+00  2.29852127870937400E+01
  6.67521681419926690E-01  1.05238979974592260E+01  1.86659700162693870E+01
  3.44170209092795430E-01  2.95734611239637570E+01  2.32971509227336500E+01
  4.01880163826280960E-01  1.05924685669326850E+00  1.44943325414632320E+01
  5.95035019805102560E-01  2.21401249437686970E+01  1.14527487096405770E+01
  5.20348764567513020E-01  8.12164236152758970E+00  4.97196418842016910E+00
  7.44845164893703690E-01  2.17901275166764560E+01  2.70024726543343120E+01
  6.94010688862415210E-01  2.36610342824371320E+01  3.03317684600894170E+00
  4.00156705760987560E-01  6.88492496002143990E+00  2.19083794019005790E+01
  6.57722721512726150E-01  2.82193141416118930E+01  9.60089872482738120E+00
  3.61198882346046800E-01  1.81150811809382470E+01  1.40764318740114670E+01
  6.07167866036927160E-01  2.78304636783524590E+01  2.17394015658806910E+01
  5.81677556670477180E-01  7.31250343807934030E+00  1.19357156634433090E+01
  3.17579752081870750E-01  9.36922926906657420E+00  1.75902132486749000E+01
  2.69169509893181310E-01  1.43054139527376560E+01  1.52069382098846780E+01
  5.36592099856838090E-01  2.88664802192531200E+01  1.06033968547755910E+01
  3.01799748246536660E-01  7.76716826039401110E+00  1.11807196554575990E+01
  4.05794678723965420E-01  1.48424263089389770E+01  2.49185158142762830E+01
  3.65995101567518470E-01  7.67360126915111530E+00  1.95733791837350070E+01
  3.39481361119070080E-01  1.43077459873652510E+01  7.49243584629539860E+00
  6.97384645011991290E-01  2.47483583904536640E+01  7.63130433089151430E+00
  6.82253548551889110E-01  1.86768300530188470E+01  1.91914935792314800E+01
  5.67035311113654220E-01  1.34201789135587960E+00  5.19730968936384660E+00
  6.47236078597052340E-01  1.19004164469671510E+01  1.13399118429223580E+01
  5.92513140571182980E-01  2.23929635706229280E+01  1.81400787640682420E+00
  4.71553509741754610E-01  1.60534214980698700E+01  1.39333510785277050E+01
  6.55885333720611730E-01  1.78467711229597260E+01  2.85507571671636810E+01
  2.83840017940612550E-01  1.57442668284419620E+01  5.25994272108625880E+00
  5.65219172841477580E-01  3.45324580984202050E-01  1.90326992105230880E+01
  3.48480710258510130E-01  3.18573883087293770E+00  2.07544988738436480E+01
  6.26908127420837150E-01  1.19990125001081440E+01  2.78326926537120480E+01
  2.62213147743524950E-01  1.90298957694133290E+01  7.47409538333135790E+00
  5.08737612195334600E-01  1.67490348756281830E+01  2.73102224359089580E+01
  4.59281804788439010E-01  6.23382789354078510E+00  1.54909679516638510E+01
  2.86550378078914000E-01  7.29877168843324140E+00  6.67903958124413770E+00
  2.99038091422116640E-01  2.61052802503038240E+01  2.46804773617337010E+01
  3.62493203924014780E-01  6.02241275417068960E+00  2.38054254509509170E+01
  5.64616421781660800E-01  1.51774455329431020E+01  7.73790158373567570E+00
  3.87533216804236250E-01  5.56606843726324920E+00  6.41957965361057160E+00
  3.90540239164096370E-01  2.89821071746148460E+01  2.46826815164694970E+01
  5.44640939783434240E-01  8.07239275288099910E+00  1.41180574282071700E+01
  3.84420431658369740E-01  1.24411096381279710E+01  2.58879054863914390E+01
  4.53492046339069340E-01  2.65061890444708330E+01  1.77669145079119560E+01
  6.38023782753992030E-01  2.05779191683306660E+01  2.39702706179255860E+01
  5.00672486592370710E-01  1.61620654735631210E+01  4.59746145349329890E+00
  6.08873319065221350E-01  2.62056106934277150E+01  9.68157853986078010E-02
  3.18942867500738640E-01  1.11254865613337980E+01  2.66055322167920250E+01
  2.65726189967390210E-01  1.85202450688663800E+01  7.33664937981842070E+00
  7.10410487391814980E-01  1.18797716041664200E+01  8.52496101930520740E+00
  4.66797018098134940E-01  2.00944537406806700E+01  1.02407768762416160E+01
  3.89889811574280460E-01  1.52682688026412980E+01  8.71030417964201750E+00
  2.92456502136063850E-01  2.76244446939976700E+00  1.54356938609518860E+01
  3.63079661055833470E-01  1.97077984911498450E+01  1.09741097331297880E+01
  4.13811620468168510E-01  2.29755887036076170E+01  1.08879487840716450E+01
  2.60417758313763680E-01  2.21332334093827820E+01  4.09286127601581740E+00
  4.41940562555082740E-01  1.77737404792814860E+01  3.70954275291755840E+00
  3.08418768867630710E-01  2.61485955562323830E+01  2.09242240450943700E+01
  3.04461637453634990E-01  1.87706220981262640E+01  2.51429078216406050E+01
  4.75626642073745920E-01  1.96038873519931660E-01  1.60773621874591260E+01
  4.19693779402500590E-01  5.64917827888810110E+00  1.02883559272533520E+01
  3.26514001167033020E-01  2.17423066027566740E+01  1.32591943514769440E+01
  3.55388479881239270E-01  1.97070651206781950E+01  1.90768780023620150E+01
  5.33859136323620030E-01  5.74855785581797020E+00  1.36480112347034250E+01
  3.39481361119070080E-01  2.79843753400354340E+01  2.37635600453022780E+01
  2.51153087880769550E-01  7.82117593290024350E+00  1.54378948599446630E+01
  4.21603844523193420E-01  2.50447483289930660E+01  1.80938051856697580E+01
  5.20348764567513020E-01  2.78033172621603430E+00  2.72991181721013520E+01
  6.86210935380316480E-01  1.64112471922278580E+01  6.15630751851412580E-01
  4.41140732643827070E-01  2.10830075035185940E+01  1.93422893368954260E+00
  6.26908127420837150E-01  2.02149297670650760E+01  1.71024667677584180E+01
  5.11871480770454750E-01  1.65001835999174420E+01  1.30583823100586120E+01
  4.70990686464341570E-01  1.31596426334833150E+01  3.04753002078646680E+00
  5.20369884994360540E-01  1.61595246677546530E+01  1.84442455350939300E+01
  3.04306421741581800E-01  2.73471391546767960E+01  1.35376306726032140E+01
  5.88333222664750720E-01  2.70824960270762960E+01  2.50232932461134720E+00
  6.64541222436485860E-01  2.74445353112963130E+01  1.96279609031725890E+01
  4.24351701398837560E-01  7.54459058924170910E+00  1.77445303165174050E+01
  5.55920758830291820E-01  6.45789032055379410E+00  6.72634915444712520E+00
  2.89042915761794110E-01  1.87333055235170500E+01  2.88769371964455420E+01
  2.47647088603063280E-01  2.36825448511447940E+01  9.13020155902882100E+00
  5.88686278844574580E-01  2.94615909686367880E+01  2.80163232143364380E+01
  3.53063097104977870E-01  8.32211035798805550E+00  1.92662706145007050E+01
  4.50600139601478670E-01  1.10099947667199170E+00  6.18584218143026550E+00
  6.65634982039605120E-01  1.52598815195620080E+01  3.86103682112154710E+00
  4.69750256464274060E-01  5.52749568534693660E+00  2.24682952546693110E+01
  6.13801455222646290E-01  2.64377435600694670E+01  9.26878598268631390E+00
  5.14582826754803690E-01  2.45150995790384310E+01  2.61121403472404370E+01
  3.81419328643079860E-01  3.10156296151852300E+00  2.14785878219755660E+01
  7.28196096543639280E-01  9.64269717672544500E+00  7.14288096572879110E+00
  7.33199636544987770E-01  8.04163081242622720E+00  2.53676436711903860E+01
  2.86550378078914000E-01  1.95063253682754190E+01  2.26074737017205510E+01
  2.52169786807371790E-01  1.07828965769408040E+01  1.02171951883555320E-01
  5.01406606281285510E-01  2.68913602838656200E+01  2.69146343362415410E+01
  4.18948713530687210E-01  1.78594890521779990E+01  1.14759433083931540E+01
  3.62620749938717070E-01  8.92460475586948480E-01  1.53401536656355370E+01
  3.15231116497538320E-01  1.47048972056704810E+01  6.97221269820233490E+00
  2.83840017940612550E-01  1.73302213058016430E+01  1.19361419514959710E+01
  4.72199721516180480E-01  1.05591727942906490E+01  1.98033217832760860E+01
  4.41666133880560000E-01  2.59477193770022230E+01  2.69909966018933320E+01
  3.39073066583844400E-01  3.35891007522310270E+00  4.73717370458952300E+00
  2.54831192030272870E-01  1.50977567068648600E+01  1.60030525642739790E+01
  6.65634982039605120E-01  1.30250096659324890E+01  9.28508775573412140E+00
  2.69326463995374250E-01  2.83895749599452640E+01  7.25988589277362980E+00
  3.08418768867630710E-01  1.98938471072429020E+01  1.32778758322363280E+01
  5.63324676144028570E-01  2.13436410934822050E+01  1.74792562242715840E+01
  2.49794182180603610E-01  2.16827912740834100E+01  3.85348924659067330E+00
  6.44956217916396120E-01  2.00424392481430400E+01  2.73884220707440100E+01
  4.26043897269923290E-01  2.91095562857527420E+01  1.27297815893421130E+00
  7.44533748089133770E-01  7.87076706606758590E+00  2.06649305830183780E+01
  2.47647088603063280E-01  9.07714743803909130E+00  3.64299729349885570E+00
  3.47451934045076260E-01  1.27660467523296590E+01  2.20986033141515290E+01
  4.83182858574677270E-01  2.67215094304472130E+01  1.30595376921366050E+01
  5.38382388131525950E-01  6.79065920232118450E+00  2.55946435173841460E+01
  6.08690451339190200E-01  2.52577313835670910E+01  6.43065084124337180E+00
  3.93024383017402490E-01  2.51307535417527820E+01  1.72840222521379230E+01
  2.54611020839302520E-01  3.15194960860878350E+00  1.90895860673705900E+01
  6.82253548551889110E-01  2.39692738993030860E+01  6.49389742945966210E+00
  7.67665169660178040E-01  1.62231166235354640E+01  2.61477211997045240E+01
  3.95839252948554370E-01  1.26718436825872120E+01  2.45155077250508880E+01
  5.15379284759350490E-01  4.13508084083968890E+00  1.77992015229133390E+01
  5.09222041678605210E-01  2.52393091614127730E+01  2.92274298287990110E+01
  4.72038094207023740E-01  1.77422423450129970E+01  1.59568191660916890E+01
  6.64541222436485860E-01  2.87223594702594770E+01  6.35810478219923430E+00
  4.84167632717154460E-01  2.40558322088395040E+01  2.18840167387757670E+01
  5.39922025342825940E-01  1.08670359282123560E+01  7.46940099585525540E+00
  3.77759649416993960E-01  2.42449711721118820E+01  2.27230334698202010E+01
  5.06367095649294540E-01  1.57230464695883110E+01  1.13977362184386360E+01
  3.05466220251299840E-01  1.13936683373712770E+01  1.52918714721850010E+01
  7.55604472483241980E-01  1.68615663632522120E+01  1.08567652411475210E+01
  7.68548325332126940E-01  1.08406283558512500E+01  2.25729004275908760E+00
  3.09209541844886400E-01  2.72656134847793080E+01  2.76413775504691510E+01
  4.71553509741754610E-01  8.56373295056537390E-03  5.98135735283966770E-01
  3.65995101567518470E-01  2.12684986347460240E+01  2.88614411137547040E+01
  6.26517897412854200E-01  4.87541039254498540E-01  2.61834763598205950E+01
  3.55388479881239270E-01  4.74671306922529630E+00  9.64252017571899780E+00
  3.90423892796942250E-01  7.23183616715170000E+00  1.07458861401447660E+01
  4.92172780862642510E-01  7.88068969886846830E+00  2.65816342345651290E+01
  6.66683478841499700E-01  1.96702631643018680E+01  8.14544581206968840E+00
  6.94903868090152520E-01  1.77714033378186760E+01  2.02272262652784280E+01
  7.65642972591057180E-01  8.92788858055000210E+00  9.88879799471756190E+00
  3.52682444144397330E-01  1.40235933227389040E+01  1.44697545132683540E+00
  5.39466591144820300E-01  4.39826174914190200E+00  3.47829917581248530E+00
  4.26043897269923290E-01  1.77830455659966160E+01  2.46771492423688950E+01
  2.53364602799301860E-01  7.20773310682840230E+00  2.37863168277833630E+01
  3.83290088603488770E-01  9.84032102881531050E+00  2.24400067977289300E+01
  5.55920758830291820E-01  1.63549642011125300E+01  2.90682321825121440E+01
  4.13050329149462850E-01  3.90979281872448770E+00  2.38562817316111900E+01
  5.20369884994360540E-01  1.55560700398120510E+00  1.37174245148308370E+01
  6.99477888048091770E-01  1.52790668048564090E+00  2.32752943033746410E+00
  3.59079136884617700E-01  1.19591835457894770E+01  2.12293789317903150E+00
  3.01799748246536660E-01  2.32946177299657610E+01  2.30853352711634870E+01
  5.28731261397185740E-01  2.50636205771871000E+00  1.41590665433938910E+01
  6.80338287111455390E-01  2.26600836981706020E+01  1.57282793533573370E+01
  4.74033319401206570E-01  1.35118672152501810E+01  1.09530353124937570E+01
  3.53302408788900560E-01  2.95390357454437760E+01  2.70775287703279660E+01
  4.03052389307286420E-01  1.66669882260297040E+00  1.23511436981201570E+00
  3.33973424357718240E-01  2.64368212244300590E+01  1.84461711732707450E+00
  4.68162992243922280E-01  1.14509067963830910E+01  1.37576191223731180E+01
  4.72192289519205580E-01  1.96064712696559380E+01  1.61874068089719680E+01
  6.73658304681401180E-01  1.64185215868391800E+01  1.50183006719943530E+01
  4.61178090502161720E-01  5.32746542094813340E+00  2.14169098920022310E+01
  4.18189647978318300E-01  7.11227420253771480E+00  2.46891376073075580E+01
  5.15379284759350490E-01  2.23334062934880290E+01  2.58664765530801260E+01
  5.34553382826858140E-01  2.44623526432184730E+01  2.50646488687614130E+01
  3.70336582810533970E-01  2.22514051989887850E+01  1.37340264153703090E+01
  6.42747544188997020E-01  1.29648609230849080E+01  2.01416405709798770E+01
  4.50600139601478670E-01  9.33031814526610330E+00  1.21120218556464200E+01
  3.55036581058269410E-01  7.61860466966953890E+00  1.87574269662583890E+01
  3.54092873053847420E-01  2.47656035108490790E+01  1.56170468283864120E+01
  5.13614394364816020E-01  2.22044230911639530E+01  1.68309417733855500E+01
  3.65995101567518470E-01  2.57445359880830720E+01  2.24511729793233350E+01
  5.25383403930900440E-01  1.46109534589218020E+01  2.17946457094542510E+01
  3.83598938984435380E-01  1.27096347214111050E+01  1.91481058490450380E+01
  4.86073626967704090E-01  5.54794009756504810E+00  9.38883780802949450E+00
  5.96963967672292380E-01  1.81868467640912530E+00  2.92372466382490330E+01
  4.66553963192992600E-01  8.46613200225809950E+00  2.32660366387361040E+01
  4.15252526658189590E-01  1.00768898127285260E+01  6.08683217893000170E+00
  6.36786611163594070E-01  1.42882801428657530E+01  2.77364425147503010E+01
  6.06760633376156730E-01  1.83430642300160510E+01  1.61650469055807380E-02
  5.25895496843049500E-01  2.43353492916246860E+00  2.82985843902217620E+01
  5.05409982910693060E-01  5.34825341556002340E-01  2.27547103305270010E+01
  5.18912146576496980E-01  9.24208486023095330E+00  1.11337631042628700E+01
  5.81677556670477180E-01  2.32562843862188660E+01  1.71350529307567290E+01
  2.50625569857546320E-01  2.69699495454670950E+01  6.22174466085435720E+00
  6.67521681419926690E-01  7.18574382664635800E+00  8.51015571633494080E+00
  6.52034765531911640E-01  6.23249442204447130E+00  1.25658189125189480E+01
  3.81419328643079860E-01  1.52074188366691910E+01  2.56151726588593720E+01
  3.18942867500738640E-01  2.91930825536771120E+01  4.77682907477491450E+00
  6.63973334543257470E-01  1.55425437986532880E+01  2.74024036605407450E+01
  4.05793634226126800E-01  1.57221091255735820E+00  1.86320387369553800E+01
  2.88617724104866640E-01  2.66721467854089910E+01  1.45877164888036500E+01
  3.17587838135982990E-01  1.85564566189461750E+01  4.23104385612458240E+00
  6.94010688862415210E-01  6.25811392953946120E+00  1.12203543167999770E+01
  3.25036994184950640E-01  2.90334505499331460E+01  2.66253000550807780E+01
  4.41940562555082740E-01  2.02622076883376070E+01  2.43131463108596610E+00
  3.05466220251299840E-01  1.93105582443690340E+01  1.54644296162950550E+00
  7.22984261441823330E-01  3.06104344626055980E+00  2.60829825985047600E+01
  4.60682082706054620E-01  2.37626822763744980E+01  2.90963932706956890E+01
  4.22201084465533680E-01  4.73166376684068530E+00  2.20680767877055640E+01
  6.24824560398126750E-01  2.30069867075461440E+01  4.23414804286707810E+00
  3.63079661055833470E-01  4.80597533919349380E+00  1.41127761002327430E+01
  3.25516939164680520E-01  1.38571913022399240E+01  7.92883185760406840E-01
  4.87886881528419990E-01  2.86920791967049030E+01  2.08501133490230650E+00
  4.34172467284937990E-01  6.72469658483381940E+00  1.66501183912201040E+01
  7.04082361725448710E-01  4.10963360004949510E+00  1.04880769559223510E+01
  4.40295189098215370E-01  8.71687533580130140E+00  2.93693051590764400E+01
  4.54567147313974470E-01  9.86614109700983730E+00  2.04167322863544310E+01
  4.89717368181109780E-01  2.74279267357410550E+00  2.19136687075604450E+00
  4.82771447840326400E-01  2.85838152778389480E+01  1.78859598097641990E+01
  3.54092873053847420E-01  1.52991460181587920E+01  5.71559196044796990E+00
  7.67457697882333090E-01  2.67978605531490610E+01  1.18129085004413720E+01
  4.43129600128677660E-01  1.18303045646600040E+00  2.34471773673132410E+01
  5.61514797181737530E-01  1.88366637022721970E+01  1.14092679395636430E+01
  5.82207618145930890E-01  2.09402245125208670E+01  4.22799385445326430E+00
  5.94092381958372510E-01  1.64241576481994190E+01  5.81211904176469840E+00
  5.64318884198494160E-01  2.40045536085136110E+01  1.05655441026349680E+01
  6.16837537735261420E-01  1.30319020122746650E+01  7.86757973955405630E+00
  4.20581746236023420E-01  8.74413059668403040E+00  2.26246088815627290E+00
  3.16022212934137680E-01  1.52950965953254700E+01  1.82766283436556450E+01
  4.59502380082057990E-01  1.21675138889162130E+01  3.39639025972455100E+00
  7.48336469443998900E-01  1.05638278964989160E+01  1.59396692391564660E+01
  6.90159994875631000E-01  1.67238974453809920E+01  9.41876451349065920E+00
  4.68364091588631840E-01  3.64573452698107660E+00  1.67603617076758020E+01
  4.05593309893122810E-01  8.22278033846385270E+00  8.23962592365798760E+00
  5.55687039951364880E-01  6.13907093979669140E+00  2.47161025157367860E+01
  2.83840017940612550E-01  2.86359593080201020E+01  4.54753591299123800E+00
  5.98280766214214580E-01  2.42291829035053680E+01  4.19081792015169440E+00
  5.84913004272127690E-01  5.94136977069145540E+00  1.95158659697231370E+01
  2.83840017940612550E-01  2.43709975638416800E+01  2.70819835837630440E+01
  2.83517655556827110E-01  2.44739801456318240E+01  9.86133156442539870E+00
  5.27599340399055180E-01  2.64283570089607950E+01  2.78323049959449020E+01
  6.24824560398126750E-01  2.08259368696048670E+01  6.47804376361973940E+00
  4.84167632717154460E-01  1.01078780933601510E+01  1.06290779416317630E+01
  5.66562802601083430E-01  2.30810206529400470E+01  9.91460568747721640E+00
  5.81213412342838430E-01  5.51383936470377110E+00  1.47375063524513710E+01
  5.13285974501586400E-01  6.81517989378468680E+00  1.83315577851246200E+01
  5.29625185962053640E-01  1.45142659849625040E+01  1.09844635409420950E+01
  3.30104909316010620E-01  1.24011648309923770E+01  1.25823315106882010E+01
  5.48174971142568520E-01  1.42441679888235310E+01  4.58574686537704770E+00
  4.72192289519205580E-01  1.42843361964842670E+01  1.70186410111897290E+01
  4.53126113496558960E-01  3.66209940237189270E-01  7.71197061338242310E+00
  5.25993347610763350E-01  8.43209956658268570E+00  1.26437390769299400E+01
  4.75338540515479570E-01  1.09938181982675350E+01  2.73874025576617440E+01
  4.30858982518450690E-01  9.27024463294766040E+00  1.31030050899227140E+01
  7.09741570678139940E-01  2.51920991873610870E+01  2.78587275458488510E+01
  5.05409982910693060E-01  2.39940273881263480E+01  1.16333926880447470E+01
  5.20369884994360540E-01  5.89919941870038580E+00  2.06198376707905700E+01
  2.73281005279713530E-01  5.08396758439611500E+00  1.94824040282148270E+01
  3.09574052588245370E-01  5.49265687641737980E+00  8.59599036583557920E+00
  3.18095930761502070E-01  1.37829061116941850E+01  3.56143270691455480E+00
  4.46537248270915300E-01  2.18343639517334970E+01  2.38268728981656570E+01
  6.38830345620663920E-01  2.04266944648678720E+01  2.27033285955495070E+01
  6.68397269451762100E-01  1.85587981270308940E+01  2.23665471424321790E+01
  5.32488384254616510E-01  1.41296182728044960E+01  2.02978024927388990E+01
  3.17579752081870750E-01  2.18316325272983360E+01  6.05165952482729710E+00
  5.16710955738981780E-01  9.75366200620073440E+00  1.49707063136716660E+01
  4.49545157175862540E-01  9.30369983333882190E+00  4.75323492775439330E+00
  3.20574425314766210E-01  2.32593083415034060E+01  2.10165035140188740E+00
  4.12246671516209600E-01  1.91397280546527570E+01  1.69370470535938440E+01
  4.94550785807675550E-01  2.12148207506034550E+01  2.05333327958250860E+01
  3.59079136884617700E-01  8.03304558226639820E+00  1.60090525226624290E+01
  6.10572080928614460E-01  1.41663104883422250E+01  1.36768755105824290E+01
  4.75338540515479570E-01  9.05632325514946320E-01  2.43212709633517220E+01
  5.09574347305064630E-01  5.97788469917696300E+00  5.62379530414649680E+00
  4.18189647978318300E-01  3.64604378391338100E+00  1.15095961762626260E+01
  3.76753951196820710E-01  1.10003450494689280E+01  7.15716520686037060E-01
  3.84533934306195220E-01  1.28735212262943200E+01  1.46851797318629270E+01
  6.60767019732147710E-01  1.92903953159402090E+01  1.79983911490929990E+01
  5.64318884198494160E-01  8.99157949143351230E+00  6.40171642718416930E-01
  4.69750256464274060E-01  3.01842016299092550E+00  1.00569592597679700E+01
  6.88340418185590860E-01  2.50842681002538370E+00  1.64760931531028620E+01
  5.93150731645016190E-01  2.27293244920389770E+01  6.20101284972839830E+00
  7.17499092254363010E-01  3.82372313155405230E+00  9.09673324451780910E+00
  3.79322922295397280E-01  2.88380123103115440E+01  2.93934679990774670E+00
  3.20574425314766210E-01  5.94048367816948100E+00  2.57342068691167040E+01
  7.17953871372127320E-01  1.05397912943182220E+01  2.40825553650514440E+01
  3.42409596243210680E-01  4.86745010819550660E+00  8.91857220385309550E+00
  4.43129600128677660E-01  1.75737598697576230E+01  2.55198985652244370E+01
  3.78068289465320630E-01  1.90425720970319360E+00  8.56599078542539160E+00
  4.75338540515479570E-01  2.20015299710675900E+01  2.82036959218489610E+01
  7.38532964590205680E-01  2.67337858380226660E+01  1.56129003498309840E+01
  5.07606992315717240E-01  2.94138923397996450E+01  9.71629764308433150E+00
  2.86134314477376340E-01  1.39766716002584380E+01  1.83878583420252180E+01
  5.07437626189109900E-01  1.40463114993904580E+00  2.82159602372271900E+01
  6.15073771326759470E-01  2.90458534954452250E+01  2.56853041709939660E+01
  3.30104909316010620E-01  1.84566515610996370E+01  1.55944718358677860E+01
  6.66683478841499700E-01  4.10543247828110580E+00  2.11790885762284980E+01
  7.49545055295440930E-01  3.75000784037590720E+00  1.37273290017363380E+01
  2.54824432159977790E-01  2.55768637470812800E+01  9.15366642523719950E+00
  5.72142532162989690E-01  5.13881462493798050E+00  2.62613633670359260E+01
  2.77147605524350650E-01  2.21576737451576420E+00  1.63509754791488730E+00
  4.68364091588631840E-01  3.23283892345131330E+00  1.48379409359582190E+01
  4.82771447840326400E-01  1.93622289183501760E+01  2.93237871128824740E+01
  2.50971712925384870E-01  2.27321872122954610E+01  2.03724758745711260E+01
  5.38024295323284910E-01  1.19480291085670900E+01  2.17612614330160560E+01
  4.13050329149462850E-01  5.46767181716822570E+00  3.74878411275313720E+00
  4.86590143357422540E-01  1.65715276869598580E+01  1.20633285784755310E+01
  3.16148313226467530E-01  1.16549476367596160E+01  2.69541265866916820E+01
  3.81419328643079860E-01  2.85533769490250930E+01  2.83556884333999580E+01
  6.52911031193170470E-01  2.48738794084111740E+01  2.09407016326304070E+01
  4.49150663742554990E-01  1.35316724461326260E+01  2.10748793774632400E+01
  4.73113776075054650E-01  1.66459369961104430E+01  2.05387808341298990E+01
  3.65995101567518470E-01  2.18002051649496560E+01  1.51335783812799160E+01
  3.46028387031474870E-01  1.93565109552990650E+01  2.09541082965214900E+01
  4.23675716525973380E-01  1.02271477919816980E+01  1.21098121910639150E+01
  2.47261092463374420E-01  2.13402224399081570E+01  5.77503506503702900E+00
  2.63339374245984010E-01  2.06601778286980530E+01  2.87026831220931950E+01
  2.59062449636064510E-01  2.53605018425991030E+01  2.93209145707965750E-01
  5.77180454669814490E-01  2.73679376959335770E+01  2.30872518421663030E+01
  4.06599624824484800E-01  2.80546398714074530E+01  2.71165893297529430E+00
  4.65278877330243820E-01  2.85737763962872860E+01  1.96337515348968100E+01
  3.07263188066738420E-01  2.58561634320109590E+01  3.28940105848422530E+00
  3.88697647565240350E-01  4.06907315302066050E+00  4.89160768184102320E+00
  6.62122603690132470E-01  9.81756056397418670E+00  2.94276650434178110E+01
  3.79322922295397280E-01  5.00102163041311520E+00  2.06425812358517900E+01
  3.53063097104977870E-01  2.18858952905899780E+01  7.69116069208849760E+00
  6.88885956497308970E-01  3.10025714983687940E+00  2.93123626141657280E+01
  5.33066537704075310E-01  2.77394307152816920E+00  2.33103628664166000E+01
  3.42074681651230290E-01  1.38668715790473840E+01  1.77705485149542500E+01
  4.24351701398837560E-01  4.19837187845998550E+00  2.59382218648595070E+01
  2.92456502136063850E-01  5.09297763166156780E+00  6.90637170654825550E+00
  5.90639534364661320E-01  1.30071269637738180E+01  1.18895928939279740E+01
  4.09705559579089850E-01  1.51370834240077130E+01  4.92862873523142490E+00
  3.59079136884617700E-01  1.94870099090321280E+01  1.27485151973783440E+01
  5.27599340399055180E-01  1.31005101813104650E+01  1.18488598827195800E+00
  5.38382256471750510E-01  3.17609770778939370E+00  7.21686850285980610E+00
  5.96963967672292380E-01  1.44269465534176430E+01  2.91406873622086740E+00
  2.96503602823160150E-01  1.73472387841409450E+01  1.52979761957820630E+01
  3.64593218166308700E-01  2.59044783570302820E+01  2.86617998456044420E+01
  4.18947112612636110E-01  1.23824379684991360E+01  4.24745520770089870E+00
  5.40946473112310590E-01  5.38929659247610980E+00  2.73429974274235330E+01
  3.35017483125717060E-01  2.31118247184061330E+01  9.01550913721586160E+00
  4.75626642073745920E-01  2.14704652618919170E+01  1.22869136733646160E+01
  3.04461637453634990E-01  8.56146633203286280E+00  1.98764706160305950E+01
  4.36315933331792570E-01  1.15484336684936300E+01  1.16235172199072420E-01
  6.77666041374141330E-01  1.58065996957144960E-01  2.13160460598018840E+01
  5.67035311113654220E-01  1.92643375633153870E+01  1.52065630369507120E+01
  3.38650161839631010E-01  2.42902578695423020E+01  2.01392008039971840E+01
  6.94010183176834960E-01  2.54219494708585390E+01  1.00897628822753730E+01
  7.10410487391814980E-01  2.96757266745430460E+01  1.47745337409960080E+01
  4.54567147313974470E-01  9.95712102677237000E-01  1.79965007280841680E+01
  2.52169786807371790E-01  3.99584186697395080E-01  1.00563567436200620E+01
  3.01799748246536660E-01  1.12960268684269920E+01  1.27636454194133380E+01
  4.27719079604653450E-01  2.86340602051998940E+01  5.26989207046567730E+00
  3.87762191716535260E-01  3.93656863138431990E+00  2.22193044071356170E+01
  5.72951670348821020E-01  8.39394547901089360E+00  3.18958841162455360E+00
  5.09222041678605210E-01  5.84868437405526720E+00  4.61456901659884890E+00
  5.25993347610763350E-01  2.58346709461785020E+00  9.16264931868775360E+00
  3.12648490279368120E-01  6.72043649589732790E+00  2.40728151738517760E+01
  3.32399546609116130E-01  2.28326845410576770E+01  2.25928770152027130E+01
  4.43807889241729470E-01  4.41518867505765030E+00  7.19057177722193510E+00
  3.44170209092795430E-01  1.56245450155636640E+01  1.62878945830598950E+01
  2.54824432159977790E-01  1.73385160794899210E+01  2.77952030755298940E+01
  4.21963532045373490E-01  2.43992920579304990E+01  1.49333045830141880E+01
  4.11696508529454960E-01  1.86991104320751660E+01  9.67251127720523660E-01
  4.11346310528290360E-01  2.85625154098690040E+01  1.48992214786384450E+01
  6.16837537735261420E-01  1.96852378992497850E+01  6.82042564574039110E-01
  4.83570943621045310E-01  2.44660618893933530E+00  3.11770400660563940E+00
  4.32382463464541460E-01  2.81968193010687250E+01  1.18967825600998690E+01
  5.92513140571182980E-01  1.82585751288496320E+01  6.51978208090747740E+00
  3.55036581058269410E-01  1.55715680385280620E+01  2.95331340691083460E+01
  4.74581552528920360E-01  2.08190578782446250E+01  8.18682772357502840E+00
  3.44905765886116280E-01  1.28355414088542490E+01  2.52363304400058940E+01
  5.96963967672292380E-01  2.75429278224414450E+01  1.76029629187656520E+01
  2.68569610726517900E-01  2.28310194744958040E+01  2.55165510737136940E+00
  5.80290806494985740E-01  7.35947399181075660E-01  2.73614758516925460E+01
  6.25336422111717830E-01  1.38320315693963100E+00  2.53111531159240250E+01
  6.17452885167652710E-01  2.66691864263500340E+01  2.21205171270251950E+01
  3.29506256422424390E-01  1.93185333038259440E+01  2.54605951702505390E+01
  2.58355477869490890E-01  4.49485438393845270E+00  4.16195547850014780E-01
  4.69641390777102340E-01  1.74280845229621910E+01  2.64196000383872800E+01
  3.49095179616795370E-01  2.67957678924669620E+01  1.38880631086018180E+01
  3.27988333844876360E-01  1.60945862458564230E+01  2.82243191606598240E+01
  3.86383264228710210E-01  6.78300307358910450E+00  2.35283621846418710E+00
  4.75543307221801650E-01  1.85502471181997880E+01  2.11007528153412840E+01
  5.07815655211632320E-01  4.38639464247383510E+00  2.00012305791181150E+01
  6.08088426536500660E-01  2.50877333099822910E+01  1.14299019106974380E+01
  3.93024383017402490E-01  1.86239886284304280E+01  7.98672786088940970E+00
  7.48336469443998900E-01  1.18300723441822430E+01  1.81238485367470080E+01
  3.13454063710418570E-01  6.34113993629151550E-01  9.54195763467577680E+00
  4.43133439323318520E-01  2.44956892958501760E+00  1.76051241277924890E+01
  3.62493203924014780E-01  3.32252264769814240E+00  2.47830000875365390E+01
  5.72881440675418570E-01  1.20742322954047100E+00  1.02178519805855150E+01
  3.71299762957800540E-01  1.45653728382756780E+01  1.86787734239934800E+01
  5.13143010843963320E-01  2.09819480141565360E+01  1.54511321887516500E+01
  3.87533216804236250E-01  1.78322538432736090E+00  1.09849990319038770E+01
  3.90540239164096370E-01  1.20287510413651460E+01  1.55757909524336980E+01
  4.11696508529454960E-01  2.70702390916250690E+01  1.67124798879380020E+01
  4.19670751191123690E-01  1.43283833119227140E+00  7.75808240110101010E+00
  5.39922025342825940E-01  2.50909105807457710E+01  2.30768126954093590E+01
  3.73125396709624990E-01  2.16324494540140980E+00  9.95733833406711000E+00
  5.72628172168292430E-01  1.89672065393583860E+01  2.80477043389250620E+01
  5.63660960642019760E-01  1.94922084167925790E+01  2.34572631891629300E+01
  7.54397230300637300E-01  2.75683676185240290E+01  1.10270903064865420E-01
  4.07877171249442140E-01  2.40055130359887340E+01  1.56625580269587270E+01
  4.61178090502161720E-01  1.45885655742206190E+01  1.26922356951645150E+01
  3.50974061745161330E-01  2.04657380805801170E+01  1.61573974136585190E+01
  4.22541054278063120E-01  1.22508868886264960E+01  2.26708662967212790E+01
  3.25036994184950640E-01  2.73294319085955980E+01  3.38164766353949360E+00
  4.96042965314236020E-01  1.99232856484513900E+01  2.85220970364079740E+01
  3.04461637453634990E-01  6.60192087768275380E+00  1.68634731394015080E+00
  4.21290506291976640E-01  9.85647699846579430E-01  4.27638954400338370E+00
  4.26578460793149810E-01  1.81189722811958160E+01  1.49174568510541970E+01
  3.91816801400439550E-01  2.04316946828715200E+01  7.41311508737535260E+00
  5.32262962461145860E-01  9.15544585119558360E+00  1.41101449424023610E+01
  6.07718241283317260E-01  2.62093790281708760E+01  2.33312411714565830E+01
  5.13425754976809310E-01  7.15259337716016130E+00  1.58052997485942020E+01
  5.46829204411607870E-01  2.63486083999611860E+01  6.80407386676890180E+00
  2.99038091422116640E-01  2.44529426347946810E+01  2.94127866014695980E+01
  3.65374026971610010E-01  1.87460150087534560E+01  1.44339238358320790E+01
  3.46733456860136300E-01  1.13783396063009320E+01  3.23327750571720250E+00
  5.01833768532536340E-01  2.12773726735834180E+01  1.64188526010933950E+01
  2.88617724104866640E-01  2.03502142976579350E+01  1.49066128924631660E+01
  3.13454063710418570E-01  1.18044136979332390E+01  2.62914391602728590E+01
  4.43756654693070110E-01  2.61006558088944760E+01  1.14378908880180190E+00
  5.20369884994360540E-01  7.69328725474093570E+00  4.02593189649571670E+00
  7.41720708060832300E-01  2.00504182302666830E+01  2.01183104577777600E+01
  2.99038091422116640E-01  2.15287545182184740E+01  2.59918679161856860E+01
  3.93024383017402490E-01  2.30993102628802380E+01  1.16841001547207310E+01
  2.53364602799301860E-01  2.76820324123191770E+00  4.76229545859429050E+00
  5.48463672908306780E-01  2.80166434795488220E+01  1.65603403241156960E+01
  5.63660960642019760E-01  1.49049265088542740E+01  2.39525226672722910E+01
  4.99487474973056500E-01  1.14823888149977340E+01  4.07229059521710910E+00
  5.32488384254616510E-01  2.89292716672286370E+01  1.57671101140480920E+01
  3.62493203924014780E-01  2.50190592902647180E+01  1.44548765356709500E+01
  3.90540239164096370E-01  3.10190414011118550E+00  1.09122723022611400E+01
  6.25248164210708260E-01  9.56014589471584310E+00  2.91610743102677540E+00
  3.93024383017402490E-01  6.10355132658888430E+00  2.17731910424874860E+01
  2.83517655556827110E-01  1.45922598063077960E+01  5.35642823983923310E+00
  5.16562546778196820E-01  9.64096014390633190E+00  1.68032154691534750E+01
  5.96777348356598920E-01  2.70477615406668120E+01  2.08250292018496770E+01
  3.35017483125717060E-01  3.77995664021781060E+00  2.53068166232316610E+01
  5.69344335137112000E-01  2.78196515955964680E+01  1.09534814597424560E+01
  5.55509338843663690E-01  5.70288238660116240E+00  2.93502685630849630E+01
  4.09775903561979240E-01  1.58772459079966740E+01  2.39307046057150290E+01
  3.20574425314766210E-01  2.18064069970521500E+01  9.10203892891168560E+00
  5.39466591144820300E-01  2.36578149446229040E+00  6.03836747867265980E-01
  5.18725390566230620E-01  2.42661640547107180E+01  1.75693116085425880E+01
  3.62493203924014780E-01  2.20518801507366160E+00  7.87519560747989100E+00
  4.23675716525973380E-01  2.65807989310789030E+01  3.38065969247767620E+00
  4.13050329149462850E-01  2.57442066989154870E+01  2.03273545873333780E+01
  3.01731430220296380E-01  2.57107774981226310E+01  1.76708031476026550E+01
  3.48156346672602490E-01  1.17743644466278660E+01  1.23258549309575190E+01
  6.83531487369900860E-01  2.35440355520605000E+01  2.08376037608811980E+01
  3.27197753470684690E-01  2.50883982527024260E+01  1.99845236075373230E+01
  3.50974061745161330E-01  2.80295767496191100E+01  4.73467773120327710E+00
  5.77649046292645880E-01  5.27134625196190320E+00  1.58699030990251070E+01
  5.13614394364816020E-01  4.84334191045729940E+00  4.43187694709300480E+00
