1
  1002  2.96924426640336700E+01  2.96924426640336700E+01  1.00000000000000000E+00
        0.00000000000000000E+00  0.00000000000000000E+00  0.00000000000000000E+00
  3.50662231740508900E-01  1.58174608071593430E+01  2.10933536719628910E+01
  3.01799748246536660E-01  1.08552687317626620E+01  2.26081321400248680E+01
  4.41298336829792340E-01  2.47133836174671370E+01  1.88853684714887000E+01
  3.39481361119070080E-01  4.46666204147998250E+00  2.64566595074927630E+01
  3.83181557852844270E-01  8.73343932913837050E+00  2.51141460302604430E+01
  6.75156127532392600E-01  2.01089412721506470E+00  1.34497350753259980E+01
  2.73281005279713530E-01  2.28466093335763320E+01  7.95801262378859060E+00
  6.65634982039605120E-01  1.33341129645803280E+01  1.06183210064117580E+01
  2.54824432159977790E-01  1.22440458674976150E+01  2.67413335614291800E+01
  2.84029264846615530E-01  7.33433239861166970E-02  1.37600981019246580E+01
  4.62836237406567810E-01  2.81663130805451760E+01  3.73512991587131360E+00
  3.33973424357718240E-01  1.38840850137517120E+01  2.01205083622818180E+01
  4.91872428060923640E-01  2.15756944612767220E+00  2.44459631416695440E+00
  5.52490392167627680E-01  1.11803231626222620E+01  2.75666960703449250E+00
  5.39466591144820300E-01  2.45075536950862120E+01  5.78135896415945450E+00
  5.65219172841477580E-01  4.03627590272284480E-01  1.24630737478403260E+01
  3.53776024442120150E-01  6.19190118257605880E+00  2.16638366499547670E+01
  5.54611473665029210E-01  2.69499124076818470E+01  6.20444182141325480E+00
  4.81368497469048420E-01  1.54002598819948100E+01  5.48228251492171650E+00
  2.84672167568555990E-01  2.55251764414401450E+00  1.42424361090602590E+01
  3.06898385793053400E-01  7.10145353077200260E+00  1.88381722738861070E+00
  4.49954956992444630E-01  2.65488481153316730E+01  1.23440975574328000E+01
  5.88686278844574580E-01  1.92215612471407590E+01  2.79789064731594830E+01
  4.36315933331792570E-01  2.65765130797316790E+01  3.52273556074747420E+00
  5.46155746035104350E-01  4.98271488812018770E+00  2.95181321748204050E+01
  4.11346310528290360E-01  5.26733196617055200E+00  2.38341949229417660E+01
  7.44650008855257360E-01  2.43110305514589060E+01  2.29327765575627540E+01
  4.68162992243922280E-01  2.50187706224380090E+01  9.54190043866126200E+00
  7.11073931023246340E-01  7.88129477879478290E+00  1.39557145700689880E+01
  3.02034441597155470E-01  2.15199044580727520E+01  2.15281211649154260E+01
  5.12509616084684260E-01  1.84333262526007610E+01  6.42699428117620460E-01
  3.40422717275118370E-01  9.04272170793411330E+00  2.73506498317787890E+01
  6.65634982039605120E-01  2.45643663472682940E+00  1.51909169544144970E+01
  3.75295693565172690E-01  1.26775516660569230E+00  1.97374113110227430E+01
  4.75626642073745920E-01  1.16431670896174940E+01  1.66942981053365390E+01
  4.72038094207023740E-01  2.49538028142422020E+01  1.52796464709710470E+01
  4.29902962432020440E-01  2.89889784019863190E+01  1.55483526334867670E+01
  5.68910711623079470E-01  5.58426185584869470E+00  1.57294083910275400E+01
  3.07263188066738420E-01  1.82048836913611250E+01  2.21689790769181240E+01
  6.10911033360540580E-01  2.41141594179548380E+01  1.45970623272759180E+01
  3.43353541919950760E-01  2.94307457344916920E+00  1.19531844621281670E+01
  3.15231116497538320E-01  3.74956123061308190E+00  3.25594229697115760E+00
  3.78068289465320630E-01  1.96617073461108480E+01  2.16604987993520800E+01
  2.54824432159977790E-01  1.67294585507739160E+01  8.92951801991219620E+00
  5.44558358435121190E-01  1.96355006727698440E+01  2.58100732268006820E+01
  3.56000803327192820E-01  1.89697154706039090E+01  1.50065934344713020E+01
  3.13454063710418570E-01  1.82288991110887010E+01  1.59926137867015650E+01
  6.12591031919131530E-01  2.67609528757845010E+01  1.53920579644808090E+01
  6.47236078597052340E-01  2.56069719270043840E+01  8.63679150778584590E-01
  2.65726189967390210E-01  9.03824084281491840E+00  2.67447101984726880E+01
  2.96653470797716330E-01  2.27335553089147700E+01  4.35468145573043140E+00
  3.45648959319623030E-01  2.86037712017318420E+01  1.07445615465050410E+01
  3.13454063710418570E-01  2.54662501025312200E+00  1.74004228608973670E+00
  3.39073066583844400E-01  1.89865791729682090E+01  1.28926907517022310E+00
  2.96256570285591500E-01  8.45344445670314040E+00  1.79529159973410660E+01
  4.19081387041561550E-01  1.28435500969716220E+01  1.98601613187629700E+01
  7.08391389715138510E-01  1.14313138428946020E+01  2.34364722507728550E+01
  7.16035261746952050E-01  2.10699941720197760E+01  1.28822657885973870E+01
  4.43133439323318520E-01  2.73824454861037160E+01  2.14544144655583300E+01
  2.73281005279713530E-01  1.72509883254613180E+01  1.62048301215010360E+01
  3.35017483125717060E-01  1.11702158804910800E+01  1.83850494530367940E+00
  5.09222041678605210E-01  8.67492137535399620E+00  2.42247004291916350E+01
  4.27719079604653450E-01  2.94308525543893500E+01  1.02697362250186470E+01
  5.81299825206354370E-01  1.74917073781464080E+01  1.53848528775105840E+01
  5.46155746035104350E-01  5.64797995626289050E+00  1.32349161837409390E+01
  3.05466220251299840E-01  1.52557833606426620E+01  9.31489303457632370E+00
  3.11838068626578210E-01  4.14517100386592570E+00  2.56462698446910540E+00
  6.27423008989955560E-01  1.70791874134219910E+01  1.16057349078442190E+01
  7.12424816007452400E-01  3.98700669553841750E+00  1.76020480778029440E+01
  4.41140732643827070E-01  2.89839673617993830E+01  3.35022990784085110E+00
  3.80273533482480450E-01  1.69218862016637210E+01  2.24110255557556820E+01
  3.29796701345061780E-01  9.47297656247207340E+00  2.19520706677126110E+01
  4.15252526658189590E-01  1.19533188587977680E+01  1.58598744344716210E+01
  2.59062449636064510E-01  1.23846696944251280E+01  1.63965084370423750E+01
  6.18419083689772810E-01  2.70855044629496720E+01  2.51945624893375710E+01
  5.04213456464067280E-01  2.49758020325235110E+01  1.27146204857800470E+01
  3.48156346672602490E-01  4.61525786728626740E+00  1.91851363964231150E+01
  2.89042915761794110E-01  1.91747826669424550E+01  1.27069980156726830E+01
  3.05466220251299840E-01  3.62270606256305780E+00  2.30893964640909030E+01
  6.49919166153384610E-01  3.93347231125711170E+00  6.35247232108152640E+00
  6.14379095469630790E-01  4.54194415737536870E+00  2.31077986895514300E+01
  7.00411917450214720E-01  1.60971354168601620E+01  2.76512034833234250E+01
  5.69344335137112000E-01  3.93595483789077820E+00  2.71932926566649050E+01
  2.57564851167384970E-01  2.24169527449778660E+01  1.77798580207032550E+01
  4.13050329149462850E-01  1.97239749966559610E+01  1.51559020654427050E+01
  6.18419083689772810E-01  9.12576948621620330E+00  1.44209788249290960E+01
  4.26523982883737140E-01  2.58038941063578200E+01  1.49891545504160870E+01
  3.78209123272245940E-01  2.38983391898536330E+01  2.06315826121624930E+01
  2.63055759251188670E-01  2.50687620292664160E+01  1.59709889818952780E+00
  5.00274833943758600E-01  9.57645929946916570E+00  1.26678642401597500E+00
  6.01687927537542500E-01  1.05940733788141660E+01  9.60341822906766930E+00
  4.86073626967704090E-01  2.39090783755262780E+01  1.35198993110073360E+01
  7.62474117278193650E-01  1.46708375700676010E+01  2.70884098880212210E+01
  4.87886881528419990E-01  1.60443463559344400E+01  9.23895058076456270E+00
  2.99038091422116640E-01  2.60644271793943010E+01  6.76479192826336550E+00
  3.50974061745161330E-01  1.06176109813399330E+01  1.21044213409792660E+00
  6.10572080928614460E-01  5.08025337442576670E+00  1.83470971476421420E+01
  3.01731430220296380E-01  2.10905175274265560E+01  7.22224575075942350E+00
  2.59062449636064510E-01  2.19231666303264250E-01  1.70793256236984630E+01
  6.99477888048091770E-01  5.76643258583449560E+00  1.44745064683261440E+01
  4.41666133880560000E-01  2.07352407070774870E+01  1.04555487331068710E+01
  6.86210935380316480E-01  1.60312799094859940E+00  1.40533683218376910E+00
  5.27425300578987690E-01  2.67404855650325930E+01  1.07070683167931370E+01
  7.54505484792745040E-01  1.64160884326110510E+00  6.64959588076327090E+00
  4.11696508529454960E-01  1.29778098305012650E+01  2.48207659526262110E+01
  6.26517897412854200E-01  7.34766673361438640E+00  3.77570074549406300E+00
  5.72142532162989690E-01  2.95877281275151560E+01  2.91763174058759630E+01
  3.47451934045076260E-01  1.42349283981794250E+01  2.47978604447235610E+01
  2.57564851167384970E-01  2.68788168291673240E+01  1.35163893795353310E+01
  5.33859136323620030E-01  2.71823967872759550E+00  9.10742542641347090E-01
  2.69169509893181310E-01  1.44279054446608090E+01  1.98613347056184250E+01
  4.24351701398837560E-01  2.86054331843518310E+01  2.07086839559772930E+01
  3.11762329988951370E-01  2.35540902378851700E+01  2.00342441109923580E+01
  3.50974061745161330E-01  5.90487777764764220E-01  1.18225634711268190E+00
  2.66929568161810020E-01  1.09816367031353420E+01  3.58246696223238730E+00
  7.20816873845379820E-01  1.76751294602030030E+01  6.70062369069427180E+00
  4.22201084465533680E-01  6.37117002279864050E+00  9.29490252352818660E+00
  3.09209541844886400E-01  2.26259133486805130E+01  2.50689571036853420E+01
  2.62213147743524950E-01  2.51687514748408710E+01  2.01603066088442770E+01
  7.60411681679863700E-01  6.04478847582118920E+00  2.02894881558796850E+00
  6.67521681419926690E-01  3.36350865228039590E+00  1.36668796970002880E+01
  4.37954134865551840E-01  2.94014379228507220E+01  1.57071609009147560E+00
  7.16654247500547470E-01  1.46201454877016100E+01  1.01147610268065460E+01
  7.12424816007452400E-01  1.48085295126125140E+01  2.14257018755109170E+01
  3.61198882346046800E-01  3.28891064817637750E+00  2.51383393347233910E+01
  3.82245446386266610E-01  1.21846606519395240E+01  2.48016092216044690E+01
  3.58737518624021320E-01  2.03993547723640880E+01  1.82547105363335620E+01
  5.81547682683179710E-01  2.58382399116588210E+01  8.08080359000609500E+00
  4.21963532045373490E-01  2.16329433888202050E+01  2.68871496819841340E+01
  3.12648490279368120E-01  1.20903978322822000E+01  2.09589543162047110E+01
  3.25036994184950640E-01  6.86105947604398470E+00  1.13977510298347650E+01
  3.83290088603488770E-01  2.52042326798390450E+01  2.87277093509230110E+01
  2.93443024193560210E-01  8.52851115460859970E+00  1.65050391407636710E+01
  2.66929568161810020E-01  1.38092786669325060E+01  1.59784544884635050E+01
  2.99038091422116640E-01  9.68455904557386480E+00  1.89062110882784430E+01
  6.00040109246873770E-01  1.14385996632137970E+01  2.64575700289937470E+01
  7.14535578675763720E-01  3.96398443083077230E+00  9.74440380393850700E+00
  3.06898385793053400E-01  2.39663212219014170E+01  1.88682530365862390E+01
  3.45648959319623030E-01  7.97022515934280310E-02  2.47243613578986940E+01
  3.87046365911375680E-01  1.57335903256564200E+01  6.91400664456993130E+00
  6.56539952722306990E-01  2.10322362999876730E+01  1.15112964089850480E+01
  5.07436062422724900E-01  4.90172417528888000E+00  2.89874531400525990E+00
  7.39270392714900380E-01  1.62381034391887980E+01  1.05287153323259840E+01
  5.38024295323284910E-01  1.26258087996293220E+01  9.62930139941350480E+00
  7.33199636544987770E-01  2.28722715279387820E+01  1.05965281655321790E+01
  6.31923671661538840E-01  9.23355952633321840E+00  2.83038828583318320E+01
  5.72951670348821020E-01  1.98455380575125990E+01  2.25931010053659480E+01
  6.40456937776772590E-01  1.52864051056295550E+01  2.01604662352984680E+01
  4.77241894706072770E-01  2.47436788683393870E+01  2.66600418355296220E+01
  7.64764367446448820E-01  1.00125690958954470E+00  2.84258490577667830E+01
  7.16535845940979770E-01  1.14044166677469270E+01  1.16755834217458910E+01
  3.10705613459761840E-01  9.18801204151433380E+00  1.22990422981954810E+01
  3.89901968262705180E-01  1.28134882878370600E+01  7.70920956228396470E+00
  7.15011499502423580E-01  2.82146243353291620E+01  6.30655089934506920E+00
  7.60297905848187840E-01  1.66887162105799900E+01  1.33969440366293850E+01
  2.65726189967390210E-01  1.06075079577230160E+01  2.20986842381421620E+01
  4.53492046339069340E-01  8.14234467264191510E-01  2.96308373676458030E+01
  5.18725390566230620E-01  1.04387643385147070E+01  2.58678507453969320E+01
  4.24020504903543660E-01  7.73107664379157540E+00  2.41357692846666080E+01
  5.17634268500846420E-01  1.51122463721329650E+01  1.60247697861554070E+01
  4.54567147313974470E-01  1.45935480125718740E+01  8.94446893606455620E+00
  3.65965634987757580E-01  1.95634361567661250E+00  2.63455279569468280E+01
  2.96256570285591500E-01  1.82229534919127300E+01  2.27717441853028400E+01
  5.50543265074639000E-01  1.18073738129442030E+01  2.82583734544139200E+01
  4.46540105696671490E-01  2.16486367376910490E+01  1.64625397255915860E+01
  6.47236078597052340E-01  1.24886496548331680E+01  2.57848911613056340E+01
  4.82769235883485770E-01  2.30073363062915350E+01  2.18968954679004430E+01
  2.97529618718302210E-01  2.42357954981214230E+01  8.35760958995181900E+00
  4.13811620468168510E-01  9.38752288499032870E+00  2.34802861234400840E+01
  4.87785457169642190E-01  1.80637813407408460E+01  2.84053730370568900E+01
  3.41778742319800830E-01  1.77996668848592530E+01  1.64862795044386880E+01
  4.05793634226126800E-01  1.32862315735173460E+01  2.05548982915141600E+01
  7.14516279726398110E-01  1.86292906612427840E+01  1.93248444021197440E+01
  3.71799304162545760E-01  3.62346284555958050E+00  5.37932119159916140E+00
  5.77820253962530560E-01  8.22223195085813250E+00  1.88653802233195370E+01
  4.75626642073745920E-01  2.92941679139474830E+01  2.48789557305690410E+00
  5.46562010559427060E-01  1.00081818636529650E+01  2.26460158585114790E+01
  3.29506256422424390E-01  7.94745693773402270E+00  1.97290908936665840E+01
  2.62213147743524950E-01  2.72381415074542840E+01  9.73068335136555440E+00
  3.63105686475124490E-01  9.95693656019998490E+00  6.66054852272779650E+00
  7.08391389715138510E-01  1.13442363544701000E+01  1.44249200692321080E+01
  4.26578460793149810E-01  3.67524442850795640E+00  1.08476916439866130E+01
  6.08873319065221350E-01  2.36721020222471130E+01  4.33250079306353260E+00
  5.39466591144820300E-01  2.30402426748175810E+01  2.69425732548011220E+01
  4.66553963192992600E-01  7.98961518195979360E+00  1.03532165024735100E+01
  4.82771447840326400E-01  1.36955528260491020E+01  3.55947764965418980E+00
  5.13004586318856950E-01  1.91581896194130720E+01  6.53879814205576350E+00
  3.17084428049163950E-01  1.98534357856571260E+01  2.88364687286041490E+01
  3.50974061745161330E-01  1.73734948303904880E+01  1.42898686646978150E+01
  3.82382183723224410E-01  1.24084008669245890E+01  2.29522850539204980E+01
  3.77759649416993960E-01  1.55042063649928680E+01  8.56253973581961430E+00
  5.74203886104520670E-01  1.75281781378985290E+01  3.91905105263964910E+00
  4.11346310528290360E-01  3.25615364209306040E+00  1.90709558792746350E+01
  5.06367095649294540E-01  2.22335940907852030E+01  1.49835717426003590E+01
  6.01687927537542500E-01  2.06388462230497640E+01  2.17270611556365690E+01
  2.49794182180603610E-01  1.56249599396353020E+01  1.93371860414010290E+01
  6.11481049571092420E-01  2.54642613166302640E+01  1.81498900975403790E+01
  5.03927515451986880E-01  2.36073963675144010E+01  7.80322939182441110E+00
  6.35485889077753010E-01  2.10881781130236060E+01  2.77929254321947250E+01
  2.99038091422116640E-01  2.12927249968608660E+00  1.73431744552508570E+01
  4.22541054278063120E-01  1.78385553245155500E+01  1.36717994588163010E+01
  3.05466220251299840E-01  5.51897278695482110E+00  4.49257390384190100E+00
  2.62213147743524950E-01  1.98213259542892220E+01  2.10150555796806520E+01
  3.61769499680632390E-01  8.53251416228818550E+00  6.72915849057542740E+00
  2.47647088603063280E-01  2.61938400020537330E+01  2.56799629288318410E+01
  3.11155895623034430E-01  2.26391339936574810E+01  1.59870689885332650E+01
  2.66929568161810020E-01  1.27610673856045910E+01  1.33561943859050720E+01
  6.90395435464654740E-01  2.49715491139638460E+01  4.62685017416532850E+00
  2.96503602823160150E-01  1.83717995167709700E+01  8.34019604947020100E+00
  6.57722721512726150E-01  2.26716578920273550E+00  1.94767680878929390E+01
  7.24777883420223110E-01  1.07454480323847270E+01  1.91338300966351510E+01
  5.48279863025970290E-01  4.19391816644198290E-01  1.93729138593908630E+01
  6.40748513009616880E-01  5.80330091004985070E+00  2.07483756623544160E+01
  2.56092450391898300E-01  2.41765248595744580E+00  2.88936656024844680E+01
  7.17499092254363010E-01  4.69991704186484770E+00  5.22076171213615230E+00
  4.66141488621800890E-01  1.40350174154541150E+01  1.81842530067416630E+01
  6.33759023001558490E-01  4.67374004564179750E+00  1.78055510572312730E+00
  5.48279863025970290E-01  2.01538780339965160E+01  1.73820707636196520E+01
  4.19081387041561550E-01  8.78591557250313570E+00  3.42839413198287390E+00
  5.70902198024309190E-01  2.29967034319479070E+01  2.29495600746996150E+01
  3.17950877609215300E-01  1.25627074611920120E+01  2.05414312811529420E+01
  5.96963967672292380E-01  1.64491987985765600E+01  5.23259360550938270E+00
  6.18832453479690690E-01  1.48101709435349050E+01  7.31022455941698810E+00
  2.63339374245984010E-01  1.55482114651186830E+01  9.80227268849065330E+00
  3.55036581058269410E-01  5.42679573554745790E+00  1.10193795459855460E+00
  5.84913004272127690E-01  2.49909099100034560E+01  1.16256005005671670E+01
  5.77235448209733180E-01  1.80215299514999290E+01  1.26898280410861000E+01
  5.01105313190319460E-01  1.27104198693379380E+01  8.59414476278160850E+00
  3.83598938984435380E-01  8.35375687275041120E+00  1.20716372042877340E+01
  5.98360795606824340E-01  1.95856348156967430E+00  1.63523128087893430E+01
  3.41778742319800830E-01  1.04264934364085440E+01  7.18580012956872860E+00
  3.29796701345061780E-01  2.03328856900873980E+01  8.86889596596431670E+00
  3.84420431658369740E-01  1.13302645065870810E+01  2.00758949385318640E+01
  4.91872428060923640E-01  3.67693288040071930E+00  1.23516504802527220E+01
  2.93443024193560210E-01  7.39935635071034440E+00  1.85796767102682520E+01
  5.81299825206354370E-01  1.51013180191189280E+00  2.71803644649702640E+01
  5.68243553274813350E-01  1.40903649529674380E+01  1.09014620057185920E+00
  5.39001667068871980E-01  1.94726740779468270E+01  2.68805746250292260E+01
  7.01587183784351610E-01  6.94919943789420640E+00  7.99320378106407860E+00
  4.45239477383046460E-01  2.93509897879364810E+01  1.87341777942556820E+01
  5.39001667068871980E-01  8.23389654633333020E+00  2.76956166847855270E+01
  2.86134314477376340E-01  2.95328660844355010E+01  3.82708972386190730E+00
  7.70254277643880240E-01  1.96256773185218200E+01  1.12764212904140710E+01
  3.45648959319623030E-01  2.81614521308962830E+01  2.13372028838532510E+01
  3.39481361119070080E-01  2.01095416157346380E+01  2.74902355861439030E+01
  3.04461637453634990E-01  2.61872958038286190E+01  2.89332162574674360E+01
  5.20369884994360540E-01  6.38417752725506200E+00  1.75674816405636950E+01
  2.65726189967390210E-01  4.09594906984843470E+00  7.96246554901968120E+00
  6.26908127420837150E-01  2.94725131137251070E+01  5.84161190731962150E+00
  3.48480710258510130E-01  1.13147296976582600E+01  1.16653359583832690E+00
  2.96653470797716330E-01  2.94423627425377710E+00  2.49139028914411440E+00
  6.31923671661538840E-01  6.19173683694220860E+00  6.89634779472099350E+00
  4.09705559579089850E-01  1.18653545004856960E+01  8.93243727964441090E+00
  6.72499163702481620E-01  7.09657344942422070E+00  2.72794912129092810E+01
  2.84029264846615530E-01  6.15139134500931560E+00  8.60382465878274520E+00
  5.34631033075580400E-01  7.94136320719712610E+00  1.84404642017147720E+00
  6.17076625982510940E-01  1.26553941361002240E+01  1.42335328630954090E+01
  6.55074006360275090E-01  7.70210083630099000E+00  2.52243229333304980E+01
  5.46562010559427060E-01  6.67063185259931850E+00  1.36182463153220500E+01
  5.17626013175185660E-01  2.22261619644771780E+01  2.76152145423419380E+01
  5.82207618145930890E-01  2.67835528723868880E+01  1.65862505690992100E+01
  5.98268629341587580E-01  2.09739737532552010E+01  5.52959995875607820E+00
  5.34553382826858140E-01  2.77720519352855960E+01  1.04577371029335190E+01
  3.76753951196820710E-01  1.14673949807996680E+01  6.98924673060432950E+00
  7.52518120402026810E-01  2.08883586339294890E+01  1.51985060412117520E+01
  4.81368497469048420E-01  2.74864024298045560E+01  2.23727659545233240E+01
  6.47413426355271770E-01  2.47300955679802250E+01  7.55226201326778760E+00
  3.05466220251299840E-01  2.18884127964987980E+01  2.96729750424971520E+00
  4.46689977500956030E-01  1.16006403893831060E+01  1.28578980690487070E+01
  6.18566685513849460E-01  2.11400758237714540E+01  1.34306536314100520E+00
  5.36592099856838090E-01  7.22338861281449060E+00  1.04944931033382430E+00
  5.09574347305064630E-01  8.07195511451637060E-01  1.34588952267038500E+01
  4.92328788949218680E-01  3.30410861441322320E+00  1.99729618109007350E+01
  4.83351594707823830E-01  8.16561549950145250E-02  5.22084124457464330E-01
  4.40650972415989980E-01  1.02185608304321730E+01  1.18696041080347520E+01
  6.10911033360540580E-01  2.57237036229115040E+01  1.60395760097119830E+01
  4.34172467284937990E-01  7.15502178707635220E+00  2.61652557355209400E+01
  7.03188417218805210E-01  5.25449348277062270E+00  9.15933354659236440E+00
  2.92799561075502800E-01  1.59906593137601210E+01  3.34524909981986470E+00
  5.68243553274813350E-01  2.28806914913928110E+00  2.80799750620168890E+01
  4.60682082706054620E-01  6.31221463130475340E+00  2.64621011305660760E+01
  6.41715074739605920E-01  2.80932159809221600E+01  1.15888114403120410E+01
  4.55206736325743130E-01  1.63296622349842620E+01  1.93571513108552720E+01
  4.22201084465533680E-01  2.21285973395349310E+01  1.40573270084163480E+01
  3.63079661055833470E-01  1.19407402221931560E+01  2.72793322941142120E+01
  2.63055759251188670E-01  2.41309156116653510E+01  5.07327013369273330E+00
  5.32877675645020420E-01  1.23721075879852600E+01  6.89955938796427140E+00
  5.77235448209733180E-01  2.05731534404613900E+01  2.66960386293990690E+01
  4.09775903561979240E-01  6.88998195356042940E+00  2.90291527244363790E+01
  6.93187364831086050E-01  1.84565959414421140E+01  2.61841131831468740E+01
  4.30054269381220950E-01  1.61583014580965990E+01  6.21688167985007390E+00
  5.07436062422724900E-01  1.07923795145615710E+01  6.41967694135378420E+00
  2.49948351789403130E-01  2.40340398003724690E+01  1.38777331725746560E+00
  3.16022212934137680E-01  2.71633821124833510E+01  1.45553178399650330E+01
  4.72818350263822220E-01  2.16863314721682270E+01  2.04136148527251040E+01
  4.46689977500956030E-01  2.55374480642647370E+01  2.12997457200421310E+00
  4.74581552528920360E-01  8.04687821116986870E+00  2.92632050203912450E+00
  4.86590143357422540E-01  2.42026491554563280E+01  1.81109448318174380E+01
  2.73281005279713530E-01  9.25761574896076670E-01  6.56280707932272200E-01
  5.20515140446715560E-01  3.19373110743550060E+00  2.89044895538883290E+01
  4.13811620468168510E-01  2.55203855983240440E+01  2.37596777278266520E+01
  3.81419328643079860E-01  1.01792238694817940E+01  6.25036263818915930E-01
  4.05593309893122810E-01  1.68709172626634430E+01  9.57467667652159090E+00
  5.85380732291966590E-01  2.38916118276178850E+00  8.25706446014410920E+00
  4.06599624824484800E-01  4.02110557705007390E+00  1.87199382706543640E+01
  6.40456937776772590E-01  2.74936282508066830E+00  2.69633383628501380E+01
  4.75626642073745920E-01  2.30298578306765260E+01  2.90947721135442450E+01
  5.09222041678605210E-01  4.12115640343810790E+00  2.84582411908892080E+01
  5.77820253962530560E-01  2.09603562480954010E+01  2.28750011133379730E+01
  3.80273533482480450E-01  1.14091233584636780E+01  2.08360419060999220E+01
  5.01406606281285510E-01  1.36247547507039300E+01  2.19160172076806500E+01
  3.59079136884617700E-01  2.97825031354822440E+00  1.04865210824673060E+01
  5.94092381958372510E-01  2.82214013606282170E+01  1.40118527277961230E+01
  2.54611020839302520E-01  1.00551536476340220E+01  2.18462209553320650E+01
  4.99223721401470310E-01  1.59889722124241710E+01  1.18867749601868930E+01
  2.54611020839302520E-01  9.85936641578609500E-01  1.64093406385071750E+01
  3.20574425314766210E-01  1.74738553769123010E+01  2.77514112028997350E+01
  2.85767805251094040E-01  1.39026474720884890E+01  2.61985122387120870E+01
  2.54611020839302520E-01  2.75799255822116050E+01  1.68425206023805560E+01
  4.12246671516209600E-01  2.78395562643335450E+01  7.36898947517685960E+00
  4.41298336829792340E-01  4.41450461628362940E+00  1.40196515152351720E+01
  7.09985914168247060E-01  2.90725296286684200E+01  2.39349689110409120E+01
  6.80956647410425740E-01  7.49050737778495980E+00  6.70726362866423460E+00
  4.75338540515479570E-01  1.01446273859086490E+01  1.48168255268880600E+01
  7.49588614928249000E-01  9.81083896452954460E+00  2.47659735394824310E+01
  4.74033319401206570E-01  1.94493053015945880E+01  2.01844819906340690E+01
  5.20515140446715560E-01  1.43570014388429780E+01  1.34982991657896340E+01
  5.48131117613959250E-01  1.65723835321672190E+01  7.32609059933537840E+00
  3.46733456860136300E-01  2.83339440336799560E+01  8.46738506694872410E+00
  6.97384645011991290E-01  1.89175250610630560E+01  2.92270993353504200E+01
  3.78209123272245940E-01  1.16753075587219900E+01  1.85412998615916540E+01
  3.82382183723224410E-01  4.25299189528993700E+00  7.33385186250380720E+00
  4.46537248270915300E-01  9.70848395884273250E+00  1.56279507559452180E+01
  6.08690451339190200E-01  2.42926296121006720E+01  1.05619218942095860E+01
  2.59062449636064510E-01  1.53472743915847580E+01  2.43510779181601220E+01
  4.43756654693070110E-01  6.09984556066960250E+00  2.40292700714212980E+01
  3.18942867500738640E-01  1.36459189461691180E+01  2.67454511079740200E+01
  7.16535845940979770E-01  2.18600666944296830E+01  7.88794805242059920E+00
  4.62836237406567810E-01  1.61065235905702020E+01  2.88203467096593760E+01
  6.97384645011991290E-01  1.88210750013258380E+01  1.00498855948109020E+01
  2.47647088603063280E-01  2.91658836368621020E+01  9.26950312686047790E-01
  4.05793634226126800E-01  2.24687812749972910E+01  9.53152715902454520E+00
  5.37364664263313330E-01  7.63964532031003610E+00  1.62389228844991930E+01
  5.72881440675418570E-01  6.98800538179262180E+00  1.00753921538756720E+01
  5.04213456464067280E-01  1.31067129145441790E+01  6.60093483680488370E-01
  3.86557871019070410E-01  8.82432053869627350E+00  1.98560773424742400E+01
  5.62178328188990490E-01  2.25086475490153820E+01  2.42057174097041780E+01
  6.41715074739605920E-01  2.66193691465478550E+00  5.69696771847178420E+00
  4.54567147313974470E-01  2.56162019161228540E+01  2.94555065701571440E+01
  3.97011970696729720E-01  2.47666593230363890E+01  1.74228858729327880E+01
  3.99477862283745790E-01  2.78120629695908120E+01  2.69915718794178010E+01
  5.15931587153482510E-01  1.76666133607426130E+01  7.93707220837525450E+00
  5.98026541173087530E-01  1.31623151720879270E+01  1.25902565115085480E+01
  5.94917806945655060E-01  2.63853995036328790E+01  9.64356870253555170E+00
  3.86557871019070410E-01  2.38856827775681920E+01  2.65677163577185840E+01
  5.52347772924787250E-01  2.14764963995940900E+01  2.59261972607990360E+01
  4.05793634226126800E-01  2.50810980145155680E+01  2.79494281594509530E+01
  4.66753989857397040E-01  1.95165120917317480E+01  7.45038953003912590E+00
  6.77666041374141330E-01  1.76971138949374730E+01  2.03061049834858660E+00
  3.23306573977224420E-01  1.09467546578337630E+01  7.59967900790444690E+00
  6.88340418185590860E-01  1.08581256385013060E+01  1.57339664597560260E+01
  4.11696508529454960E-01  2.93614147185743860E+00  6.71326125544098050E+00
  4.03052389307286420E-01  2.45672258648696730E+01  1.01107531979541370E+00
  2.97529618718302210E-01  1.11375656975314340E+01  1.34404722832231740E+01
  3.13090147150790890E-01  1.48942523444198770E+01  8.23824789420116590E+00
  5.01435669612667030E-01  2.16686446063327270E+01  1.03225163225630790E+01
  5.26482748420329030E-01  2.27102387425706030E+01  2.83942347844688480E+00
  6.75156127532392600E-01  1.91971147078735170E+01  4.25632399706378180E+00
  7.20816873845379820E-01  1.44388160628302110E+01  1.22610572821589940E+01
  5.30006102735105960E-01  1.48606170595139280E+00  1.85828269268691880E+01
  3.43353541919950760E-01  1.38076826947368580E+01  2.10916744612790690E+01
  5.32877675645020420E-01  1.36108547840673340E+01  1.92980143942940570E+01
  6.44956217916396120E-01  1.42896017829396080E+01  1.52039620703644940E+01
  3.55036581058269410E-01  2.61951541817168520E+01  1.67420796937172560E+00
  4.30054269381220950E-01  1.16168065270427900E+01  9.73371107994238120E+00
  4.93734512940847830E-01  2.30966458830299150E+01  2.81283285523141090E+01
  3.42409596243210680E-01  1.68281699075127060E+01  2.16954285538895770E+01
  5.58952633370732950E-01  2.66011201797184570E+01  2.96909974817778700E+01
  4.49954956992444630E-01  2.04293298806756100E+01  5.46257788446735940E-01
  4.11346310528290360E-01  2.18131689063136170E+01  1.95399548500415110E+01
  4.72818350263822220E-01  2.27419217160754810E+01  8.69650392875212220E+00
  5.00672486592370710E-01  1.28146037367235750E+01  2.13279081386492950E+01
  4.15334611176110170E-01  1.29127400294071360E+01  2.67665232911160660E+01
  7.70254277643880240E-01  1.17302950083796380E+01  2.19891071044055090E+01
  5.32262962461145860E-01  2.56099106094061920E+01  2.71764863595894040E+01
  4.01880163826280960E-01  2.62672240051305740E+00  2.47593117073776480E+01
  7.41720708060832300E-01  7.78779369963248500E+00  5.07058003048825330E+00
  3.01674668393272730E-01  1.19731534196248930E+01  2.03507433721515480E+01
  2.66929568161810020E-01  1.59822138629864390E+01  1.26520977336571770E+01
  4.15334611176110170E-01  1.81167461570322490E+01  1.17026697645946880E+01
  5.20369884994360540E-01  2.22778146531152290E+01  2.12098470359663230E+01
  2.84672167568555990E-01  9.88193247479287070E+00  2.64465312365903560E+01
  5.18912146576496980E-01  2.88102969180374050E+01  2.47902689630334680E-01
  3.90540239164096370E-01  1.79554997912967910E-01  9.54981256500865070E+00
  3.63079661055833470E-01  8.32776520235610280E+00  6.03413163488849060E+00
  4.73113776075054650E-01  3.52244426769530340E+00  1.47949323383571620E+01
  5.55687039951364880E-01  1.88814683932343210E+01  2.50100730353547860E+01
  6.97384645011991290E-01  1.05620547115761760E+01  2.83267449444521130E+01
  3.54092873053847420E-01  1.95393044029866050E+01  2.34675676942415450E+01
  7.37991961479508610E-01  2.63275386992241460E+01  5.07229582402566410E+00
  5.10790949981952740E-01  6.61178791053284340E+00  4.64177652204380560E+00
  7.03918080384424090E-01  1.71880830899671510E+01  2.67676015584094100E+01
  2.69326463995374250E-01  2.80163310271551930E+01  2.00338517782422230E+01
  5.39922025342825940E-01  9.60443540971240490E-01  1.15042684479406500E+01
  5.39922025342825940E-01  1.51766289993759070E+01  1.12403157890719000E+01
  3.52682444144397330E-01  4.75215495363822260E+00  1.33012406318260920E+01
  3.17084428049163950E-01  1.35027631994305030E+00  2.47902975335326790E+00
  3.92511582998476170E-01  1.22828378063831640E+01  1.72805173144148940E+01
  2.92799561075502800E-01  1.23252260210329950E+01  1.30051861623503000E+01
  3.63105686475124490E-01  1.12588581017625910E+01  2.75277544350755360E+01
  3.25036994184950640E-01  2.15301444984804780E+01  9.50832960467752210E+00
  5.70902198024309190E-01  1.46512772598207630E+01  3.11822307854225360E+00
  6.18138908065390960E-01  2.37980030271007660E+01  6.69767700802669450E+00
  3.10705613459761840E-01  1.43244120551877860E+01  2.23260204672221080E+01
  6.99092076263204730E-01  2.94196342361388970E+01  1.13957587040914690E+01
  4.40295189098215370E-01  2.22221745819523840E+01  2.95264627566449960E+01
  6.52034765531911640E-01  1.99132747370063260E+01  1.67273673886530020E+00
  5.12628979659419230E-01  1.70135137228732770E+01  2.84458581226960060E+01
  2.68569610726517900E-01  1.70666638179374170E+01  2.11339687784007070E+01
  4.41473589537221400E-01  2.64571793483756930E+01  1.42813554055801020E+01
  7.41623060643924430E-01  7.22676534174604330E+00  2.21401989407188860E+01
  2.49794182180603610E-01  2.74216224535990740E+01  6.85579013208420830E+00
  3.44856808658559500E-01  1.19613216726957180E+01  5.18260713470581710E+00
  6.83701617051292750E-01  1.37998443061367800E+01  8.13082455753708190E+00
  7.19599311285852310E-01  2.75991937951563780E+01  1.28563563048127760E+01
  6.67521681419926690E-01  1.27832407405965980E+01  5.77273240933482690E+00
  5.40946473112310590E-01  7.04437555458451570E+00  2.34564088909059510E+01
  3.83579206291793930E-01  1.28363118226505630E+01  2.23172705308930050E+01
  5.04339573614743570E-01  4.74664681709358140E-01  2.34098334065814060E+01
  6.35523375007872900E-01  1.97549597331260940E+00  1.20953355967804490E+01
  3.44905765886116280E-01  1.17109898479564730E+01  2.93274525163140220E+01
  2.65726189967390210E-01  3.57963350897669220E+00  2.44696954515975200E+01
  4.87785457169642190E-01  2.87279668501457300E+01  1.64279738194071710E+01
  3.71299762957800540E-01  4.67447181060304560E+00  2.77741568548359510E+01
  4.13811620468168510E-01  1.31507366686464310E+01  2.32397238857835510E+01
  5.69423614487483490E-01  3.79126675874927300E+00  6.55853148327688460E-01
  5.83429036676414100E-01  1.65445593615246980E+01  1.52030960147069520E+00
  5.30006102735105960E-01  2.68368898700289410E+01  1.98986695430478160E+01
  5.16710955738981780E-01  1.74296361882475990E+01  8.67383281608601560E-01
  2.65726189967390210E-01  6.01639044182254690E+00  1.64425690742071250E+01
  3.18942867500738640E-01  2.20033017465094360E+01  1.33274735193016450E+01
  3.23881608201221470E-01  1.55271832017181510E+01  2.93987469345087290E+00
  3.54092873053847420E-01  1.47037816735391140E+01  4.09021815675564770E+00
  5.12509616084684260E-01  1.84813948904957820E+01  5.76877236713898260E+00
  4.99223721401470310E-01  1.67023251276431600E+01  1.84053872268091330E+01
  2.56092450391898300E-01  2.16313263715486140E+01  1.45177070847972040E+01
  5.45765227979075810E-01  2.72769375354239680E+01  4.20985936078291450E+00
  6.94010183176834960E-01  2.71003006228828800E+01  1.14713593406913560E+00
  3.57201130995523370E-01  1.74802261194072560E+01  2.56971261375715870E+01
  5.25895496843049500E-01  2.52782668991707950E+01  6.51582754784898820E+00
  5.10790949981952740E-01  2.84009748677578420E+01  1.86308610738519210E+01
  4.89717368181109780E-01  1.38906596028599070E+01  5.14414704567866820E-02
  4.82769235883485770E-01  2.35844511377387180E+01  9.61107287680269450E+00
  6.93278360304079300E-01  5.28311193727534520E+00  1.70596358296795820E+01
  3.35017483125717060E-01  1.25771680548654090E+00  1.27462012511542270E+01
  3.26514001167033020E-01  9.94369503991223700E+00  8.94256449904287540E+00
  4.75880684447443510E-01  6.92614605086536540E+00  1.46591798754247690E+01
  4.22354771203238230E-01  4.02352091391100060E+00  2.93843954169271730E+01
  4.11966131227655820E-01  2.02927920473173340E+01  2.36057771126849970E+01
  7.30946391186454210E-01  2.43744640292702250E+01  2.30763405379192840E+00
  4.22201084465533680E-01  2.77332929617303850E+01  2.06640980869497500E+01
  5.15931587153482510E-01  1.41512214711483430E+01  2.31332305645550920E+01
  5.52347772924787250E-01  3.35913564407952950E+00  7.60717801241125360E+00
  2.49794182180603610E-01  2.15004700311422000E+01  2.85759655010378530E+01
  4.50103975287380020E-01  2.74105536638765410E+01  3.22327926127859230E+00
  3.61769499680632390E-01  1.63452571144421800E+01  2.28771788058152910E+01
  2.77147605524350650E-01  1.20690651761507940E+01  1.51068420543551540E+01
  7.64764367446448820E-01  5.89405212358374000E+00  2.28393883958138490E+01
  5.71326189973923350E-01  8.81278465807426060E-01  5.37333041482970050E+00
  4.07877171249442140E-01  7.14001673415545480E+00  1.27879002221322470E+01
  4.46540105696671490E-01  9.54629031150380140E+00  9.62661607496165850E+00
  5.07606992315717240E-01  2.00205813108128010E+01  3.40788413480535950E+00
  3.01731430220296380E-01  2.03842972405924490E+01  2.43135835695930320E+01
  4.32382463464541460E-01  1.89195740737097960E+01  2.29838052374724530E+01
  3.25762576013666160E-01  1.83983476082542660E+01  1.53774599605673500E+01
  6.24920360555607160E-01  2.04965762368570670E+01  7.93005597080227260E+00
  7.38532964590205680E-01  1.35608709406237780E+01  2.28457023612961410E+00
  3.92511582998476170E-01  2.95224996983682360E+01  4.82405784835563180E+00
  2.97561439636419770E-01  1.70733996767292420E+01  8.49337207629345060E+00
  3.46434506905438330E-01  1.85029285262730490E+01  2.36416178933118420E+01
  5.89502618647478990E-01  2.11170082297588380E+01  3.42002206338209100E+00
  3.32399546609116130E-01  7.21720270469558130E-02  1.76510336778708710E+01
  5.77649046292645880E-01  1.07232098879591170E+01  4.38653696294376520E+00
  4.31729360191427780E-01  2.26644963478063560E+01  1.84228171336855480E+01
  3.17950877609215300E-01  1.76194420191367630E+01  2.23874466405269990E+01
  4.75880684447443510E-01  4.86300295891779210E+00  4.03880461100294670E+00
  3.91816801400439550E-01  8.78908511856892360E+00  1.07085122774956950E+01
  2.50163292655703180E-01  1.69853995840324960E+01  1.90979705431951810E+01
  3.42074681651230290E-01  9.10700126416302420E+00  1.91845142131710990E+01
  3.50974061745161330E-01  7.14771692161424980E+00  1.79865248241142020E+01
  6.18566685513849460E-01  1.00818065315417420E+00  2.60860863824344730E+01
  3.24719866931951940E-01  4.12143108566090800E+00  1.15355189177642660E+01
  3.57201130995523370E-01  3.22475620692579000E+00  8.69297621825392140E+00
  3.13090147150790890E-01  6.19448264590170790E+00  2.56973381863577260E+01
  2.58355477869490890E-01  1.71865727544675270E+01  1.24995200418310850E+01
  4.83351594707823830E-01  1.85684539590244310E+01  7.50675732256094810E+00
  5.48463672908306780E-01  1.19867757880503060E+01  1.94134193274403120E+01
  4.24351701398837560E-01  2.83528497092885840E+00  1.27129060281000150E+01
  6.80557430527969220E-01  2.37290649673306400E+01  1.17206901592025470E+01
  3.73125396709624990E-01  1.34252978808090480E+01  1.35426427115062180E+01
  6.77808113742920780E-01  1.22823454305985820E+01  1.50503336744339090E+00
  7.67512613708393760E-01  2.93558275902777160E+01  2.57555840566138730E+01
  4.76544583128828500E-01  5.10579362672567870E+00  2.85035275163916990E+01
  6.97738347479756800E-01  1.58793233189518650E+01  2.62701512045200050E+01
  4.49545157175862540E-01  1.96813331610721500E+01  9.29359644433057850E+00
  6.25336422111717830E-01  8.19121172644447530E+00  2.06515442527009830E+01
  4.99487474973056500E-01  2.88449590947079240E+01  1.24468918166803700E+01
  6.67521681419926690E-01  1.84801000730911190E+01  3.12315417113827330E+00
  3.44170209092795430E-01  4.59114824238601570E+00  2.57747359169323890E+01
  4.01880163826280960E-01  2.95494680123570430E+01  2.82044441856579380E+01
  5.95035019805102560E-01  6.64104685161734660E+00  5.75557561472838590E+00
  5.20348764567513020E-01  2.06824749633063720E+01  1.64537612153803640E+01
  7.44845164893703690E-01  4.50352962698562730E+00  2.02720271428761800E+01
  6.94010688862415210E-01  1.63871511552390460E+01  2.53246684441982330E-01
  4.00156705760987560E-01  1.88156971779730430E+01  1.21202776079377000E+01
  6.57722721512726150E-01  2.56845841503188520E+01  1.93991981517532610E+01
  3.61198882346046800E-01  1.60032448124836330E+01  1.78274968277011290E+01
  6.07167866036927160E-01  2.19963794946698490E+01  2.23013822393860540E+01
  5.81677556670477180E-01  3.65451690856809420E+00  2.60241047576222680E+01
  3.17579752081870750E-01  1.10591818434211580E+01  2.92108887167191930E+01
  2.69169509893181310E-01  2.56710667563541040E+01  7.20708486913978860E+00
  5.36592099856838090E-01  1.11161466006627520E+01  5.42835332483887980E+00
  3.01799748246536660E-01  4.32834689062993320E+00  3.46979790041766470E+00
  4.05794678723965420E-01  3.98451268446293480E+00  8.62449547403039320E+00
  3.65995101567518470E-01  2.43021938925997460E+01  2.59420490868122760E+01
  3.39481361119070080E-01  3.84792006319947700E+00  2.37616866013411220E+01
  6.97384645011991290E-01  9.06472482519921390E+00  2.34806579129572680E+00
  6.82253548551889110E-01  9.46653619692556350E+00  2.09344664130164590E+01
  5.67035311113654220E-01  1.02972372718546660E+01  2.06972088912923310E+00
  6.47236078597052340E-01  2.40960096547172500E+01  2.75791990750278550E+01
  5.92513140571182980E-01  1.23237952726192630E+01  2.77304382698237410E+00
  4.71553509741754610E-01  1.96121446713486060E+01  2.42893340832517740E+01
  6.55885333720611730E-01  1.89656376952340790E+01  1.36276539221151330E+01
  2.83840017940612550E-01  1.49547139325636170E+00  2.93500602042976380E+01
  5.65219172841477580E-01  5.96077112629226220E+00  3.53225818055530990E-01
  3.48480710258510130E-01  8.07897957659266200E+00  8.22918364231381010E-01
  6.26908127420837150E-01  2.33689096720772330E+01  5.52993243348765520E+00
  2.62213147743524950E-01  2.11691093905302420E+01  1.97542160901479240E+01
  5.08737612195334600E-01  5.97223702119343170E+00  2.89721367217255760E+01
  4.59281804788439010E-01  1.10803150113074890E+01  1.05457396342453840E+01
  2.86550378078914000E-01  1.89332660003422540E+01  8.18396520520860090E+00
  2.99038091422116640E-01  1.34771105525117870E+01  1.46374883291505820E+01
  3.62493203924014780E-01  2.86752243693380540E+01  1.00410787664829540E+01
  5.64616421781660800E-01  5.61655641422690180E+00  7.94492322245465490E+00
  3.87533216804236250E-01  2.84575498756423930E-01  2.17085438709655070E+01
  3.90540239164096370E-01  1.83879829831954320E+01  2.14962602578990990E+01
  5.44640939783434240E-01  2.49108049465774140E+01  1.37606320713839510E+01
  3.84420431658369740E-01  2.05600202570187530E+01  2.57353895658074980E+01
  4.53492046339069340E-01  1.50971551804766510E+01  2.82260449229772590E+01
  6.38023782753992030E-01  5.81613947603516660E+00  1.03768554433126820E+01
  5.00672486592370710E-01  7.47870121790762440E+00  1.19453247311812150E+01
  6.08873319065221350E-01  8.54165288693137370E+00  2.18346888589465640E+01
  3.18942867500738640E-01  1.94093143189571680E+01  1.44952219561073510E+01
  2.65726189967390210E-01  2.81177176359476950E+01  2.95726682136916600E+01
  7.10410487391814980E-01  3.42492170617662680E+00  2.12473631639528480E+01
  4.66797018098134940E-01  9.11708855912807790E+00  1.83288481150459220E+01
  3.89889811574280460E-01  4.46635386114334490E-01  2.24755246280983560E+01
  2.92456502136063850E-01  2.86270182359394950E+01  1.49236852554514300E+01
  3.63079661055833470E-01  1.98042824001079900E+01  1.65408013462269640E+01
  4.13811620468168510E-01  8.70723422946125860E+00  9.83010913452748800E+00
  2.60417758313763680E-01  2.63404701596529840E+01  2.74834426803052420E+01
  4.41940562555082740E-01  2.49586130544492800E+01  8.61666548686465820E+00
  3.08418768867630710E-01  3.88423747607899870E+00  1.94211950846435360E+01
  3.04461637453634990E-01  2.87040506527859800E+01  1.72194376421090920E+01
  4.75626642073745920E-01  1.91721736272780030E+01  1.70912181251263960E+01
  4.19693779402500590E-01  2.56858732688139970E+00  2.05109256497246510E+01
  3.26514001167033020E-01  4.12886067836002190E+00  1.30331822020864290E+01
  3.55388479881239270E-01  9.07990553105837070E+00  1.61254944523033860E+01
  5.33859136323620030E-01  1.54553866598891800E+01  1.50309267425868200E+01
  3.39481361119070080E-01  2.97773426378020470E+00  1.60885465157554530E+01
  2.51153087880769550E-01  9.30449377592681690E+00  3.85223119513247380E+00
  4.21603844523193420E-01  1.75904891968223000E+01  2.16485618025154590E+01
  5.20348764567513020E-01  1.56627594458252850E+01  2.50721596466684460E+01
  6.86210935380316480E-01  1.29902647825917550E+01  1.54929124000548860E+01
  4.41140732643827070E-01  2.06267514900219380E+01  9.58062410889218260E+00
  6.26908127420837150E-01  1.65259660069493290E+01  2.04207709855979300E+01
  5.11871480770454750E-01  2.75620047271392710E+01  5.26765587336495860E+00
  4.70990686464341570E-01  1.07103001446147810E+01  1.26366552698756730E+01
  5.20369884994360540E-01  2.13437228299334370E+01  2.22578123857589640E-01
  3.04306421741581800E-01  2.57160702745160880E+01  1.41981239921309630E+01
  5.88333222664750720E-01  2.07623856170318780E+01  2.89718736012338700E+01
  6.64541222436485860E-01  1.36366295024757100E+01  6.79336276172756470E+00
  4.24351701398837560E-01  2.70280414785070350E+01  1.16136973978582500E+01
  5.55920758830291820E-01  2.90247787866995890E+01  2.15944077694428560E+01
  2.89042915761794110E-01  1.33283179506051810E+01  2.61983909254343640E+01
  2.47647088603063280E-01  1.88761472857577210E+01  5.12038772292442170E+00
  5.88686278844574580E-01  1.56959401894768880E+01  2.35704620642951030E+01
  3.53063097104977870E-01  9.93524667777138680E+00  1.63938505795665390E+01
  4.50600139601478670E-01  5.57602615405654590E+00  6.00597807415552330E+00
  6.65634982039605120E-01  2.59457549726130100E+01  2.06956787451769810E+01
  4.69750256464274060E-01  1.20235999862273250E+01  3.87166295449247850E-01
  6.13801455222646290E-01  1.18306271423323870E+01  7.91001374436019140E+00
  5.14582826754803690E-01  2.85795253175921750E+01  5.13274354712925350E+00
  3.81419328643079860E-01  2.40431933708830460E+01  2.52416137843825870E+01
  7.28196096543639280E-01  9.90989992206127650E+00  1.07429142107348850E+01
  7.33199636544987770E-01  1.50659332135458130E+01  2.94110824700495750E+01
  2.86550378078914000E-01  1.87206815587357390E+00  1.44013688405002310E+01
  2.52169786807371790E-01  1.99866286850957450E+01  1.59479247893553920E+01
  5.01406606281285510E-01  1.40168501567341210E+01  2.87613589545603820E+01
  4.18948713530687210E-01  2.38222658332727200E+01  2.86814544000397480E+01
  3.62620749938717070E-01  9.10018894657492970E+00  2.26289166701471420E+01
  3.15231116497538320E-01  1.68810106718435020E+01  6.03580030407291090E+00
  2.83840017940612550E-01  1.37314811017616060E+01  5.84973343948903230E+00
  4.72199721516180480E-01  1.98861043921225120E+01  1.29755129514228110E+01
  4.41666133880560000E-01  1.57057877014325630E+01  1.40884080132069800E+01
  3.39073066583844400E-01  8.43415918922705640E+00  1.58707151656738810E+01
  2.54831192030272870E-01  1.95478463001593350E+01  1.23066222166403780E+01
  6.65634982039605120E-01  2.00489170179140930E+01  1.92166773684310070E+01
  2.69326463995374250E-01  2.61199180077215440E+01  4.06074310709025710E+00
  3.08418768867630710E-01  2.29358653957311170E+01  6.35873873369552010E+00
  5.63324676144028570E-01  2.44075488551183890E+01  1.98409081415544430E+01
  2.49794182180603610E-01  2.18365893431952430E+01  1.75733398137388330E+01
  6.44956217916396120E-01  2.60044690142609090E+01  1.32937453161109610E+01
  4.26043897269923290E-01  1.63124342442362400E+00  8.92644913005911360E+00
  7.44533748089133770E-01  1.69767578206358390E+01  1.71936383329482180E+01
  2.47647088603063280E-01  1.87709502503440470E+01  2.04260826340433220E+01
  3.47451934045076260E-01  1.19588878303435330E+01  1.35664860115140820E+01
  4.83182858574677270E-01  1.04447691433896250E+01  2.03022256034855350E+01
  5.38382388131525950E-01  2.89218319083211350E+00  1.69987124799130990E+01
  6.08690451339190200E-01  2.40570652445355650E+01  2.16045053092752790E+01
  3.93024383017402490E-01  2.85416842978309870E+01  2.90691330325759050E+01
  2.54611020839302520E-01  1.63890766774952470E+01  2.12914486092357040E+01
  6.82253548551889110E-01  2.17586199014758960E+01  4.51769739316775090E+00
  7.67665169660178040E-01  1.74052119529068710E+01  2.34514948306382930E+01
  3.95839252948554370E-01  1.42448010991276510E+01  1.11619067327572670E+01
  5.15379284759350490E-01  1.10327737621593420E+01  3.50483682902269990E-01
  5.09222041678605210E-01  2.12608682160162270E+01  1.81518936851750220E+01
  4.72038094207023740E-01  2.70769987732832330E+01  8.83206756619292750E+00
  6.64541222436485860E-01  2.58286950580087830E+01  2.48444719111860340E+01
  4.84167632717154460E-01  5.01342271605180120E-01  1.83445689496634220E+01
  5.39922025342825940E-01  5.32819064171958700E+00  2.62876653626709640E+01
  3.77759649416993960E-01  4.67205598853033170E+00  8.24899137352093530E+00
  5.06367095649294540E-01  1.94750639487680990E+01  6.00737079464835230E-01
  3.05466220251299840E-01  2.91647873301893840E+01  9.58729354779687880E+00
  7.55604472483241980E-01  5.38935372748449200E+00  2.49945755165607970E+01
  7.68548325332126940E-01  4.81469131018398230E+00  2.17521219877722450E+01
  3.09209541844886400E-01  2.76784899171657410E+01  2.83733189064731020E+01
  4.71553509741754610E-01  2.22206201926112780E+01  2.86040102703904680E+01
  3.65995101567518470E-01  3.61312530493121910E+00  1.64544013065253550E+01
  6.26517897412854200E-01  2.55265232139841310E+01  1.05116570532382370E+01
  3.55388479881239270E-01  2.69636241159492550E+01  2.07747790796384140E+01
  3.90423892796942250E-01  2.72572569431898160E+01  2.32644179267465740E+01
  4.92172780862642510E-01  7.11212420060186190E+00  2.68262650876116290E+00
  6.66683478841499700E-01  8.21097140915101950E+00  2.31456800742213710E+01
  6.94903868090152520E-01  1.78396892129611510E+01  2.05602972445193900E+01
  7.65642972591057180E-01  1.28017129852722180E+01  2.91200919303546650E+01
  3.52682444144397330E-01  2.88147438034460280E+01  2.83759406048802990E+01
  5.39466591144820300E-01  1.53639702371312090E+01  1.31689645486345950E+01
  4.26043897269923290E-01  7.44999118972655870E-01  8.95810522764595340E+00
  2.53364602799301860E-01  1.30704295911747610E+01  3.17073978682313930E+00
  3.83290088603488770E-01  2.19198823892538780E+01  1.87531121932414670E+01
  5.55920758830291820E-01  1.06466036085543580E+01  1.69585559362749410E+01
  4.13050329149462850E-01  2.10123838724564960E+01  2.50803532270034990E+01
  5.20369884994360540E-01  3.42064534677284640E-01  3.15365566748021210E+00
  6.99477888048091770E-01  1.63229408011653730E+01  1.59069660005259300E+01
  3.59079136884617700E-01  1.22338214323859380E+01  1.23598056909117100E+01
  3.01799748246536660E-01  2.31219347464975050E+01  1.35284127342456560E+01
  5.28731261397185740E-01  1.36505000908145600E+01  9.33374236398471880E+00
  6.80338287111455390E-01  2.45865487445811080E+01  2.43298643750654870E+01
  4.74033319401206570E-01  1.74801653744058070E+01  5.52217693465237860E+00
  3.53302408788900560E-01  2.23439247041012620E+01  2.56680064429255560E+01
  4.03052389307286420E-01  4.75817863215496930E+00  7.47320991058516880E-01
  3.33973424357718240E-01  7.82985603588456060E+00  1.80428311688441030E+01
  4.68162992243922280E-01  9.22394061090046160E+00  6.27037354439682030E+00
  4.72192289519205580E-01  1.57579410284461400E+01  1.86276263374238520E+01
  6.73658304681401180E-01  1.13280651847993340E+00  1.53862009159190760E+01
  4.61178090502161720E-01  6.90123505255371320E+00  2.44479925814556830E+01
  4.18189647978318300E-01  1.46247140753570210E+00  9.75320200854472220E+00
  5.15379284759350490E-01  2.62731023893595790E+01  2.31901193540764400E+01
  5.34553382826858140E-01  6.68404842477379810E+00  1.56399982996015550E+01
  3.70336582810533970E-01  2.29142713461522090E+01  3.71263983690342950E+00
  6.42747544188997020E-01  1.46746089631434520E+01  2.56840667477409670E+01
  4.50600139601478670E-01  1.88245825204662370E+01  2.06061126512396520E+00
  3.55036581058269410E-01  2.91489030039879000E+00  1.11977776193553090E+01
  3.54092873053847420E-01  2.68203356485107420E+01  2.86429381267876620E+01
  5.13614394364816020E-01  2.30211688424216660E+01  1.43365353315587500E+01
  3.65995101567518470E-01  2.56626041823425840E+01  9.01165725545686410E+00
  5.25383403930900440E-01  2.31934098285666720E+01  1.53605967707047920E+01
  3.83598938984435380E-01  8.31177840300860990E+00  4.07526329936518380E+00
  4.86073626967704090E-01  2.35145310584138550E+01  2.38704572326253630E+01
  5.96963967672292380E-01  1.75542821349467420E+01  1.03068361969071560E+01
  4.66553963192992600E-01  6.72052131301101420E+00  1.66402713334281320E+01
  4.15252526658189590E-01  1.95882206866356370E+01  8.43429979172283950E+00
  6.36786611163594070E-01  8.16377455020975520E+00  2.65223771084763020E+01
  6.06760633376156730E-01  2.80046489149807060E+01  2.60039557293764860E+01
  5.25895496843049500E-01  2.51818812336393660E+01  2.17434428064341350E+01
  5.05409982910693060E-01  2.59692101340162900E+01  2.81532614126937340E+01
  5.18912146576496980E-01  2.83635474744122580E+01  2.49380385384670260E+01
  5.81677556670477180E-01  4.68256312836519760E+00  1.08242815088553430E+01
  2.50625569857546320E-01  1.78067690437023640E+01  1.11146234660107450E+01
  6.67521681419926690E-01  1.50946934556437460E+00  2.07516873858284510E+01
  6.52034765531911640E-01  2.03161249664160830E+01  6.66620712524656780E+00
  3.81419328643079860E-01  2.01623629241019590E+01  2.82105751117909090E+01
  3.18942867500738640E-01  3.47912037685032960E+00  1.15659224847683360E+01
  6.63973334543257470E-01  1.26332200908154920E+01  3.98867492371949610E+00
  4.05793634226126800E-01  8.85884181170424690E+00  5.47823627259475290E+00
  2.88617724104866640E-01  1.80814360419448120E+01  2.52778301923105180E+01
  3.17587838135982990E-01  9.57729565446508250E+00  2.69670994417763660E+01
  6.94010688862415210E-01  2.81818864070563270E+00  2.36813885601627410E+01
  3.25036994184950640E-01  1.74930138481981250E+01  3.02053575863501500E+00
  4.41940562555082740E-01  4.49571058720876240E+00  2.41978461491116300E+01
  3.05466220251299840E-01  2.86674026918160290E+01  1.32313057361464280E+01
  7.22984261441823330E-01  2.54407632552864200E+01  3.29487829553183790E+00
  4.60682082706054620E-01  1.10450542250136490E+01  8.64222602797238610E+00
  4.22201084465533680E-01  2.12277932288624600E+01  1.72219322550853140E+01
  6.24824560398126750E-01  1.24040188920304220E-01  1.62018243358147490E+01
  3.63079661055833470E-01  2.19504381540675200E+01  8.96376567421275180E+00
  3.25516939164680520E-01  1.42762636391351800E+01  1.74305099720312560E+01
  4.87886881528419990E-01  2.74954754687867040E+01  2.91482425945381710E+01
  4.34172467284937990E-01  3.28231924970027620E+00  2.79542034466474550E+01
  7.04082361725448710E-01  2.44667710730664960E+01  2.96010277503050150E+01
  4.40295189098215370E-01  7.98761648092070950E+00  1.28094212978159500E+01
  4.54567147313974470E-01  1.91018748001728720E+01  2.10450540642137830E+01
  4.89717368181109780E-01  1.46978597359933900E+01  2.39768326903192200E+01
  4.82771447840326400E-01  1.66855925437967430E+00  2.39284837656358000E+01
  3.54092873053847420E-01  2.89949845175844200E+01  2.76931809336264970E+01
  7.67457697882333090E-01  2.67388346218816930E+01  2.65359033025903340E+01
  4.43129600128677660E-01  1.89527311455257670E+01  2.21089746710042830E+01
  5.61514797181737530E-01  2.26919051624211470E+01  2.01720442276091770E+01
  5.82207618145930890E-01  1.59610940596633210E+01  2.20149990060146020E+01
  5.94092381958372510E-01  1.01163809323012560E+01  1.79769030732524160E+01
  5.64318884198494160E-01  9.20846714421854880E+00  2.59325254446846610E+01
  6.16837537735261420E-01  1.93010268318931290E+01  1.81755488656017730E+01
  4.20581746236023420E-01  2.31976827293461770E+01  2.10140066656775450E+01
  3.16022212934137680E-01  2.81356127276857530E+01  1.69709821463892040E+01
  4.59502380082057990E-01  1.66361536461351560E+01  2.53911911012184500E+01
  7.48336469443998900E-01  1.33520740534593280E+01  1.68844457483684000E+01
  6.90159994875631000E-01  2.57838416610545100E+00  9.51698178415306730E+00
  4.68364091588631840E-01  2.81776307147918490E+01  2.77780619172641540E+01
  4.05593309893122810E-01  1.09118877559121400E+01  2.44205696152569620E+01
  5.55687039951364880E-01  1.64107772454223590E+01  4.08130894225096870E+00
  2.83840017940612550E-01  1.84176510454420070E+01  1.83493298335546520E+01
  5.98280766214214580E-01  1.66214324553699800E+01  2.71629615431179160E+00
  5.84913004272127690E-01  3.64409193007542510E-01  7.10274821374316720E+00
  2.83840017940612550E-01  4.78551063131462410E+00  2.70292468643671060E+01
  2.83517655556827110E-01  6.61031522211600290E+00  1.08437093420613520E+01
  5.27599340399055180E-01  2.32341545811523780E+01  1.76513900221512080E+01
  6.24824560398126750E-01  1.21598759334786010E+00  7.96145526117294630E+00
  4.84167632717154460E-01  1.02146090343335270E+01  2.94543097124442920E+01
  5.66562802601083430E-01  1.21038899276027560E+01  1.06020349507942570E+01
  5.81213412342838430E-01  2.32644801100116610E+01  2.58264311963537520E+01
  5.13285974501586400E-01  2.19321099299605890E+01  2.15032123842550060E+00
  5.29625185962053640E-01  1.25488628644140800E+01  2.39661576485374250E+01
  3.30104909316010620E-01  2.73015579884864370E+01  1.39242843902153820E+01
  5.48174971142568520E-01  2.46539072277742900E+01  1.64850260889848170E+01
  4.72192289519205580E-01  2.28344126098242550E+01  7.20742878020091030E+00
  4.53126113496558960E-01  8.14154813154724090E+00  1.12599736884016580E+01
  5.25993347610763350E-01  2.24446205790326130E+00  2.96559646279676840E+01
  4.75338540515479570E-01  1.57028097336348790E+01  2.16102934015502160E+00
  4.30858982518450690E-01  2.48849549550201740E+01  2.53996494445045080E+01
  7.09741570678139940E-01  2.19431360294330260E-01  2.71540610069323170E+01
  5.05409982910693060E-01  2.29933950247496740E+01  3.81340124596228020E-01
  5.20369884994360540E-01  6.56181082646712890E+00  1.98502703357750900E+01
  2.73281005279713530E-01  2.63338225936707990E+01  8.77706347508187610E+00
  3.09574052588245370E-01  7.04045402034160620E+00  8.99993305995723250E+00
  3.18095930761502070E-01  1.34032344545126600E+01  2.82189225531701200E+01
  4.46537248270915300E-01  2.89248656603371650E+01  4.23584101950181320E+00
  6.38830345620663920E-01  9.24511621448491280E+00  1.71056194611001720E+01
  6.68397269451762100E-01  6.25125372532031150E+00  1.21812495563472790E+01
  5.32488384254616510E-01  1.27327211811848450E+01  2.76966341767195560E+01
  3.17579752081870750E-01  7.37869674694530710E+00  2.00366355177486670E+01
  5.16710955738981780E-01  9.05777026328140880E+00  4.57852301761082980E+00
  4.49545157175862540E-01  2.90247222031090610E+01  1.79013807248028630E+01
  3.20574425314766210E-01  1.72386546818134510E+01  4.76537290682453920E+00
  4.12246671516209600E-01  2.94117896471224860E+01  1.31607457271167810E+01
  4.94550785807675550E-01  4.14131856027725130E+00  2.50644846341632290E+01
  3.59079136884617700E-01  1.84888697025192490E+01  1.66124774557302640E+01
  6.10572080928614460E-01  2.04697350989467640E+01  4.43146981618646410E+00
  4.75338540515479570E-01  1.63213387133563760E+01  8.31751463042867020E+00
  5.09574347305064630E-01  2.60786071293854570E+01  1.15043054159927300E+01
  4.18189647978318300E-01  1.48470913549126530E+01  1.42987347867683870E+01
  3.76753951196820710E-01  8.69928236913561110E+00  1.33829686728410180E+00
  3.84533934306195220E-01  1.10922359684421570E+01  1.80496594737002520E+01
  6.60767019732147710E-01  9.92034937420094920E+00  5.37987754490690140E+00
  5.64318884198494160E-01  1.50472753873006740E+01  1.78742054556868940E+01
  4.69750256464274060E-01  1.26045756643758350E+01  1.15198774559285920E+01
  6.88340418185590860E-01  1.48232159149346110E+00  2.27727819228085520E+01
  5.93150731645016190E-01  9.27444120679614950E+00  7.32940984925205360E+00
  7.17499092254363010E-01  5.72204227966068050E+00  2.74812661039962120E+01
  3.79322922295397280E-01  2.43872120047196540E+01  3.63341920630147990E+00
  3.20574425314766210E-01  2.53936297138456910E+01  5.60013199525160130E+00
  7.17953871372127320E-01  1.32959793729996250E-01  2.06054612657918170E+01
  3.42409596243210680E-01  2.76523939545087920E+01  2.70872340846718230E-01
  4.43129600128677660E-01  2.33101209024290130E+01  1.28081786299056790E+01
  3.78068289465320630E-01  2.37935697861389420E+01  7.55845417016441700E-01
  4.75338540515479570E-01  2.36232174082752770E+01  3.25032846800940600E+00
  7.38532964590205680E-01  8.93133072444323870E+00  8.61451020827829690E+00
  5.07606992315717240E-01  1.81493741815435360E+01  4.80439253228557210E+00
  2.86134314477376340E-01  6.19046480162110680E+00  1.12286709763498590E+01
  5.07437626189109900E-01  4.44750799116569430E+00  1.61989620355876520E+01
  6.15073771326759470E-01  8.96871497836396610E+00  1.31977419492662270E+01
  3.30104909316010620E-01  8.36769082361344910E+00  1.49903413827188640E+01
  6.66683478841499700E-01  1.97095790911267020E+01  5.49591882980633080E+00
  7.49545055295440930E-01  1.28238625052379740E+01  1.82860964426807440E+01
  2.54824432159977790E-01  3.16383660647120910E+00  4.95440701384439920E+00
  5.72142532162989690E-01  7.01074267154386990E+00  2.08458060970024870E+01
  2.77147605524350650E-01  9.76410304534345740E+00  2.75639962864650340E+01
  4.68364091588631840E-01  9.01868256294208060E+00  1.15395158511903730E+01
  4.82771447840326400E-01  2.48032135262883600E+01  2.08088855738747430E+01
  2.50971712925384870E-01  2.89978901566650610E+01  1.36786916608793980E+01
  5.38024295323284910E-01  2.58463530611484950E+00  2.56972981712077160E+01
  4.13050329149462850E-01  7.33607271957207810E+00  1.93077429207860720E+01
  4.86590143357422540E-01  8.23159011605088690E+00  7.60915812127751940E+00
  3.16148313226467530E-01  9.83577259862658340E+00  4.28202045438876410E+00
  3.81419328643079860E-01  1.72148837690039220E+01  1.96852061410598080E+01
  6.52911031193170470E-01  2.13027819304393910E+01  2.40565054786701960E+01
  4.49150663742554990E-01  2.18707728855785320E+01  2.50008868855689460E+01
  4.73113776075054650E-01  1.02664364666119550E+01  2.36319390060735940E+01
  3.65995101567518470E-01  2.21929523145273890E+01  3.56525188829657980E+00
  3.46028387031474870E-01  7.20520887947903520E+00  1.72920774772290220E+01
  4.23675716525973380E-01  1.54570145098799420E+01  3.85714000797566610E+00
  2.47261092463374420E-01  2.34265116027960510E+01  2.54767506510785500E+00
  2.63339374245984010E-01  1.35220120221965350E+01  2.26736346065735010E+01
  2.59062449636064510E-01  2.20283920848999810E+01  1.81200941465864250E+01
  5.77180454669814490E-01  1.01793677177345870E+01  8.07061614801136250E+00
  4.06599624824484800E-01  2.12284754639081190E+01  1.39928158761504680E+01
  4.65278877330243820E-01  2.64509987826417900E+01  1.85793039412834840E+01
  3.07263188066738420E-01  2.90990156973376110E+00  4.45380889694572170E+00
  3.88697647565240350E-01  5.52907663077059300E+00  1.13625838643985360E+01
  6.62122603690132470E-01  1.53205861194791590E+01  1.09005615969235520E+00
  3.79322922295397280E-01  1.57261660103216500E+01  7.70494953686832580E+00
  3.53063097104977870E-01  2.02276702405891410E+01  1.22243886585493620E+01
  6.88885956497308970E-01  1.00672440217611570E+01  3.30413497481634530E+00
  5.33066537704075310E-01  2.92740006246999800E+01  1.44121660665519860E+01
  3.42074681651230290E-01  2.34343353461326880E+01  1.84974425288249050E+01
  4.24351701398837560E-01  2.05268928382832670E+01  2.57750222486467040E+00
  2.92456502136063850E-01  2.67072241884171330E+01  8.16408304151416080E+00
  5.90639534364661320E-01  3.45025584154868350E+00  1.76391315554760060E+00
  4.09705559579089850E-01  6.91491843999859680E+00  1.55378322236018110E-01
  3.59079136884617700E-01  1.75923228553861860E+01  1.90484339965579390E+01
  5.27599340399055180E-01  2.77730031203280490E+01  1.60851221616956790E+01
  5.38382256471750510E-01  1.82569111148224260E+01  2.73984451339171890E+01
  5.96963967672292380E-01  2.88077786374595880E+01  7.65240738056427010E+00
  2.96503602823160150E-01  2.26545792878222760E+01  4.94255738819705750E+00
  3.64593218166308700E-01  2.41086704770692820E+01  1.26935941104121920E+01
  4.18947112612636110E-01  5.83205999258205130E+00  5.14583578827301040E+00
  5.40946473112310590E-01  1.65780521115956000E+01  1.46932773099853280E+01
  3.35017483125717060E-01  2.45403960851693270E+01  2.84549960796171890E+01
  4.75626642073745920E-01  8.00888783430858450E-01  2.43334552054887860E+01
  3.04461637453634990E-01  2.52197677786463790E+01  1.45506276282297020E+01
  4.36315933331792570E-01  3.77788928675544920E+00  2.23644253605122500E+01
  6.77666041374141330E-01  2.62539722070968740E+00  1.81842990329792400E+01
  5.67035311113654220E-01  2.67402073743917730E+01  7.30588212157493900E+00
  3.38650161839631010E-01  3.10225540156224300E+00  6.58039187378953730E-02
  6.94010183176834960E-01  2.76203284718717470E+00  3.46416245180051120E+00
  7.10410487391814980E-01  4.87426490676652420E+00  1.22452677267294910E+01
  4.54567147313974470E-01  2.33379331281588840E+01  2.47936571870021570E+01
  2.52169786807371790E-01  2.95606954104725580E+01  2.21982063152082780E+01
  3.01799748246536660E-01  1.13679323580536270E+01  1.74211749981288690E+01
  4.27719079604653450E-01  1.17540456721230960E+01  6.15849875135696050E+00
  3.87762191716535260E-01  1.35052467128412770E+01  1.16577241497358450E+01
  5.72951670348821020E-01  1.13632789015605450E+01  2.52878851613438660E+01
  5.09222041678605210E-01  2.74081634584923290E+01  1.83999643314804510E+01
  5.25993347610763350E-01  2.77986665417851630E+01  2.40602737519595960E+01
  3.12648490279368120E-01  1.48933266454611780E+01  2.47544141841233550E+01
  3.32399546609116130E-01  1.18344839051578660E+01  1.78495225527828190E+01
  4.43807889241729470E-01  2.41173975235496480E+01  1.56513147862725570E+01
  3.44170209092795430E-01  2.82338099576147630E+01  2.20231828310616860E+01
  2.54824432159977790E-01  5.07913719309218600E+00  1.38129044528908410E+01
  4.21963532045373490E-01  1.99375467767052720E+01  1.01260446859828810E+01
  4.11696508529454960E-01  1.51724241200683600E+01  6.34562848015441890E+00
  4.11346310528290360E-01  2.36253586959216120E+01  8.71798706284829270E+00
  6.16837537735261420E-01  1.64418368869670650E+00  2.50275089960822010E+01
  4.83570943621045310E-01  2.76864694675546410E+01  2.16816142210090670E+00
  4.32382463464541460E-01  2.81623270459890450E+01  1.77187385559238850E+01
  5.92513140571182980E-01  2.66622333173230040E+01  2.49784529418910980E+00
  3.55036581058269410E-01  2.91758809242417030E+01  6.77610546804525790E+00
  4.74581552528920360E-01  7.47181726954761420E+00  2.83632921203641930E+01
  3.44905765886116280E-01  2.87689491375413620E+01  2.24571974123683450E+01
  5.96963967672292380E-01  6.23882969694761160E-01  4.23418663966299920E+00
  2.68569610726517900E-01  1.89557869473916250E+00  2.89424559529552430E+01
  5.80290806494985740E-01  5.53831845823746430E+00  1.94460806203400660E+01
  6.25336422111717830E-01  1.47346802974615870E+01  1.90216189671143210E+01
  6.17452885167652710E-01  2.72473664003241640E+00  2.23742088263335470E+01
  3.29506256422424390E-01  7.87782483719278930E+00  8.44062360944734640E+00
  2.58355477869490890E-01  1.66214467896046080E+01  1.23719489823763240E+01
  4.69641390777102340E-01  1.44830785369882380E+01  5.79648452050430850E+00
  3.49095179616795370E-01  1.43057410507948010E+01  1.63414996845199380E+01
  3.27988333844876360E-01  1.39823607004128640E+01  2.79332201568510920E+01
  3.86383264228710210E-01  2.81759906325089170E+01  2.88704562344417590E+00
  4.75543307221801650E-01  1.47562477242477570E+01  2.07729818929756330E+00
  5.07815655211632320E-01  1.57454771992228600E+01  1.69671335306941310E+01
  6.08088426536500660E-01  2.83930101721088230E+01  1.29351401928540930E+00
  3.93024383017402490E-01  1.16400996993466490E+01  3.62679756338587160E+00
  7.48336469443998900E-01  1.37984165324193490E+01  4.78622942149022810E+00
  3.13454063710418570E-01  2.19106971730990100E+01  1.11000816241801950E+01
  4.43133439323318520E-01  1.88751737172589530E+01  8.91102632858210160E+00
  3.62493203924014780E-01  8.93786833133674640E+00  1.53832359277537570E+01
  5.72881440675418570E-01  1.36424780976259700E+01  2.40949497307109120E+01
  3.71299762957800540E-01  6.44541086016319650E-01  2.51656878220512040E+01
  5.13143010843963320E-01  1.50764885493506480E+01  2.26601729722806090E+01
  3.87533216804236250E-01  2.25501161650024040E+01  1.92336594366778900E+01
  3.90540239164096370E-01  2.73748883805768910E+01  8.02276097250548760E+00
  4.11696508529454960E-01  1.90218286938206200E+00  2.17563398255187260E+01
  4.19670751191123690E-01  3.68463818583369560E+00  1.56723805706420460E+01
  5.39922025342825940E-01  2.22104800088274390E+01  5.65139449213869670E+00
  3.73125396709624990E-01  7.38278207847680880E+00  1.09344569468828270E+01
  5.72628172168292430E-01  7.26913117107674460E-01  1.04166276668411760E+01
  5.63660960642019760E-01  1.04519967909799300E+01  2.70723770757807150E+01
  7.54397230300637300E-01  5.98738382680114260E+00  3.54183645631935780E+00
  4.07877171249442140E-01  1.07871043591716510E+00  2.17535709082245960E+01
  4.61178090502161720E-01  5.74620614810815940E-01  1.43999217235667130E+01
  3.50974061745161330E-01  6.69679595355638210E+00  2.52629851859644570E+01
  4.22541054278063120E-01  2.94226603455995850E+01  2.28583358072447850E+01
  3.25036994184950640E-01  6.44793806079030670E-01  6.23752383212085970E+00
  4.96042965314236020E-01  1.82644517644623820E+01  1.74373612008563300E+01
  3.04461637453634990E-01  1.44021572299447930E+01  2.04935644217789560E+01
  4.21290506291976640E-01  2.11254359014890730E+01  1.90719558438503820E+01
  4.26578460793149810E-01  1.94687812497275560E+01  2.65508889542696820E+00
  3.91816801400439550E-01  8.65655685897882070E-02  1.51863067303616380E+01
  5.32262962461145860E-01  2.70701383892128650E+01  2.77925115909072990E+01
  6.07718241283317260E-01  3.80066458960907350E+00  4.24795129421643210E+00
  5.13425754976809310E-01  2.78314212803377250E+01  1.50468739559310940E+01
  5.46829204411607870E-01  2.15552838047877770E+01  6.51553720172267430E+00
  2.99038091422116640E-01  1.16162591902121740E+01  2.44266000180491860E+01
  3.65374026971610010E-01  1.49116427383919900E+01  4.79086673144327510E+00
  3.46733456860136300E-01  1.35621809756652320E+01  2.74055949279919740E+01
  5.01833768532536340E-01  2.64380675936335370E+01  1.76127600654139620E+01
  2.88617724104866640E-01  2.23867975320124200E+01  6.59245821580773670E+00
  3.13454063710418570E-01  3.52839015506490620E+00  2.66744554825264220E+00
  4.43756654693070110E-01  2.54684695177769950E+01  2.26695800640454830E+01
  5.20369884994360540E-01  2.67542614464131350E+01  2.41058317168404730E+01
  7.41720708060832300E-01  2.30712705840188370E+01  1.62474655226093140E+00
  2.99038091422116640E-01  8.29289370996228570E+00  2.85454588115502470E+01
  3.93024383017402490E-01  1.99619470342801330E+01  2.95378804766019840E+01
  2.53364602799301860E-01  2.43150399203869120E+01  9.70077859618788980E+00
  5.48463672908306780E-01  1.64832965956281190E+01  2.43894583451669360E+01
  5.63660960642019760E-01  7.84716885698996600E+00  9.33317857145587300E+00
  4.99487474973056500E-01  1.74291898533744320E+01  2.48375790540231310E+01
  5.32488384254616510E-01  8.07961004829655850E+00  1.72135150642060420E+01
  3.62493203924014780E-01  2.43056964058786490E+01  9.08558594465324100E+00
  3.90540239164096370E-01  1.56535055855293180E+01  4.64802153875331040E+00
  6.25248164210708260E-01  6.48972072497105580E+00  1.87072464448063120E+01
  3.93024383017402490E-01  2.03906145592982080E-01  8.06714411801577570E+00
  2.83517655556827110E-01  2.69887030995853970E+01  1.90996681051731440E+01
  5.16562546778196820E-01  2.87192279503045780E+01  2.68693186695321200E+01
  5.96777348356598920E-01  2.80093842595294300E+01  9.35238042196795400E+00
  3.35017483125717060E-01  1.39930023583830980E+01  1.42707991645312580E+01
  5.69344335137112000E-01  1.91085638739948070E+01  1.59213145627658650E+01
  5.55509338843663690E-01  2.92173798759612420E+01  8.72888539195898080E+00
  4.09775903561979240E-01  9.82973482592862170E+00  1.26256884833235430E+01
  3.20574425314766210E-01  2.93239302628184010E+01  1.71200372856048480E+01
  5.39466591144820300E-01  5.02315227142564870E+00  6.82729569168836910E+00
  5.18725390566230620E-01  2.81820703791501190E+01  2.30895545251654360E+01
  3.62493203924014780E-01  2.57383976174917850E+01  1.23062838062775390E+01
  4.23675716525973380E-01  2.01787992878867680E+01  2.50089965302471420E+01
  4.13050329149462850E-01  1.81894434337571660E+01  2.43332381793370590E+01
  3.01731430220296380E-01  2.80744623335813050E+01  4.49333852247246050E+00
  3.48156346672602490E-01  2.40333328943189490E+01  1.72938974589782820E+01
  6.83531487369900860E-01  1.01814987616704400E+01  1.36604371536702600E+01
  3.27197753470684690E-01  2.20317750721748520E+01  1.57913947593452150E+01
  3.50974061745161330E-01  1.85265224747029080E+01  1.10556128737183400E+01
  5.77649046292645880E-01  1.41977625244579200E+00  3.37054439969940090E+00
  5.13614394364816020E-01  2.55437104751639450E+01  2.60758909499058010E+01
  7.17953871372127320E-01  1.89300179674027580E+00  4.57618109270765580E+00
  3.01731430220296380E-01  1.72453491117869730E+00  5.59672770274180650E+00
  6.14584822297879540E-01  2.02079986349376810E+01  1.40129999547410850E+01
  4.69641390777102340E-01  2.11302655560316740E+01  8.82213224488357460E+00
  4.49154676673646060E-01  7.63458231153151260E+00  1.52530022658715920E+01
  4.82268891960512480E-01  2.21243847083453920E+01  8.50440206968907300E-01
  6.26908127420837150E-01  4.58479758576829880E+00  1.50739425188281470E+01
  2.50971712925384870E-01  2.77419420039413320E+01  8.54833601302938990E+00
  2.62213147743524950E-01  2.11585841716089580E+01  2.22865076367441660E+00
  6.45167794061425240E-01  1.78026018780179740E+01  9.09013775243530550E+00
  5.94931591270377070E-01  8.91822598118686290E+00  3.92000195488002130E-01
  7.68548325332126940E-01  2.23301459925448920E+01  1.20969142798665070E+01
  4.36195486319121350E-01  2.33696063822716980E+01  1.93099138379224870E+01
  5.33066537704075310E-01  1.06240374949008810E+01  2.13014208898813670E+01
  5.62178328188990490E-01  5.61040175191592110E-01  2.09391319410512720E+00
  2.97561439636419770E-01  8.77254386192985260E+00  2.91109153134142640E+01
  4.82771447840326400E-01  1.76642111197661360E+01  1.82100255868025980E+01
  6.61562106526255890E-01  2.05532783245491150E+01  2.04442015208334670E+01
  5.04339573614743570E-01  2.24194109254627420E+01  1.70183682550584550E+01
  3.45648959319623030E-01  2.85126187033463690E+01  2.23837059671692320E+00
  6.95947079841625180E-01  1.13471134729322930E+00  1.73497096842564070E+01
  4.75626642073745920E-01  1.35762739927348460E+01  2.54753111530658740E+01
  2.57534358191145160E-01  1.24905781975573240E+01  4.89696633038034260E+00
  6.30423428531534040E-01  2.88438737405907870E+01  1.96819102191720000E+01
  3.25516939164680520E-01  2.26222280086626380E+01  1.31506022710767110E+01
  3.14110289759674140E-01  1.32099985733383370E+00  1.41620470499943330E+01
  3.99477862283745790E-01  1.16946551347255280E+01  4.48792474780621030E+00
  6.47236078597052340E-01  7.87619750729967640E+00  2.94092677232375940E+01
  5.28731261397185740E-01  1.82157046005959380E+01  1.45439136834014580E+01
  4.43807889241729470E-01  9.66643043914722180E+00  1.97589186057572910E+01
  4.82268891960512480E-01  2.77131085513946790E+01  1.93466145676853890E+01
  4.30858982518450690E-01  6.57372376675412170E+00  2.82507223985625340E+01
  4.18947112612636110E-01  2.73475299316487190E+01  1.74740640177275170E+01
  3.50662231740508900E-01  9.40045028452311550E+00  2.92716530962654890E+01
  2.85767805251094040E-01  1.88661636674949840E+01  2.41590295105982630E+01
  3.45648959319623030E-01  2.60540992704080560E+01  6.12032482528768810E+00
  3.45648959319623030E-01  1.47966458958604540E+00  3.80910012202207330E-01
  6.42005949159872720E-01  2.34417867966434020E+01  1.65007031520627830E+01
  2.74003615458356760E-01  4.84339948167223430E+00  7.62040924743392090E+00
  3.87653287431749970E-01  2.22842806886911120E+01  2.64064321305061430E+01
  4.18948713530687210E-01  2.20815203028914160E+01  2.33228427450202350E+01
  4.53451232343747090E-01  2.56326595945311480E+01  1.70991859917752760E+01
  4.21603844523193420E-01  1.48178820699962440E+01  1.69162473610444090E+01
  2.62213147743524950E-01  2.12736021881849670E+01  2.10213967138820510E+01
  6.94903868090152520E-01  2.63772069471096810E+01  2.19850579661898710E+01
  6.31563936872940970E-01  1.76046774155393240E+01  2.94253740116109480E+01
  7.01778375544082420E-01  1.95352473283084030E+00  1.07594823649627710E+01
  3.46434506905438330E-01  2.50301519859433700E+00  7.33385020005359230E+00
