1
  1002  2.96924426640336700E+01  2.96924426640336700E+01  1.00000000000000000E+00
        0.00000000000000000E+00  0.00000000000000000E+00  0.00000000000000000E+00
  4.30858982518450690E-01  1.88173682963907470E+01  2.32033668412202370E+01
  4.18947112612636110E-01  1.25076486027361110E+01  2.12019261099016130E+01
  3.50662231740508900E-01  1.75769483415174430E+01  2.40393612769468990E+01
  2.85767805251094040E-01  1.07197392979464680E+01  2.55940414470884040E+01
  3.45648959319623030E-01  1.45868192831401530E+01  2.83841475781823610E+01
  3.45648959319623030E-01  2.41491645198969420E+01  1.14725301199934350E+01
  6.42005949159872720E-01  2.17138724409537680E+01  7.98960619107833560E+00
  2.74003615458356760E-01  1.46432643675605720E+01  9.20178201940792030E+00
  3.87653287431749970E-01  7.77787715532042690E+00  2.90223284479530190E+01
  4.18948713530687210E-01  2.83065020858265120E+01  1.35342517712439020E+01
  4.53451232343747090E-01  1.87523637723515120E+01  9.54551300353697130E+00
  4.21603844523193420E-01  1.13072350652277680E+01  2.21450452275987570E+01
  2.62213147743524950E-01  3.70830020031649580E+00  2.87910820442270920E+01
  6.94903868090152520E-01  6.99700312967961400E+00  2.15832230981845050E+00
  6.31563936872940970E-01  2.12168493694348430E+01  5.04377101774521730E+00
  7.01778375544082420E-01  1.68018164323759180E+00  1.29880816073354030E+01
  3.46434506905438330E-01  4.99044060957450150E-01  1.81119662540588320E+01
  3.50662231740508900E-01  3.97802999245099330E-01  2.77620478118162950E+01
  3.01799748246536660E-01  1.52992180950488570E+01  5.32038684078264800E+00
  4.41298336829792340E-01  2.41114903858337470E+00  1.75732117550126470E+01
  3.39481361119070080E-01  5.01090912725977590E+00  5.78600405406648650E+00
  3.83181557852844270E-01  2.17758026230993770E+01  1.33552342973250300E+01
  6.75156127532392600E-01  1.89775973941172750E+01  3.63950851075117670E+00
  2.73281005279713530E-01  2.80341850334148400E+01  6.88101570781907410E+00
  6.65634982039605120E-01  6.87830589147524660E+00  5.62713957172121760E+00
  2.54824432159977790E-01  7.04910383915300720E+00  1.94613786775434820E+01
  2.84029264846615530E-01  2.69716482744714660E+01  2.23400489741708410E+01
  4.62836237406567810E-01  2.44996044187926290E+01  4.28034071688802160E+00
  3.33973424357718240E-01  2.42843249020371270E+00  1.59193789210857940E+01
  4.91872428060923640E-01  2.31486626095323520E+01  1.89380746388783270E+01
  5.52490392167627680E-01  1.54502814032179290E+01  2.02965222069063600E+00
  5.39466591144820300E-01  6.14949150484506730E+00  2.18510032890691330E+01
  5.65219172841477580E-01  1.06844231025974690E-01  1.53465433909056570E+01
  3.53776024442120150E-01  3.00628214510904220E+00  1.55466934627713440E+01
  5.54611473665029210E-01  1.15401590806967550E+01  2.10987960769037710E+01
  4.81368497469048420E-01  2.58628206801475820E+01  1.80523928536900300E+01
  2.84672167568555990E-01  7.89265174054180020E+00  1.03341682196207000E+01
  3.06898385793053400E-01  2.75202153645403410E+00  1.93996135551922290E+01
  4.49954956992444630E-01  1.64468045295985630E+01  2.02583735691906990E+01
  5.88686278844574580E-01  2.40260671333078020E+01  1.71242702887059760E+01
  4.36315933331792570E-01  4.04840486071583960E+00  1.28347111818186970E+01
  5.46155746035104350E-01  2.79334538504567580E+01  2.41595258603483420E+01
  4.11346310528290360E-01  1.89528112782933180E+01  1.86921800446070700E+01
  7.44650008855257360E-01  1.53140604487277120E+01  3.66086845054300450E+00
  4.68162992243922280E-01  1.59249311695664650E+01  3.38679395255418570E-01
  7.11073931023246340E-01  2.28666120155075490E+01  1.34393233294878410E+01
  3.02034441597155470E-01  2.51358389811161300E+01  1.29169384038836270E+01
  5.12509616084684260E-01  2.87865653069356920E+01  1.57149603762873690E+01
  3.40422717275118370E-01  2.33067830270569550E+01  2.80201140548814930E+01
  6.65634982039605120E-01  1.36527681947536370E+01  2.79985869173959470E+01
  3.75295693565172690E-01  2.07940595179786810E+01  5.95665974895966780E+00
  4.75626642073745920E-01  2.37964853954421080E+01  9.75566277606821510E+00
  4.72038094207023740E-01  2.78974421875190120E+01  4.28617637436535140E+00
  4.29902962432020440E-01  2.22203682303387140E+01  4.09864905925831470E+00
  5.68910711623079470E-01  7.88965244080679540E+00  1.99433164459019990E+01
  3.07263188066738420E-01  9.53900453018706250E+00  1.82797951370001930E+01
  6.10911033360540580E-01  1.24840652980444130E+01  1.89677924931993580E+01
  3.43353541919950760E-01  2.54497981594352820E+01  8.62504881784437140E+00
  3.15231116497538320E-01  2.87322058308410530E+01  2.05058344288279240E+01
  3.78068289465320630E-01  1.66061494404436660E+01  1.75374838958155620E+01
  2.54824432159977790E-01  1.43268310810096810E+01  9.63459922489587230E+00
  5.44558358435121190E-01  7.61884090660911010E+00  2.54312935314446410E+01
  3.56000803327192820E-01  3.40716235111113890E+00  1.16124273137574860E+01
  3.13454063710418570E-01  1.25173815227150430E+01  2.04703367458209120E+01
  6.12591031919131530E-01  8.66962280096474740E+00  9.89040720443597370E+00
  6.47236078597052340E-01  1.20251773759057790E+01  4.36193038085215610E+00
  2.65726189967390210E-01  2.89343165233931110E+01  2.64261219873479760E+01
  2.96653470797716330E-01  1.90242033762976880E+01  1.12819473534733220E+01
  3.45648959319623030E-01  1.40974276947457180E+00  9.07701171834335700E+00
  3.13454063710418570E-01  2.62389057949599160E+01  4.02367545960464400E+00
  3.39073066583844400E-01  2.05644723055353930E+01  2.71294327135733370E+01
  2.96256570285591500E-01  1.28651116590608140E+01  1.99514225077317060E+01
  4.19081387041561550E-01  1.43418299813543690E+01  1.62377607489305440E+01
  7.08391389715138510E-01  1.04279605663372180E+01  1.77892471737786270E+01
  7.16035261746952050E-01  2.43500611506387620E+01  2.78566085446698470E+01
  4.43133439323318520E-01  1.75452387640122090E+00  1.55330781125393870E+01
  2.73281005279713530E-01  9.20876476252536590E+00  1.87569192595370530E+01
  3.35017483125717060E-01  1.81598321305136000E+01  1.43073885962774230E+01
  5.09222041678605210E-01  1.95384718164861950E+00  2.79231458684264880E+01
  4.27719079604653450E-01  9.07077807067584270E+00  8.93250886783337350E+00
  5.81299825206354370E-01  1.05293144971021730E+00  2.85362706116868630E+01
  5.46155746035104350E-01  1.34078999504896470E+01  2.13348431787615220E-01
  3.05466220251299840E-01  2.96704026846461950E+01  2.66684062087259570E-01
  3.11838068626578210E-01  2.88397736933578880E+01  1.75235748488516200E+01
  6.27423008989955560E-01  2.09199209470554520E+01  1.16587866654552260E+01
  7.12424816007452400E-01  7.24126639025982930E+00  1.21334531793278960E+01
  4.41140732643827070E-01  2.55478579183702550E+01  1.43747763646753610E+01
  3.80273533482480450E-01  2.27242418672706530E+01  2.11948657261851280E+01
  3.29796701345061780E-01  2.87335184854268740E+01  2.86434639988801470E+01
  4.15252526658189590E-01  2.85310136360145560E+01  3.66546892675353990E+00
  2.59062449636064510E-01  1.09021424794277790E+01  1.19877888925278770E+01
  6.18419083689772810E-01  2.01048789120615690E+01  1.25994525523417500E+01
  5.04213456464067280E-01  1.76370589722633680E+01  6.09643336606374750E-01
  3.48156346672602490E-01  1.64928140037739300E+01  1.32017242200047350E+01
  2.89042915761794110E-01  2.11324138931131210E+01  8.71629527811241720E+00
  3.05466220251299840E-01  1.39302253631248490E+01  1.01217413765629210E+00
  6.49919166153384610E-01  1.30847666075392560E+01  2.21010248269253860E+01
  6.14379095469630790E-01  1.66757725513853960E+01  3.48912942977926880E+00
  7.00411917450214720E-01  2.58357471332532040E+01  2.12891669841267370E+01
  5.69344335137112000E-01  5.16479992514596460E+00  1.52879262705715870E+01
  2.57564851167384970E-01  2.26679262677635980E+01  1.04304198627930800E+01
  4.13050329149462850E-01  5.46850264873351130E+00  1.92332324227015670E+00
  6.18419083689772810E-01  2.34630112203825050E+01  1.07962265316749320E+01
  4.26523982883737140E-01  1.53414852086253050E+00  9.89890311268747420E+00
  3.78209123272245940E-01  1.32051211676716530E+01  2.90040298945276510E+01
  2.63055759251188670E-01  1.11012309955819910E+01  1.39427434991500570E+00
  5.00274833943758600E-01  2.70462073288013120E+01  3.09762644183548370E-01
  6.01687927537542500E-01  1.24465964057475420E+01  2.83841507064158020E+01
  4.86073626967704090E-01  2.21718905591600470E+01  1.89537080128117350E+01
  7.62474117278193650E-01  6.74890716190624040E-01  3.86850719209789860E+00
  4.87886881528419990E-01  1.63534735408780530E+01  1.05184446489950250E+01
  2.99038091422116640E-01  7.89724904272842830E-01  1.73499162146232810E+01
  3.50974061745161330E-01  2.55046849906820690E+01  1.51957046981938220E+01
  6.10572080928614460E-01  6.08889085321029810E+00  2.79237012260499820E+01
  3.01731430220296380E-01  1.03578216500837000E+01  4.13507716197601380E+00
  2.59062449636064510E-01  1.38752143405047000E+01  7.72159617567719180E+00
  6.99477888048091770E-01  7.00026710674215820E+00  1.07432957691193940E+01
  4.41666133880560000E-01  2.37718249567704980E+01  2.58060616795071990E+01
  6.86210935380316480E-01  1.76503465408957790E+01  1.77345470319930170E+01
  5.27425300578987690E-01  6.60215751321586630E+00  4.46726657592531850E+00
  7.54505484792745040E-01  7.93485494236769990E+00  1.49220814360868860E+01
  4.11696508529454960E-01  2.91434586726102120E+01  7.52828563296799300E-01
  6.26517897412854200E-01  1.21156524798920270E+01  8.51870568546910970E+00
  5.72142532162989690E-01  1.35088698365471260E+01  2.58794733368489850E+01
  3.47451934045076260E-01  2.90513391388710010E+00  2.45058394983803430E+01
  2.57564851167384970E-01  1.17882301179731180E+01  1.94873393503629870E+01
  5.33859136323620030E-01  2.80668866162317560E+01  1.71811296051350380E+01
  2.69169509893181310E-01  2.48960399117321490E+01  7.89139832959447140E+00
  4.24351701398837560E-01  2.30068196976116790E+01  2.35161506629599090E+01
  3.11762329988951370E-01  1.15338435290909600E+01  2.37473636779872340E+01
  3.50974061745161330E-01  7.02288921622598480E+00  1.55457780427203960E+01
  2.66929568161810020E-01  4.92258259870803540E-01  2.70156529674233460E+01
  7.20816873845379820E-01  8.92390583523435050E+00  1.38285097404505870E+01
  4.22201084465533680E-01  1.02635085197426510E+01  1.65397399869057690E+01
  3.09209541844886400E-01  4.05615910140535350E+00  2.04085066699822480E+01
  2.62213147743524950E-01  8.69664445869723220E+00  2.10013630222577060E+01
  7.60411681679863700E-01  5.38072990528768180E+00  7.64300648570870590E+00
  6.67521681419926690E-01  2.70960892632826540E+01  2.32824968020923540E+01
  4.37954134865551840E-01  6.91997526591271140E+00  2.94428778368517430E+01
  7.16654247500547470E-01  1.69921468333115940E+01  8.85197522682998010E+00
  7.12424816007452400E-01  1.99025730799736710E+01  9.73241414278301600E+00
  3.61198882346046800E-01  2.95175738306080430E+01  7.63601507240052600E+00
  3.82245446386266610E-01  1.85111094628855140E+01  1.71016797252506550E+01
  3.58737518624021320E-01  1.73068047780215220E+01  4.87054573698982910E+00
  5.81547682683179710E-01  2.30847125224722060E+01  5.70455510590033390E+00
  4.21963532045373490E-01  1.08331439806250320E+01  2.77465694090953610E+01
  3.12648490279368120E-01  2.16643342591244200E+01  1.95684483366028950E+01
  3.25036994184950640E-01  1.28447240066887590E+01  1.78003235393361370E+01
  3.83290088603488770E-01  2.59097165334355460E+01  2.64401795964491020E+01
  2.93443024193560210E-01  2.86966787582110430E+01  1.39031997112323550E+00
  2.66929568161810020E-01  9.90477447199927140E+00  1.39418438822440080E+01
  2.99038091422116640E-01  5.38929057949397890E+00  1.68450101282382360E+01
  6.00040109246873770E-01  7.08441682005071800E+00  3.44869926168225490E+00
  7.14535578675763720E-01  6.45510399401455890E-01  8.33089769862959880E+00
  3.06898385793053400E-01  1.12749923159665250E+01  1.00751257656520180E+01
  3.45648959319623030E-01  1.10521602855324210E+01  5.68458403640037350E-01
  3.87046365911375680E-01  1.53412936149411650E-01  2.91577887786422350E+01
  6.56539952722306990E-01  8.81460697732579850E+00  2.91450816650256140E+01
  5.07436062422724900E-01  1.45874955769804660E+01  2.59213957328784270E+01
  7.39270392714900380E-01  1.52475115068983340E+01  1.55167591838828650E+01
  5.38024295323284910E-01  7.09615481984977150E+00  8.67811254329779300E+00
  7.33199636544987770E-01  2.70101030689383990E+01  2.62514669400783840E+01
  6.31923671661538840E-01  1.63147167165191080E+01  2.26534044009187700E+01
  5.72951670348821020E-01  8.61267239905590290E+00  2.59390681576387290E+01
  6.40456937776772590E-01  2.09715987248757150E+01  1.52186122379412350E+01
  4.77241894706072770E-01  1.16552442941510620E+01  2.65634664285772110E+01
  7.64764367446448820E-01  2.27167352230866370E+01  2.63908896155374220E+01
  7.16535845940979770E-01  2.33307711172003210E+01  4.43069793154178800E+00
  3.10705613459761840E-01  1.09327045263808990E+01  2.61628203240470400E+01
  3.89901968262705180E-01  2.60454572823350790E+01  2.56793805948122510E+01
  7.15011499502423580E-01  1.14902889327719000E+01  1.27624553655763680E+01
  7.60297905848187840E-01  1.90919154790233420E+01  1.61018919128789550E+01
  2.65726189967390210E-01  1.94987710615574560E+01  2.33448699666663440E+01
  4.53492046339069340E-01  2.67683749225143050E+01  7.71570091790870820E+00
  5.18725390566230620E-01  5.94446024283409360E+00  2.08135624248282980E+01
  4.24020504903543660E-01  2.45646833138546450E+00  2.84732018198694980E+00
  5.17634268500846420E-01  1.31330374749736830E+01  2.34225707321518900E+01
  4.54567147313974470E-01  6.96708313802097120E+00  1.41981289071293390E+01
  3.65965634987757580E-01  1.55296737249055120E+00  1.19286677788919490E+01
  2.96256570285591500E-01  1.51170828354234140E+01  9.51778393015692360E+00
  5.50543265074639000E-01  1.20150732870252880E+01  1.50668939078564620E+01
  4.46540105696671490E-01  9.56656436845545600E+00  1.28554518791789040E+01
  6.47236078597052340E-01  2.64297534450376190E+01  8.76216353052839560E+00
  4.82769235883485770E-01  2.13223678140460320E+01  2.88736630352027850E+01
  2.97529618718302210E-01  8.43079910318906300E+00  7.18782368563410580E+00
  4.13811620468168510E-01  1.49459877552948650E+01  6.24339815434553190E+00
  4.87785457169642190E-01  1.37415039419770510E+01  6.13173211552737830E+00
  3.41778742319800830E-01  2.06310127561392060E+01  2.93221486942891720E+01
  4.05793634226126800E-01  2.17290656856967100E+01  1.81817085149372880E+01
  7.14516279726398110E-01  1.44351265401959970E+01  2.18318689114929610E+01
  3.71799304162545760E-01  1.01543191191062280E+01  7.75065765039300200E+00
  5.77820253962530560E-01  1.43303315233642690E+01  7.01945993754397170E+00
  4.75626642073745920E-01  4.83957048718614670E+00  2.04505214970810630E+01
  5.46562010559427060E-01  1.56043533473993070E+01  1.33001990796516110E+01
  3.29506256422424390E-01  2.15295597020656010E+01  1.74762451798231100E+01
  2.62213147743524950E-01  2.23551475335313830E+01  2.33045450616004360E+01
  3.63105686475124490E-01  2.27104952237666530E+01  1.50232877584108840E+01
  7.08391389715138510E-01  2.07582124254227200E+01  7.03825651862689480E+00
  4.26578460793149810E-01  1.75624131146182380E+01  2.89449673513590330E+01
  6.08873319065221350E-01  1.22492844208466810E+01  9.78441771893927200E+00
  5.39466591144820300E-01  1.93590342426918380E+01  1.34829703671981400E+01
  4.66553963192992600E-01  8.67596585104774580E+00  3.45008327452858370E+00
  4.82771447840326400E-01  1.82723115955954220E+01  1.93720468588512920E+01
  5.13004586318856950E-01  9.56825914062509140E+00  1.05664610731073620E+01
  3.17084428049163950E-01  2.71744462754255660E+01  2.72882734707637770E+01
  3.50974061745161330E-01  2.64971927468705570E+01  2.50477262131690780E+01
  3.82382183723224410E-01  8.80832262770012160E+00  6.62331857981158120E+00
  3.77759649416993960E-01  2.78716567947843750E+01  5.63788896011872520E+00
  5.74203886104520670E-01  1.82033872888776070E+01  4.61845763237965380E+00
  4.11346310528290360E-01  8.57112328082140170E+00  1.90050400088771920E+01
  5.06367095649294540E-01  1.28005878093941750E+01  2.50666712509675480E+01
  6.01687927537542500E-01  4.33108281750317750E+00  1.95012191878571420E+01
  2.49794182180603610E-01  2.49146699739367140E+01  1.80339096991821000E+01
  6.11481049571092420E-01  2.53266289834589320E+01  3.59585911045593680E+00
  5.03927515451986880E-01  4.00088213167200470E+00  1.08149547544891400E+01
  6.35485889077753010E-01  9.82603625858758000E+00  1.48402918462521690E+01
  2.99038091422116640E-01  1.91930244780852630E-01  8.31800606232814490E-01
  4.22541054278063120E-01  1.91685535954189950E+01  1.94961256726816470E+01
  3.05466220251299840E-01  6.83738876804465610E+00  1.17087283267764030E+00
  2.62213147743524950E-01  2.59765524043963690E+01  1.73175353787543070E+01
  3.61769499680632390E-01  1.32497376963664490E+01  1.33957006627999320E+01
  2.47647088603063280E-01  1.77388939340162680E+01  5.29519172108518090E+00
  3.11155895623034430E-01  1.73322017024839820E+01  5.67722558716275750E+00
  2.66929568161810020E-01  2.20938647948273220E+01  8.81282336682678390E+00
  6.90395435464654740E-01  7.51416249540131350E+00  6.82389962321834260E+00
  2.96503602823160150E-01  2.43781962203435220E+01  1.79350223575756650E+01
  6.57722721512726150E-01  2.21629605874951490E+01  1.11921875696937260E+01
  7.24777883420223110E-01  1.43339172600272540E+01  1.33438929919310900E+01
  5.48279863025970290E-01  1.34289212266066220E+01  1.19502220159567810E+01
  6.40748513009616880E-01  4.13204621479644630E+00  1.70752547969570510E+01
  2.56092450391898300E-01  1.51175371404734880E+01  8.96583665423314000E+00
  7.17499092254363010E-01  1.77162553067487490E+01  1.00891523301261510E+01
  4.66141488621800890E-01  7.86087600539709900E+00  2.34359112017958680E+01
  6.33759023001558490E-01  8.52641422684168230E+00  1.25337063862488170E+01
  5.48279863025970290E-01  2.22316992539079330E+00  2.00831823603494970E+01
  4.19081387041561550E-01  3.44282537275996560E+00  2.57998823294703000E+01
  5.70902198024309190E-01  1.36348080344970310E+01  2.43870551540546180E+01
  3.17950877609215300E-01  2.26552124445686620E+01  2.81088320265419430E+01
  5.96963967672292380E-01  3.48225592708940070E+00  6.82335817372141130E+00
  6.18832453479690690E-01  1.46056061476883700E+00  1.80412303188989290E+01
  2.63339374245984010E-01  7.94698172313965130E+00  3.47454925401997010E+00
  3.55036581058269410E-01  2.33308467313705310E+01  2.73262751305485740E+01
  5.84913004272127690E-01  1.83962147976960400E+01  1.29048693575300000E+01
  5.77235448209733180E-01  2.57786925059012720E+01  2.42911952827095380E+01
  5.01105313190319460E-01  1.89155981618422970E+01  2.71703602224120640E+01
  3.83598938984435380E-01  2.21368445113097320E+01  2.85799689541833820E+01
  5.98360795606824340E-01  3.90588591580273280E+00  1.58576826027272020E+01
  3.41778742319800830E-01  2.64494798552761880E+01  4.68696086922341420E+00
  3.29796701345061780E-01  1.64193736429072020E+00  5.64791533564755180E+00
  3.84420431658369740E-01  1.10144797203764230E+01  3.93720159991948440E+00
  4.91872428060923640E-01  6.22898758210241520E+00  2.37632040705204270E+01
  2.93443024193560210E-01  5.56663931367068620E+00  9.94500505897250870E-01
  5.81299825206354370E-01  1.98724589179641380E+01  1.10542725249609360E+01
  5.68243553274813350E-01  4.79608132627807660E+00  2.66792340074629340E+01
  5.39001667068871980E-01  3.57937729893023170E-01  1.66056666736452170E+01
  7.01587183784351610E-01  1.27226897658603520E+01  2.73949472655119490E+00
  4.45239477383046460E-01  1.43160609398590670E+01  1.15029861579523230E+01
  5.39001667068871980E-01  1.05330276858630720E+01  2.06736546267363220E+01
  2.86134314477376340E-01  8.95727143280388560E+00  1.53665947431633810E+01
  7.70254277643880240E-01  2.23087417793976710E+01  2.70840624766037760E-02
  3.45648959319623030E-01  2.83874603691420160E+01  1.79999716723112360E+01
  3.39481361119070080E-01  1.80260203541977120E+01  2.95541227862618960E+01
  3.04461637453634990E-01  2.93215625937018420E+01  8.27174397225417660E+00
  5.20369884994360540E-01  1.58308374648725590E+01  5.94688180361079510E+00
  2.65726189967390210E-01  2.61319029069217770E+01  1.31483392875748050E+01
  6.26908127420837150E-01  2.83487341665799870E+01  2.29606120988836050E+01
  3.48480710258510130E-01  2.21612449981566080E+01  5.80556649577316450E+00
  2.96653470797716330E-01  2.83962691934211510E+01  2.82834184902149130E+00
  6.31923671661538840E-01  1.51095560080099260E+01  1.22314380851532810E+01
  4.09705559579089850E-01  1.25692848188807920E+01  6.69361465889071640E-01
  6.72499163702481620E-01  5.45529365619847080E+00  2.56293988968007650E+01
  2.84029264846615530E-01  2.73885758325077120E+01  9.94988168551215320E+00
  5.34631033075580400E-01  2.30429888511883330E+01  1.65819332522268610E+01
  6.17076625982510940E-01  2.14210790268273320E+00  2.90331427206922970E+01
  6.55074006360275090E-01  2.83113920830644620E+01  1.03048132360797420E+01
  5.46562010559427060E-01  2.41687593491677930E+01  1.87505687003123820E+01
  5.17626013175185660E-01  8.49458828138749490E+00  2.71420253560352940E+01
  5.82207618145930890E-01  3.37654394809656640E+00  7.99722835362354360E+00
  5.98268629341587580E-01  1.41476021264865470E+01  4.32569312253096610E+00
  5.34553382826858140E-01  8.09097841023296920E+00  2.81557203174026610E+01
  3.76753951196820710E-01  2.66056459373183520E+00  2.20830378959836650E+01
  7.52518120402026810E-01  2.53726573267685720E+01  1.18894759211383200E+01
  4.81368497469048420E-01  1.62054940121536150E+01  1.24242441153114830E+01
  6.47413426355271770E-01  2.42047141877453670E+01  1.31012436127351730E+01
  3.05466220251299840E-01  6.97861291992529860E+00  2.59896813008226420E+01
  4.46689977500956030E-01  2.69929904435831140E+01  4.11707382001005410E+00
  6.18566685513849460E-01  5.80414417754046760E+00  6.33075005008898820E+00
  5.36592099856838090E-01  2.04053497806648850E+01  2.84288327275379410E+01
  5.09574347305064630E-01  7.04614338523320600E+00  2.85042185814774280E+01
  4.92328788949218680E-01  2.39277763964714440E+01  2.67258561959688980E+01
  4.83351594707823830E-01  1.79129179192346370E+01  7.07204221943348350E+00
  4.40650972415989980E-01  1.01380818720919080E+01  6.00009748850312530E+00
  6.10911033360540580E-01  2.47878373722266150E+01  1.89031578325948150E+00
  4.34172467284937990E-01  4.04926573692613000E-01  2.03802499499998010E+01
  7.03188417218805210E-01  1.83928043871909600E+01  2.56811708833435580E+01
  2.92799561075502800E-01  2.51827127004617180E+01  2.70317486982415820E+00
  5.68243553274813350E-01  5.74222419338515880E+00  5.14606254786270690E+00
  4.60682082706054620E-01  2.18277778789307390E+01  1.22573239378199990E+01
  6.41715074739605920E-01  3.27331211505424900E+00  2.95829967743997240E+01
  4.55206736325743130E-01  1.12901764346084940E+00  2.74248014374961000E+01
  4.22201084465533680E-01  2.67770380589848890E+01  2.43239340834271900E+01
  3.63079661055833470E-01  7.09956832846607980E+00  2.43281900261982180E+01
  2.63055759251188670E-01  2.40185925709904920E+01  9.04484125676459700E+00
  5.32877675645020420E-01  5.88004368051669070E+00  1.02349571887834170E+01
  5.77235448209733180E-01  7.59769418002701970E+00  1.88361379760512650E+01
  4.09775903561979240E-01  4.37720871151110740E+00  2.55442322048803020E+01
  6.93187364831086050E-01  2.81642698761292570E+01  2.70878003642207510E+01
  4.30054269381220950E-01  6.14711882175437110E+00  1.42363597511922610E+00
  5.07436062422724900E-01  2.11777209549978420E+01  1.89090063325857470E+01
  2.49948351789403130E-01  7.21055156124548800E+00  2.29183390197974860E+01
  3.16022212934137680E-01  1.40189216351733940E+01  2.35876251439890440E+01
  4.72818350263822220E-01  2.96237768349590520E+01  1.75220916310449510E+01
  4.46689977500956030E-01  2.93525546761608250E+01  1.24990089879420050E+01
  4.74581552528920360E-01  9.95882423637906910E+00  2.15081294896567880E+01
  4.86590143357422540E-01  9.06262887133806490E+00  1.97558636651784810E+01
  2.73281005279713530E-01  8.31047138920515490E+00  1.83722046707017340E+01
  5.20515140446715560E-01  1.82486840635215980E+01  1.42976298352732020E+00
  4.13811620468168510E-01  8.67133173784932860E+00  2.37765644055302660E+01
  3.81419328643079860E-01  3.07900748325248100E-01  1.95712808271540660E+01
  4.05593309893122810E-01  1.14618005602938110E+00  1.92191963135639470E+00
  5.85380732291966590E-01  3.37266445439999130E+00  1.35997394996117840E+01
  4.06599624824484800E-01  2.04379692741755600E+00  2.52720625875413350E+01
  6.40456937776772590E-01  5.14957628163791450E-01  1.02141957141850900E+01
  4.75626642073745920E-01  6.76676147380393720E+00  1.70652425650645190E+01
  5.09222041678605210E-01  9.96200214516694870E+00  2.74194898294919230E+01
  5.77820253962530560E-01  1.82850163482056160E+01  1.17489316443405500E+01
  3.80273533482480450E-01  1.05127571326573770E+01  2.22519095055944160E+01
  5.01406606281285510E-01  1.72321492978263820E+01  1.52982325572328580E+00
  3.59079136884617700E-01  2.93475465645283650E+01  6.93632349750276500E+00
  5.94092381958372510E-01  1.16049522388077810E+01  2.08766783278850010E+00
  2.54611020839302520E-01  8.93685228807600750E+00  1.48038241293160060E+01
  4.99223721401470310E-01  2.46488761574801000E+00  7.41888563652046430E+00
  2.54611020839302520E-01  1.14060253628697710E+01  1.17965010616335210E+01
  3.20574425314766210E-01  2.62047623932991340E+01  1.25668048891329390E+01
  2.85767805251094040E-01  1.62439255296664410E+01  2.09653919050542260E+01
  2.54611020839302520E-01  8.35321901743669490E+00  2.51167005386166200E+01
  4.12246671516209600E-01  1.46655287156655290E+01  2.76309599892845090E+01
  4.41298336829792340E-01  2.11371216253647420E+01  1.28343052412643510E+01
  7.09985914168247060E-01  1.27819617028825710E+01  2.69355689204166670E+01
  6.80956647410425740E-01  1.66295348139277410E+01  1.58403546968513980E+01
  4.75338540515479570E-01  3.68220214388432420E+00  1.02082802769122870E+00
  7.49588614928249000E-01  2.05820405550313300E+01  1.38861821769647020E+01
  4.74033319401206570E-01  5.88400542719615860E+00  2.28614337064802200E+01
  5.20515140446715560E-01  9.51197009480137190E+00  1.59522687476577470E+01
  5.48131117613959250E-01  1.02153708036255610E+01  2.55624090045163400E-01
  3.46733456860136300E-01  1.07765848985965750E+01  2.15753164287197730E+01
  6.97384645011991290E-01  2.04562457981353770E+01  2.32467499052283450E+01
  3.78209123272245940E-01  4.47145800190246590E+00  5.30357893028551790E+00
  3.82382183723224410E-01  6.30593679710450770E-01  2.57448614461352890E+01
  4.46537248270915300E-01  2.35007409445448940E+01  1.80160336695216540E+01
  6.08690451339190200E-01  2.32953846953184150E+01  9.89960223652851210E-01
  2.59062449636064510E-01  2.07732233378034650E+01  9.18421213571402890E+00
  4.43756654693070110E-01  7.79775797887142020E+00  7.92202092936423340E+00
  3.18942867500738640E-01  1.57260649597967370E+00  1.40028012398773040E+01
  7.16535845940979770E-01  2.77165013112943690E+01  2.03282039960619340E+01
  4.62836237406567810E-01  1.95674887737136560E+01  2.78842351468883400E+01
  6.97384645011991290E-01  2.49035385269224850E+01  2.60468377172426880E+01
  2.47647088603063280E-01  1.53016819495085560E+01  1.00286262341172400E+01
  4.05793634226126800E-01  1.66364126048956390E+01  8.45917801125056990E-01
  5.37364664263313330E-01  1.32321851549798360E+01  8.19108092170484700E+00
  5.72881440675418570E-01  1.71524301218516160E+01  1.38430414747772290E+01
  5.04213456464067280E-01  2.86578541108009190E+01  6.41785714546427230E+00
  3.86557871019070410E-01  2.88319723773252720E+01  2.79348485330731360E+01
  5.62178328188990490E-01  9.41117766826090300E+00  1.70297857848594100E+01
  6.41715074739605920E-01  1.68788754921020820E+01  6.51443984132287480E+00
  4.54567147313974470E-01  2.72755109588282560E+01  4.97236633195411850E+00
  3.97011970696729720E-01  2.57306802208312500E+01  4.51935790604432610E+00
  3.99477862283745790E-01  2.18766454812051840E+01  6.96152258453670660E+00
  5.15931587153482510E-01  1.41791787322320900E+01  1.45748861198140580E+01
  5.98026541173087530E-01  2.95646283632762380E+00  1.66870150211178970E+01
  5.94917806945655060E-01  1.62620261491921530E+01  2.48604483445905160E+01
  3.86557871019070410E-01  1.20692269505985830E+01  2.18764492574493690E+01
  5.52347772924787250E-01  1.23367454444210640E+01  1.18197451574980870E+01
  4.05793634226126800E-01  2.86495815595463090E+01  2.17371384426893230E+00
  4.66753989857397040E-01  1.13118336677114560E+01  9.25912913848327260E+00
  6.77666041374141330E-01  1.84949111415499630E+01  2.82707752556626520E+01
  3.23306573977224420E-01  2.10632689612573070E+01  2.24266161327655310E+01
  6.88340418185590860E-01  2.27494541819439430E+01  2.16604160499817460E+00
  4.11696508529454960E-01  2.15312913808047810E+01  6.22851778222902740E+00
  4.03052389307286420E-01  1.92823204899133210E+01  1.72489641015600160E+01
  2.97529618718302210E-01  2.20692105392920300E+01  1.02419849299415360E+01
  3.13090147150790890E-01  1.71096449141552820E+01  2.45350292392782240E+01
  5.01435669612667030E-01  9.10677110730735960E+00  2.79567128177049750E+01
  5.26482748420329030E-01  1.57140802658701850E+01  1.76746217687282580E+01
  6.75156127532392600E-01  2.35619433249165910E+01  2.90018723291656360E+01
  7.20816873845379820E-01  4.36610228856144200E+00  2.78932666811057710E+01
  5.30006102735105960E-01  1.44744462919622170E+01  5.42647378360891080E+00
  3.43353541919950760E-01  3.82874472617039880E+00  1.49197740755802750E+01
  5.32877675645020420E-01  1.59430992278025450E+01  9.58449733722414800E+00
  6.44956217916396120E-01  1.46405724753700370E+01  8.20171667571780820E+00
  3.55036581058269410E-01  2.54965339980071870E+01  2.51783578200978050E+01
  4.30054269381220950E-01  7.72259057956061050E+00  2.63994249681599240E+01
  4.93734512940847830E-01  4.71990742590755020E+00  6.57746139974078310E+00
  3.42409596243210680E-01  2.75779924834181820E+01  1.25487836285603510E+01
  5.58952633370732950E-01  5.92093613975170110E+00  2.67678478659419310E+01
  4.49954956992444630E-01  4.05238931121247340E+00  8.77534273522257810E+00
  4.11346310528290360E-01  1.98188610678724190E+01  2.70481476884029950E+01
  4.72818350263822220E-01  1.17076240721152270E+01  2.75205092491495020E+01
  5.00672486592370710E-01  2.22607086293679370E+01  2.40609474087843120E+01
  4.15334611176110170E-01  2.76770267610851590E+01  7.85715186371320940E+00
  7.70254277643880240E-01  1.05074238875182830E+00  1.95228998781392540E-01
  5.32262962461145860E-01  1.56190432056550070E+01  2.57849659157579120E+01
  4.01880163826280960E-01  2.60444239368037240E+00  2.28586029285352730E+01
  7.41720708060832300E-01  4.69215283641672710E+00  9.77892442037514090E+00
  3.01674668393272730E-01  1.47535765171832730E+01  9.99239472081152160E+00
  2.66929568161810020E-01  2.63514882566659420E+01  1.16069182462830400E+01
  4.15334611176110170E-01  2.81024594944546190E+00  8.40259686656651890E-01
  5.20369884994360540E-01  1.61930695547558870E+01  1.43662101778149280E+01
  2.84672167568555990E-01  1.05053192958038490E+01  9.04458457519154460E+00
  5.18912146576496980E-01  1.40972552993306730E+01  2.90950838580160390E+01
  3.90540239164096370E-01  3.37352680962524730E+00  1.23581194518804050E+01
  3.63079661055833470E-01  1.32692922359420070E+01  1.11188778254251860E+00
  4.73113776075054650E-01  2.29342874210698930E+01  3.31100341556906660E+00
  5.55687039951364880E-01  1.23174497974935110E+01  2.41189828537230400E+01
  6.97384645011991290E-01  3.26490877590713250E+00  9.60857557329241980E+00
  3.54092873053847420E-01  2.29950819722511260E+00  5.44919601159447350E+00
  7.37991961479508610E-01  1.93457509427419830E+01  8.14680337003802890E-01
  5.10790949981952740E-01  1.77928709568785880E+01  3.61479290017456960E+00
  7.03918080384424090E-01  1.35778355733247710E+01  1.70599475506476070E+01
  2.69326463995374250E-01  2.75939849265855660E+01  1.33771157495864500E+01
  5.39922025342825940E-01  5.94332421336830130E+00  1.76592707316200550E+01
  5.39922025342825940E-01  2.41082081585080310E+01  7.70749046574110960E+00
  3.52682444144397330E-01  1.56929925909476090E+01  1.15763426168979540E+00
  3.17084428049163950E-01  1.64395411026864800E+01  7.97869947556067590E+00
  3.92511582998476170E-01  1.03682549560874060E+00  1.51067542978934280E+01
  2.92799561075502800E-01  1.08693572562708060E+01  6.03620143458996860E+00
  3.63105686475124490E-01  5.07178325042176590E+00  1.74256195669354170E+01
  3.25036994184950640E-01  1.04362537813899690E+01  2.40114634624484430E+01
  5.70902198024309190E-01  1.71626508998901720E+00  2.33787134322623480E+01
  6.18138908065390960E-01  5.09115912841023470E+00  1.10777674340411810E+01
  3.10705613459761840E-01  1.06286548967810980E+01  1.06908845071812000E+00
  6.99092076263204730E-01  2.91725950506688600E+01  2.19222254229275680E+01
  4.40295189098215370E-01  2.38791099391154390E+00  1.38831331875952240E+01
  6.52034765531911640E-01  7.81685353072601960E+00  3.67772685371054560E-01
  5.12628979659419230E-01  1.15169954757459650E+01  2.55837308109881150E+01
  2.68569610726517900E-01  2.94841339185267590E+01  2.78863044485470550E+01
  4.41473589537221400E-01  1.47944321030675620E+01  1.28522298950532470E+00
  7.41623060643924430E-01  2.37478474522121130E+01  2.07373631073578190E+01
  2.49794182180603610E-01  1.80441692308986180E+01  2.00673795285517830E+01
  3.44856808658559500E-01  8.13105022291560790E+00  2.20019434613286120E+01
  6.83701617051292750E-01  2.18974903816661380E+01  2.18633028459910220E+01
  7.19599311285852310E-01  1.91676704552036730E+01  2.26033564377667370E+00
  6.67521681419926690E-01  1.23439400087661840E+01  7.24516718651674020E+00
  5.40946473112310590E-01  1.79938149634921340E+01  8.09314170477893670E+00
  3.83579206291793930E-01  1.56271197960719090E+01  2.76644112794367980E+01
  5.04339573614743570E-01  2.08467076873905060E+01  1.79533175072190580E+01
  6.35523375007872900E-01  2.70197270224137860E+01  2.11681914675962710E+00
  3.44905765886116280E-01  2.39145926927898880E+01  2.65216409991736860E-01
  2.65726189967390210E-01  1.83553285800461980E+01  2.66479110939418290E+01
  4.87785457169642190E-01  2.46206309161501020E+01  8.59643632288382880E+00
  3.71299762957800540E-01  1.96060152721711630E+00  2.18215359442569260E+01
  4.13811620468168510E-01  1.19523392192662660E+01  1.24760782593916990E-01
  5.69423614487483490E-01  2.57234940679354090E+01  7.75573391404977560E+00
  5.83429036676414100E-01  6.50564437322757170E-01  1.22200069171834280E+01
  5.30006102735105960E-01  5.30126105492415700E-01  7.09201161669742230E+00
  5.16710955738981780E-01  1.04005832073846050E+01  1.33357999724982040E+01
  2.65726189967390210E-01  4.75525743809984740E+00  1.60153674044119400E+01
  3.18942867500738640E-01  5.29138216058546010E+00  2.74152872888746200E+01
  3.23881608201221470E-01  2.29666632670602800E+01  2.44866174324592550E+01
  3.54092873053847420E-01  2.69055128397856790E+01  2.79025037991086970E+01
  5.12509616084684260E-01  2.90048102751900670E+01  1.67162008898515350E+01
  4.99223721401470310E-01  1.05685395976089160E+01  2.48244323096123980E+01
  2.56092450391898300E-01  2.93079784851662770E+01  2.87552389188374030E+01
  5.45765227979075810E-01  2.14028914669250310E+01  9.80154287605896710E-01
  6.94010183176834960E-01  2.92663051760377720E+01  9.26856878439489580E+00
  3.57201130995523370E-01  2.09674414366225790E+01  2.13927572952228500E+01
  5.25895496843049500E-01  1.58003117286738650E+01  1.95297464630107350E+01
  5.10790949981952740E-01  5.28907203716030950E+00  2.87067409326933750E+01
  4.89717368181109780E-01  1.34377484975487780E+00  6.43032982825760960E+00
  4.82769235883485770E-01  9.90437617920823680E+00  8.56790030991942330E+00
  6.93278360304079300E-01  8.30797552743130120E+00  1.12187141914707310E+01
  3.35017483125717060E-01  1.77109609902744760E+01  2.47765326064276860E+01
  3.26514001167033020E-01  1.82272043550676090E+01  1.85649951324088680E+01
  4.75880684447443510E-01  1.74632100009708180E+01  2.64054398995827100E+01
  4.22354771203238230E-01  2.20191998618705610E+01  1.53956027854984040E+01
  4.11966131227655820E-01  1.88219605016201830E+01  7.62385656080825940E+00
  7.30946391186454210E-01  9.89163915277608650E+00  2.61819230204241260E+01
  4.22201084465533680E-01  2.73683008366942100E+01  7.07860772785802970E+00
  5.15931587153482510E-01  1.51627575424022520E+01  1.42656570113512750E+01
  5.52347772924787250E-01  1.73086102574609770E+01  1.97490724656980810E+01
  2.49794182180603610E-01  2.31060984476540130E+01  6.64266863799839240E+00
  4.50103975287380020E-01  2.95915038104370790E+01  2.61407730308561210E+01
  3.61769499680632390E-01  1.14915597609465080E+01  5.83710274487933760E+00
  2.77147605524350650E-01  2.17734087347147990E+01  2.46667180114269480E+01
  7.64764367446448820E-01  1.50256485006928600E+01  2.31879092917567140E+01
  5.71326189973923350E-01  1.09225441658632860E+01  8.29778264861000810E+00
  4.07877171249442140E-01  1.35776179721920480E+01  5.15422648987480870E+00
  4.46540105696671490E-01  1.65885564703697950E+01  2.16112059911061320E+01
  5.07606992315717240E-01  7.18768618985496040E+00  2.19900251240568490E+01
  3.01731430220296380E-01  5.31209622250441790E+00  1.61457882770502470E+01
  4.32382463464541460E-01  6.19655304033492890E+00  2.89607558635377700E+01
  3.25762576013666160E-01  6.03362323084421170E+00  1.10795595562073410E+01
  6.24920360555607160E-01  7.73199343852459280E-01  5.25195095296784590E+00
  7.38532964590205680E-01  1.01242023347483770E+01  2.86648782352343550E+01
  3.92511582998476170E-01  1.80881598947273760E+01  9.02176701362567530E+00
  2.97561439636419770E-01  1.67349735686032160E+01  9.83251249138182890E+00
  3.46434506905438330E-01  7.75229183080499510E+00  2.26306860062173170E+01
  5.89502618647478990E-01  2.50724912196041800E+00  1.19011240834222140E+01
  3.32399546609116130E-01  2.43159055459616160E+01  1.21289091071232920E+01
  5.77649046292645880E-01  1.31218757042917500E+01  1.48510202881474720E+01
  4.31729360191427780E-01  1.08093204214660790E+01  2.68944377823111470E+01
  3.17950877609215300E-01  2.74519320434634470E+01  2.82932122127405600E+01
  4.75880684447443510E-01  1.03974853337668340E+00  2.64986578053929160E+01
  3.91816801400439550E-01  1.45277801642103790E+01  2.07308788442673020E+01
  2.50163292655703180E-01  1.16854699348173220E+01  1.13518127496889590E+01
  3.42074681651230290E-01  4.18681847275946860E+00  1.80562349262879460E+01
  3.50974061745161330E-01  2.75554003962815090E+00  8.69313703222396230E+00
  6.18566685513849460E-01  2.08118551876361230E+01  2.92527360379368420E+00
  3.24719866931951940E-01  6.65550579749505560E+00  2.30672209002097120E+01
  3.57201130995523370E-01  1.24111207768084600E-01  2.84146709918439340E+01
  3.13090147150790890E-01  7.44905243331963170E+00  1.25859143192576850E+00
  2.58355477869490890E-01  2.26642900656409090E+01  1.95106227960921640E+01
  4.83351594707823830E-01  5.11165491649355900E+00  2.13693713295151650E+01
  5.48463672908306780E-01  1.68477572824778680E+01  2.96079217257510590E+01
  4.24351701398837560E-01  1.87505042634923420E+01  1.78819556192731320E+01
  6.80557430527969220E-01  2.13173381037738030E+01  1.64912320294044470E+01
  3.73125396709624990E-01  1.71025899384033480E+01  1.17017568142489380E+01
  6.77808113742920780E-01  2.08069775269415910E+01  2.51499767256312690E+01
  7.67512613708393760E-01  8.87989996876913070E-01  2.23279327124969880E+01
  4.76544583128828500E-01  1.60503941292176120E+01  2.84503999204730530E+01
  6.97738347479756800E-01  2.02622105255884860E+01  4.12042242618138310E+00
  4.49545157175862540E-01  4.27782247950168770E+00  3.14347984795660240E-01
  6.25336422111717830E-01  5.86713445367422090E+00  3.57984992585503340E+00
  4.99487474973056500E-01  2.84160772488104880E+01  1.26240773463535130E+01
  6.67521681419926690E-01  2.66728805233585330E+01  2.88964886829365780E+01
  3.44170209092795430E-01  3.50327451605457930E+00  2.08877467313625690E+01
  4.01880163826280960E-01  5.97680549160018510E+00  2.55932701528191450E+00
  5.95035019805102560E-01  7.84608641974673130E+00  2.11061077167868700E+01
  5.20348764567513020E-01  1.16209827804183520E+01  3.26654421085527960E+00
  7.44845164893703690E-01  2.49360121202620450E+01  2.93584082951133070E+01
  6.94010688862415210E-01  1.08466104863947750E+01  5.00216940602059080E+00
  4.00156705760987560E-01  1.94078156729884730E+01  2.17582937615092860E+01
  6.57722721512726150E-01  2.26900332233667110E+01  9.51685201649904760E+00
  3.61198882346046800E-01  2.81134785473058000E+01  2.81408501784126170E+01
  6.07167866036927160E-01  5.31761901820548480E+00  1.30352441825517110E-01
  5.81677556670477180E-01  9.57923106884119950E+00  5.14454096300038620E+00
  3.17579752081870750E-01  2.81875154556115500E+01  5.01897828452633820E+00
  2.69169509893181310E-01  2.24060200165313970E+01  2.48160436647366110E+01
  5.36592099856838090E-01  3.70315753532536360E+00  2.48811184326809740E+01
  3.01799748246536660E-01  1.21084348449691670E+01  1.09974334667439880E+01
  4.05794678723965420E-01  2.48663979674739120E+01  5.93617341769016260E+00
  3.65995101567518470E-01  7.01747075091681530E+00  1.62620101926950400E+01
  3.39481361119070080E-01  2.86934427605559320E+01  8.40892595465881070E+00
  6.97384645011991290E-01  5.90531366673076260E+00  9.00526233035509450E+00
  6.82253548551889110E-01  1.35911325215295480E+00  2.09582484580979980E+01
  5.67035311113654220E-01  1.46265927753598320E+01  1.77741075049698160E+01
  6.47236078597052340E-01  2.39956857626753680E+01  6.52749440890856910E+00
  5.92513140571182980E-01  2.79191970731637970E+01  2.90744202609263740E+01
  4.71553509741754610E-01  1.79472836434411920E+01  2.72606451313538930E+01
  6.55885333720611730E-01  2.97006118494991820E+00  1.89871027964602630E+00
  2.83840017940612550E-01  6.27806172741807430E+00  1.36509510588131220E+01
  5.65219172841477580E-01  6.56585861161082640E+00  2.50866047949418950E+01
  3.48480710258510130E-01  1.58130800522765240E+01  2.14366396117081980E+01
  6.26908127420837150E-01  2.95666333938951810E+01  1.70108150647041770E+00
  2.62213147743524950E-01  2.56876246896070700E+01  2.03399818257211360E+01
  5.08737612195334600E-01  8.99702506324914350E+00  2.17105961909370110E+01
  4.59281804788439010E-01  7.71681453967049790E-01  1.88701335716705640E+01
  2.86550378078914000E-01  2.43217298957644300E+00  1.52635177268392840E+01
  2.99038091422116640E-01  2.30185122885054620E+01  1.44376272157983260E+01
  3.62493203924014780E-01  8.81234628654796380E+00  4.59440182166628560E+00
  5.64616421781660800E-01  2.95257399717014200E+01  2.31414160441444570E+01
  3.87533216804236250E-01  2.24922533351252020E+01  6.47134264082340850E+00
  3.90540239164096370E-01  6.80624362541432680E+00  2.11487108109630380E+01
  5.44640939783434240E-01  2.38369484230456480E+01  1.42338392534723840E+01
  3.84420431658369740E-01  2.59102205575430520E+01  1.58084908245394530E+01
  4.53492046339069340E-01  2.26071817917854890E+01  1.81214624183076650E+01
  6.38023782753992030E-01  1.73989510815357870E+00  1.09433070976263100E+01
  5.00672486592370710E-01  1.35043144986845490E+01  1.58583449621546020E+01
  6.08873319065221350E-01  1.77676238758395360E+01  1.64464522462043660E+01
  3.18942867500738640E-01  2.79823467403504860E+01  1.50679019056926670E+01
  2.65726189967390210E-01  1.15869461072315780E+01  7.78978759511956390E+00
  7.10410487391814980E-01  1.83810339014852960E+01  2.09654268006681690E+01
  4.66797018098134940E-01  9.68066462429547410E+00  2.24063942864397560E+01
  3.89889811574280460E-01  1.33998866020362520E+01  7.28043949652211890E+00
  2.92456502136063850E-01  2.38470312469793480E+01  8.49714628420493770E+00
  3.63079661055833470E-01  1.68849724412975740E+01  1.68519107909576110E+01
  4.13811620468168510E-01  2.72365179766781370E+01  1.06309557951125730E+01
  2.60417758313763680E-01  8.62663806126883870E+00  1.72709490226461140E+01
  4.41940562555082740E-01  2.13763059255087630E+01  3.88029548198149500E+00
  3.08418768867630710E-01  2.44818183600841690E+01  9.37905663137053840E+00
  3.04461637453634990E-01  1.52360644492623440E+01  6.85411288542418440E-01
  4.75626642073745920E-01  1.66208320615857450E+01  5.34324151344252660E+00
  4.19693779402500590E-01  2.55404421766971980E+01  1.35144175215395350E+01
  3.26514001167033020E-01  2.67383790024667500E+01  2.17767259317333240E+01
  3.55388479881239270E-01  1.57872776543553820E+01  2.40089061280354380E+01
  5.33859136323620030E-01  2.19517794367871810E+01  3.09200740811494820E+00
  3.39481361119070080E-01  1.22337240180726690E+01  1.98832805383981040E+01
  2.51153087880769550E-01  1.35095441079826330E+01  1.28215456362622700E+01
  4.21603844523193420E-01  6.45099206293032700E+00  7.14469542571200660E+00
  5.20348764567513020E-01  2.37289035731248350E+01  2.41241261551716840E+01
  6.86210935380316480E-01  9.09273800782458430E+00  7.66165554463678330E-01
  4.41140732643827070E-01  9.66981033012638670E+00  9.56089075145665570E+00
  6.26908127420837150E-01  2.93075848210295720E+01  2.97097444630489970E+00
  5.11871480770454750E-01  2.59203276321633990E+01  2.32124076027829210E+01
  4.70990686464341570E-01  6.93186272747381870E+00  1.32743442922888200E+01
  5.20369884994360540E-01  1.73223122004480810E+01  2.80296064002354830E+01
  3.04306421741581800E-01  3.77033960705291760E-01  2.13054908259721500E+01
  5.88333222664750720E-01  1.97667086029500180E+01  1.81136880184904430E+01
  6.64541222436485860E-01  2.04319103191896550E+01  1.70037993673566620E+00
  4.24351701398837560E-01  2.53112105019902640E+01  2.71133913624853590E+01
  5.55920758830291820E-01  1.40769243760580130E+01  2.68537212480530480E+01
  2.89042915761794110E-01  1.84005916824609630E+01  3.94449231160436660E-01
  2.47647088603063280E-01  6.44316621160563320E+00  1.15104580928676730E+01
  5.88686278844574580E-01  1.72508257197720490E+01  1.26517884480316470E+01
  3.53063097104977870E-01  1.75742208289603460E+01  1.11496147439081970E+01
  4.50600139601478670E-01  1.96343280836209310E+00  1.46653106899745000E+01
  6.65634982039605120E-01  9.55869035760414040E+00  1.17447295463278230E+01
  4.69750256464274060E-01  2.22961838966826780E+01  1.72524991444718840E+01
  6.13801455222646290E-01  1.78547134799167890E+01  2.49265224274218240E+00
  5.14582826754803690E-01  2.15515967168239870E+01  2.06722846622304650E+00
  3.81419328643079860E-01  7.22071323973395350E-01  2.34637628331368620E+01
  7.28196096543639280E-01  2.48333139640728750E+01  1.60844021366560990E+01
  7.33199636544987770E-01  1.62584908838198180E+00  1.67007756328401980E+01
  2.86550378078914000E-01  6.64769198754806380E+00  9.65102101975372050E+00
  2.52169786807371790E-01  1.92363648310265770E+01  1.26595306792886560E+01
  5.01406606281285510E-01  1.71750186544228850E+01  2.08673889550296890E+01
  4.18948713530687210E-01  6.53130075075966230E+00  1.49539374342173230E+01
  3.62620749938717070E-01  2.37056374771877430E+01  2.50056158155094290E+01
  3.15231116497538320E-01  8.62730154746075330E+00  2.04287870005180030E+01
  2.83840017940612550E-01  2.05109576567147730E+01  2.42289460914738190E+01
  4.72199721516180480E-01  2.55024282578377100E+00  2.60613836194748560E+01
  4.41666133880560000E-01  1.64505770661268360E+01  2.76241325467179200E+01
  3.39073066583844400E-01  2.12000142115380400E+01  3.21448710779748130E-03
  2.54831192030272870E-01  1.93356522682086800E+01  2.11076765896963360E+01
  6.65634982039605120E-01  2.11167798197883630E+01  1.03821219323178550E+01
  2.69326463995374250E-01  1.18448982889153350E+01  2.90957808985175920E+01
  3.08418768867630710E-01  1.19997975498419810E+01  2.49214082790302030E+01
  5.63324676144028570E-01  2.93431362534068150E+00  1.08246060233639700E+01
  2.49794182180603610E-01  2.40110899378081050E+01  1.46366170512133250E+00
  6.44956217916396120E-01  2.68848826585991390E+01  1.73128580335490660E+01
  4.26043897269923290E-01  4.23718806911925490E+00  2.11209696662813120E+01
  7.44533748089133770E-01  2.92847682611279150E+01  1.13100495553286660E+01
  2.47647088603063280E-01  2.02576809904706820E+01  2.76586235346151950E+01
  3.47451934045076260E-01  2.64729845731780100E+01  5.37493747544090540E+00
  4.83182858574677270E-01  4.70159032296355670E+00  2.28683002421969090E+01
  5.38382388131525950E-01  6.81809031537074970E+00  2.02198617324564220E+01
  6.08690451339190200E-01  1.82666600753893980E+00  4.61187796337674350E+00
  3.93024383017402490E-01  1.93566597155848930E+01  2.63898313782013930E+01
  2.54611020839302520E-01  4.26678958838391780E+00  1.86474627826109400E+01
  6.82253548551889110E-01  2.78835826067285630E+01  1.15709328011698900E+01
  7.67665169660178040E-01  2.92487797089208570E+01  1.87040236316742710E+01
  3.95839252948554370E-01  2.84547641580651810E+00  2.52459416721884720E+01
  5.15379284759350490E-01  1.39430678350020990E+01  3.23127979815878420E+00
  5.09222041678605210E-01  1.11247306891067020E+01  2.94099210110862330E+01
  4.72038094207023740E-01  2.01009728941846290E+01  2.10438952070843360E+01
  6.64541222436485860E-01  1.20617752097659320E+01  2.29262364073471470E+01
  4.84167632717154460E-01  2.05147331358571280E+01  4.59051520949625140E-01
  5.39922025342825940E-01  1.57797450887263150E+01  8.52516766575003620E+00
  3.77759649416993960E-01  2.31457763553716100E+00  1.01081714165294730E+01
  5.06367095649294540E-01  6.36301349539712470E+00  5.12566222414221340E-01
  3.05466220251299840E-01  1.85922904820281830E+01  1.38355773661217360E+01
  7.55604472483241980E-01  1.49212407786183570E+01  2.47038622634852030E+01
  7.68548325332126940E-01  2.15788625158028680E+01  2.75730736114866170E+01
  3.09209541844886400E-01  2.03714799347913630E+00  2.15456186657660260E+00
  4.71553509741754610E-01  1.62868021126463520E+01  1.14753745803188600E+01
  3.65995101567518470E-01  1.26472620947044730E+01  1.57304060688247400E+01
  6.26517897412854200E-01  2.65262172600842730E+01  1.39482759981075990E+01
  3.55388479881239270E-01  1.61185776646423060E+01  1.68562469245991440E+01
  3.90423892796942250E-01  2.69051384488429020E+01  2.10798051566986400E+01
  4.92172780862642510E-01  1.88401136032454770E+01  2.93872901188391080E+01
  6.66683478841499700E-01  1.95614594116226290E+01  2.42749743836687450E+01
  6.94903868090152520E-01  2.91164603782801240E+01  4.61630628320701140E+00
  7.65642972591057180E-01  5.69691027815068020E+00  1.95539676483533040E+01
  3.52682444144397330E-01  1.29645339184920360E+01  4.70461678306362070E+00
  5.39466591144820300E-01  1.11886056101395430E+01  1.68002872452481430E+01
  4.26043897269923290E-01  2.65574011127247220E+01  1.62950097531871240E+01
  2.53364602799301860E-01  6.61580123382706910E+00  2.24913585156561200E+01
  3.83290088603488770E-01  4.87838487772616870E+00  8.66981029243764390E+00
  5.55920758830291820E-01  2.02228730981123660E+01  1.70648064064538400E+01
  4.13050329149462850E-01  5.83571235955249360E+00  1.17905409777179670E+01
  5.20369884994360540E-01  2.41340943359618340E+01  5.36943974652803830E+00
  6.99477888048091770E-01  1.39211912511803000E+01  2.01693896115244890E+00
  3.59079136884617700E-01  1.50169663750331990E+01  4.72324561647828920E+00
  3.01799748246536660E-01  2.92669309263273720E+01  1.02641252789383710E+01
  5.28731261397185740E-01  2.93857239243627750E+01  2.70963986823001160E+01
  6.80338287111455390E-01  1.23266541235748100E+01  1.38774021042191120E+01
  4.74033319401206570E-01  2.15727399199224050E+01  9.33871546323132050E+00
  3.53302408788900560E-01  2.22827070086108990E+01  1.61247105505417850E+01
  4.03052389307286420E-01  1.04031638084652550E+01  3.43191183572907390E+00
  3.33973424357718240E-01  2.15189275829071320E+01  2.09196019322936340E+01
  4.68162992243922280E-01  1.18880711953358630E+01  1.60758367827546320E+01
  4.72192289519205580E-01  1.26853209781224190E+01  1.27824243384640130E+01
  6.73658304681401180E-01  1.91066389168243730E+01  1.46683715807419670E+01
  4.61178090502161720E-01  1.12958646422684590E+01  2.00109352820871710E+01
  4.18189647978318300E-01  2.88544389109894760E+01  2.38744057238476940E+01
  5.15379284759350490E-01  2.73635329999981390E+01  2.50545982867062160E+01
  5.34553382826858140E-01  2.03663963628460390E+01  2.62787056542090060E+01
  3.70336582810533970E-01  2.85228566827631710E-01  2.48555112898161280E+01
  6.42747544188997020E-01  4.89453923101719470E+00  1.35024350998627960E+01
  4.50600139601478670E-01  1.31097665805020490E+01  9.17006221873103300E+00
  3.55036581058269410E-01  7.06077528133585370E+00  2.36119343602790900E+01
  3.54092873053847420E-01  2.25018706778939150E+01  7.38132257896001140E+00
  5.13614394364816020E-01  1.71981875923616380E+01  2.54525729724638770E+01
  3.65995101567518470E-01  5.06041686843144060E+00  1.23902962506192670E+01
  5.25383403930900440E-01  1.44661914359943570E+01  3.77581994912353780E-01
  3.83598938984435380E-01  1.66730370662879890E+01  4.48595579660318490E+00
  4.86073626967704090E-01  2.19411104823082400E+01  2.54104756285228110E+01
  5.96963967672292380E-01  1.08268880663521760E+01  2.31765743184123030E+01
  4.66553963192992600E-01  2.69501099861553420E+00  2.37210988319702660E+01
  4.15252526658189590E-01  1.63186111898354690E+01  1.60289964363539710E+00
  6.36786611163594070E-01  4.00966185006924560E+00  2.37485777919982970E+01
  6.06760633376156730E-01  2.61196837929233470E+01  1.07549658370746930E+01
  5.25895496843049500E-01  2.53091915011474740E+01  8.80320258478343480E-01
  5.05409982910693060E-01  1.31449444439217070E+01  3.86758623708244900E+00
  5.18912146576496980E-01  2.46595451748905600E+01  2.16061604595851970E+01
  5.81677556670477180E-01  5.05551720349614800E+00  1.83697777817667860E+01
  2.50625569857546320E-01  2.30364202887087540E+01  1.74787140255805550E+01
  6.67521681419926690E-01  1.34704833917044730E+01  2.07006932813809780E+01
  6.52034765531911640E-01  2.83006709819293580E+01  2.57500013046175590E+01
  3.81419328643079860E-01  2.19333974919745600E+00  3.37049233425950320E-01
  3.18942867500738640E-01  2.26616764923930810E+01  2.74725822783042660E+01
  6.63973334543257470E-01  7.76793012608995340E+00  1.76081887136311330E+01
  4.05793634226126800E-01  1.75412709988284840E+01  1.88204543422697800E+01
  2.88617724104866640E-01  1.64463777175485790E+01  2.57475044951580470E+01
  3.17587838135982990E-01  3.25197587245753890E+00  2.31698120991188570E+01
  6.94010688862415210E-01  3.35100451180349210E+00  2.69083262902412880E+01
  3.25036994184950640E-01  2.31146237742126670E+01  1.98800127873256610E+01
  4.41940562555082740E-01  2.09592173630108290E+01  1.98326410788375110E+01
  3.05466220251299840E-01  2.59088904530197370E+01  1.98187970197905050E+01
  7.22984261441823330E-01  1.45552767421074220E+01  1.96175481358490420E+01
  4.60682082706054620E-01  7.74819298860633940E+00  1.37215395300725490E+01
  4.22201084465533680E-01  4.45910229979308960E+00  2.19964965867460480E+01
  6.24824560398126750E-01  2.18959444364957430E+01  1.43558816331451150E+01
  3.63079661055833470E-01  2.02531532558110290E+01  2.02159386932044920E+01
  3.25516939164680520E-01  2.85399805083433550E+01  1.96897096783879630E+01
  4.87886881528419990E-01  1.94183008241751590E+01  2.03699418836860390E+01
  4.34172467284937990E-01  1.38806499162745820E+01  2.28363978571814350E+01
  7.04082361725448710E-01  1.09902995936881100E+01  7.02525697915091740E+00
  4.40295189098215370E-01  2.51518814097579690E+01  1.86805499626481120E+01
  4.54567147313974470E-01  6.79878990126933940E+00  1.81652343038714650E+01
  4.89717368181109780E-01  1.89117396229460330E+01  6.72756076269900660E+00
  4.82771447840326400E-01  2.12788436364470360E+01  2.40905893309933320E+01
  3.54092873053847420E-01  1.98493498945711480E+01  3.09225323231338980E+00
  7.67457697882333090E-01  3.60171622353612130E+00  3.17345847021970060E+00
  4.43129600128677660E-01  2.12011867331758760E+00  2.44258655935701730E+01
  5.61514797181737530E-01  1.92029885719545530E+00  8.32754995079720220E+00
  5.82207618145930890E-01  2.01353000697878950E+01  1.92245734056964570E+01
  5.94092381958372510E-01  2.29260168266251300E+01  8.23145535648658290E+00
  5.64318884198494160E-01  9.72745108871242790E+00  6.91709305809537240E+00
  6.16837537735261420E-01  5.94767456365215260E+00  1.28132234988021900E+01
  4.20581746236023420E-01  2.29562761752425890E+01  2.52308285162541640E+01
  3.16022212934137680E-01  2.35571443188435340E+01  2.76329360341479240E+00
  4.59502380082057990E-01  1.84634895106324920E+01  2.45222269644043500E+01
  7.48336469443998900E-01  5.09661288422665580E-01  1.40965073563966750E+01
  6.90159994875631000E-01  2.88256868562185500E+01  1.45137204358698070E+01
  4.68364091588631840E-01  1.97963561124332340E+01  6.36155411112470850E+00
  4.05593309893122810E-01  1.03936447148344580E+01  1.24145468571820170E+01
  5.55687039951364880E-01  1.47784092050551140E+00  2.82351881710592030E+00
  2.83840017940612550E-01  1.72885187006310020E+01  4.22840270591361110E+00
  5.98280766214214580E-01  2.56168895743928820E+01  2.82010382377412830E+01
  5.84913004272127690E-01  1.09624631713593980E+00  2.43533342735132620E+01
  2.83840017940612550E-01  2.46775813139386670E+01  2.98017871121808010E+00
  2.83517655556827110E-01  4.88885810336486150E+00  1.65478251674891580E+01
  5.27599340399055180E-01  2.51293245711559410E+01  6.83383151122827480E+00
  6.24824560398126750E-01  9.03501336886017190E+00  7.88245730263104250E+00
  4.84167632717154460E-01  1.17476402229759170E+01  1.01952009209278090E+00
  5.66562802601083430E-01  2.64212580649106490E+01  3.16319452352317710E+00
  5.81213412342838430E-01  6.15226101365826940E+00  1.58784134214488230E+01
  5.13285974501586400E-01  8.13466725196703070E+00  8.83973531008721200E+00
  5.29625185962053640E-01  7.98659705816843330E+00  2.44234650063062410E+01
  3.30104909316010620E-01  6.01430290462870150E+00  1.67789233012503940E+01
  5.48174971142568520E-01  9.51663107257731510E+00  4.01731728115505500E+00
  4.72192289519205580E-01  2.84515245931886000E+00  1.86261113887557070E+01
  4.53126113496558960E-01  1.96352640819275450E+01  7.33127285425673490E+00
  5.25993347610763350E-01  2.76481997911729140E+01  1.42095915673747180E+01
  4.75338540515479570E-01  4.38160311830650160E+00  2.90890711001294060E+01
  4.30858982518450690E-01  1.92693199171305520E+01  1.19664040172814940E+01
  7.09741570678139940E-01  2.02063919464795840E+01  8.34379559424144190E+00
  5.05409982910693060E-01  1.89452472185832010E+01  1.04843146024066150E+01
  5.20369884994360540E-01  2.47088135295947850E+01  1.48428694130570630E+01
  2.73281005279713530E-01  1.82864470256141130E+01  1.08986099670044890E+01
  3.09574052588245370E-01  1.18084308083662450E+01  6.42849685500280720E+00
  3.18095930761502070E-01  9.83142975374966890E+00  1.99917248656118640E+01
  4.46537248270915300E-01  4.06150946008254540E+00  2.05109736091994140E+00
  6.38830345620663920E-01  1.35976465760614790E+01  1.84021506084727410E+01
  6.68397269451762100E-01  1.52789259124004780E+01  1.09434980697496050E+01
  5.32488384254616510E-01  3.30225615082309520E+00  2.00350755444074800E+01
  3.17579752081870750E-01  6.35817512241514300E+00  8.09720444507794570E+00
  5.16710955738981780E-01  5.22215818259753030E+00  2.37207482372682890E+01
  4.49545157175862540E-01  2.79921862446287160E+01  1.62693928312163400E+00
  3.20574425314766210E-01  2.79580427339532950E+01  2.39419650060695190E+00
  4.12246671516209600E-01  2.93821122489335950E+01  2.08314728303646920E+01
  4.94550785807675550E-01  2.60590923668344450E+01  1.89785240547738140E-01
  3.59079136884617700E-01  5.26607941202602790E-01  6.20387799191971290E+00
  6.10572080928614460E-01  2.75936761155937450E+01  3.24871940834225860E+00
  4.75338540515479570E-01  2.57056379344670380E+01  5.66964991387087030E+00
  5.09574347305064630E-01  7.50185743719071320E+00  9.64332203831986590E+00
  4.18189647978318300E-01  1.91132607562194250E+01  5.79657142386390500E+00
  3.76753951196820710E-01  9.32443441360926070E+00  6.06763539898659940E+00
  3.84533934306195220E-01  1.04909642736091280E+01  1.97517693670802540E+01
  6.60767019732147710E-01  1.08516315878386930E+01  1.56314648664414000E+01
  5.64318884198494160E-01  5.77155017134862640E+00  1.43307981776361810E+01
  4.69750256464274060E-01  1.92370188339573080E+01  4.75345048489824860E+00
  6.88340418185590860E-01  1.18224678572391500E+01  1.78512363777202300E+01
  5.93150731645016190E-01  2.37254670821812890E+01  1.53648633905261340E+01
  7.17499092254363010E-01  8.33557446070227040E+00  1.63376441919970400E+01
  3.79322922295397280E-01  1.47769185107829450E+01  2.67367957159201270E+00
  3.20574425314766210E-01  4.83185972147917210E+00  1.44632578484286560E+01
  7.17953871372127320E-01  2.33024437121262840E+01  2.21271362737029560E+01
  3.42409596243210680E-01  2.30658301059801650E-01  1.30434570762275490E+01
  4.43129600128677660E-01  2.92971896390701260E+01  2.52984825885789920E+01
  3.78068289465320630E-01  8.95730961555041460E-01  1.58635504366614410E+01
  4.75338540515479570E-01  2.68729246469302080E+01  1.21349784966253050E+01
  7.38532964590205680E-01  1.25846996171521150E+01  5.72573163391800400E+00
  5.07606992315717240E-01  2.16392226772705600E+01  2.30254738001836860E+01
  2.86134314477376340E-01  1.86892996417529740E+01  2.00179634881741460E+01
  5.07437626189109900E-01  2.53291465104313250E+01  2.23839123107628030E+01
  6.15073771326759470E-01  9.65672025807488410E+00  2.34871671177528970E+01
  3.30104909316010620E-01  2.41861137783828970E+01  2.61356187650745220E+00
  6.66683478841499700E-01  1.10547445244511470E+01  1.43203319713102810E+01
  7.49545055295440930E-01  8.29433442797736300E+00  5.61497059597944760E+00
  2.54824432159977790E-01  1.86279147306932660E+01  5.33044113769914140E+00
  5.72142532162989690E-01  1.54780083343493790E+01  2.05793532034045410E+01
  2.77147605524350650E-01  2.49530333189818700E+01  2.08162062038811620E+01
  4.68364091588631840E-01  1.05472849109318150E+01  9.79572069397698540E+00
  4.82771447840326400E-01  1.41990770509964200E+01  1.05471018260869120E+01
  2.50971712925384870E-01  8.33528084697904070E-01  2.51458126877686400E+01
  5.38024295323284910E-01  2.98835642719893710E+00  1.46551628352324080E+01
  4.13050329149462850E-01  2.69848118648142870E+01  1.30159899140644040E+01
  4.86590143357422540E-01  1.25505593252098500E+01  1.56474408669027820E+00
  3.16148313226467530E-01  1.31156029055232540E+01  6.63558270440021940E+00
  3.81419328643079860E-01  2.08574701452371190E+01  2.06495739119231910E+01
  6.52911031193170470E-01  7.21555705077236630E+00  2.73546259257630950E+01
  4.49150663742554990E-01  2.92661859199666700E+01  1.99591670412982300E+01
  4.73113776075054650E-01  2.68938598190281370E+01  1.94690197632622100E+01
  3.65995101567518470E-01  2.37950509115207010E+01  2.03908234922998320E+00
  3.46028387031474870E-01  4.29489468411875300E+00  7.30140681082386940E+00
  4.23675716525973380E-01  5.53869584426819370E-01  2.50153966820397680E+00
  2.47261092463374420E-01  3.16449028446078890E+00  2.24740449264374080E+01
  2.63339374245984010E-01  1.10242741034423070E+01  2.40136165331744280E+01
  2.59062449636064510E-01  4.43018807015842240E+00  1.48811629595327410E+01
  5.77180454669814490E-01  1.63601962192441520E+01  2.66095047019459230E+01
  4.06599624824484800E-01  7.39331393091332960E-01  1.12356808581765630E+01
  4.65278877330243820E-01  1.71205171286406000E+01  7.59428782575896830E+00
  3.07263188066738420E-01  2.69198745610160510E+01  9.58849372159802370E+00
  3.88697647565240350E-01  6.97821575921500870E+00  7.75964547113209590E+00
  6.62122603690132470E-01  1.65028203147237630E+01  1.85721691611113900E+01
  3.79322922295397280E-01  2.73175324503502280E+01  1.14622422318787940E+00
  3.53063097104977870E-01  2.94112651217764590E+01  2.44069073645339070E+01
  6.88885956497308970E-01  2.54379785627973830E+01  9.65599299910675410E+00
  5.33066537704075310E-01  4.74680284638089930E+00  2.46557962653664760E+01
  3.42074681651230290E-01  3.44685667449139510E+00  1.91733645447243750E+01
  4.24351701398837560E-01  2.70941054959650960E+01  5.83146338543303070E+00
  2.92456502136063850E-01  6.74034651496392810E+00  2.65376983008415590E+01
  5.90639534364661320E-01  4.72231662945610430E+00  1.25331128614927610E+00
  4.09705559579089850E-01  4.13872558270306090E+00  1.42341299930228240E+01
  3.59079136884617700E-01  1.82362171555322020E+01  2.37374439839283970E+01
  5.27599340399055180E-01  1.19580892188159990E+00  1.97609070630257120E+01
  5.38382256471750510E-01  1.51252146819080250E+01  1.67879410257217570E+01
  5.96963967672292380E-01  7.88982238840221760E+00  4.33233465474470410E+00
  2.96503602823160150E-01  1.80077654477483480E+01  1.36949657438279520E+01
  3.64593218166308700E-01  1.71162801968714330E+01  2.71699683370851550E+01
  4.18947112612636110E-01  2.62546246894795520E+01  2.23437756304573900E+01
  5.40946473112310590E-01  3.52298421899445200E+00  2.17720854041918170E+01
  3.35017483125717060E-01  1.52579863835153220E+01  2.82799293048596110E+01
  4.75626642073745920E-01  1.24187109651034040E+01  1.68535885403385210E+01
  3.04461637453634990E-01  2.38158026529873150E+01  1.62569953517845210E+01
  4.36315933331792570E-01  2.37931642043735890E+01  2.31708883504196410E+01
  6.77666041374141330E-01  1.30630227118537480E+01  1.07804677473544950E+01
  5.67035311113654220E-01  1.81489063721691080E+01  5.99824925228910820E+00
  3.38650161839631010E-01  1.68176403137117170E+01  2.87228790534779390E+01
  6.94010183176834960E-01  2.63370441650441760E+01  6.65278234798513690E+00
  7.10410487391814980E-01  2.77744716651463330E+01  2.17536236555492510E+01
  4.54567147313974470E-01  2.50425143312482100E+01  5.01909841352414520E+00
  2.52169786807371790E-01  2.94537632546470540E+01  1.60871466627574260E+01
  3.01799748246536660E-01  2.34622796400547490E+01  8.94902782259267940E+00
  4.27719079604653450E-01  2.07194687388910780E+00  3.60622766815435810E+00
  3.87762191716535260E-01  8.69476721109267280E+00  2.59632237404821350E+00
  5.72951670348821020E-01  2.60943616012676480E+00  2.11351416538719550E+01
  5.09222041678605210E-01  2.58469918006231330E+01  2.25477212778129840E+00
  5.25993347610763350E-01  1.99346199603400540E+00  2.68894633929261030E+01
  3.12648490279368120E-01  6.36128738832978160E+00  2.60157834281673530E+01
  3.32399546609116130E-01  1.35272819918746910E+01  1.40320269582221280E+01
  4.43807889241729470E-01  5.71603151737366040E+00  2.45443991574489890E+01
  3.44170209092795430E-01  1.08661617355739000E+01  2.84559517843766410E+00
  2.54824432159977790E-01  1.19093764543035600E+01  2.03798322197892720E+01
  4.21963532045373490E-01  1.39697146117000020E+01  9.03048710528320340E+00
  4.11696508529454960E-01  1.70084226702577510E+01  1.48163028059490860E+01
  4.11346310528290360E-01  1.23893042122406050E+01  2.58862432646151390E+01
  6.16837537735261420E-01  2.81312526707394890E+01  5.71704112240233990E-01
  4.83570943621045310E-01  1.67619897077149180E+01  2.39475379652442650E+00
  4.32382463464541460E-01  2.02841536771061720E+01  1.60785647024669810E+01
  5.92513140571182980E-01  1.89580555621194020E+00  1.26391337511703080E+00
  3.55036581058269410E-01  1.25510538568570790E+01  2.93351178694159210E+01
  4.74581552528920360E-01  1.13741967011692410E+01  2.84596127448354320E+01
  3.44905765886116280E-01  2.65818663297611660E+01  1.55258044606547220E+01
  5.96963967672292380E-01  2.47088236136279310E+01  1.07145804713226680E+01
  2.68569610726517900E-01  7.43511781051984770E+00  1.67382298413015040E+01
  5.80290806494985740E-01  8.20095609059472070E+00  1.73974567936613680E+00
  6.25336422111717830E-01  3.05474200762738550E+00  2.81924782586447440E+01
  6.17452885167652710E-01  1.79475783362681480E+01  1.52350361215604600E+01
  3.29506256422424390E-01  2.24388483784488140E+01  2.27193054884236610E+01
  2.58355477869490890E-01  2.63801541737725170E+01  9.78352865299546790E+00
  4.69641390777102340E-01  2.64964870179301070E+01  2.03236298816271590E+01
  3.49095179616795370E-01  3.67639831226363080E+00  1.85218953494793150E+01
  3.27988333844876360E-01  4.18939360119010030E+00  5.95069058595696100E+00
  3.86383264228710210E-01  2.75904794486366270E+00  1.28462263984495400E+01
  4.75543307221801650E-01  1.49142007782615420E+00  7.38395132415863210E+00
  5.07815655211632320E-01  9.40435603941332770E+00  2.06980655297265380E+01
  6.08088426536500660E-01  3.31002880077338180E+00  5.63132627863914510E+00
  3.93024383017402490E-01  5.29573472359070330E+00  2.22252936587802880E+01
  7.48336469443998900E-01  1.07543398373002060E+01  1.09929909280997080E+01
  3.13454063710418570E-01  4.06038427088614020E+00  2.61937473363256390E+01
  4.43133439323318520E-01  2.43912709314988380E+01  2.25288924690829550E+01
  3.62493203924014780E-01  4.32037338110722050E+00  8.00914710390307330E+00
  5.72881440675418570E-01  1.85590253660795880E+01  2.22340534034796920E+01
  3.71299762957800540E-01  1.54916655464116580E+01  2.20804976513563180E+01
  5.13143010843963320E-01  2.68770696761083800E+01  1.84697397636986620E+01
  3.87533216804236250E-01  2.23131806450991200E+01  1.18388887700538640E+00
  3.90540239164096370E-01  2.61869682260888470E+01  1.49063748765663780E+01
  4.11696508529454960E-01  1.98995246869500310E+01  2.95003935436902440E+01
  4.19670751191123690E-01  7.91229130180990480E+00  2.79300705505646540E+00
  5.39922025342825940E-01  4.26055007892878820E+00  1.18829384860178460E+01
  3.73125396709624990E-01  1.59952407360410620E+01  2.77561925603530300E+00
  5.72628172168292430E-01  1.52043395148572190E+01  2.68076313162388260E+01
  5.63660960642019760E-01  2.00664218273961020E+01  5.36617042521649880E+00
  7.54397230300637300E-01  9.31519807139489940E+00  2.48130704315769290E+01
  4.07877171249442140E-01  2.58102863692187550E+01  1.66637781914546250E+01
  4.61178090502161720E-01  2.23074138473167880E+01  5.00990358450781240E+00
  3.50974061745161330E-01  1.32091073688168530E+00  2.54974801552541020E+01
  4.22541054278063120E-01  3.81439504862486490E+00  2.26897781224608050E+01
  3.25036994184950640E-01  2.58947324640220170E-01  2.39971049290808980E+01
  4.96042965314236020E-01  2.64436132426505320E+01  1.10265542785866090E+00
  3.04461637453634990E-01  5.36299194704327050E+00  4.36066555578953880E+00
  4.21290506291976640E-01  1.95086165509681630E+01  2.87655214730416160E+01
  4.26578460793149810E-01  2.71746708746832580E+01  1.50342380666375610E+01
  3.91816801400439550E-01  1.14129079323566640E+01  2.45404841394404300E+01
  5.32262962461145860E-01  4.73385281548789120E+00  3.80963429667028210E+00
  6.07718241283317260E-01  1.52167653049020580E+01  2.92214492290480050E+01
  5.13425754976809310E-01  1.95983400033443540E+00  1.90558051544460700E+01
  5.46829204411607870E-01  1.89709968889251140E+01  8.57034057520320220E+00
  2.99038091422116640E-01  1.69303806150682800E+01  1.10522985784722220E+01
  3.65374026971610010E-01  6.66615861187532220E+00  1.89737001987986460E+01
  3.46733456860136300E-01  2.68897737061438560E+01  1.13134834534617280E+01
  5.01833768532536340E-01  2.60278866703355900E+01  1.90219814604550270E+01
  2.88617724104866640E-01  2.85926730916321970E+01  2.11004748859891510E+01
  3.13454063710418570E-01  2.71542312668872480E+00  4.92791314273169870E+00
  4.43756654693070110E-01  8.87466601910451840E+00  1.79298468456924170E+01
  5.20369884994360540E-01  2.51316379314951350E+01  1.72961239258853040E+01
  7.41720708060832300E-01  2.77951398538698270E+01  9.00814785100075890E+00
  2.99038091422116640E-01  1.41846785303047330E+01  1.23314751407671960E+01
  3.93024383017402490E-01  2.37763596470900890E+01  1.96034037209834370E+01
  2.53364602799301860E-01  2.67603709765356750E+01  1.01260087893378420E+01
  5.48463672908306780E-01  1.96283929339304810E+01  2.54874645756244470E+01
  5.63660960642019760E-01  2.39407027765036680E+00  6.36049252578693650E+00
  4.99487474973056500E-01  1.75137230935003390E+01  2.18085705619441370E+01
  5.32488384254616510E-01  2.03070043343044870E+01  2.20264335152042750E+01
  3.62493203924014780E-01  2.86063794719401050E+01  5.55319823094851370E+00
  3.90540239164096370E-01  2.76523091186337280E+01  1.80069693592475950E+01
  6.25248164210708260E-01  1.10942229554229640E+01  1.89434057641261580E+01
  3.93024383017402490E-01  1.99448538298589040E+01  1.53264914977844580E+01
  2.83517655556827110E-01  1.44950317145124390E+01  1.86136714286921500E+01
  5.16562546778196820E-01  2.94542646694497460E+01  5.77971999317948180E+00
  5.96777348356598920E-01  2.46361630959688820E+01  2.47744794154590340E+01
  3.35017483125717060E-01  4.80559909875698210E+00  4.67377654433848560E+00
  5.69344335137112000E-01  2.85970218657045800E+01  7.50617251224088020E+00
  5.55509338843663690E-01  1.66698128407916610E+01  2.37861054808766210E+01
  4.09775903561979240E-01  2.32586397042149850E+01  7.28434656453988260E+00
  3.20574425314766210E-01  1.41930326205451340E+01  1.54112082423159100E+01
  5.39466591144820300E-01  2.89768085715869570E+01  2.94776194792670200E+01
  5.18725390566230620E-01  9.95339437984027780E+00  1.90260340140678540E+01
  3.62493203924014780E-01  2.76819391352121860E+01  6.35308852687626670E+00
  4.23675716525973380E-01  2.43609239647637350E+01  8.89493395334868710E-01
  4.13050329149462850E-01  1.36836695454812250E+01  9.81492013015794740E+00
  3.01731430220296380E-01  1.00180373809071860E+01  1.11092955418842500E+00
  3.48156346672602490E-01  2.28543684379408210E+01  1.57195944629062620E+01
  6.83531487369900860E-01  2.76371496056511960E+01  1.60427747505992040E+01
  3.27197753470684690E-01  6.09769279085738790E+00  1.85125406087313990E+01
  3.50974061745161330E-01  7.54017859088923180E-01  1.27564007703944340E+00
  5.77649046292645880E-01  4.86337486671808160E+00  2.70744516080346240E+00
  5.13614394364816020E-01  1.52918942147530550E+01  1.86245225459808740E+01
  7.17953871372127320E-01  2.48687635680410110E+01  1.98031931689085320E+01
  3.01731430220296380E-01  2.47673672379208330E+01  1.40009860880123360E+01
  6.14584822297879540E-01  3.84515584376768430E+00  4.53329037305582010E+00
  4.69641390777102340E-01  3.29261806558921720E+00  1.77990287289901770E+01
  4.49154676673646060E-01  1.95111486837196790E+01  2.26009139892709570E+01
  4.82268891960512480E-01  1.58556154514446100E+01  4.76809007701164770E+00
  6.26908127420837150E-01  2.78868283781879850E+01  1.89966148697732430E+01
  2.50971712925384870E-01  2.24671332439450100E+01  1.25657630738357930E+01
  2.62213147743524950E-01  2.56960643278602880E+01  1.28508450135927250E+01
  6.45167794061425240E-01  1.03712670702569180E+01  1.98924191320588490E+00
  5.94931591270377070E-01  8.68352781708616380E+00  2.27680430751271710E+01
  7.68548325332126940E-01  1.56603453997809240E+01  7.22329035488315440E+00
  4.36195486319121350E-01  1.34076471416069850E+01  1.94600620191073230E+01
  5.33066537704075310E-01  2.62734331985204860E+01  2.72806645591733880E+01
  5.62178328188990490E-01  9.59118378363425880E+00  2.91019772817019540E+00
  2.97561439636419770E-01  8.17816822282855330E-01  9.32745371106608800E+00
  4.82771447840326400E-01  9.24675961735240470E+00  1.92409413296651530E+00
  6.61562106526255890E-01  1.75683073454047080E+01  2.29675285885763430E+01
  5.04339573614743570E-01  2.40331480588950230E+01  3.43322654494663930E+00
  3.45648959319623030E-01  1.73292953422172950E+00  2.60582145199123970E+01
  6.95947079841625180E-01  2.32890455979127500E+01  1.20978410298934570E+01
  4.75626642073745920E-01  2.91911313988133440E+01  1.34069560328596320E+01
  2.57534358191145160E-01  2.57984885169443740E+01  1.49076814031595360E+00
  6.30423428531534040E-01  2.22571594011100760E+01  2.03001615813975000E+01
  3.25516939164680520E-01  1.96342612853861010E+00  2.25175005682078680E+01
  3.14110289759674140E-01  1.17085912515373090E+01  1.05301508892838620E+01
  3.99477862283745790E-01  2.87145805681093620E+01  2.46908834866164990E+01
  6.47236078597052340E-01  2.48099366906286320E+01  2.35429020355209890E+01
  5.28731261397185740E-01  2.14283611001204300E+01  2.62852340004829190E+01
  4.43807889241729470E-01  2.16644908073897510E+00  9.30107120782480480E+00
  4.82268891960512480E-01  2.80941663221965890E+00  4.13866983748352800E+00
