1
  1002  2.96924426640336700E+01  2.96924426640336700E+01  1.00000000000000000E+00
        0.00000000000000000E+00  0.00000000000000000E+00  0.00000000000000000E+00
  4.09775903561979240E-01  1.38180393924011880E+01  2.22555586250194470E+01
  3.20574425314766210E-01  1.79750083297069660E+01  2.57845591371989830E+01
  5.39466591144820300E-01  2.06648881162746110E+01  2.35458896011803100E+01
  5.18725390566230620E-01  6.41156667536211880E+00  2.56352216291872810E+01
  3.62493203924014780E-01  1.36055317517979280E+01  2.29965404703550330E+01
  4.23675716525973380E-01  2.75429617290724240E+01  1.08676215306304980E+01
  4.13050329149462850E-01  2.16411511021615870E+01  3.81424409434462050E+00
  3.01731430220296380E-01  1.62015005079081580E+01  6.12984852168025900E+00
  3.48156346672602490E-01  1.37468581562191210E+01  1.16487648210930740E+00
  6.83531487369900860E-01  2.76509956023008030E+01  1.35826395891511410E+01
  3.27197753470684690E-01  2.69065426010197160E+01  6.67917927770222080E+00
  3.50974061745161330E-01  1.10463512494856670E+01  2.63885118953651730E+01
  5.77649046292645880E-01  6.38690884278618660E+00  4.05359914295657560E+00
  5.13614394364816020E-01  9.95189148502342390E+00  2.52547260349459270E+00
  7.17953871372127320E-01  2.67897101928415750E+01  8.85531145375393080E+00
  3.01731430220296380E-01  1.03925792142595140E+00  7.93121253677368010E+00
  6.14584822297879540E-01  1.15596378082604610E-01  2.20605979363728610E+01
  4.69641390777102340E-01  2.59355911421014510E+01  2.86694949336360450E+01
  4.49154676673646060E-01  1.93082388037259210E+01  6.94790108531417610E+00
  4.82268891960512480E-01  7.33000964398209210E+00  2.05999702323691130E+01
  6.26908127420837150E-01  5.20660948670316070E+00  2.53064600746949520E+00
  2.50971712925384870E-01  2.25874840023342710E+01  1.45853238020791400E+01
  2.62213147743524950E-01  2.10379208876712700E+01  2.60810428213537620E+01
  6.45167794061425240E-01  1.84481581695469040E+00  3.65636764530611470E+00
  5.94931591270377070E-01  4.04579882875125210E+00  2.70891196796884550E+01
  7.68548325332126940E-01  6.51474143348461880E+00  2.15462267937622830E+01
  4.36195486319121350E-01  1.71801115111197640E+00  2.36522968814258370E+01
  5.33066537704075310E-01  2.61556901567966560E+01  3.71053156752614970E+00
  5.62178328188990490E-01  2.43211469141554380E+00  1.81056459347384790E+01
  2.97561439636419770E-01  2.25005480989282420E+01  2.31138655006679170E+01
  4.82771447840326400E-01  2.12219433617627970E+01  7.81222678519438320E-01
  6.61562106526255890E-01  8.93745053861193030E+00  2.29358945387760720E+01
  5.04339573614743570E-01  2.66075535359719240E+00  1.14638024752314860E+01
  3.45648959319623030E-01  2.78921608272443180E+01  2.17787320466803960E+01
  6.95947079841625180E-01  1.36921637088782990E+01  1.45202593511458090E+01
  4.75626642073745920E-01  2.49880054422034310E+01  1.68880509235857270E+01
  2.57534358191145160E-01  2.61946514520140000E+01  1.67441417997281940E+01
  6.30423428531534040E-01  1.74977475101234140E+00  1.57438621301594020E+01
  3.25516939164680520E-01  2.01029613899034170E+01  2.55498544136086390E+01
  3.14110289759674140E-01  2.56813427401076810E+01  1.56517180140681730E+01
  3.99477862283745790E-01  5.51004557870071650E+00  1.11566651962636420E+01
  6.47236078597052340E-01  1.30936040327613370E+00  2.62269236723143420E+01
  5.28731261397185740E-01  2.03658091948051880E+01  1.91217546864010510E+01
  4.43807889241729470E-01  1.20641380016441260E+01  9.51642437174253790E+00
  4.82268891960512480E-01  1.73984506141480710E+01  2.51561168493118890E+01
  4.30858982518450690E-01  2.20095587922943490E+01  1.73504832034270710E+01
  4.18947112612636110E-01  2.50447967019246820E+01  1.89281441878936580E+01
  3.50662231740508900E-01  2.76672842799079460E+01  1.25405767851014360E+01
  2.85767805251094040E-01  2.63875230819141430E+01  9.16426843303739250E-02
  3.45648959319623030E-01  6.36646675855857150E+00  3.84209083197004200E-02
  3.45648959319623030E-01  1.99629000803843230E+01  7.39854521861148310E+00
  6.42005949159872720E-01  2.18582445192595820E+01  1.39485958118928290E+01
  2.74003615458356760E-01  4.82138744955274130E+00  5.49030381829967150E+00
  3.87653287431749970E-01  2.02887317685287060E+01  2.90550942641832000E+01
  4.18948713530687210E-01  1.34306228623307660E+01  1.56654734204809620E+01
  4.53451232343747090E-01  1.33065893384549230E+01  1.97476522346236010E+01
  4.21603844523193420E-01  1.19063351227170300E+01  2.24729847460104470E+01
  2.62213147743524950E-01  2.61513347192865130E+01  1.44436501926935410E+01
  6.94903868090152520E-01  2.76575086154907940E+01  1.83770472192473590E+01
  6.31563936872940970E-01  1.89848203885797740E+01  1.97463292685202560E+01
  7.01778375544082420E-01  8.65878541850473300E+00  8.74461703087551180E+00
  3.46434506905438330E-01  8.24966312553841160E+00  2.81692354068806670E+01
  3.50662231740508900E-01  1.96505895829055320E-01  6.81480186869751580E+00
  3.01799748246536660E-01  1.26943871384413840E+01  1.26389555665416860E+01
  4.41298336829792340E-01  4.10852561808283400E+00  5.43502654232054280E+00
  3.39481361119070080E-01  1.56852924679528860E+01  6.50953321953089410E+00
  3.83181557852844270E-01  1.36655697967756580E+00  4.37459519764621960E-01
  6.75156127532392600E-01  1.73590439302141740E+01  6.55711482845781730E+00
  2.73281005279713530E-01  4.27269257852046100E+00  1.45653800163003510E+01
  6.65634982039605120E-01  1.61707359586079220E+00  4.94651827357698260E+00
  2.54824432159977790E-01  1.64784737834179720E+01  2.84977510260058930E+01
  2.84029264846615530E-01  9.68750356366428810E+00  2.42107379996506640E+01
  4.62836237406567810E-01  9.58826689168676790E+00  1.70749137754772810E+01
  3.33973424357718240E-01  2.67038777667865060E+00  1.97271959303124870E+01
  4.91872428060923640E-01  2.56216269591896050E+01  2.77634961902957540E+01
  5.52490392167627680E-01  6.81090049294169740E-01  1.62481926570802280E+01
  5.39466591144820300E-01  5.65095570519299170E+00  1.95088200680990270E+01
  5.65219172841477580E-01  1.80573053218826090E+01  1.20991188748481320E+01
  3.53776024442120150E-01  2.60198608153679030E+00  2.72820987276627850E+01
  5.54611473665029210E-01  1.97268967330923000E+00  1.37497761776122990E+01
  4.81368497469048420E-01  3.06987823606649530E+00  2.83804914816771970E+01
  2.84672167568555990E-01  1.67786452132257220E+01  2.72162196512231520E+01
  3.06898385793053400E-01  1.97154601954676090E+00  1.08083625540984940E-01
  4.49954956992444630E-01  2.57902299528974410E+01  1.73485472749801490E+01
  5.88686278844574580E-01  2.37986478058198610E+01  1.31942878745869120E+01
  4.36315933331792570E-01  6.61216375177552870E+00  1.44544893654580080E+01
  5.46155746035104350E-01  2.72301384616200370E+01  1.55412724428947420E+01
  4.11346310528290360E-01  2.39387920171531620E+01  2.56470810072993490E+01
  7.44650008855257360E-01  2.70940977214698510E+01  2.83095179437600920E+01
  4.68162992243922280E-01  4.02816210857507430E+00  2.57986490109939690E+01
  7.11073931023246340E-01  1.48086784335539170E+01  1.28538443488983540E+01
  3.02034441597155470E-01  2.07516750351902140E+01  1.51684039532472370E+01
  5.12509616084684260E-01  2.03749493491611450E+01  1.30336309742116560E+00
  3.40422717275118370E-01  1.30410154767181550E+01  2.99334772388419130E+00
  6.65634982039605120E-01  2.28519268377788620E+01  6.79338165917400170E+00
  3.75295693565172690E-01  1.22314984192878560E+01  2.08940947315365830E-01
  4.75626642073745920E-01  5.34138124878561540E+00  2.43780718642982920E+01
  4.72038094207023740E-01  1.71960871848477940E+01  2.52851962173801370E+00
  4.29902962432020440E-01  2.84307302094755560E+01  2.50893876268249690E+01
  5.68910711623079470E-01  4.20703400546794630E+00  1.37145916157183620E+01
  3.07263188066738420E-01  2.69380913009656450E+01  1.47398767673612560E+01
  6.10911033360540580E-01  8.39206980046479250E-01  2.73939017997086540E+01
  3.43353541919950760E-01  2.30153268381041300E+01  1.63516929546939590E+01
  3.15231116497538320E-01  2.75565393018407430E+01  1.01301681813612010E+01
  3.78068289465320630E-01  1.20626809083974000E+01  2.78687577680909650E+01
  2.54824432159977790E-01  4.59174651891274440E+00  5.99272614309004580E+00
  5.44558358435121190E-01  2.80825492520088600E+01  1.76076356305884760E+00
  3.56000803327192820E-01  1.14823928975386590E+01  5.06263642121460580E-01
  3.13454063710418570E-01  2.54090643332901540E+01  2.47627989281598320E+01
  6.12591031919131530E-01  8.18356378637160910E+00  1.57066463538206860E+00
  6.47236078597052340E-01  1.23440252200405300E+01  1.06185488258972250E+01
  2.65726189967390210E-01  3.91662940424096640E+00  2.34354663205332590E+01
  2.96653470797716330E-01  2.39734932553113400E+01  1.90957704069364130E+01
  3.45648959319623030E-01  8.60588935026417450E+00  2.59460919847286250E+01
  3.13454063710418570E-01  7.24098906087912300E+00  3.79020601374491270E+00
  3.39073066583844400E-01  1.50092959602827760E+01  6.45309940383786880E+00
  2.96256570285591500E-01  6.21293683390827050E+00  6.88519020222055110E+00
  4.19081387041561550E-01  2.66566455738753700E-01  2.45409332860928620E+01
  7.08391389715138510E-01  2.19796331365211020E+01  2.07806762761645490E+01
  7.16035261746952050E-01  5.28784313209329770E+00  2.75061138607485990E+01
  4.43133439323318520E-01  9.43864186582136000E+00  1.12278183335961770E+01
  2.73281005279713530E-01  3.12669515779742070E+00  1.09629399072027560E+00
  3.35017483125717060E-01  1.37982632114830110E+01  1.34951492708793610E+01
  5.09222041678605210E-01  1.31538925737406720E+01  2.42313862155570910E+01
  4.27719079604653450E-01  8.13389036889566340E+00  2.89343904912813810E+01
  5.81299825206354370E-01  1.06332907473576040E+01  2.55534975942259170E+01
  5.46155746035104350E-01  2.26711460614056260E+01  1.30831622289982870E+01
  3.05466220251299840E-01  2.74399673775726600E+01  6.32916592450932920E+00
  3.11838068626578210E-01  2.31189884903024630E+01  2.57386231959986560E+01
  6.27423008989955560E-01  1.75320209710206070E+01  2.05814416536305020E+01
  7.12424816007452400E-01  1.10797804225189900E+01  1.01206261924766440E+01
  4.41140732643827070E-01  2.76493173669534400E+01  4.52167836368066480E+00
  3.80273533482480450E-01  4.33127666020589870E+00  1.80882973946992040E+01
  3.29796701345061780E-01  1.57205365622573120E+01  1.44115579413283740E+01
  4.15252526658189590E-01  1.03614019041198230E+01  1.74905105988999060E+01
  2.59062449636064510E-01  9.74806350045282070E+00  2.47497505702027210E+01
  6.18419083689772810E-01  4.27817634791147230E+00  8.78551724918400900E+00
  5.04213456464067280E-01  2.21811403972200200E+01  2.38486322959065160E+01
  3.48156346672602490E-01  7.71974185008221970E+00  3.32431616219512940E+00
  2.89042915761794110E-01  1.86769834914226820E+01  7.33017015578373420E+00
  3.05466220251299840E-01  2.21732164526372560E+01  6.10090865281813600E+00
  6.49919166153384610E-01  4.85339281682364290E-02  7.80274128910317000E+00
  6.14379095469630790E-01  1.28188243788533940E+01  1.35456191021760870E+01
  7.00411917450214720E-01  1.32559235454681250E+01  6.71287841121983500E+00
  5.69344335137112000E-01  2.47194139840458930E+01  6.73296287428328190E+00
  2.57564851167384970E-01  9.08099519277989660E+00  2.63157182900465080E+01
  4.13050329149462850E-01  2.45179621086656140E+01  2.13243939639388880E+01
  6.18419083689772810E-01  1.15750923140171600E+01  2.48156559477988700E+01
  4.26523982883737140E-01  2.04932703067013300E+01  2.35050021004141740E-01
  3.78209123272245940E-01  4.32528985809265000E-03  2.34571772705151900E+00
  2.63055759251188670E-01  8.94963183965817070E+00  1.91802206504030790E+01
  5.00274833943758600E-01  1.03079093976254100E+01  1.40078196376707460E+01
  6.01687927537542500E-01  1.23760510426327460E+01  4.36386137896022500E+00
  4.86073626967704090E-01  2.84603894631646210E+01  7.15236377666974920E+00
  7.62474117278193650E-01  1.69786296337412420E+01  9.93531922933620490E+00
  4.87886881528419990E-01  1.31063879860844070E+01  2.60047561540497900E+01
  2.99038091422116640E-01  2.51560859040111780E+01  2.59011765015604260E+00
  3.50974061745161330E-01  1.19064754602066070E+01  2.05149089110182780E+01
  6.10572080928614460E-01  1.26614463551174020E+01  2.32278683734422560E+01
  3.01731430220296380E-01  1.57027496012267560E+01  1.56566551124936740E+01
  2.59062449636064510E-01  1.04521154307500020E+01  8.37468585943448570E+00
  6.99477888048091770E-01  1.31681822479471580E+00  2.25912205861236760E+01
  4.41666133880560000E-01  1.63622238894225620E+01  2.78107533935256620E+01
  6.86210935380316480E-01  1.04467867006045070E+01  6.16564090901285060E-01
  5.27425300578987690E-01  1.91124275361414280E+01  1.23776187187421380E+01
  7.54505484792745040E-01  8.35017697665411340E+00  2.70153487818367180E+01
  4.11696508529454960E-01  2.04162452190016520E+01  2.71954314072166100E+01
  6.26517897412854200E-01  2.37760628878854200E+01  2.27484080253039880E+00
  5.72142532162989690E-01  1.28072306286582740E+01  2.20561239067918360E+01
  3.47451934045076260E-01  1.85874452512389010E+01  2.42255550844093610E+01
  2.57564851167384970E-01  1.65267313982597630E+01  1.31982043879002140E+01
  5.33859136323620030E-01  1.34655639818492410E+01  1.81223233502777280E+01
  2.69169509893181310E-01  1.42677185588061430E+01  1.96247567600227730E+01
  4.24351701398837560E-01  8.37095129684628430E-02  6.05085992036998550E+00
  3.11762329988951370E-01  6.37167862353263280E+00  1.81867945000678160E+01
  3.50974061745161330E-01  2.89995451759219980E+01  2.13220239581331940E+00
  2.66929568161810020E-01  1.45898586456765730E+01  1.91965414932590410E+01
  7.20816873845379820E-01  8.91454043470734800E+00  1.52381019215220040E+01
  4.22201084465533680E-01  2.42388206331282350E+01  1.52489656810710540E+01
  3.09209541844886400E-01  1.30243737588117410E+01  3.64276681618096680E+00
  2.62213147743524950E-01  1.64310174857931170E+01  1.08014052342190270E+01
  7.60411681679863700E-01  6.23212185272936740E+00  1.33205664317287620E+01
  6.67521681419926690E-01  2.53335414041469460E+01  5.65822959340744180E+00
  4.37954134865551840E-01  1.95536639089860990E+01  1.78082256743237500E+00
  7.16654247500547470E-01  1.08376232874190280E+01  7.48084691722439740E+00
  7.12424816007452400E-01  1.11760708734993650E+01  6.09565627858052570E+00
  3.61198882346046800E-01  1.91755333270282120E+01  7.74700444858673710E+00
  3.82245446386266610E-01  2.46492775695318830E+01  2.66746924612329080E+01
  3.58737518624021320E-01  2.27090417292550480E+01  1.69846273048207050E+01
  5.81547682683179710E-01  1.22758368371796660E+01  1.96607832358576360E+01
  4.21963532045373490E-01  1.44603405583415530E+01  8.22416154435253510E+00
  3.12648490279368120E-01  1.45622916456185470E+01  5.28557520365170320E+00
  3.25036994184950640E-01  6.49915162838319560E+00  1.88102173313119540E+01
  3.83290088603488770E-01  1.64013469912308950E+01  1.46216422933260740E+01
  2.93443024193560210E-01  2.42945535670585390E+01  1.65576599298661550E+01
  2.66929568161810020E-01  2.50494951999758160E+01  9.54216930412068540E+00
  2.99038091422116640E-01  2.19968968191446410E+01  1.97581674173000290E+01
  6.00040109246873770E-01  2.27706746890158310E+01  8.05396042463928200E+00
  7.14535578675763720E-01  1.65421161247160380E+01  2.14856423721804400E+01
  3.06898385793053400E-01  7.40717465203414260E+00  1.10322606817790960E+01
  3.45648959319623030E-01  1.97477189415006720E+01  1.46425590043399560E+01
  3.87046365911375680E-01  1.18416352082947930E+01  2.64283749467922660E+00
  6.56539952722306990E-01  2.00073060323048250E+01  2.22372706616829530E+01
  5.07436062422724900E-01  4.70287148741265250E+00  6.83541412051291260E+00
  7.39270392714900380E-01  2.77124547812027480E+01  2.69634291392022440E+01
  5.38024295323284910E-01  2.55729257609777600E+01  1.97256976132731870E+01
  7.33199636544987770E-01  6.94474768747692120E+00  6.16354339019355720E+00
  6.31923671661538840E-01  2.79579170492363750E+01  5.54845816882144940E+00
  5.72951670348821020E-01  2.26404080230159470E+01  2.65945006616370310E+00
  6.40456937776772590E-01  1.07191933335236380E+01  1.64997992294966200E+01
  4.77241894706072770E-01  1.05141938762034960E+01  2.91502485792506650E+01
  7.64764367446448820E-01  4.90221520415223110E+00  1.70309358269969660E+01
  7.16535845940979770E-01  2.86394797718894180E+00  2.51859821232866920E+01
  3.10705613459761840E-01  2.66312798467424940E+01  6.35759963409291280E-01
  3.89901968262705180E-01  7.58106305917826440E+00  8.90628764931198800E+00
  7.15011499502423580E-01  9.52701267547142020E+00  1.82506370193984180E+01
  7.60297905848187840E-01  3.25162228570353800E+00  2.12081037726246220E+00
  2.65726189967390210E-01  1.94126748918347900E+01  2.15232507380320190E+01
  4.53492046339069340E-01  6.14990799763999090E+00  3.05385156691551000E+00
  5.18725390566230620E-01  2.45180684061231740E+01  1.97008635979388980E+01
  4.24020504903543660E-01  8.28809457482793200E+00  1.41929870959953350E+01
  5.17634268500846420E-01  1.81681839850501670E+01  5.68252013070857580E+00
  4.54567147313974470E-01  1.58776548177111450E+01  9.41723847528430720E+00
  3.65965634987757580E-01  1.98143658734382450E+01  8.09376223060920270E+00
  2.96256570285591500E-01  1.88552135889450060E+00  5.86881201378662350E+00
  5.50543265074639000E-01  2.13205594987278600E+01  1.15826674784506400E+01
  4.46540105696671490E-01  1.72799248427588560E+01  1.67779372762771180E+01
  6.47236078597052340E-01  1.60909446702131970E+01  1.24084590924407260E+01
  4.82769235883485770E-01  1.49626316832899190E+01  1.40845858499089780E+01
  2.97529618718302210E-01  4.12840077377573690E+00  1.63040749266146110E+01
  4.13811620468168510E-01  2.17234669228673060E+01  6.97979033833761870E+00
  4.87785457169642190E-01  1.86835192011081370E+01  1.03045838945475480E+01
  3.41778742319800830E-01  1.00531589117508810E+01  2.12961971515833040E+01
  4.05793634226126800E-01  7.66870502545389950E+00  1.70933412245516260E+01
  7.14516279726398110E-01  1.10284103908113420E+01  1.50574751714101500E+01
  3.71799304162545760E-01  2.80301821648230740E+01  2.36281575271278430E+01
  5.77820253962530560E-01  1.49842065994503940E+01  2.94947255265919810E+00
  4.75626642073745920E-01  2.09876471836454430E+01  2.53457187229772390E+01
  5.46562010559427060E-01  5.02944833346034770E+00  7.83550000094777310E+00
  3.29506256422424390E-01  1.97743618626612660E+00  1.19406767086963890E+01
  2.62213147743524950E-01  1.16668392085248470E+01  3.87189041648452200E+00
  3.63105686475124490E-01  1.87601044182255880E+01  2.94467789890007050E+01
  7.08391389715138510E-01  9.98460429628752170E+00  9.21906718598505930E+00
  4.26578460793149810E-01  2.27058795711338670E+01  1.99113364993505510E+01
  6.08873319065221350E-01  1.94091749683297790E+01  2.73543104773030590E+01
  5.39466591144820300E-01  2.46059566039507370E+01  2.75929706507400000E+01
  4.66553963192992600E-01  1.80128247929113920E+00  1.10129039064291550E+01
  4.82771447840326400E-01  2.78610323668648690E+01  9.39387543259775800E+00
  5.13004586318856950E-01  4.66433585257984620E-01  5.19855866911784140E+00
  3.17084428049163950E-01  4.81457696005639770E+00  1.16154197130205960E+00
  3.50974061745161330E-01  6.74438922128279740E+00  2.75570373553625960E+01
  3.82382183723224410E-01  5.42247062506903440E+00  1.54512617476245230E+00
  3.77759649416993960E-01  1.70635688560427990E+01  1.10718270813090850E+01
  5.74203886104520670E-01  8.63920309565214950E+00  3.25596803586138290E+00
  4.11346310528290360E-01  1.26608290611210570E+00  1.70139831507587860E+01
  5.06367095649294540E-01  1.29406052851887740E+01  5.55026454193748900E+00
  6.01687927537542500E-01  1.73486147441905060E+01  1.48901642709120520E+01
  2.49794182180603610E-01  4.63545379205996970E+00  2.45414558193006940E+01
  6.11481049571092420E-01  5.67762932493218650E+00  1.49268802630044370E+01
  5.03927515451986880E-01  1.82631875130879810E+01  3.38866672754749220E+00
  6.35485889077753010E-01  2.57854680220176570E+01  1.36099611252398560E+01
  2.99038091422116640E-01  1.80365812529508960E+01  9.85754590874780770E+00
  4.22541054278063120E-01  2.75596296625542860E+01  7.04655614598920100E+00
  3.05466220251299840E-01  1.54139554286076630E+01  4.86184980899253460E+00
  2.62213147743524950E-01  2.14657339256214110E+01  2.35744624596624700E+01
  3.61769499680632390E-01  2.63096988631942850E+01  2.14714919409172430E+01
  2.47647088603063280E-01  2.33692427811271880E+01  1.16205306818145220E+01
  3.11155895623034430E-01  2.26971314651916710E+01  5.01029440658464600E+00
  2.66929568161810020E-01  1.43890656834714670E+01  8.90902001205267170E+00
  6.90395435464654740E-01  1.63823518705133220E+01  4.63840991128492770E+00
  2.96503602823160150E-01  5.74061610867716080E+00  2.36871501058086690E+01
  6.57722721512726150E-01  2.32752028400472980E+00  1.68927431032405020E+01
  7.24777883420223110E-01  2.20622665194937680E+01  1.05459930849144800E+01
  5.48279863025970290E-01  1.41511880074155700E-01  2.64706660221188810E+01
  6.40748513009616880E-01  1.36645033014653980E+00  1.27213856704310010E+01
  2.56092450391898300E-01  2.22115285358145730E+01  1.84336368776749600E+01
  7.17499092254363010E-01  7.43968599063857990E+00  4.80183036855486910E+00
  4.66141488621800890E-01  4.00197106753641480E+00  1.06576224813232730E+01
  6.33759023001558490E-01  1.60427853670096030E+01  2.92824986527538410E+01
  5.48279863025970290E-01  7.36425113596647400E-01  2.36956124319521030E+01
  4.19081387041561550E-01  2.79226574562582210E+01  2.44111858584246020E+01
  5.70902198024309190E-01  2.58578456754704860E+01  6.77983062987673170E+00
  3.17950877609215300E-01  1.51278000483155330E+01  1.54261075436980200E+01
  5.96963967672292380E-01  2.15823081453549970E+01  1.27410419429994340E+01
  6.18832453479690690E-01  6.98395111561901500E+00  2.66181961641187850E+01
  2.63339374245984010E-01  2.95163482392682250E+01  4.75715200084126180E+00
  3.55036581058269410E-01  5.56244693338581620E+00  6.89216004439427720E+00
  5.84913004272127690E-01  2.36578892463287290E+01  2.18298549742483770E+01
  5.77235448209733180E-01  8.19227870831915440E+00  3.80998258137307250E-01
  5.01105313190319460E-01  2.71884733801857190E+01  2.38585737474776600E+01
  3.83598938984435380E-01  1.45108806135433090E+01  3.78452500334283570E+00
  5.98360795606824340E-01  8.16345446903231140E+00  6.69807844669072060E+00
  3.41778742319800830E-01  2.09623166959418190E+01  4.14308217336449580E+00
  3.29796701345061780E-01  2.71363904189825750E+01  1.64081450241818130E+01
  3.84420431658369740E-01  2.18232632560350980E+01  2.30357897118909460E+01
  4.91872428060923640E-01  2.72723322931826220E+01  1.11748332886997860E+00
  2.93443024193560210E-01  1.25214959718213980E+01  2.62655537858840700E+00
  5.81299825206354370E-01  2.29314332234583520E+01  1.53466734492873440E+01
  5.68243553274813350E-01  1.32997251159062890E+00  2.91811024030098030E+01
  5.39001667068871980E-01  2.32365900473380280E+00  1.21331166491033390E+00
  7.01587183784351610E-01  2.33638890044508190E+01  2.36226515035933530E+01
  4.45239477383046460E-01  9.15120295763014720E+00  1.99773152249358610E+00
  5.39001667068871980E-01  1.46261532647561250E+01  7.24293876154887160E+00
  2.86134314477376340E-01  3.53766961365723590E+00  1.12488868629811640E+01
  7.70254277643880240E-01  8.22120748919956590E+00  1.28081801284796040E+01
  3.45648959319623030E-01  3.23900667590724020E+00  2.75719510808940460E+01
  3.39481361119070080E-01  2.25693659463783760E+01  2.53896926146806830E+01
  3.04461637453634990E-01  4.32733528584266660E+00  2.21919134203538950E+01
  5.20369884994360540E-01  2.63439375312956050E+01  2.23504581135213380E+01
  2.65726189967390210E-01  1.55189946257798270E+01  2.62628403939552090E+01
  6.26908127420837150E-01  1.19487384142064720E+01  2.60025097966010820E+01
  3.48480710258510130E-01  2.82157636323108000E+01  1.04681327960263340E+01
  2.96653470797716330E-01  4.87045309412973190E+00  1.08826861005083640E+01
  6.31923671661538840E-01  1.48051207677609970E+01  2.57198543373779810E+01
  4.09705559579089850E-01  9.42610195871783320E+00  1.42303977000790240E+01
  6.72499163702481620E-01  3.27425383183209680E-01  1.49299866365320120E+01
  2.84029264846615530E-01  1.78000731231125330E+01  2.82806218601966320E+01
  5.34631033075580400E-01  9.34531679862176110E+00  2.18120668614532360E+01
  6.17076625982510940E-01  2.29275034602551880E+01  1.79351211020964420E+01
  6.55074006360275090E-01  2.08274107082679820E+00  6.79818917923315610E+00
  5.46562010559427060E-01  7.32542751213054540E-01  1.09759101092994520E+01
  5.17626013175185660E-01  2.90404598538153210E+01  2.90027899149330390E+01
  5.82207618145930890E-01  2.63386372453415090E+01  1.64548016191613190E+00
  5.98268629341587580E-01  1.27216577546757300E+01  1.63933064596403430E+01
  5.34553382826858140E-01  1.15736504245735150E+01  2.70990252745448390E+01
  3.76753951196820710E-01  2.38852468527646340E+01  1.11419067730223880E+01
  7.52518120402026810E-01  1.07936942109812510E+01  2.21000516537709370E+01
  4.81368497469048420E-01  2.01700129271600200E+01  6.59860018746382340E+00
  6.47413426355271770E-01  3.03573256437940620E+00  8.54561070221219050E+00
  3.05466220251299840E-01  1.46995970757341750E+01  5.88811002564693360E+00
  4.46689977500956030E-01  1.11784493340239770E+01  1.34020389273473060E+01
  6.18566685513849460E-01  3.88803685685734470E+00  7.61179436821381650E+00
  5.36592099856838090E-01  3.48074260831407620E+00  1.84307070988799670E+01
  5.09574347305064630E-01  2.01834487131766130E+01  1.16488415069916280E+01
  4.92328788949218680E-01  1.64365694190947490E+01  2.53058676673513470E+01
  4.83351594707823830E-01  7.36082375264147530E+00  2.94157151752375330E+01
  4.40650972415989980E-01  1.36037099325123630E+01  2.14350081008869150E+01
  6.10911033360540580E-01  2.07498774244566920E+01  8.37153974798907360E+00
  4.34172467284937990E-01  1.73923524495757110E+01  5.13187844954623970E+00
  7.03188417218805210E-01  2.06464479983292470E+01  5.35862140790144180E+00
  2.92799561075502800E-01  2.94539859791624430E+01  4.16298333608418590E+00
  5.68243553274813350E-01  1.96142473543990760E+01  9.80751655519167720E+00
  4.60682082706054620E-01  1.00180783194848550E+01  1.56540681264031870E+01
  6.41715074739605920E-01  1.13551821337522410E+01  1.14443468918845870E+01
  4.55206736325743130E-01  1.21018361190118750E+01  1.02861400947342820E+00
  4.22201084465533680E-01  4.69308429876728010E+00  1.95888980868452660E+01
  3.63079661055833470E-01  2.39560007000480720E+01  1.78245375726335200E+01
  2.63055759251188670E-01  2.93883293851123390E+01  1.20461137032613530E+01
  5.32877675645020420E-01  2.96859728381961750E+01  2.81639308024867670E+01
  5.77235448209733180E-01  2.49499652008625750E+01  1.79384202341344940E+01
  4.09775903561979240E-01  2.24407331903588980E+01  3.62130410199045640E+00
  6.93187364831086050E-01  1.81358145486704320E+01  8.15928107758594830E+00
  4.30054269381220950E-01  1.25712540952784760E+01  8.80517309517260220E+00
  5.07436062422724900E-01  2.32223160075599570E+01  1.01350565942949980E+01
  2.49948351789403130E-01  2.58532910803243220E+01  2.52350652107258320E+01
  3.16022212934137680E-01  2.29565246066683920E+01  1.81181070631277490E+00
  4.72818350263822220E-01  2.50048990545893060E+01  2.85229365897781480E+01
  4.46689977500956030E-01  2.18037940698026630E+01  8.45406641486162510E+00
  4.74581552528920360E-01  1.29568086534421350E+01  1.39254127619340200E+00
  4.86590143357422540E-01  8.80880522735615480E+00  7.56814397207005300E+00
  2.73281005279713530E-01  1.27048269940864870E+01  1.77274627002395280E+01
  5.20515140446715560E-01  2.68158789792502080E+01  1.27184633638379680E+01
  4.13811620468168510E-01  2.81230443592443180E+01  2.88417787828851500E+01
  3.81419328643079860E-01  8.04037950316182840E+00  1.59094888602110860E+01
  4.05593309893122810E-01  1.67405833013867210E+01  5.67257264370997040E+00
  5.85380732291966590E-01  2.86741362045196730E+01  4.56483915261168250E+00
  4.06599624824484800E-01  2.22364976516888610E+01  1.76825385521808350E+00
  6.40456937776772590E-01  1.82835830680830290E+01  4.53157504616769560E+00
  4.75626642073745920E-01  1.86775039468582730E+01  1.12663077946128050E+01
  5.09222041678605210E-01  4.66422810741203620E-01  1.19952189691328140E+01
  5.77820253962530560E-01  1.37425154295320460E+01  2.51449405514092420E+01
  3.80273533482480450E-01  1.31642297894632170E+01  1.72626136660605280E+01
  5.01406606281285510E-01  1.34892525739028670E+01  1.05493258457176320E+01
  3.59079136884617700E-01  2.59732096799488410E+01  8.15442322847753690E+00
  5.94092381958372510E-01  9.66108378671663810E+00  6.90636472444203520E+00
  2.54611020839302520E-01  2.37466887526323200E+01  2.27461664486614550E+01
  4.99223721401470310E-01  2.22728075002556340E+01  2.70107320704576990E+01
  2.54611020839302520E-01  3.22593908910413370E+00  5.79395938342875190E-01
  3.20574425314766210E-01  2.19270552633332410E+01  7.68539283134002370E+00
  2.85767805251094040E-01  2.40683487209785660E+01  7.28645672773493660E+00
  2.54611020839302520E-01  2.04368209423318210E+01  4.42435550715173510E+00
  4.12246671516209600E-01  1.64716967866573290E+01  2.44023948445422720E+01
  4.41298336829792340E-01  7.97871680943674380E+00  2.34769801693029410E+01
  7.09985914168247060E-01  1.55636597846554570E+01  1.87433701628604940E+01
  6.80956647410425740E-01  2.12184974647898020E+01  2.14635051431623850E+00
  4.75338540515479570E-01  4.68506158657318390E+00  2.14991574475502920E+01
  7.49588614928249000E-01  1.38519925346787860E+01  2.25723198189876540E+00
  4.74033319401206570E-01  1.12567856868102910E+01  1.74750940059063390E+01
  5.20515140446715560E-01  1.90115884248340450E+01  1.41873143814760960E+01
  5.48131117613959250E-01  1.72645191216874030E+01  1.28776944672788860E+01
  3.46733456860136300E-01  2.58481034835731730E+01  2.30707760475979030E+01
  6.97384645011991290E-01  1.08694144985542140E+01  2.06543392600465450E+01
  3.78209123272245940E-01  2.53928932334425500E+01  1.81131413256679630E+00
  3.82382183723224410E-01  1.30792547175424230E+00  1.17022197930690910E+01
  4.46537248270915300E-01  3.99842259132435100E+00  2.81859872886198990E+01
  6.08690451339190200E-01  4.39927542099266590E+00  1.16550995292972210E+01
  2.59062449636064510E-01  1.60546356827126570E+01  2.34113792641863510E+01
  4.43756654693070110E-01  7.57100974298737660E+00  2.42598249402224830E+01
  3.18942867500738640E-01  2.18770669645882660E+01  2.57676947246444390E+01
  7.16535845940979770E-01  2.44244046292837070E+01  4.59719525087762640E+00
  4.62836237406567810E-01  4.45172835400622450E+00  3.51594481352871610E+00
  6.97384645011991290E-01  1.89281452772705800E+01  2.61416635311823060E+01
  2.47647088603063280E-01  2.91644646974765320E+01  2.26322521733826070E+01
  4.05793634226126800E-01  6.51251182325040110E+00  1.21894128044985410E+01
  5.37364664263313330E-01  1.28255788390610710E+01  7.87207716554862900E+00
  5.72881440675418570E-01  2.86384385999663390E+01  1.45138878052778430E+01
  5.04213456464067280E-01  5.35081554336382140E+00  6.06004025681812310E+00
  3.86557871019070410E-01  1.64956045972035280E+01  1.53852345354067590E+01
  5.62178328188990490E-01  1.35566507858111100E+01  1.26315671196207140E+01
  6.41715074739605920E-01  1.32420921023035730E+01  3.14317665151481410E-01
  4.54567147313974470E-01  2.47874076374239110E+01  1.28668823906038380E+01
  3.97011970696729720E-01  1.73644386422992700E+01  3.37995639772738570E+00
  3.99477862283745790E-01  1.91714160929268370E+01  8.50725355189153200E+00
  5.15931587153482510E-01  1.01963678627019230E+01  2.65582812653168180E+01
  5.98026541173087530E-01  6.50316504389751420E+00  1.10658398922257690E+01
  5.94917806945655060E-01  2.74447252452643330E+01  3.50672922201988780E+00
  3.86557871019070410E-01  1.27409378765234520E+01  2.82185063917670330E+01
  5.52347772924787250E-01  1.15331594536386270E+01  2.92924543329451940E+01
  4.05793634226126800E-01  2.08692520541510010E+01  2.07056226845056090E+01
  4.66753989857397040E-01  2.62909555388776930E+01  1.51640574328067390E+01
  6.77666041374141330E-01  6.54438160189024480E+00  2.30982432096027960E+01
  3.23306573977224420E-01  2.69692661695756540E+01  9.88072589527362770E+00
  6.88340418185590860E-01  1.61497841787151550E+01  9.04664017963434830E-01
  4.11696508529454960E-01  1.18788322163407840E+01  7.91260634851308090E+00
  4.03052389307286420E-01  3.13432007977267180E+00  1.06903744602359670E+01
  2.97529618718302210E-01  5.94974013421237300E+00  1.17688746141807390E+01
  3.13090147150790890E-01  5.45508822814592160E+00  2.13342379121711900E+01
  5.01435669612667030E-01  1.49828489627262300E+01  2.68373924032438540E+01
  5.26482748420329030E-01  2.64707304508481480E+01  2.72028663491320660E+01
  6.75156127532392600E-01  6.39681335787724950E+00  1.72015120943251670E+01
  7.20816873845379820E-01  1.10206689164618310E+01  1.90048508534261260E+00
  5.30006102735105960E-01  4.84290416552410010E+00  2.35066443115495150E+01
  3.43353541919950760E-01  4.72616673057838100E+00  1.50013102201534410E+01
  5.32877675645020420E-01  4.87706270921388980E+00  2.63275441847012280E+01
  6.44956217916396120E-01  7.19828482370580240E+00  1.94812680331354640E+01
  3.55036581058269410E-01  2.83797014769440140E+01  3.67276938598930870E+00
  4.30054269381220950E-01  1.37795706403642520E+01  7.71306097136584600E+00
  4.93734512940847830E-01  2.77346125200228780E+01  2.09558227756342180E+01
  3.42409596243210680E-01  1.48623561162237630E+01  2.36716600111806130E+01
  5.58952633370732950E-01  7.15633711209466840E+00  1.62291888926152520E+01
  4.49954956992444630E-01  2.10836992303042020E+01  2.26505781332561720E+01
  4.11346310528290360E-01  1.38063589795706370E+01  3.41640735604847600E+00
  4.72818350263822220E-01  1.39329534666128860E+01  5.75534648138903910E+00
  5.00672486592370710E-01  1.53607236058947500E+01  4.02682124473226470E+00
  4.15334611176110170E-01  1.43736652900083190E+01  1.78551389156373120E+01
  7.70254277643880240E-01  2.61620329316139430E+01  1.85250013950289550E+01
  5.32262962461145860E-01  2.84056904123737580E+01  2.78675230966946950E+00
  4.01880163826280960E-01  2.75124054327505650E+01  2.51376416357176740E+00
  7.41720708060832300E-01  1.74152738081947440E+01  2.92314599212269000E+01
  3.01674668393272730E-01  2.40980191077763410E+01  3.63364625133967860E+00
  2.66929568161810020E-01  6.99398649215636330E-01  1.93679642076688480E+01
  4.15334611176110170E-01  1.43503871333326670E+01  2.75000620020461460E+01
  5.20369884994360540E-01  2.41560023085915740E+01  5.80252009498843260E+00
  2.84672167568555990E-01  5.00463914087390820E+00  1.80742649967653360E+01
  5.18912146576496980E-01  2.94672861602935080E+01  1.38069378939240990E+01
  3.90540239164096370E-01  1.39275073981739140E+01  9.59658194322073040E+00
  3.63079661055833470E-01  3.57471636693628710E+00  1.43977296847298960E+01
  4.73113776075054650E-01  1.31646499333648360E+00  1.28998805722060220E+00
  5.55687039951364880E-01  2.10621657387145900E+01  2.16463017442401340E+01
  6.97384645011991290E-01  2.37709126569554280E+01  2.85019998854271040E+01
  3.54092873053847420E-01  2.78454270408490810E+01  1.73461289986520800E+01
  7.37991961479508610E-01  1.13395914955626120E+01  2.34837832501621510E+01
  5.10790949981952740E-01  2.88626394170415740E+01  6.24201813350765540E+00
  7.03918080384424090E-01  2.45196106324508920E+01  1.17373651328257610E+00
  2.69326463995374250E-01  2.63037278271689810E+01  5.50852468158634250E+00
  5.39922025342825940E-01  1.86558611632462640E+01  2.08950066746385730E+01
  5.39922025342825940E-01  1.84686482543249430E+01  1.50964609931437170E+01
  3.52682444144397330E-01  1.87860764058720860E+00  2.70468683414910060E+01
  3.17084428049163950E-01  2.92423913747862370E+01  6.97598784816617280E+00
  3.92511582998476170E-01  8.07200998244573850E+00  5.71255243894705080E+00
  2.92799561075502800E-01  7.12016718819102220E+00  9.40921488749487980E+00
  3.63105686475124490E-01  1.84701798694285730E+01  2.71079522865960880E+01
  3.25036994184950640E-01  1.83495237896931300E+01  2.32397117971392290E+01
  5.70902198024309190E-01  1.76014492380877310E+01  2.74489992376410680E+01
  6.18138908065390960E-01  2.36535837307133010E+01  1.43904545098570790E+01
  3.10705613459761840E-01  2.32676108183061390E+01  1.24687480401153510E+01
  6.99092076263204730E-01  1.62766914412756170E+01  3.25358974697013230E+00
  4.40295189098215370E-01  2.90070387585486140E+01  3.10115239817097650E-01
  6.52034765531911640E-01  1.82504842359972700E+01  1.62671743215961830E+01
  5.12628979659419230E-01  1.83873525532657420E+01  2.50607554012896120E+01
  2.68569610726517900E-01  2.41846189920842500E+01  3.07046465681718410E+00
  4.41473589537221400E-01  2.53861962531181220E+01  2.24333518935445570E+01
  7.41623060643924430E-01  1.37015747278828340E+01  4.56375971279267210E+00
  2.49794182180603610E-01  2.39223438012281700E+01  2.10394104107596110E+01
  3.44856808658559500E-01  1.71579069714225550E+01  1.88940641886547740E+01
  6.83701617051292750E-01  1.82423426226052300E+00  2.32854907235671860E+00
  7.19599311285852310E-01  1.10914003849611100E+01  4.66696444656786100E+00
  6.67521681419926690E-01  1.61874396266048030E+01  2.01516107061476820E+01
  5.40946473112310590E-01  1.00715924423690790E+01  2.33317377585628700E+01
  3.83579206291793930E-01  4.26694144437670530E+00  1.89055537513954340E+01
  5.04339573614743570E-01  2.45933678714059670E+00  2.91535308208648620E+01
  6.35523375007872900E-01  4.95145187773770170E+00  1.27698095289518640E+01
  3.44905765886116280E-01  2.91345540981868680E+00  7.56155454462560070E+00
  2.65726189967390210E-01  8.57903910042204920E+00  2.41849206119417200E+00
  4.87785457169642190E-01  2.08584482449323370E+01  7.28036501487572710E+00
  3.71299762957800540E-01  1.63387024474969780E+01  6.78871377267613510E+00
  4.13811620468168510E-01  5.05046453103178910E+00  1.87701424267655950E+01
  5.69423614487483490E-01  6.28842655541323390E+00  9.63493126673998820E+00
  5.83429036676414100E-01  2.42275896620044660E+01  9.32604902996118850E+00
  5.30006102735105960E-01  1.58284016099459850E+01  1.35595705955634940E+01
  5.16710955738981780E-01  1.49633321565662380E+01  2.88906040638359510E+01
  2.65726189967390210E-01  2.17172721005506200E+01  1.34180066149457810E+00
  3.18942867500738640E-01  3.85096794034088180E+00  3.01664576077578990E+00
  3.23881608201221470E-01  1.60603716454916000E+01  2.60297588763354430E+01
  3.54092873053847420E-01  1.64191711155350260E+01  1.14175995219014490E+01
  5.12509616084684260E-01  5.34848058030468550E+00  2.05159473987789770E+01
  4.99223721401470310E-01  9.81657888818260460E-01  7.13443372861092230E+00
  2.56092450391898300E-01  1.69763434165499660E+01  3.90337495596934940E+00
  5.45765227979075810E-01  2.48980336600850730E+00  2.63900697210375340E+01
  6.94010183176834960E-01  3.62786336823265730E+00  2.94143805238787050E+01
  3.57201130995523370E-01  7.33889809702373870E+00  2.04684925179609590E+00
  5.25895496843049500E-01  1.88151354652878240E+01  1.75164885578303140E+01
  5.10790949981952740E-01  6.36312793446447240E+00  2.02782234242508180E+01
  4.89717368181109780E-01  1.44777524971163980E+01  2.28650334493254910E+01
  4.82769235883485770E-01  2.05769348164238650E+01  1.80391893049674690E+01
  6.93278360304079300E-01  2.05107507409256260E+01  1.39381357462197090E+01
  3.35017483125717060E-01  1.65082135710105610E+01  8.88861054830678650E+00
  3.26514001167033020E-01  2.24770135393363230E+01  2.46243965381995840E+01
  4.75880684447443510E-01  1.34115458886209990E+00  2.09862761685314570E+01
  4.22354771203238230E-01  1.30684607002412070E+01  2.89574875418031080E+01
  4.11966131227655820E-01  2.10397092522265510E+01  6.40107987362429040E+00
  7.30946391186454210E-01  8.86981357471013610E+00  4.58914520419695470E+00
  4.22201084465533680E-01  7.91023220409149810E+00  2.57679920153332280E+00
  5.15931587153482510E-01  2.91201298921457050E+01  1.06369740516372810E+01
  5.52347772924787250E-01  2.33121094915548990E+01  2.48966099664588110E+01
  2.49794182180603610E-01  5.76914153847853230E-01  2.94988022209690040E+01
  4.50103975287380020E-01  3.91096447674114990E+00  6.30144743462848390E+00
  3.61769499680632390E-01  5.62546524968500880E+00  1.78942224812984460E+01
  2.77147605524350650E-01  1.36664877202209350E+01  2.73973144522816380E+01
  7.64764367446448820E-01  2.35064865224149880E+01  2.67425461062878400E+01
  5.71326189973923350E-01  1.57533634373638590E+01  2.09781740452047580E+00
  4.07877171249442140E-01  1.99709166499108190E+01  2.65074567802508410E+01
  4.46540105696671490E-01  2.41475892075839660E+01  1.03524894370401890E+01
  5.07606992315717240E-01  2.55327664328213930E+01  2.67697809849046990E+01
  3.01731430220296380E-01  5.76911757704205290E+00  2.94835072361418180E+01
  4.32382463464541460E-01  1.20286479348341350E+01  5.33571185989273290E+00
  3.25762576013666160E-01  1.77831992192015280E+01  9.20337466298312810E+00
  6.24920360555607160E-01  2.01763634158525310E+01  2.46025603464077460E+01
  7.38532964590205680E-01  7.65073756623960840E+00  2.54372341533348130E+01
  3.92511582998476170E-01  7.88854477904756820E+00  9.62479614695141090E+00
  2.97561439636419770E-01  1.81132720428625970E+01  7.16973980725740210E+00
  3.46434506905438330E-01  8.88301173632608790E+00  1.37059402289488100E+01
  5.89502618647478990E-01  2.33536219216009270E+00  1.01031521734525890E+01
  3.32399546609116130E-01  7.91616904041046520E+00  1.06460727349347600E+01
  5.77649046292645880E-01  2.87762992446156290E+01  1.73298608523417710E+01
  4.31729360191427780E-01  1.78630308586012740E+01  1.74311723967877970E+01
  3.17950877609215300E-01  1.98777530284520130E+01  8.78489056282240810E+00
  4.75880684447443510E-01  2.11589422144666490E+01  2.90183485223931540E+01
  3.91816801400439550E-01  1.51616664745707260E+01  1.33830881462332480E+00
  2.50163292655703180E-01  5.64421525804436100E+00  4.41749327968509500E+00
  3.42074681651230290E-01  1.04250047081746630E+01  1.31748136021422670E+01
  3.50974061745161330E-01  5.71951079676291840E+00  2.51115442654424970E+01
  6.18566685513849460E-01  1.40761659555796630E+01  2.04908671466604420E+01
  3.24719866931951940E-01  4.25804185330568700E+00  2.52026174630367630E+00
  3.57201130995523370E-01  2.83274734491833900E+01  2.95851960175373990E+01
  3.13090147150790890E-01  9.81537920920926690E+00  2.25172171800506610E+01
  2.58355477869490890E-01  2.83499274068562560E+01  2.13850731737787140E+01
  4.83351594707823830E-01  8.16382868344426350E-01  8.68208965700635100E+00
  5.48463672908306780E-01  2.00875234817347810E+01  2.01616591954587070E+01
  4.24351701398837560E-01  9.91873558059894660E+00  1.59073165112786000E+00
  6.80557430527969220E-01  2.44631550759426980E+01  2.44573234960485060E+01
  3.73125396709624990E-01  2.17751623825919120E+01  3.04052616084586360E+00
  6.77808113742920780E-01  5.36937947639960900E+00  2.24241100290502860E+01
  7.67512613708393760E-01  2.83975766370296550E+01  1.16949014654604270E+01
  4.76544583128828500E-01  2.37578374467786380E+01  1.60066865619007470E+01
  6.97738347479756800E-01  2.77455509743419240E+01  1.97656722961452510E+01
  4.49545157175862540E-01  2.90913068174004370E+01  1.26935979019702640E+01
  6.25336422111717830E-01  1.62897905485147940E+01  1.63738170073882440E+01
  4.99487474973056500E-01  1.28218833690276600E+01  1.17493481438843690E+01
  6.67521681419926690E-01  2.52231773044595190E+01  1.47839280678683080E+01
  3.44170209092795430E-01  8.80632276346381990E+00  5.66209933907441880E+00
  4.01880163826280960E-01  1.71229835129411110E+01  1.96380263159439960E+01
  5.95035019805102560E-01  9.45923835356415310E+00  2.55525717924417570E+01
  5.20348764567513020E-01  1.30183458391663240E+01  9.64383243672928710E+00
  7.44845164893703690E-01  1.67362831917705140E+01  7.83146768258280180E+00
  6.94010688862415210E-01  1.81276087861428510E+01  1.85235997228387570E+01
  4.00156705760987560E-01  1.35963578179992870E+00  1.02674394657405230E+01
  6.57722721512726150E-01  1.54158364554188050E+01  1.12948246775045150E+01
  3.61198882346046800E-01  2.57197388525847970E+01  2.93194797490220170E+00
  6.07167866036927160E-01  1.83646805578889920E+01  1.32300969475940190E+01
  5.81677556670477180E-01  2.00667022586786390E+01  2.66012159871726220E+00
  3.17579752081870750E-01  1.73452562009876450E+01  4.34216550983108720E+00
  2.69169509893181310E-01  2.70258381529876210E+01  1.91029126189218840E+01
  5.36592099856838090E-01  2.44343382064145100E+00  2.20832830987656190E+01
  3.01799748246536660E-01  1.80413264568811550E+01  2.66008158856479970E+01
  4.05794678723965420E-01  2.22095673478408640E+01  4.40333925891892090E+00
  3.65995101567518470E-01  8.00487351841003660E+00  2.00880677722103090E+01
  3.39481361119070080E-01  1.45249215839643040E+01  1.85941158365493810E+01
  6.97384645011991290E-01  9.84682936694807860E+00  5.62979452451013260E+00
  6.82253548551889110E-01  2.88509854341961080E+01  2.05905842865861040E+01
  5.67035311113654220E-01  3.95489377554292080E+00  9.55828197080221460E-01
  6.47236078597052340E-01  1.12650771649031450E+01  8.77476376439977560E+00
  5.92513140571182980E-01  2.94165786877923310E+01  3.27880381737600060E+00
  4.71553509741754610E-01  2.65798126007004530E+01  1.96919990057657480E+01
  6.55885333720611730E-01  7.56251627696325630E+00  1.49907940903787220E+01
  2.83840017940612550E-01  1.59110291918568440E+01  2.83768060667404750E+01
  5.65219172841477580E-01  8.57359622077739300E-01  1.38137171004759750E+01
  3.48480710258510130E-01  1.65270746373407750E+01  1.91817577398079990E+01
  6.26908127420837150E-01  1.54925110032761210E+01  8.40697046126148350E+00
  2.62213147743524950E-01  2.28551144920908520E+01  2.47510494585865760E-01
  5.08737612195334600E-01  1.36340550631277860E+01  2.81817286244876120E+01
  4.59281804788439010E-01  1.81225959209820640E+01  2.43721065888039500E+00
  2.86550378078914000E-01  9.03026919486142890E+00  1.21212230008518060E+01
  2.99038091422116640E-01  1.93776328403004530E+01  1.15955951543365680E+01
  3.62493203924014780E-01  1.72035732406102470E+01  8.83387251863064020E+00
  5.64616421781660800E-01  2.56605693955693950E+00  1.26124304516024330E+01
  3.87533216804236250E-01  1.59197767846604950E+01  1.03804646219056980E+01
  3.90540239164096370E-01  2.00276834783844180E+01  1.54307903210900430E+01
  5.44640939783434240E-01  2.18922983790019040E+01  5.29897202658284260E+00
  3.84420431658369740E-01  2.10116311911493730E+01  3.19181918322569480E+00
  4.53492046339069340E-01  2.71016001492220160E+01  2.16639510589550710E+01
  6.38023782753992030E-01  2.89375735948442350E+01  1.91647798742817270E+01
  5.00672486592370710E-01  2.83819063106931820E+01  1.63058946420709990E+01
  6.08873319065221350E-01  3.47178872184608740E+00  9.72314838026328410E+00
  3.18942867500738640E-01  2.06903942844737970E+01  1.29432754379168420E+01
  2.65726189967390210E-01  2.36831760071045920E+01  1.83909238942858910E+01
  7.10410487391814980E-01  1.00827990316749680E+01  1.21815099181977970E+01
  4.66797018098134940E-01  2.61735818802134260E+01  2.45964476156336040E+01
  3.89889811574280460E-01  2.77001019668649610E+00  1.58301238641650970E+01
  2.92456502136063850E-01  2.04860896432821600E+01  2.60339456033727290E+01
  3.63079661055833470E-01  2.58417239334806510E+01  2.06985992158178500E+01
  4.13811620468168510E-01  1.72267104602073080E+01  6.77792394297737030E-01
  2.60417758313763680E-01  2.16111378321681930E+01  6.05164084686541410E+00
  4.41940562555082740E-01  2.35631806297476980E+01  1.97853833170406650E+01
  3.08418768867630710E-01  1.58767651081572440E+01  1.50719867006031980E+01
  3.04461637453634990E-01  1.23972703634167850E+01  2.92421494109741250E+01
  4.75626642073745920E-01  1.45172510244323190E+01  2.14912671136490520E+01
  4.19693779402500590E-01  2.76625141373457810E+01  1.46823549050826470E+01
  3.26514001167033020E-01  7.47346219332715740E-02  1.64134473256516970E+00
  3.55388479881239270E-01  2.93470697616219810E+01  1.81047828822830610E+01
  5.33859136323620030E-01  3.05177191993208610E+00  2.05167058275272220E+01
  3.39481361119070080E-01  5.32195903577608490E+00  1.18698964521741250E+01
  2.51153087880769550E-01  2.11439769339896910E+01  5.19285836146750060E-02
  4.21603844523193420E-01  2.92453935870569810E+01  5.39270454983924990E+00
  5.20348764567513020E-01  3.32036597100697370E+00  2.40367563059002410E+01
  6.86210935380316480E-01  8.69030747456675100E+00  2.44106403182952750E+01
  4.41140732643827070E-01  7.48462810391899410E-01  2.00279827787362310E+00
  6.26908127420837150E-01  1.82642797230502050E+01  6.10427112238866700E-01
  5.11871480770454750E-01  2.03298051275980510E+00  2.02824726922469730E+01
  4.70990686464341570E-01  2.46774964467703310E+01  1.37855196066115620E+01
  5.20369884994360540E-01  2.55084719222804460E+01  2.38678496698139000E+01
  3.04306421741581800E-01  1.71287127444825130E+00  2.16700027020280680E+01
  5.88333222664750720E-01  9.74723750788722220E+00  3.60578354411830970E+00
  6.64541222436485860E-01  1.27720818342486010E+01  2.71063088461185370E+01
  4.24351701398837560E-01  2.29723904560403620E+01  2.25683895902912860E+01
  5.55920758830291820E-01  1.52528048060839880E+01  2.78581203147067950E+01
  2.89042915761794110E-01  2.63174292098813360E+01  2.38563623192973500E+01
  2.47647088603063280E-01  1.43459578493726670E+01  1.36934661864184900E+01
  5.88686278844574580E-01  2.41547548575695220E+01  8.15644930330201130E+00
  3.53063097104977870E-01  1.22702049561416460E+01  6.09328611362756330E+00
  4.50600139601478670E-01  1.70626645816926690E+01  1.18997069293368880E+01
  6.65634982039605120E-01  8.32448477571512770E+00  2.11726221257519820E+01
  4.69750256464274060E-01  2.28501216399154820E+01  2.77874942303937120E+01
  6.13801455222646290E-01  6.64646512548264390E-01  4.09312741241005010E+00
  5.14582826754803690E-01  1.68960489199583530E+01  1.38732136993537140E+01
  3.81419328643079860E-01  1.42042819803258080E+01  1.54673360578508850E+01
  7.28196096543639280E-01  2.59263683616614600E+01  1.00117416218208090E+01
  7.33199636544987770E-01  1.96074240779093860E+01  1.65388036460770490E+01
  2.86550378078914000E-01  2.43560430992915290E+01  1.73128403647614850E+01
  2.52169786807371790E-01  1.99647053859840400E+01  6.59075429663448100E-01
  5.01406606281285510E-01  1.39754915396199330E+01  2.91316501510187610E+01
  4.18948713530687210E-01  4.45566937600309300E+00  1.80390661635789850E+00
  3.62620749938717070E-01  4.19631763575605630E+00  2.41170856200734390E+01
  3.15231116497538320E-01  1.42442729860112380E+01  6.47906114144853620E+00
  2.83840017940612550E-01  1.65781781677877720E+01  2.35481532441854530E+01
  4.72199721516180480E-01  2.79653123621987950E-01  1.29557687695050510E+01
  4.41666133880560000E-01  3.98324409686565240E+00  2.48910877424723510E+01
  3.39073066583844400E-01  1.06695409057408080E+01  3.69643263716274980E+00
  2.54831192030272870E-01  2.19044270384009640E+01  1.80271477666586190E+01
  6.65634982039605120E-01  3.79963324172955510E+00  1.53993162023613530E+01
  2.69326463995374250E-01  2.58062975590431700E+01  2.30877765566962090E+00
  3.08418768867630710E-01  2.08465547083889260E+01  2.66183289847652990E+01
  5.63324676144028570E-01  9.19653059286451760E+00  9.19107332362125540E-01
  2.49794182180603610E-01  2.32884359431727980E+00  7.66862872093548200E+00
  6.44956217916396120E-01  2.73294460920176410E+01  2.96760829999128720E+01
  4.26043897269923290E-01  1.72322841592527600E+01  1.59088633348565070E+01
  7.44533748089133770E-01  2.90383145351515810E+00  5.65980393464221350E+00
  2.47647088603063280E-01  2.03011687735303280E+01  1.48547254993072110E+01
  3.47451934045076260E-01  1.44236624027098590E+01  1.32147178344678420E+00
  4.83182858574677270E-01  2.50057211378627140E+01  2.05742483728725960E+01
  5.38382388131525950E-01  1.86427562275500060E+01  9.28042570079072250E+00
  6.08690451339190200E-01  8.41106706195226650E+00  1.14445669216177400E+01
  3.93024383017402490E-01  2.31239793496467100E+01  1.10290974522335590E+01
  2.54611020839302520E-01  8.60428099686295230E+00  2.20824611017344590E+01
  6.82253548551889110E-01  2.50409241220589640E+01  2.56879550626850700E+01
  7.67665169660178040E-01  1.42009300605071050E+00  2.48184955600223810E+01
  3.95839252948554370E-01  2.15977096468122200E+01  2.64247856148366690E+01
  5.15379284759350490E-01  2.90170078712170500E+01  1.26602481142312230E+00
  5.09222041678605210E-01  7.20062545192784050E+00  1.02069030459771390E+01
  4.72038094207023740E-01  1.56337726291156770E+01  7.31815252896417960E+00
  6.64541222436485860E-01  6.47891807090774920E+00  2.44386105424862700E+01
  4.84167632717154460E-01  2.02639328507509970E+01  3.70629098685688610E+00
  5.39922025342825940E-01  1.60206830614557380E+01  2.68923671459170210E+01
  3.77759649416993960E-01  5.76768389622194460E+00  1.04246622703191800E+01
  5.06367095649294540E-01  9.92240348598113720E+00  2.81836261403407850E+01
  3.05466220251299840E-01  1.06929496318231580E+01  2.87295115358025740E+00
  7.55604472483241980E-01  1.85979098072556290E+01  2.21890743000112530E+01
  7.68548325332126940E-01  9.27785753766362830E+00  2.92825665973621270E+01
  3.09209541844886400E-01  3.15785533615020910E+00  2.69229311584485630E+01
  4.71553509741754610E-01  1.85120975870849770E+01  2.79539189642803760E+01
  3.65995101567518470E-01  9.41483940817101050E+00  2.74752906321609770E+01
  6.26517897412854200E-01  2.68654036196939110E+01  1.73213390867609150E+01
  3.55388479881239270E-01  2.54201090150324480E+01  4.20579460275041050E+00
  3.90423892796942250E-01  9.98921484505797790E+00  4.55259227629813350E+00
  4.92172780862642510E-01  2.13164058642153190E+01  2.72664392740808350E+01
  6.66683478841499700E-01  2.62030129532229460E+00  1.47834236958760780E+01
  6.94903868090152520E-01  2.06436803025378100E+01  1.05378275479992740E+01
  7.65642972591057180E-01  1.67471279445652140E+01  1.78642617496553590E+01
  3.52682444144397330E-01  3.38253157408159710E+00  2.63017946590615250E+01
  5.39466591144820300E-01  2.65985870621665870E+01  2.73538680498449740E+00
  4.26043897269923290E-01  2.54463249046003920E+01  2.94172350233558330E+01
  2.53364602799301860E-01  1.10562248243314940E+01  1.40906882771754830E+01
  3.83290088603488770E-01  1.76341987818773410E+01  2.15855397297603950E+01
  5.55920758830291820E-01  1.39509085615764530E+01  2.66149643689378230E+01
  4.13050329149462850E-01  2.39738298572796000E+00  2.41582918863783180E+01
  5.20369884994360540E-01  4.86504822877008980E+00  2.52750720477006610E+01
  6.99477888048091770E-01  2.64423895458677760E+01  2.59779486393139360E+01
  3.59079136884617700E-01  2.27764412148848870E+01  2.14923483923529300E+01
  3.01799748246536660E-01  2.76897495279470010E+01  1.67100964603755240E+01
  5.28731261397185740E-01  1.50300129249393070E+01  1.98589379934134020E+01
  6.80338287111455390E-01  1.24652829072405120E+01  1.51418808963052140E+01
  4.74033319401206570E-01  9.40296161065212740E+00  2.08056991329767380E+01
  3.53302408788900560E-01  2.12179547177360630E+01  1.47091055680291800E+01
  4.03052389307286420E-01  2.45970227501637990E+01  2.21347715368394160E+01
  3.33973424357718240E-01  2.42643910960731620E+01  1.85371761001973570E+01
  4.68162992243922280E-01  1.54103977959379210E+01  2.30775426704175860E+01
  4.72192289519205580E-01  1.17205996809437420E+01  1.60200804995537390E+01
  6.73658304681401180E-01  6.62767362300289960E+00  8.43960496006332050E+00
  4.61178090502161720E-01  2.45622440038785260E+01  2.93450085687471470E+01
  4.18189647978318300E-01  8.78291966601162950E+00  2.01658467770950160E+01
  5.15379284759350490E-01  1.54928786116980640E+01  5.67775530594419560E+00
  5.34553382826858140E-01  1.73351385903768930E+01  2.24526499636159150E+01
  3.70336582810533970E-01  1.84341007375239020E+01  2.87908137668531230E+01
  6.42747544188997020E-01  4.76620987612705440E+00  4.57553535696424340E+00
  4.50600139601478670E-01  2.85871238226660650E+01  2.30238037683867810E+01
  3.55036581058269410E-01  2.24949014455338860E+00  9.16410340325583840E+00
  3.54092873053847420E-01  1.95492628046017000E+01  2.08858486510832860E+01
  5.13614394364816020E-01  2.60925423453459260E+01  4.75460354022558730E+00
  3.65995101567518470E-01  5.98193480437898640E+00  1.04624309002052310E+00
  5.25383403930900440E-01  7.41507876700627920E+00  1.38205066529049020E+01
  3.83598938984435380E-01  2.19226450027824240E+01  2.50674920240718710E+01
  4.86073626967704090E-01  2.81717414422357210E+01  7.34251023526216960E-01
  5.96963967672292380E-01  1.11308867327844590E+01  1.93877794248030320E+01
  4.66553963192992600E-01  4.85578788565102570E+00  1.58007278341212610E+01
  4.15252526658189590E-01  2.19912322806265090E+01  1.49994576700802010E+01
  6.36786611163594070E-01  1.95590069834721160E+01  4.57742988490540890E+00
  6.06760633376156730E-01  1.45782547309136810E+01  1.03504189977531760E+01
  5.25895496843049500E-01  7.97203656692994220E-01  2.96517658059540160E+00
  5.05409982910693060E-01  1.95923305790156910E+01  2.96923964711214050E+01
  5.18912146576496980E-01  2.07594470854731870E+01  2.81089033691626680E+01
  5.81677556670477180E-01  2.62186235279814910E+00  2.31859523993210420E+01
  2.50625569857546320E-01  2.00054205061239400E+01  2.79700927842297130E+01
  6.67521681419926690E-01  3.54897167173671860E+00  2.16098836162309770E+01
  6.52034765531911640E-01  1.93257161113204180E+01  5.84418921740315600E+00
  3.81419328643079860E-01  9.95725135934879550E+00  1.48156746053494220E+01
  3.18942867500738640E-01  1.44594316809814960E+01  2.82255026402835410E+01
  6.63973334543257470E-01  3.51334116183247680E-01  6.90355523819702470E-01
  4.05793634226126800E-01  2.35213368395452080E+00  2.11453300734953160E+01
  2.88617724104866640E-01  5.80043632208304330E+00  1.23644699957537800E+01
  3.17587838135982990E-01  9.39836123376645110E+00  2.67935089208877670E+01
  6.94010688862415210E-01  7.37597475894531040E+00  1.81562262074332850E+01
  3.25036994184950640E-01  2.87713367145162200E+01  7.90030722673401350E+00
  4.41940562555082740E-01  1.06065647269617800E+00  2.01135076217096080E+01
  3.05466220251299840E-01  2.33485630865580160E+01  5.96111813018146550E+00
  7.22984261441823330E-01  3.19009426998256010E-01  9.77967105255073930E+00
  4.60682082706054620E-01  4.79924139332785590E+00  3.71348880330085510E-01
  4.22201084465533680E-01  1.97466348693661190E+01  1.76844863243520050E+01
  6.24824560398126750E-01  2.25202688310636180E+01  9.25051801877737740E+00
  3.63079661055833470E-01  2.03713672611946170E+01  9.26777285325447050E+00
  3.25516939164680520E-01  2.48782669340530730E+01  1.01082400073450830E+01
  4.87886881528419990E-01  1.95087113475166800E+01  1.33121357406003500E+01
  4.34172467284937990E-01  1.13150807693071000E+01  3.27183429081473330E+00
  7.04082361725448710E-01  1.19811796731883540E+01  1.84031950344862200E+01
  4.40295189098215370E-01  1.23059004715819270E+01  3.32642843851111850E+00
  4.54567147313974470E-01  1.38598021749656160E+01  1.90278338284957730E+01
  4.89717368181109780E-01  9.60084268534674480E+00  1.32798978841398800E+01
  4.82771447840326400E-01  1.37115999256964960E+00  1.79473976794580990E+01
  3.54092873053847420E-01  9.98429911428247330E+00  1.02813068080987050E+01
  7.67457697882333090E-01  6.39734129223745370E+00  2.86188044133712050E+01
  4.43129600128677660E-01  2.69822874941359000E+01  5.10212133632912850E+00
  5.61514797181737530E-01  2.57601016166378790E+01  6.60691507535200450E-01
  5.82207618145930890E-01  4.79211407500819500E-01  1.85491670322388020E+01
  5.94092381958372510E-01  2.90110746528421080E+01  2.72627241561543450E+01
  5.64318884198494160E-01  2.40453383927358790E+01  1.20692392231721770E+01
  6.16837537735261420E-01  2.20094235342844410E+01  1.07452686448716860E-02
  4.20581746236023420E-01  2.34037803742250400E+01  5.23743095179862820E+00
  3.16022212934137680E-01  8.98516728362490550E+00  6.29732706721359390E+00
  4.59502380082057990E-01  1.93038833536924450E+01  9.20253763780720750E-01
  7.48336469443998900E-01  8.88716861833038860E+00  1.01745576412149390E+01
  6.90159994875631000E-01  7.70792628880256190E+00  2.23797059792294380E+01
  4.68364091588631840E-01  1.03267819063916410E+01  1.10287544126611510E+01
  4.05593309893122810E-01  1.21294572267418880E+01  1.72038955093379120E+01
  5.55687039951364880E-01  1.75846946695411570E+01  1.57765503400465350E+00
  2.83840017940612550E-01  1.90081867924664960E+01  1.57179968573090980E+01
  5.98280766214214580E-01  2.87770365473652100E+01  8.82254413898207450E+00
  5.84913004272127690E-01  8.61687460487892310E+00  1.66827491005960270E+01
  2.83840017940612550E-01  1.28265353018026320E+01  2.13833431198189940E+00
  2.83517655556827110E-01  5.08531542178871550E+00  1.36795227523649140E+01
  5.27599340399055180E-01  2.13085530567174430E+01  2.43958379545958090E+01
  6.24824560398126750E-01  2.57340632259966710E+01  1.23522293288268480E+01
  4.84167632717154460E-01  2.94837021567709600E+01  2.32871466008012680E+01
  5.66562802601083430E-01  5.84455797461204620E+00  1.60922595611890350E+01
  5.81213412342838430E-01  1.82624585663563610E+00  8.32985223672968190E+00
  5.13285974501586400E-01  7.36614630983487030E+00  1.18511988994684090E+01
  5.29625185962053640E-01  2.32142977037549830E+01  2.07194412730223330E+01
  3.30104909316010620E-01  2.13475151036936740E+01  1.53795214420364650E+01
  5.48174971142568520E-01  2.76519166825242170E+01  2.56787783161685180E+01
  4.72192289519205580E-01  1.53416639199578580E+01  2.09180437303340520E+01
  4.53126113496558960E-01  1.90323982626887050E+01  2.50313487617004870E+00
  5.25993347610763350E-01  1.18345013098660740E+01  1.41165194220935530E+01
  4.75338540515479570E-01  7.05334130676371450E+00  2.84177932830126250E+00
  4.30858982518450690E-01  1.85168683866068380E+01  6.56398413267210850E+00
  7.09741570678139940E-01  1.53698143191595200E+01  1.73380073506577370E+01
  5.05409982910693060E-01  2.09937126999801040E+01  1.70098159480404010E+01
  5.20369884994360540E-01  9.71546050182953100E+00  8.02014201774805360E+00
  2.73281005279713530E-01  1.53322962500682770E+01  1.48716271875197630E+01
  3.09574052588245370E-01  2.65035213297445330E+01  2.92005623589923860E+01
  3.18095930761502070E-01  5.73377554092410340E+00  4.09225738622154630E-01
  4.46537248270915300E-01  3.18111608693193610E+00  6.81759901060255120E+00
  6.38830345620663920E-01  6.34517858426106330E+00  1.98236083656542640E+00
  6.68397269451762100E-01  1.41135967095326840E+01  1.15370032996120400E+01
  5.32488384254616510E-01  2.11677260568713170E+01  1.98163358466013830E+01
  3.17579752081870750E-01  1.22307497955645990E+01  2.40727799732173760E+01
  5.16710955738981780E-01  3.67494061042386070E+00  1.73970626918464540E+01
  4.49545157175862540E-01  2.32422326080645090E+01  1.89538040805887850E+01
  3.20574425314766210E-01  2.14953950404287540E+01  4.53262751038667750E+00
  4.12246671516209600E-01  6.77914493868363350E+00  7.36439848529928830E+00
  4.94550785807675550E-01  5.40126757844313850E+00  3.63398618622926770E+00
  3.59079136884617700E-01  5.63932538260034730E-01  2.55509582845934990E+01
  6.10572080928614460E-01  1.28474402232957790E+01  2.07067915475714880E+01
  4.75338540515479570E-01  3.37057512745902210E+00  1.64543281641171360E+01
  5.09574347305064630E-01  1.63039958309624920E+01  2.26845893932552620E+01
  4.18189647978318300E-01  2.67024220098182890E+01  1.08540385521548240E+01
  3.76753951196820710E-01  2.27218526727261860E+01  5.69696139909760110E+00
  3.84533934306195220E-01  2.34197575967193790E+01  8.79377135962702280E+00
  6.60767019732147710E-01  4.85713365197815160E+00  9.92596675633419960E+00
  5.64318884198494160E-01  1.53945522185445740E+01  2.20466916880814980E+01
  4.69750256464274060E-01  2.94717616510619320E+01  2.52840026426915120E+01
  6.88340418185590860E-01  1.93847599503063520E+00  2.80838046640881880E+01
  5.93150731645016190E-01  2.14108426100732810E+01  1.87164495522010520E+01
  7.17499092254363010E-01  1.64839916296446120E+00  1.91152121736868920E+01
  3.79322922295397280E-01  5.82521649616656220E+00  1.86074970542765610E+01
  3.20574425314766210E-01  2.38314082858284100E+01  6.67387489438947770E+00
  7.17953871372127320E-01  4.93828690949897810E+00  2.88943680981340840E+01
  3.42409596243210680E-01  2.59438861927008760E+00  3.00594944872807670E+00
  4.43129600128677660E-01  1.11861286378538200E+01  1.25143468388507720E+01
  3.78068289465320630E-01  1.91757952425583080E+01  2.46478230678829180E+01
  4.75338540515479570E-01  2.70855464825860430E+01  2.48283738258339320E+01
  7.38532964590205680E-01  9.82641753931233270E+00  1.96703080831925630E+01
  5.07606992315717240E-01  1.20288330669135050E+01  6.99390016955302410E+00
  2.86134314477376340E-01  1.53859746186587450E+01  9.97094094405967190E+00
  5.07437626189109900E-01  1.56247729984957590E+01  2.40452053329765080E+01
  6.15073771326759470E-01  2.87403601503387590E+01  2.60848161267184080E+01
  3.30104909316010620E-01  4.31713051690351700E+00  2.28262345220859300E+01
  6.66683478841499700E-01  1.47522117066998280E+01  3.62279854877204600E-01
  7.49545055295440930E-01  1.40966766930202070E+01  1.66253711254092450E+01
  2.54824432159977790E-01  2.02776322175019960E+01  1.72646962382912930E+01
  5.72142532162989690E-01  2.20857602324977580E+01  2.21163112581501660E+01
  2.77147605524350650E-01  5.50068380745212340E+00  1.40561316024037120E+01
  4.68364091588631840E-01  1.78616257069924770E+01  1.07923800757693440E+01
  4.82771447840326400E-01  1.86425796012490320E+01  1.65256296473886620E+00
  2.50971712925384870E-01  2.61758634100066060E+01  6.02247311862475950E+00
  5.38024295323284910E-01  3.30041929300573500E-01  2.09295264628384810E+01
  4.13050329149462850E-01  2.68342827090488070E+01  5.94370943961262200E+00
  4.86590143357422540E-01  1.47388259809346690E+00  1.46633971268475030E+01
  3.16148313226467530E-01  2.35134526814748350E+01  7.51841170882143130E+00
  3.81419328643079860E-01  2.68614635271464510E+01  4.28847775368507910E+00
  6.52911031193170470E-01  1.10806436529252040E+01  2.81764340216877970E+01
  4.49150663742554990E-01  3.54443485526162050E+00  2.27264567986566140E+01
  4.73113776075054650E-01  2.64113529015123620E+00  4.45016821430668940E+00
  3.65995101567518470E-01  8.68460558163058140E-01  2.83695696489601730E+01
  3.46028387031474870E-01  1.07066737948670990E+01  2.72513828951037100E+01
  4.23675716525973380E-01  1.29722340081052430E+01  1.89389671082087570E+01
  2.47261092463374420E-01  7.30595057806064840E+00  2.36221211710190710E+01
  2.63339374245984010E-01  7.38112666787873820E+00  7.05847852774310260E+00
  2.59062449636064510E-01  1.69269361032060390E+01  2.31324032765405110E+01
  5.77180454669814490E-01  1.35726091308837550E+01  8.69757543846722390E+00
  4.06599624824484800E-01  1.80853203561365420E+01  1.42036649455764600E+01
  4.65278877330243820E-01  7.49199966409835840E+00  2.78799820068679940E+01
  3.07263188066738420E-01  2.80325655835992580E+01  6.48452112274932180E+00
  3.88697647565240350E-01  1.66783263135180380E+01  1.84208158346010010E+00
  6.62122603690132470E-01  2.24965098430619400E+01  1.18764355304610410E+01
  3.79322922295397280E-01  2.32784407664220510E+01  2.94587590815978300E+01
  3.53063097104977870E-01  1.47894073581287890E+01  4.66003953454458220E+00
  6.88885956497308970E-01  7.01632976298677400E+00  8.41812141184109740E-01
  5.33066537704075310E-01  2.51908974623987380E+01  7.72788040906607240E+00
  3.42074681651230290E-01  2.83089513780069310E+01  1.27992567897449070E+01
  4.24351701398837560E-01  6.58028181611849310E+00  1.54324935703976660E+01
  2.92456502136063850E-01  1.00820444850985420E+01  2.73843337723203280E+01
  5.90639534364661320E-01  2.89949015688842200E+01  2.42417960377126570E+01
  4.09705559579089850E-01  1.52669205745560230E+01  1.62240667250637890E+01
  3.59079136884617700E-01  2.40597379330216010E+01  2.04475464472875500E+01
  5.27599340399055180E-01  2.71026821954027640E+01  1.17107113876770300E+01
  5.38382256471750510E-01  2.67419458474919940E+01  2.06852835909821560E+01
  5.96963967672292380E-01  3.72577139184099430E+00  1.26534355655239530E+01
  2.96503602823160150E-01  2.71794583904316160E+01  1.90016989419912100E+00
  3.64593218166308700E-01  4.91567097491734200E+00  1.43194614449015630E+01
  4.18947112612636110E-01  2.86488140456593360E+01  9.83099140549358810E+00
  5.40946473112310590E-01  1.04817729647161910E+01  2.44319169146041300E+01
  3.35017483125717060E-01  8.03123013974728120E+00  3.93176766135032130E+00
  4.75626642073745920E-01  5.87463435507534460E+00  2.64701405597955780E+01
  3.04461637453634990E-01  3.38666239647436430E+00  1.18192107593456260E+01
  4.36315933331792570E-01  8.44354437583834640E+00  1.86402141314024660E+01
  6.77666041374141330E-01  2.75003476960354370E+01  2.27224613398870150E+01
  5.67035311113654220E-01  5.46097139348685000E+00  8.85896721950046560E+00
  3.38650161839631010E-01  1.93403706704958370E+01  1.51917285560740290E+01
  6.94010183176834960E-01  1.70960589506835030E+01  2.62908687436638470E+01
  7.10410487391814980E-01  2.19727580735459930E+01  1.62106210183961500E+01
  4.54567147313974470E-01  2.26814446269479040E+01  2.88706942954469280E+01
  2.52169786807371790E-01  1.49433611442368890E-02  1.57983462124976380E+01
  3.01799748246536660E-01  2.49845965242274030E+01  2.85191324534128650E-01
  4.27719079604653450E-01  5.96341223033195430E+00  7.56347561235813790E+00
  3.87762191716535260E-01  2.61313397366070890E+01  1.14215874456694150E+01
  5.72951670348821020E-01  2.31783891292941430E+01  4.27014784366623430E+00
  5.09222041678605210E-01  1.26578152319531810E+01  2.51171610091832210E+01
  5.25993347610763350E-01  1.92890878555579480E+01  3.44746508529008140E+00
  3.12648490279368120E-01  1.48774535189767040E+01  1.98261757936479910E+00
  3.32399546609116130E-01  2.86726817236099550E+01  1.82326396127044460E+01
  4.43807889241729470E-01  2.34379020610684950E+01  3.28878290415269260E+00
  3.44170209092795430E-01  4.26841103030673260E-01  2.89253102293205300E+01
  2.54824432159977790E-01  4.07359086353886380E-01  2.28795168407782260E+01
  4.21963532045373490E-01  2.82583772458464930E+01  2.80170333193431240E+01
  4.11696508529454960E-01  2.39139833721945610E+01  2.37006234609118850E-01
  4.11346310528290360E-01  9.00597131015308610E+00  2.81352675632187110E+01
  6.16837537735261420E-01  1.93988207710639780E+01  2.85878868208383960E+01
  4.83570943621045310E-01  2.93561585762375290E+01  1.64429909241319550E+01
  4.32382463464541460E-01  1.55717906077715270E+01  2.49828483317679150E+01
  5.92513140571182980E-01  7.73962801822833860E+00  7.83467166345299670E+00
  3.55036581058269410E-01  1.70574269356568490E+01  2.81967076919361300E+01
  4.74581552528920360E-01  8.46071526279473570E+00  1.77286247593251400E+01
  3.44905765886116280E-01  2.13609302190209110E+01  1.77759824322302400E+01
  5.96963967672292380E-01  2.13155475521660660E+01  9.43703700692086580E+00
  2.68569610726517900E-01  9.38070894260465240E+00  2.37523043595782680E+01
  5.80290806494985740E-01  2.67010001131590510E+01  7.56200010141959300E+00
  6.25336422111717830E-01  2.88790649266527400E-01  1.73578515848211980E+01
  6.17452885167652710E-01  4.21868892896099100E+00  2.05134785631861260E+01
  3.29506256422424390E-01  9.59414913421090180E-03  8.77769595205476880E+00
  2.58355477869490890E-01  1.47243104406307030E+01  1.58371458719130370E+01
  4.69641390777102340E-01  1.95202447383678360E+01  1.08405871300332950E+01
  3.49095179616795370E-01  2.83839622091732800E+00  3.65242026807561700E+00
  3.27988333844876360E-01  7.11406093025980370E+00  1.26766829086368330E+01
  3.86383264228710210E-01  2.81387967535783940E+01  1.53326480639117370E+01
  4.75543307221801650E-01  1.45392385658408240E+00  9.39744738428307970E+00
  5.07815655211632320E-01  2.48914389449340660E+01  1.59105983085100270E+01
  6.08088426536500660E-01  2.78460396338502070E+01  8.05608363518764040E+00
  3.93024383017402490E-01  2.02322454288493850E+01  2.11875572736535000E+01
  7.48336469443998900E-01  1.75333471639293030E+01  2.39348512124522550E+01
  3.13454063710418570E-01  2.47097579862046250E+01  2.17231050444936360E+00
  4.43133439323318520E-01  2.23654309766302650E+01  1.91140687734476200E+01
  3.62493203924014780E-01  9.46309047511677730E+00  1.62597645931858710E+01
  5.72881440675418570E-01  1.93901921181853860E+01  1.86125897729504000E+01
  3.71299762957800540E-01  1.46901558537879960E+01  1.48937767135869080E+01
  5.13143010843963320E-01  3.61176503418647290E+00  4.62179905974167490E+00
  3.87533216804236250E-01  2.65643000199684140E+01  2.32285982018354250E+01
  3.90540239164096370E-01  2.62962342767857660E+00  3.37438931381861100E-01
  4.11696508529454960E-01  3.59677925219066050E+00  3.69926336409571950E+00
  4.19670751191123690E-01  1.79429489369681040E+01  1.96200985839607500E+01
  5.39922025342825940E-01  2.53384757647824230E+01  8.79007897645836600E+00
  3.73125396709624990E-01  8.37184665343612440E+00  1.94464738620983790E+01
  5.72628172168292430E-01  2.32594413595215850E+01  9.76986770114477210E-01
  5.63660960642019760E-01  3.08010427363028020E+00  1.36160303046474080E+01
  7.54397230300637300E-01  2.50156047238226580E+01  1.11787859739921540E+01
  4.07877171249442140E-01  2.25045172786917610E+01  2.61339708658747760E+01
  4.61178090502161720E-01  1.49629943944647600E+01  9.35570643873349540E+00
  3.50974061745161330E-01  1.21079047046781430E+01  2.85962076538947120E+01
  4.22541054278063120E-01  2.64465446145473460E+01  1.61091109495385080E+01
  3.25036994184950640E-01  2.28250070636968870E+01  1.39405052130157760E+01
  4.96042965314236020E-01  1.40289544922574300E+01  2.37419293420605800E+01
  3.04461637453634990E-01  2.33262126467535370E-02  2.94716028327829850E+01
  4.21290506291976640E-01  1.21627279178406220E+01  1.90199244006113070E+00
  4.26578460793149810E-01  2.00446321277350070E+01  1.25733284955239220E+01
  3.91816801400439550E-01  2.56722454564844650E+01  1.63571808753482840E+01
  5.32262962461145860E-01  2.07507521555467880E+01  1.60016995457846500E+01
  6.07718241283317260E-01  6.03152613709254480E+00  5.18272353400990940E+00
  5.13425754976809310E-01  1.30688887880548220E-01  1.98984214725490140E+01
  5.46829204411607870E-01  1.18941437443808270E+01  2.14113399029862600E+01
  2.99038091422116640E-01  7.46859146033713990E+00  2.86423398913732150E+01
  3.65374026971610010E-01  2.86833665829872860E+01  1.33990496064782470E+01
  3.46733456860136300E-01  2.07594182476849840E+01  1.22814981383568580E+01
  5.01833768532536340E-01  2.90062948330124190E+01  1.55224357952134810E+01
  2.88617724104866640E-01  5.34976905221614630E+00  8.78544809005226670E-01
  3.13454063710418570E-01  5.54768651452412700E+00  2.57529019687143940E+01
  4.43756654693070110E-01  1.20414989061269470E+01  1.22832819881037790E+01
  5.20369884994360540E-01  1.07590392807668830E+01  1.83357910613482820E+01
  7.41720708060832300E-01  1.93861918174665360E+01  2.34880335020357580E+01
  2.99038091422116640E-01  6.23808592642626360E+00  2.71524779678792000E+01
  3.93024383017402490E-01  2.66981340005386730E+01  1.40826144851154820E+01
  2.53364602799301860E-01  8.63725828870241050E+00  2.53480821290970330E+01
  5.48463672908306780E-01  1.46949830556739500E+01  2.45454914257336410E+01
  5.63660960642019760E-01  2.49373743002050360E+01  3.42438310476176970E+00
  4.99487474973056500E-01  2.86877020977635060E+01  2.20609749155297190E+01
  5.32488384254616510E-01  2.35994030792592010E+01  1.70030623395004670E+01
  3.62493203924014780E-01  2.94959760201571580E+01  1.14301169312883370E+01
  3.90540239164096370E-01  2.22967880437940170E+01  9.74774493227252490E-01
  6.25248164210708260E-01  2.46072586040148060E+01  2.31612436423336450E+01
  3.93024383017402490E-01  2.75112875371546210E+00  1.90049470744584140E+01
  2.83517655556827110E-01  1.18626029224454540E+01  1.31169756938244020E+01
  5.16562546778196820E-01  2.54332082789621230E+01  2.14774069383370540E+01
  5.96777348356598920E-01  2.18694726219651800E+01  2.82043510964663500E+01
  3.35017483125717060E-01  1.94993937318838560E+01  2.52825966600091190E+01
  5.69344335137112000E-01  3.55245997609997890E+00  1.95340744220287090E+01
  5.55509338843663690E-01  1.06258368268863320E+00  6.08401475251717640E+00
