1
  1002  2.96924426640336700E+01  2.96924426640336700E+01  1.00000000000000000E+00
        0.00000000000000000E+00  0.00000000000000000E+00  0.00000000000000000E+00
  3.33973424357718240E-01  1.84971538048784830E+01  2.53928404534015510E+01
  4.91872428060923640E-01  1.44417238267677880E+01  2.65357328700359610E+01
  5.52490392167627680E-01  2.11052784042100360E+01  2.73970557835635980E+01
  5.39466591144820300E-01  5.71236443142799910E+00  2.27650106487298030E+01
  5.65219172841477580E-01  1.32322631300314000E+01  2.25803776015572950E+01
  3.53776024442120150E-01  2.63651530736113710E+01  1.41234342069340660E+01
  5.54611473665029210E-01  1.86674566951435250E+01  5.56787369031572870E+00
  4.81368497469048420E-01  1.47867368400510930E+01  1.16211195258765890E+01
  2.84672167568555990E-01  1.31531276453476520E+01  2.71360501464756540E+01
  3.06898385793053400E-01  1.07094936471275950E+00  1.16698429054366720E+01
  4.49954956992444630E-01  2.52267249735287540E+01  6.96199808218215920E+00
  5.88686278844574580E-01  1.29425699434171100E+01  2.06181711145598140E+01
  4.36315933331792570E-01  4.09687287533447280E+00  1.63538359240548100E+00
  5.46155746035104350E-01  8.63723987970197090E+00  5.90818962013493460E+00
  4.11346310528290360E-01  2.29909528751177700E+01  2.53800550944094860E+00
  7.44650008855257360E-01  2.60247460808586340E+01  1.22188417791884360E+01
  4.68162992243922280E-01  2.73796758403906930E+01  1.99317371999544830E+01
  7.11073931023246340E-01  2.25072019986979090E+01  9.26911624676048970E+00
  3.02034441597155470E-01  1.81552008059047440E+01  8.42675460300528200E+00
  5.12509616084684260E-01  4.90048226414585830E+00  1.44185883684740120E+01
  3.40422717275118370E-01  2.20420340209489400E+00  2.81267497915889810E+01
  6.65634982039605120E-01  2.39710887077459600E+01  1.18778130802736650E+01
  3.75295693565172690E-01  2.23491281298675550E+01  2.08370427522387260E+00
  4.75626642073745920E-01  9.65777461409950890E-02  2.12391086478336750E+00
  4.72038094207023740E-01  4.76579825929423610E+00  2.24984385118473180E+00
  4.29902962432020440E-01  9.39189187579663100E+00  2.06127555766803110E+01
  5.68910711623079470E-01  2.70240916286857460E+01  2.09058502619469100E+01
  3.07263188066738420E-01  2.52513084063783180E+01  5.64098010342721870E+00
  6.10911033360540580E-01  3.34875764984976330E+00  1.87562679738324360E+01
  3.43353541919950760E-01  2.37433482086932980E+01  2.04749764449876320E+01
  3.15231116497538320E-01  1.90581955361814400E+01  2.80133819438032850E+01
  3.78068289465320630E-01  4.72257085280059390E+00  2.04739370216730520E+01
  2.54824432159977790E-01  6.80467156027684790E-01  1.85159498264023160E+01
  5.44558358435121190E-01  3.88553992634290420E+00  1.58343201036793530E+01
  3.56000803327192820E-01  5.35998295400849050E+00  1.56466354316774070E+01
  3.13454063710418570E-01  2.28952639305193060E+01  1.41546979473831680E+01
  6.12591031919131530E-01  2.83576158652982430E+01  1.67037979199166780E+01
  6.47236078597052340E-01  6.87479843128226700E-01  1.38863208096740570E+01
  2.65726189967390210E-01  2.33649994309182600E+01  2.30602779180894120E+01
  2.96653470797716330E-01  5.62324248781465030E-03  1.32336333161570430E+01
  3.45648959319623030E-01  5.51795094147222810E+00  1.06581815938346390E+01
  3.13454063710418570E-01  2.77775725822155410E+01  2.33333398722283580E+01
  3.39073066583844400E-01  2.17279528566939890E+01  1.93392367619375030E+01
  2.96256570285591500E-01  1.13662573343191720E+01  5.54832868476189840E+00
  4.19081387041561550E-01  1.76177286817973910E+01  2.35688894425181670E+01
  7.08391389715138510E-01  2.31686187311845690E+01  1.60414605523547530E+01
  7.16035261746952050E-01  2.26057032107506120E+01  1.74413148147620870E+01
  4.43133439323318520E-01  2.41314062148426700E+01  1.53881843243844760E+01
  2.73281005279713530E-01  2.65732516186075110E+01  2.92025270132131820E+01
  3.35017483125717060E-01  1.20525957722999010E+01  2.32248270498042330E+01
  5.09222041678605210E-01  1.90274397274793330E+01  7.52137113364390770E+00
  4.27719079604653450E-01  2.43834802872931360E+01  1.04385493134755670E+01
  5.81299825206354370E-01  2.48956927459391830E+01  1.40201784142979640E+00
  5.46155746035104350E-01  2.23750281531954580E+01  2.87808161478803120E+01
  3.05466220251299840E-01  9.26388445430176510E+00  1.90199222905945220E+01
  3.11838068626578210E-01  1.32521975401850210E+01  1.66304235918576710E+01
  6.27423008989955560E-01  9.91064996819843640E+00  1.96917162474804500E+01
  7.12424816007452400E-01  2.11537588457476070E+01  9.95592989485188260E+00
  4.41140732643827070E-01  8.85089053127785520E-03  2.24187718368622700E+01
  3.80273533482480450E-01  1.56060311944513210E+01  1.90894181175369300E+01
  3.29796701345061780E-01  1.49787195578555150E+01  6.45700050435063670E+00
  4.15252526658189590E-01  6.61192745802927820E+00  2.23898423853678710E+01
  2.59062449636064510E-01  8.05823365529343860E+00  1.18986745625441020E+01
  6.18419083689772810E-01  1.90723466925300470E+01  1.97452110555660130E+01
  5.04213456464067280E-01  2.88996535254223690E+00  8.97488297699285550E+00
  3.48156346672602490E-01  1.81719752662857840E+01  7.57773020088685540E+00
  2.89042915761794110E-01  3.17165969943635950E-01  2.65446067890350540E+01
  3.05466220251299840E-01  1.41542801346110190E+01  7.78055072867440070E+00
  6.49919166153384610E-01  4.13951854662949790E+00  1.24928763048840390E+01
  6.14379095469630790E-01  2.37954834448108490E+01  9.57859197351415050E+00
  7.00411917450214720E-01  1.65623472686438940E+01  2.74332449314130430E+01
  5.69344335137112000E-01  8.14950457798508230E+00  2.17057729282172640E+01
  2.57564851167384970E-01  1.18858445515335860E+01  1.82390629557508110E+01
  4.13050329149462850E-01  7.96384217424651020E+00  1.46806784095778620E+01
  6.18419083689772810E-01  2.47942020294314350E+01  2.07005654766368320E+01
  4.26523982883737140E-01  2.56190965776848780E+01  1.51692138327460810E+01
  3.78209123272245940E-01  3.64240864422075590E+00  2.08486270834201900E+01
  2.63055759251188670E-01  1.99602843894979250E+01  1.32349172110019070E+01
  5.00274833943758600E-01  4.14948527791561260E+00  2.71878899119358370E+01
  6.01687927537542500E-01  7.93127974046481830E+00  8.91432191340835800E+00
  4.86073626967704090E-01  7.66842226142606090E+00  5.55246359458884610E+00
  7.62474117278193650E-01  1.44281797444904570E+01  2.31561189505955060E+01
  4.87886881528419990E-01  2.85909650620704600E+01  2.73501276554753510E+01
  2.99038091422116640E-01  2.80444994874403160E+01  1.45341329833784410E+01
  3.50974061745161330E-01  1.69755097631761240E+01  1.32672722508714460E+01
  6.10572080928614460E-01  4.80272160721604460E+00  1.72053843835790050E+01
  3.01731430220296380E-01  2.70177370498184220E+01  1.41837686752424230E+01
  2.59062449636064510E-01  2.68309117011747740E+01  2.42500312593821050E+01
  6.99477888048091770E-01  2.59031619446322310E+01  2.63547091091432290E+01
  4.41666133880560000E-01  5.48495251116989200E+00  2.61357269006614000E+01
  6.86210935380316480E-01  1.25296156508997500E+01  8.33370554113820990E+00
  5.27425300578987690E-01  2.26656550996139360E+01  1.22735147020309300E+01
  7.54505484792745040E-01  1.81084321633724090E+01  2.75213196927276900E+01
  4.11696508529454960E-01  1.42499118631643640E+01  6.18092660224193310E+00
  6.26517897412854200E-01  2.47703660993319520E+01  2.96801291171023750E+01
  5.72142532162989690E-01  1.32346455161952040E+01  2.94127100913288580E+01
  3.47451934045076260E-01  4.31951902729350050E+00  1.84794654270579350E+01
  2.57564851167384970E-01  1.75778805221373130E+01  1.31810714764847660E+01
  5.33859136323620030E-01  2.73268090974010680E+01  2.19657830216207370E+01
  2.69169509893181310E-01  4.08307176745878660E+00  2.03743940647994430E+01
  4.24351701398837560E-01  2.60920260032263160E+01  1.58761741632654460E+01
  3.11762329988951370E-01  2.79017453569162020E+01  2.69448724919934580E+01
  3.50974061745161330E-01  2.07115085386854460E+00  1.57692703982808030E+01
  2.66929568161810020E-01  3.71507111743454610E+00  1.05967460489012260E+01
  7.20816873845379820E-01  1.51865076553093670E+01  2.32549811846322290E-01
  4.22201084465533680E-01  9.51455344631758670E+00  2.12230314242350860E+00
  3.09209541844886400E-01  1.56790057164881350E+00  2.92490435463828720E+01
  2.62213147743524950E-01  1.26465442031501270E+01  2.31645951539185790E+01
  7.60411681679863700E-01  2.48498106035831510E+01  1.79497606905262540E+01
  6.67521681419926690E-01  7.13877894541851350E+00  1.14289979746133420E+00
  4.37954134865551840E-01  1.62666865960715370E+01  1.28329720333062680E+01
  7.16654247500547470E-01  1.23114376981699230E+00  1.93618757700776240E+01
  7.12424816007452400E-01  2.27287087767730500E+01  1.90175279733590120E+01
  3.61198882346046800E-01  1.82234173705064610E+00  2.36007083334959380E+01
  3.82245446386266610E-01  6.80449446213384060E+00  5.46868364233319680E+00
  3.58737518624021320E-01  1.70028802218856720E+01  6.26309751805740870E+00
  5.81547682683179710E-01  6.74314514649532180E+00  1.07424917657511580E+01
  4.21963532045373490E-01  1.67196080489411260E-01  1.89569427364391960E+01
  3.12648490279368120E-01  1.98464550226015040E+01  1.57978314591536220E+01
  3.25036994184950640E-01  4.87062364725733140E-01  2.54010060029968230E+01
  3.83290088603488770E-01  8.26450104951982920E+00  1.26472965102374190E+01
  2.93443024193560210E-01  2.95003466197665350E+01  1.41127594434817030E+00
  2.66929568161810020E-01  1.31653389309556150E+01  1.03959499924616750E+01
  2.99038091422116640E-01  1.78559945673010500E+01  2.28916736368860330E+01
  6.00040109246873770E-01  2.03034029177397720E+00  2.04080169447797780E+01
  7.14535578675763720E-01  1.32996965323224610E+01  2.61479574665057730E+01
  3.06898385793053400E-01  2.35243533591539100E+01  1.69920155791547030E+01
  3.45648959319623030E-01  2.47341497422691430E+01  6.33741016797245130E+00
  3.87046365911375680E-01  2.33071823876445340E+01  2.88207051628319280E+01
  6.56539952722306990E-01  1.76258798586976400E+01  2.19643962222603690E+01
  5.07436062422724900E-01  9.97507084908857780E+00  1.52640297236564300E+01
  7.39270392714900380E-01  2.41401114575682420E+01  2.48493773807590570E+00
  5.38024295323284910E-01  8.47301234146483220E+00  1.87274610301461630E+01
  7.33199636544987770E-01  1.45805844614352510E+01  1.86558134514535860E+01
  6.31923671661538840E-01  7.20572775230440320E+00  1.80644583445590040E+01
  5.72951670348821020E-01  4.43533621678095540E+00  2.42674019208766370E+01
  6.40456937776772590E-01  6.05337094548405650E+00  7.64852477105530240E+00
  4.77241894706072770E-01  1.45397262104690710E+00  2.28476683076733060E+01
  7.64764367446448820E-01  7.34870200209759880E+00  3.64992313439745870E+00
  7.16535845940979770E-01  1.31351836810738330E+01  6.00841173658186540E+00
  3.10705613459761840E-01  2.61936801724497560E+01  2.71988150540120670E+00
  3.89901968262705180E-01  2.58110254558064190E+01  1.05164784961331110E+01
  7.15011499502423580E-01  1.35960281603937980E+01  1.17345849220863330E+01
  7.60297905848187840E-01  1.71394170235446840E+01  1.52569642966840970E+00
  2.65726189967390210E-01  2.24842052433471050E+01  4.92756415937302350E+00
  4.53492046339069340E-01  1.11272681177291940E+01  2.86983961005220180E+01
  5.18725390566230620E-01  2.30197603158505050E+01  2.50564575069627440E+01
  4.24020504903543660E-01  1.50292999459521590E+01  2.21336116121748710E+01
  5.17634268500846420E-01  2.05952774725513090E+01  2.56312626512275910E+01
  4.54567147313974470E-01  2.78928087255197110E+01  1.26774901962759090E+00
  3.65965634987757580E-01  8.77818987247660230E+00  1.56452556816228710E+01
  2.96256570285591500E-01  5.63173730616605090E+00  1.32171980634902920E+01
  5.50543265074639000E-01  1.01699196877615440E+01  7.47392555882813790E+00
  4.46540105696671490E-01  2.67511682164720810E+01  6.86173232031536800E+00
  6.47236078597052340E-01  2.13110573937500940E+01  1.33964207379458400E+01
  4.82769235883485770E-01  1.20730215444237170E+01  2.47505448477511330E+01
  2.97529618718302210E-01  2.77196596546414180E+01  2.86229196231319530E+01
  4.13811620468168510E-01  8.21036770045358470E+00  2.84603998613870160E+00
  4.87785457169642190E-01  1.30293815295484730E+01  2.49148470559460800E+01
  3.41778742319800830E-01  1.42962428103265770E+01  1.50465501415413760E+01
  4.05793634226126800E-01  1.06995350251267850E+01  6.67365157352208720E+00
  7.14516279726398110E-01  2.72967737102948430E+01  2.61158885707808540E+01
  3.71799304162545760E-01  1.67810617998694590E+01  2.46415676489700350E+01
  5.77820253962530560E-01  1.20606534882588540E+01  2.63850700578509120E+00
  4.75626642073745920E-01  2.12909059099465350E+01  1.45189596662211930E+01
  5.46562010559427060E-01  1.24950924844496940E+01  1.87635745561317150E+01
  3.29506256422424390E-01  2.18144403716777480E+01  2.68730819282707610E+01
  2.62213147743524950E-01  2.59150374665010760E+01  7.14415541928921450E+00
  3.63105686475124490E-01  1.69191107398162080E+01  2.39198489609727610E+01
  7.08391389715138510E-01  1.95871765751115280E+01  2.49339545325684140E+01
  4.26578460793149810E-01  1.82499317180513040E+01  1.33089369366851480E+01
  6.08873319065221350E-01  1.33672576296998460E+01  1.75434414056753130E+01
  5.39466591144820300E-01  1.55709629402193530E+01  2.06116741684367140E+01
  4.66553963192992600E-01  2.77159819228648450E+01  7.01506656501300090E+00
  4.82771447840326400E-01  2.91549438061453260E+01  1.83900400359889890E+01
  5.13004586318856950E-01  1.97088352346602100E+00  3.41492817329399580E+00
  3.17084428049163950E-01  1.38667646452036290E+01  1.67637937034977580E+01
  3.50974061745161330E-01  5.56465202778157850E+00  1.49700979132563980E+01
  3.82382183723224410E-01  2.95016657411648420E+01  1.23694386522795910E+01
  3.77759649416993960E-01  9.50129689302132970E+00  6.23487350717189410E+00
  5.74203886104520670E-01  1.11493168804768960E+01  9.39054182552876250E+00
  4.11346310528290360E-01  7.75323577502089730E+00  1.32554076192826710E+01
  5.06367095649294540E-01  2.34615186094588350E+01  1.29330072538273430E+01
  6.01687927537542500E-01  2.13727799580780980E+01  2.11622720469682820E+00
  2.49794182180603610E-01  1.00646338583629440E+01  6.51107658116431320E+00
  6.11481049571092420E-01  1.21570182758241090E+01  3.85475588331882300E+00
  5.03927515451986880E-01  1.66461652731682190E+01  5.47809502673290890E+00
  6.35485889077753010E-01  1.99649658020592900E+01  2.77282079577729020E+01
  2.99038091422116640E-01  1.57842584296284350E+01  1.63229549226828500E+01
  4.22541054278063120E-01  1.32112407954318840E+01  2.15929380915409400E+01
  3.05466220251299840E-01  1.17663883359161740E+01  5.09911239697742860E+00
  2.62213147743524950E-01  1.46020075052797170E+01  4.93681453746051350E+00
  3.61769499680632390E-01  7.25046778858396210E+00  2.19473025754545860E+01
  2.47647088603063280E-01  2.09578016996491740E+01  1.66118413444419990E+01
  3.11155895623034430E-01  2.62965150173622360E+01  1.65824509591156120E+01
  2.66929568161810020E-01  2.32466465076604510E+01  1.81865325876140280E+01
  6.90395435464654740E-01  2.24528220053392570E+01  2.33468084861537160E+01
  2.96503602823160150E-01  2.38525408488005330E+01  5.52915987308577430E+00
  6.57722721512726150E-01  1.98926607953804830E+01  2.36028405819082000E+01
  7.24777883420223110E-01  9.13452603554467050E+00  1.33333213480500720E+01
  5.48279863025970290E-01  1.71189887664389000E+01  1.55058347643631260E+01
  6.40748513009616880E-01  4.62107692562099890E+00  5.24912446532027580E+00
  2.56092450391898300E-01  2.39389736788134680E+01  2.31083349595030040E+01
  7.17499092254363010E-01  3.46195473439913480E+00  7.17632018654796950E+00
  4.66141488621800890E-01  2.21274737110736690E+01  2.54778528696164630E+01
  6.33759023001558490E-01  2.70520703704847100E+01  1.88797305702191380E+01
  5.48279863025970290E-01  4.62725924527012640E+00  1.05826255323580690E+01
  4.19081387041561550E-01  2.39766452361059450E+01  6.23383428906306670E+00
  5.70902198024309190E-01  1.58746325618879740E+01  6.22609608108828820E+00
  3.17950877609215300E-01  4.31228962069538110E+00  2.10358881276749980E+01
  5.96963967672292380E-01  1.21631887985878460E+01  2.21255739842193720E+01
  6.18832453479690690E-01  2.78772279275539990E+01  1.36318414321327260E+01
  2.63339374245984010E-01  4.78057771169329190E+00  1.80789631189897020E+01
  3.55036581058269410E-01  2.50687872835451170E+01  2.47784846940354660E+01
  5.84913004272127690E-01  6.07639722269418400E+00  8.95133172321463100E+00
  5.77235448209733180E-01  1.03813705541137620E+01  2.08003649903894900E+01
  5.01105313190319460E-01  1.44298188484462870E+00  4.33409032234834780E+00
  3.83598938984435380E-01  1.74859168671022940E+01  2.02065937184711650E+01
  5.98360795606824340E-01  5.82645393967315250E+00  5.53553296748678300E+00
  3.41778742319800830E-01  2.66559882241799360E+01  2.29062084756285490E+01
  3.29796701345061780E-01  1.07910790305658180E+01  1.55052540814193270E+01
  3.84420431658369740E-01  1.53163526403851690E+01  2.39786105399352280E+00
  4.91872428060923640E-01  1.52707504574891430E+01  4.58862770116526700E+00
  2.93443024193560210E-01  1.87877216982242490E+01  1.28304455375017510E+01
  5.81299825206354370E-01  7.75947252536312600E+00  6.61576061670046300E+00
  5.68243553274813350E-01  2.66017423519903570E+01  1.50145585694126800E+01
  5.39001667068871980E-01  1.15545624331100290E+01  1.59198128708760130E+01
  7.01587183784351610E-01  1.34497974115930370E+01  9.39512305448173100E+00
  4.45239477383046460E-01  1.14506431031896340E+01  1.68984790751658560E+01
  5.39001667068871980E-01  8.30567391091376450E+00  1.76639305911361290E+01
  2.86134314477376340E-01  1.80833187325960590E+01  9.95842031098715450E+00
  7.70254277643880240E-01  1.92878395886396810E+01  1.08865877147287970E+01
  3.45648959319623030E-01  8.93717848897064830E+00  2.12407054091464150E+01
  3.39481361119070080E-01  1.01974558444133990E+01  1.32799829155070660E+01
  3.04461637453634990E-01  8.96226151282915500E+00  2.56498755870077130E+01
  5.20369884994360540E-01  3.37447980159078350E+00  2.40029495275090450E+01
  2.65726189967390210E-01  1.68296718819995550E+01  2.59079897433721090E+01
  6.26908127420837150E-01  1.92239442519274920E+01  2.67068405197008790E+01
  3.48480710258510130E-01  9.11520780492778470E-01  2.92095383287899150E+01
  2.96653470797716330E-01  1.16563405905825500E+00  2.35656752350061110E+01
  6.31923671661538840E-01  9.55891369206553780E+00  1.03874229780533200E+00
  4.09705559579089850E-01  2.72287038964094280E+01  2.93942959750354800E+01
  6.72499163702481620E-01  2.24574689497131490E+01  6.76837888154063630E+00
  2.84029264846615530E-01  2.52388569490602850E+01  2.41627892266609190E+01
  5.34631033075580400E-01  2.07343616990685430E+01  2.86543152790325660E+01
  6.17076625982510940E-01  2.64901188596929420E+01  2.50567943251574160E+01
  6.55074006360275090E-01  4.49462907733578020E+00  1.94664076914137640E+01
  5.46562010559427060E-01  2.52987872691222830E+01  8.77926122280877410E+00
  5.17626013175185660E-01  4.45590404162769000E+00  4.10269124394515220E+00
  5.82207618145930890E-01  1.22968047309650680E+01  2.69697694264911690E+01
  5.98268629341587580E-01  1.27070676222017460E+00  2.82790333340041680E+01
  5.34553382826858140E-01  4.76620399918290620E+00  7.30974663179483560E+00
  3.76753951196820710E-01  1.92297571942788610E+01  8.38383513238116680E+00
  7.52518120402026810E-01  5.42479370993604530E+00  3.28168298276422330E+00
  4.81368497469048420E-01  3.08124144045420150E+00  1.28922118642439520E+01
  6.47413426355271770E-01  1.10558736639695690E+01  4.46479336248107470E+00
  3.05466220251299840E-01  1.15785027779729290E+01  1.77114903316582010E+01
  4.46689977500956030E-01  3.58948159903885510E+00  2.49453575566807510E+01
  6.18566685513849460E-01  1.05058508711196300E+01  1.64096224668736670E+01
  5.36592099856838090E-01  2.71619059191414040E+01  2.73593651217021150E+01
  5.09574347305064630E-01  2.33538257570999190E+01  1.48379470943054180E+01
  4.92328788949218680E-01  1.61860136553356850E+01  2.50901973439364710E+00
  4.83351594707823830E-01  6.39580391021151850E-01  8.50165300988604140E+00
  4.40650972415989980E-01  1.39423671994926610E+01  1.45706977455579790E+00
  6.10911033360540580E-01  2.53617320290176380E+01  1.66099053770134550E+01
  4.34172467284937990E-01  4.00054961535832910E-01  2.12262535259808730E+01
  7.03188417218805210E-01  2.71718029071018710E+01  8.05014672307184580E+00
  2.92799561075502800E-01  2.53634576271037350E+01  6.23039952486302790E+00
  5.68243553274813350E-01  1.15701957116112390E+01  1.12170511698896100E+01
  4.60682082706054620E-01  1.44645096402051450E+01  2.19175834230187410E+00
  6.41715074739605920E-01  8.49215011937169170E+00  1.82890461704110550E+00
  4.55206736325743130E-01  2.59100151754111540E+01  1.34129559515152580E+01
  4.22201084465533680E-01  2.21701367852816990E+01  1.40326454526327370E+01
  3.63079661055833470E-01  2.08523719283763540E+00  2.88199446601047140E+01
  2.63055759251188670E-01  5.96514166015922240E+00  1.10710971610121390E+01
  5.32877675645020420E-01  2.58980995836750690E+01  1.87083334803489730E+01
  5.77235448209733180E-01  6.61949157760216340E+00  6.41010000767471500E+00
  4.09775903561979240E-01  7.11619480811192330E+00  7.36973247165707600E+00
  6.93187364831086050E-01  1.82388652003337020E+01  4.39609012418658730E+00
  4.30054269381220950E-01  5.02604640995110420E+00  2.68765917891920870E+01
  5.07436062422724900E-01  2.57520394816084330E+00  2.46487427477406910E+01
  2.49948351789403130E-01  1.93417968172916730E+00  6.86133074451544720E+00
  3.16022212934137680E-01  1.27984907982795640E+01  1.35955011247137170E+01
  4.72818350263822220E-01  2.38700360170108430E+01  1.86983960865938170E+01
  4.46689977500956030E-01  1.29472789155881340E+01  3.15132711076924110E+00
  4.74581552528920360E-01  2.80425164453445890E+01  6.13271864256414110E+00
  4.86590143357422540E-01  8.95034374118763760E+00  6.90061248985717060E+00
  2.73281005279713530E-01  2.46002256075836530E+01  2.42830700816403140E+01
  5.20515140446715560E-01  6.36156924259799260E+00  2.42029521622494400E+00
  4.13811620468168510E-01  2.15852299125891380E+01  2.82355217220032590E+01
  3.81419328643079860E-01  1.48200564040605960E+01  2.98106395015997660E+00
  4.05593309893122810E-01  9.75409728745082380E+00  2.91692886473344260E+00
  5.85380732291966590E-01  2.29757013897342080E+01  5.62228071885630330E+00
  4.06599624824484800E-01  2.93138588022262780E-01  1.79798034134981780E+01
  6.40456937776772590E-01  1.75251500503358460E+01  2.53278230162777720E+01
  4.75626642073745920E-01  2.30190785269007070E+01  4.52236425629860860E-01
  5.09222041678605210E-01  1.06940034228811300E+01  8.38085116463976300E-01
  5.77820253962530560E-01  2.71684990158488590E+01  1.67550184943158410E+01
  3.80273533482480450E-01  5.37362421766260740E-01  2.44307858981232400E+01
  5.01406606281285510E-01  1.24349334394106450E+00  2.99376839338222120E-01
  3.59079136884617700E-01  2.51485056648748970E+01  2.87700650605134310E+01
  5.94092381958372510E-01  8.38802400427836400E+00  2.72715724692222670E+01
  2.54611020839302520E-01  1.98699681050599570E+01  9.72978100798200710E+00
  4.99223721401470310E-01  3.93533711158058620E+00  1.47918551869721070E+01
  2.54611020839302520E-01  9.78014231599911280E+00  1.87546226872240990E+01
  3.20574425314766210E-01  3.07157557250632870E+00  2.31978290341286240E+01
  2.85767805251094040E-01  2.29444063674970340E+01  2.93871753930569180E+01
  2.54611020839302520E-01  6.72066124114613390E-01  2.38105264112327290E+01
  4.12246671516209600E-01  2.37070253550980330E+01  1.76874147632902780E+01
  4.41298336829792340E-01  9.53949269609383950E+00  2.32991026064953390E+01
  7.09985914168247060E-01  9.48798191477921900E+00  1.72631554673607930E+01
  6.80956647410425740E-01  1.15150255266425710E+00  9.54722646376395900E+00
  4.75338540515479570E-01  2.55493739667286730E+01  1.42704332862778540E+01
  7.49588614928249000E-01  1.89757238790022850E+01  2.11202515515418090E+01
  4.74033319401206570E-01  1.92463000703602810E+01  1.35154772252297000E+01
  5.20515140446715560E-01  2.83010879121249350E+01  2.15627806234019560E+01
  5.48131117613959250E-01  1.78777753400615180E+01  2.67709435094013640E+00
  3.46733456860136300E-01  8.97814261067117770E+00  2.49991011156844290E+01
  6.97384645011991290E-01  1.45785661973333270E+00  1.79662240474822140E+01
  3.78209123272245940E-01  2.45168117653198650E+01  5.64703724002668660E+00
  3.82382183723224410E-01  2.42781071893252910E+00  1.23280609348340770E+01
  4.46537248270915300E-01  2.61851538322376600E+01  2.74653114064147810E+01
  6.08690451339190200E-01  2.90404803989667710E+01  2.90819320821205450E+00
  2.59062449636064510E-01  1.10150503034777960E+01  1.20803482029026180E+01
  4.43756654693070110E-01  1.32104596395956140E+01  2.35890738425243600E+01
  3.18942867500738640E-01  1.95362913393520540E+01  1.78827134872486300E+01
  7.16535845940979770E-01  1.16702814391138730E+01  2.09084382278894340E+01
  4.62836237406567810E-01  1.95113103934489870E+01  6.67856305542773310E+00
  6.97384645011991290E-01  2.73785608307142280E+01  1.01049941160744260E+01
  2.47647088603063280E-01  1.86501172003022900E+01  2.84008982652287510E+01
  4.05793634226126800E-01  1.43814446822831350E+01  1.75344022712018590E+01
  5.37364664263313330E-01  1.90916887974763370E+00  1.05006769674368070E+01
  5.72881440675418570E-01  1.00422764259155470E+01  9.09117801169242060E+00
  5.04213456464067280E-01  2.35237586708123840E+01  1.07970941250136110E+01
  3.86557871019070410E-01  1.55431113835200420E+01  2.78108037752637500E+01
  5.62178328188990490E-01  7.41180519979213330E+00  2.78909204173076690E+01
  6.41715074739605920E-01  1.09419397982007000E+01  2.52501798716961470E+01
  4.54567147313974470E-01  1.74940109843506450E+01  1.04070909210834590E+01
  3.97011970696729720E-01  2.20398160625027870E+01  2.75637479660464390E+01
  3.99477862283745790E-01  1.62693464476867500E+01  1.06461858581244600E+01
  5.15931587153482510E-01  2.87963671405442410E+01  1.81057359761035050E+00
  5.98026541173087530E-01  2.04778360510017170E+01  6.24214039766671020E+00
  5.94917806945655060E-01  8.69724754351669030E+00  1.98379612559772620E+01
  3.86557871019070410E-01  5.37454144554830470E+00  1.63888032062845430E+01
  5.52347772924787250E-01  9.41404908515912810E+00  2.95411800546866910E+01
  4.05793634226126800E-01  9.26388645864053120E+00  2.67894060543753090E+01
  4.66753989857397040E-01  1.82756035725570630E+01  2.61622390488505020E+01
  6.77666041374141330E-01  2.23049894167519950E+00  2.23460924598524000E+00
  3.23306573977224420E-01  1.99399417142420900E+00  2.52845349205146630E+01
  6.88340418185590860E-01  2.48901036704421230E+01  1.93975038285410050E+01
  4.11696508529454960E-01  2.84049224642816970E+01  2.64254398234567950E+01
  4.03052389307286420E-01  1.67492131239025320E+01  9.98204349356582200E+00
  2.97529618718302210E-01  1.60487158371869190E+01  9.98514391809882080E+00
  3.13090147150790890E-01  2.30123901470039380E+01  1.01597760363358990E+01
  5.01435669612667030E-01  2.29402930519357610E+01  2.02127401802890990E+01
  5.26482748420329030E-01  2.13288524870177840E+01  2.48883719665682860E+01
  6.75156127532392600E-01  2.50640060825406220E+01  2.74561010450107330E+01
  7.20816873845379820E-01  1.66300480117462330E+01  7.27584203085125840E+00
  5.30006102735105960E-01  1.11637319765021910E+01  3.29266596599921700E+00
  3.43353541919950760E-01  1.24244960721212680E+01  7.24954832208960640E+00
  5.32877675645020420E-01  1.24126555226236060E+01  1.67225108261475590E+01
  6.44956217916396120E-01  3.83040464799982240E+00  9.69251038953220420E+00
  3.55036581058269410E-01  7.57007312526703480E-01  2.60434085832660180E+01
  4.30054269381220950E-01  7.39178975944482450E+00  1.40150614088510340E+01
  4.93734512940847830E-01  1.54188705920211520E+01  7.18799403707007480E+00
  3.42409596243210680E-01  5.77761183673315240E-02  3.54111243995516210E+00
  5.58952633370732950E-01  2.32004105011294510E+01  1.58935152973869800E+00
  4.49954956992444630E-01  1.94147923363523560E+01  2.48197308041803890E+00
  4.11346310528290360E-01  1.47239317207472810E+01  1.34127807883288580E+01
  4.72818350263822220E-01  9.00387199616020690E+00  8.97199389898064050E+00
  5.00672486592370710E-01  1.05129113852432480E+01  2.29718749271089920E+01
  4.15334611176110170E-01  1.34360246884073910E+01  1.85649068280492320E+01
  7.70254277643880240E-01  1.16839172103091240E+01  1.37127817940091710E+01
  5.32262962461145860E-01  9.26237766633465750E-01  3.43935467105036970E+00
  4.01880163826280960E-01  1.36171457632694570E+01  8.30445471646482680E+00
  7.41720708060832300E-01  1.80441153653678160E+01  3.27156731678453740E-01
  3.01674668393272730E-01  1.97806129526399880E+01  2.59629886674664830E+01
  2.66929568161810020E-01  2.56065131377750850E+01  3.02121075156033920E-01
  4.15334611176110170E-01  1.71828450338144590E+01  4.73225503464396360E+00
  5.20369884994360540E-01  2.46330163622158840E+01  1.38816640144336480E+01
  2.84672167568555990E-01  2.14475588594458060E+01  6.14569987645776730E+00
  5.18912146576496980E-01  1.21654114068300250E+01  1.97766592619285860E+01
  3.90540239164096370E-01  1.18418429418492540E+01  5.44413254084947250E-01
  3.63079661055833470E-01  1.46763583437893510E+01  2.04634513702360150E+01
  4.73113776075054650E-01  2.58489408062092960E+01  2.83210230159076700E+01
  5.55687039951364880E-01  6.33505198606509180E+00  2.81896315294331390E+01
  6.97384645011991290E-01  1.14172461721592330E+01  7.51121193831003530E+00
  3.54092873053847420E-01  6.56137033930382070E+00  1.42229112097405230E+01
  7.37991961479508610E-01  2.02571683085689540E+01  8.81583724838518810E+00
  5.10790949981952740E-01  1.79546326676975990E+01  1.13104055241892990E+01
  7.03918080384424090E-01  2.27618225886401360E+01  2.64609785530059720E+01
  2.69326463995374250E-01  7.56262040519585630E+00  2.11068089421433350E+01
  5.39922025342825940E-01  2.83614678292830820E+01  5.17022926161438610E+00
  5.39922025342825940E-01  2.90838166352965540E+01  1.15472884097666770E+01
  3.52682444144397330E-01  7.35646202139658900E+00  4.77208787445820890E+00
  3.17084428049163950E-01  6.36444682581751840E+00  1.15573159201965030E+01
  3.92511582998476170E-01  1.55023482077772440E+01  2.56854699154120140E+01
  2.92799561075502800E-01  1.01649765092854820E+01  2.35802622134865910E-01
  3.63105686475124490E-01  1.82485469237209940E+01  2.02783584897987480E+01
  3.25036994184950640E-01  2.41049037512822440E+01  4.96126327529342690E+00
  5.70902198024309190E-01  4.11899159510979020E+00  3.06764934371326170E+00
  6.18138908065390960E-01  1.27416507977354620E+01  1.06171925721315400E+00
  3.10705613459761840E-01  3.86133793520296250E-01  2.04279543781223190E+01
  6.99092076263204730E-01  8.01749745774330340E+00  1.08684482428447460E+01
  4.40295189098215370E-01  1.63592814793704770E+01  9.23426834302225430E+00
  6.52034765531911640E-01  2.95158929510970940E+01  1.48560347166202240E+01
  5.12628979659419230E-01  6.98184468642267400E+00  8.33167647684314260E+00
  2.68569610726517900E-01  1.29525958578018140E+01  1.97612892803476260E+01
  4.41473589537221400E-01  1.55754144952457810E+01  1.34567101674574110E+01
  7.41623060643924430E-01  1.29245458243318230E+01  2.81362573347955940E+01
  2.49794182180603610E-01  2.85944363474807450E+01  1.56187866717635280E+01
  3.44856808658559500E-01  1.34308102369180100E+01  4.98919299157080330E+00
  6.83701617051292750E-01  2.14767950869573490E+01  2.96202448487300810E+01
  7.19599311285852310E-01  8.53129546635411270E+00  2.40311884642329860E+01
  6.67521681419926690E-01  1.49777876589338080E+00  7.66824394482565630E+00
  5.40946473112310590E-01  2.49627939051348160E+01  4.84341774964976860E+00
  3.83579206291793930E-01  2.18484363777382210E+01  5.05768174575474920E+00
  5.04339573614743570E-01  1.79978906608272950E+01  2.87749465327697220E+01
  6.35523375007872900E-01  1.74918765849713400E+01  1.66291830666871260E+01
  3.44905765886116280E-01  3.42798986654632460E-01  1.57066364355942550E+01
  2.65726189967390210E-01  7.56695536072697910E+00  1.88859216879404880E+01
  4.87785457169642190E-01  2.31428466669380160E+01  4.56222281113645070E+00
  3.71299762957800540E-01  1.57956447415621750E+01  5.27381392068728780E+00
  4.13811620468168510E-01  1.40850996362630420E+01  5.37237117268007400E+00
  5.69423614487483490E-01  2.81199622902525630E+00  1.63154677163589560E+01
  5.83429036676414100E-01  9.96620996663036250E+00  3.89285307235136720E+00
  5.30006102735105960E-01  6.51883790487417340E+00  1.98391032212112210E+01
  5.16710955738981780E-01  1.40908368182896350E+01  2.19222576891505020E+01
  2.65726189967390210E-01  2.56266364264254630E+01  2.19473475552536710E+01
  3.18942867500738640E-01  1.57710424156914900E+00  1.42631464248841020E+01
  3.23881608201221470E-01  9.20590919429940870E+00  3.39809355148110900E+00
  3.54092873053847420E-01  3.36634873057554170E+00  2.24011712445352810E+01
  5.12509616084684260E-01  2.38733182806431190E+00  1.14346229710178700E+01
  4.99223721401470310E-01  9.40055615777981400E+00  2.76839952234701380E+01
  2.56092450391898300E-01  1.25332572766266920E+01  2.13570662467453010E+01
  5.45765227979075810E-01  2.77937794043642190E+01  4.24522644604698220E+00
  6.94010183176834960E-01  1.70794945476249540E+01  3.62806168639172540E+00
  3.57201130995523370E-01  2.32766142712179390E+00  2.30901710537541550E+01
  5.25895496843049500E-01  1.16811661384041050E+01  2.78909033034726050E+01
  5.10790949981952740E-01  5.59870151813066390E+00  2.03253002069953580E+01
  4.89717368181109780E-01  2.43107235878035620E+01  2.16975574469344390E+01
  4.82769235883485770E-01  1.76320517396089860E+01  5.50981307095315830E+00
  6.93278360304079300E-01  1.03795654504308100E+01  5.62220084844716080E+00
  3.35017483125717060E-01  2.26882042434508050E+01  1.07209367468466010E+01
  3.26514001167033020E-01  1.27492620748874310E+01  1.23404119602619690E+01
  4.75880684447443510E-01  2.17806888658395120E+01  1.83013311040705810E+01
  4.22354771203238230E-01  1.94942075374375360E+01  9.66950067869284350E-01
  4.11966131227655820E-01  2.79114568759846620E+01  2.79399288390433650E+01
  7.30946391186454210E-01  1.85884846736398580E+01  1.83342996986910510E+01
  4.22201084465533680E-01  2.11719441128219830E+01  5.49495950544417070E+00
  5.15931587153482510E-01  2.81635735892462410E+01  2.25993635034319520E+01
  5.52347772924787250E-01  9.84779492370216230E+00  2.47729022045242640E+01
  2.49794182180603610E-01  2.18005423232464360E+01  7.42133161542928210E+00
  4.50103975287380020E-01  3.86087471829588940E+00  1.78271537824967720E+01
  3.61769499680632390E-01  4.68633025183734380E-01  7.67416396813158740E+00
  2.77147605524350650E-01  1.15864545800909870E+01  8.52993352586991450E+00
  7.64764367446448820E-01  6.43866889203153380E+00  1.59495142282733480E+01
  5.71326189973923350E-01  6.51957640506645930E-01  1.22356541315781820E+00
  4.07877171249442140E-01  2.01181436179507360E+01  2.09352707435123260E+01
  4.46540105696671490E-01  2.70598901515593440E+01  2.35829480031754670E+01
  5.07606992315717240E-01  2.92403214350687120E+01  1.60142907333951680E+01
  3.01731430220296380E-01  1.08700170177197250E+01  2.77273842963033420E+01
  4.32382463464541460E-01  6.97455823917337630E-01  6.91378946516453220E+00
  3.25762576013666160E-01  2.05044931501120790E+01  2.44206777105622310E+00
  6.24920360555607160E-01  2.50837532522557750E+01  1.12240983644248760E+01
  7.38532964590205680E-01  2.19959982562745470E+01  2.10154509584214180E+01
  3.92511582998476170E-01  1.15773268236314180E+01  1.89619062069349130E+01
  2.97561439636419770E-01  3.49870448129611140E+00  2.56355693326738890E-01
  3.46434506905438330E-01  3.63139419840098880E+00  3.84450457056957620E+00
  5.89502618647478990E-01  5.05354196995134330E+00  9.52780926679312930E+00
  3.32399546609116130E-01  7.87715757535591530E+00  9.84671204250732400E+00
  5.77649046292645880E-01  2.08859733863852950E+01  1.04214464121804280E+00
  4.31729360191427780E-01  2.04342423331210910E+01  1.78485956253821700E+01
  3.17950877609215300E-01  1.51166845088132930E+01  2.83937960004624980E+01
  4.75880684447443510E-01  2.50799226911214000E+01  1.29914802428217660E+01
  3.91816801400439550E-01  2.23402932775989530E+01  1.32075815166190600E+01
  2.50163292655703180E-01  1.38236765605810760E+01  6.68667098446423760E+00
  3.42074681651230290E-01  2.40344023777111640E+00  7.22218623938320460E+00
  3.50974061745161330E-01  1.76833490252331200E+01  7.07774629792724850E+00
  6.18566685513849460E-01  2.00797644921677260E+01  2.19607710757182770E+01
  3.24719866931951940E-01  1.91104441507462750E+01  3.26285591985452860E-01
  3.57201130995523370E-01  2.64762024039310970E+01  2.22309117456574260E+01
  3.13090147150790890E-01  1.56149858590379370E+01  2.70734565218132590E+01
  2.58355477869490890E-01  2.07950941311740780E+01  2.06101625110697560E+01
  4.83351594707823830E-01  1.57732387042519410E+01  2.16141599011648930E+01
  5.48463672908306780E-01  2.01014729360402860E+00  5.58352481758609900E+00
  4.24351701398837560E-01  1.08077977575832960E+01  8.45245524458193390E+00
  6.80557430527969220E-01  1.67386922841613530E+01  2.09641930875991280E+01
  3.73125396709624990E-01  9.63924311977790890E+00  2.13935729380272480E+01
  6.77808113742920780E-01  2.85824507938759500E+00  2.57994050609944030E+01
  7.67512613708393760E-01  7.16622937178120620E+00  2.93131966161865130E+01
  4.76544583128828500E-01  4.88131883076224770E+00  1.34014701314812670E+01
  6.97738347479756800E-01  3.38558044531386180E+00  5.76348123219346140E+00
  4.49545157175862540E-01  9.70506004717397630E+00  2.85825132049111910E+01
  6.25336422111717830E-01  1.37322441784080420E+01  1.37144133556988110E+01
  4.99487474973056500E-01  1.85503386702988210E+01  6.63274255894996580E+00
  6.67521681419926690E-01  5.21145281007559900E+00  2.14379203845021030E+01
  3.44170209092795430E-01  7.21741685784225150E+00  1.15373874437795900E+01
  4.01880163826280960E-01  2.48112916847991660E+01  9.59272074260562670E+00
  5.95035019805102560E-01  1.62040376946919620E+01  1.48205936409750050E+01
  5.20348764567513020E-01  1.73477110611246670E+01  2.64987222131867600E+01
  7.44845164893703690E-01  2.92204070099066620E+01  2.49270278414260250E+01
  6.94010688862415210E-01  3.07173882721506790E+00  1.15123085576091480E+00
  4.00156705760987560E-01  1.64699624738666830E+01  2.53479608925868620E+01
  6.57722721512726150E-01  1.59291003651005770E+01  1.16530762438775570E+01
  3.61198882346046800E-01  2.52138133907880620E+00  2.37818621099268520E+01
  6.07167866036927160E-01  2.73401078939533560E+01  1.25299024149723140E+01
  5.81677556670477180E-01  1.64961132677807290E+01  3.45749234398258660E-01
  3.17579752081870750E-01  2.06297395954490480E+00  2.74842215435321120E+01
  2.69169509893181310E-01  2.86064946096626360E+01  2.95359231522372990E+01
  5.36592099856838090E-01  5.97144754656498660E+00  1.43809439887771530E+00
  3.01799748246536660E-01  1.89728734155505950E+01  2.38746961981424910E+01
  4.05794678723965420E-01  4.67745701407318300E+00  1.53092743417324450E+01
  3.65995101567518470E-01  1.04461726542060700E+01  2.82429629493274920E+01
  3.39481361119070080E-01  1.85919039590414560E+01  1.39986490272652060E+01
  6.97384645011991290E-01  1.83627184404471180E+01  1.54434458381712930E+01
  6.82253548551889110E-01  1.72369850827001440E+01  1.79219318348309180E+01
  5.67035311113654220E-01  1.90069961311648260E+01  2.91332218158597770E+01
  6.47236078597052340E-01  5.75370383250024450E+00  2.92421680886289540E+01
  5.92513140571182980E-01  1.20337362890700600E+01  2.58249430461870340E+01
  4.71553509741754610E-01  2.64400021448044950E+01  9.33490283468803210E+00
  6.55885333720611730E-01  8.36203102536073570E+00  4.64561841418726920E+00
  2.83840017940612550E-01  6.31327152748983520E+00  3.81490273323758300E+00
  5.65219172841477580E-01  7.00710487830035420E+00  9.62665740547519100E+00
  3.48480710258510130E-01  2.66716503912133050E+01  2.26633857698304460E+00
  6.26908127420837150E-01  6.07051244533851710E+00  2.70373354484538740E+01
  2.62213147743524950E-01  9.11182490334292440E+00  4.09582886362438450E+00
  5.08737612195334600E-01  1.06177175700235830E+01  1.88026952040897650E+01
  4.59281804788439010E-01  1.03677118127773050E+01  2.92041555782932460E+01
  2.86550378078914000E-01  2.89711175422373940E+01  2.59472350547754400E+01
  2.99038091422116640E-01  1.50032460492953450E+01  2.70925926659340490E+01
  3.62493203924014780E-01  2.05421787720707980E+01  2.44494278162258030E+01
  5.64616421781660800E-01  2.01011939407553090E+01  7.51975402722558430E+00
  3.87533216804236250E-01  2.49501181423354550E+01  2.58320844766630060E+01
  3.90540239164096370E-01  4.85989022719867860E+00  7.62259566521379380E-02
  5.44640939783434240E-01  1.04451849817773310E+01  1.86167485918948030E+00
  3.84420431658369740E-01  2.20233400953381670E+01  5.80511303534054780E+00
  4.53492046339069340E-01  2.35507855355608560E+01  2.22560000047394300E+01
  6.38023782753992030E-01  4.11158100319327160E+00  2.90632835379247720E+01
  5.00672486592370710E-01  8.66606993437061490E+00  8.05919001875161990E+00
  6.08873319065221350E-01  2.21334350352525390E+01  4.10730004478600110E+00
  3.18942867500738640E-01  9.90851549820338380E+00  1.06421615099975590E+01
  2.65726189967390210E-01  2.41244450305291520E+01  1.45195936916178210E+01
  7.10410487391814980E-01  9.02707120309894150E+00  1.18635878734204570E+01
  4.66797018098134940E-01  1.60261080707997050E+00  2.13852257582011020E+01
  3.89889811574280460E-01  2.08899626021465250E+01  1.59288900187838820E+01
  2.92456502136063850E-01  2.63530522428070030E+01  7.48413193260531620E+00
  3.63079661055833470E-01  1.98390432836819100E+01  2.87182466566787080E+01
  4.13811620468168510E-01  1.44143682119891460E+01  6.98947008824725820E+00
  2.60417758313763680E-01  4.99691643785106890E+00  6.06794286887424050E+00
  4.41940562555082740E-01  9.97578027130840180E+00  1.25252984636723570E+01
  3.08418768867630710E-01  7.28996827083808260E+00  2.37844532770051950E+01
  3.04461637453634990E-01  1.31976302485890020E+01  1.92436807263146900E+01
  4.75626642073745920E-01  4.95280974559423550E+00  1.32120713946294850E+00
  4.19693779402500590E-01  5.82706295023303160E-01  2.30603771831891360E+01
  3.26514001167033020E-01  7.90069931625683440E+00  1.93748704531306190E+01
  3.55388479881239270E-01  2.41812147900064160E+00  2.12811877179021350E+01
  5.33859136323620030E-01  2.99408371088139890E+00  1.52277075871531270E+01
  3.39481361119070080E-01  2.13111565414561850E+01  1.53336791642923100E+01
  2.51153087880769550E-01  1.01880721873912600E+01  4.69740143391727650E+00
  4.21603844523193420E-01  2.49599712076281400E+01  2.23370556098258530E+01
  5.20348764567513020E-01  2.00366102768171890E+01  1.73749841705736670E+00
  6.86210935380316480E-01  7.71824238575884980E+00  2.28847774570676630E+01
  4.41140732643827070E-01  3.17312441418912310E+00  1.19745936723002140E+01
  6.26908127420837150E-01  2.22432548146941860E+01  1.50790084973312000E+01
  5.11871480770454750E-01  1.85907229029803580E+00  1.68255990765513130E+01
  4.70990686464341570E-01  5.77591086455283080E+00  1.39706963312389170E+01
  5.20369884994360540E-01  1.08027722379243410E+01  1.46552590808577070E+01
  3.04306421741581800E-01  1.26434516706426460E+01  1.41960510935243070E+01
  5.88333222664750720E-01  8.26914467988069650E-01  1.08086173791645130E+01
  6.64541222436485860E-01  5.40822457538355560E+00  2.50322402153029880E+01
  4.24351701398837560E-01  1.60373007788279050E+01  1.97685422807016810E+01
  5.55920758830291820E-01  1.10907140586305710E+01  1.97758171764967620E+01
  2.89042915761794110E-01  1.19731434835288000E+01  9.13398178461319970E+00
  2.47647088603063280E-01  1.86423107725363020E+01  8.17267643264061580E+00
  5.88686278844574580E-01  1.63323335107010760E+01  1.70212384737412990E+01
  3.53063097104977870E-01  3.80557589748686450E+00  4.68147978709846590E+00
  4.50600139601478670E-01  1.41864268417766830E+01  1.27392198002999920E+01
  6.65634982039605120E-01  2.41308590335982560E+01  2.64934491112614520E+01
  4.69750256464274060E-01  1.90199256414406220E+01  1.72142639936998410E+01
  6.13801455222646290E-01  2.42330838956825010E+01  2.84414007601593040E+01
  5.14582826754803690E-01  1.62753458990192750E+01  4.52960265568106470E+00
  3.81419328643079860E-01  2.38480013975330300E+00  1.85178558814097510E+01
  7.28196096543639280E-01  6.56519595003225830E+00  2.11001480464066870E+01
  7.33199636544987770E-01  1.60912569285071040E+01  2.87871951786986780E+01
  2.86550378078914000E-01  2.44590161081517190E+01  6.93026562861327380E+00
  2.52169786807371790E-01  1.68753830349381500E+01  2.00292541453023390E+01
  5.01406606281285510E-01  8.54940292267635730E+00  1.64974273515959950E+01
  4.18948713530687210E-01  7.49310853971035320E+00  1.24274720177302050E+01
  3.62620749938717070E-01  2.89344252522657110E+01  2.21782376975887910E+01
  3.15231116497538320E-01  1.02008058197229090E+01  2.75325421905331210E+01
  2.83840017940612550E-01  1.05093183574152040E+01  1.05993602482292350E+01
  4.72199721516180480E-01  1.94902579005754360E+00  8.71466784798858280E+00
  4.41666133880560000E-01  2.79961179106873320E+01  2.06307377569350300E+01
  3.39073066583844400E-01  1.12915448657800220E+01  1.82885698547238180E+01
  2.54831192030272870E-01  1.42134513655700850E+01  2.58248955182519850E+01
  6.65634982039605120E-01  1.20054672272605310E+00  1.51728262616359420E+01
  2.69326463995374250E-01  1.63361439420795450E+01  2.41637212187854970E+01
  3.08418768867630710E-01  1.47491174845813190E+01  7.62881401095510370E+00
  5.63324676144028570E-01  2.68502714674093180E+01  4.82794350377907120E+00
  2.49794182180603610E-01  1.05762689139455210E+01  2.44371612419546200E+01
  6.44956217916396120E-01  1.56867888623317970E+01  3.53070024987696260E+00
  4.26043897269923290E-01  1.66606291791456020E+01  8.42213395076903740E+00
  7.44533748089133770E-01  2.17749049487756460E+01  1.12962269924307270E+01
  2.47647088603063280E-01  2.04587308420300930E+01  1.31238028609927490E+01
  3.47451934045076260E-01  6.25299046271351240E+00  1.48529481732026390E+01
  4.83182858574677270E-01  1.69689681910427300E+01  1.11840110686717970E+01
  5.38382388131525950E-01  2.02749591507528810E+01  1.39718473704925210E+01
  6.08690451339190200E-01  2.45995277625136840E+01  7.81472550183874140E+00
  3.93024383017402490E-01  2.59964129324516970E+01  6.49411513575946660E+00
  2.54611020839302520E-01  2.18567482510388910E+01  2.61457171039691540E+01
  6.82253548551889110E-01  2.91185939651901040E+01  2.06805901746520820E+01
  7.67665169660178040E-01  5.80387372820794670E-01  1.67931654382635360E+01
  3.95839252948554370E-01  4.17704606432614870E+00  8.02939366454087100E+00
  5.15379284759350490E-01  1.86878845098124880E+01  1.20278830685793030E+01
  5.09222041678605210E-01  1.95503476456294290E+01  1.25805860331230320E+01
  4.72038094207023740E-01  1.08497230980925150E+01  1.27924311998183100E+01
  6.64541222436485860E-01  2.62183292789490710E+01  1.75548098949765010E+01
  4.84167632717154460E-01  5.27294001082186090E+00  1.25242614067618040E+01
  5.39922025342825940E-01  2.58873193898365700E+01  2.11433988903769680E+01
  3.77759649416993960E-01  2.55372740596762000E+01  2.53416465784337960E+01
  5.06367095649294540E-01  1.61623172700924900E+01  2.62951996625293700E+01
  3.05466220251299840E-01  1.83848379653326890E+01  3.40364174880534160E+00
  7.55604472483241980E-01  1.88754284994997410E+01  2.26218948179200330E+01
  7.68548325332126940E-01  1.75127072996506430E+01  1.42493871451898290E+01
  3.09209541844886400E-01  9.96210654148998030E+00  2.69434076821696490E+01
  4.71553509741754610E-01  1.39546084356663690E+01  2.09333542674378880E+01
  3.65995101567518470E-01  2.85098877400685890E+01  1.50088509972754750E+01
  6.26517897412854200E-01  2.89450553062385010E+01  6.78075004077796350E-01
  3.55388479881239270E-01  2.91338634417104670E+00  2.07715046804007740E+01
  3.90423892796942250E-01  6.66144014974572500E+00  1.89298314308987370E+01
  4.92172780862642510E-01  2.83367277075010120E+01  7.78269151581360670E+00
  6.66683478841499700E-01  1.93378459427788240E+01  3.59566575014048920E+00
  6.94903868090152520E-01  2.82291397509965170E+01  8.96485290798621290E+00
  7.65642972591057180E-01  4.29544339589481710E+00  2.59304926199900410E+01
  3.52682444144397330E-01  1.00185895163885710E+01  1.81838365979304690E+01
  5.39466591144820300E-01  9.71017166687919620E-01  5.26141811188103950E+00
  4.26043897269923290E-01  1.93220698514230130E+01  4.72677672109716070E+00
  2.53364602799301860E-01  4.93201711459867200E+00  1.86684050389114020E+01
  3.83290088603488770E-01  2.61909272702647160E+01  8.51724611449489540E+00
  5.55920758830291820E-01  2.48133663791410260E+00  2.21902186611885920E+01
  4.13050329149462850E-01  1.05883326423885070E+00  2.06938045426273440E+01
  5.20369884994360540E-01  1.25696454039651190E+01  4.90849248419799360E+00
  6.99477888048091770E-01  8.34304284012423380E+00  4.96261235857887330E-01
  3.59079136884617700E-01  2.21278993402408160E+01  1.99257914139845590E+01
  3.01799748246536660E-01  1.24898444472554610E+01  1.77308594840663860E-01
  5.28731261397185740E-01  2.39577810677104710E+01  8.08730756803534060E-01
  6.80338287111455390E-01  1.51954880749391210E+01  1.05341243869916410E+01
  4.74033319401206570E-01  2.36390891295790480E+01  1.38968711722326810E+01
  3.53302408788900560E-01  1.40834767412917150E+01  4.60537677448648710E+00
  4.03052389307286420E-01  2.17509742501658250E+01  1.24431942922981800E+01
  3.33973424357718240E-01  7.53217216119502990E+00  2.43794484317501910E+01
  4.68162992243922280E-01  2.03187199981703020E+01  2.66828031925854890E+01
  4.72192289519205580E-01  3.43639572271281100E+00  2.25879133743493290E+00
  6.73658304681401180E-01  1.72948766236938950E+01  1.22939056150566760E+01
  4.61178090502161720E-01  9.47375711012531600E+00  1.60924581943108190E+01
  4.18189647978318300E-01  2.56251781963785920E+01  9.69088558453509390E+00
  5.15379284759350490E-01  1.61214771646934270E+01  1.83571706974526490E+01
  5.34553382826858140E-01  2.32362602900161480E+01  2.13049120018639680E+01
  3.70336582810533970E-01  1.77254888083438510E+01  6.35769483773063810E+00
  6.42747544188997020E-01  2.21048496594668260E+01  1.09582863045447840E+00
  4.50600139601478670E-01  2.88620777015615020E+00  2.86770907760174010E+01
  3.55036581058269410E-01  2.94382207006831960E+01  2.16673441271032590E+01
  3.54092873053847420E-01  1.11576664872018440E+01  2.40891568219119410E+00
  5.13614394364816020E-01  1.19868127157677100E+01  1.49601526965389340E+01
  3.65995101567518470E-01  2.87586169118197570E+01  1.41678915388893380E+01
  5.25383403930900440E-01  2.95909684697427370E+01  2.37122473276097980E+01
  3.83598938984435380E-01  3.43826932505991900E+00  8.27701848897073590E+00
  4.86073626967704090E-01  2.91887821486172640E+01  1.74220064996792420E+01
  5.96963967672292380E-01  7.81609500764732170E+00  1.56798038494206030E+01
  4.66553963192992600E-01  2.13246156173886660E+01  6.88657134119641070E+00
  4.15252526658189590E-01  1.71524926843215330E+01  2.92713733042393930E+01
  6.36786611163594070E-01  1.57436080757015960E+01  1.47037473913600180E+00
  6.06760633376156730E-01  7.61988513430333650E-01  1.26347744263781240E+01
  5.25895496843049500E-01  2.58544117605925480E+01  1.95553169969867580E+00
  5.05409982910693060E-01  2.05566325396271100E+01  1.10173024316574130E+01
  5.18912146576496980E-01  2.80295468601652050E+01  1.16401172412476940E+01
  5.81677556670477180E-01  2.02536459859045800E+01  1.99553546951742010E+01
  2.50625569857546320E-01  9.68464574191753510E+00  6.83653657967487940E+00
  6.67521681419926690E-01  2.13950196873389020E+01  2.22862348588538880E+01
  6.52034765531911640E-01  1.52058964095649430E+01  1.55680933925874550E+01
  3.81419328643079860E-01  5.84229041439082050E+00  1.69977697769989470E+01
  3.18942867500738640E-01  1.82563280954716730E+01  1.05378108574945340E+01
  6.63973334543257470E-01  1.13110102569047550E+01  2.38939530195104410E+01
  4.05793634226126800E-01  2.82986188388791290E+01  2.56151527775387180E+01
  2.88617724104866640E-01  2.76299675371159670E+01  2.51697105471728580E+01
  3.17587838135982990E-01  1.90162506272648170E+01  2.57860003976591340E+01
  6.94010688862415210E-01  1.61897793118832570E-02  2.77340454091878290E+01
  3.25036994184950640E-01  5.72440947670156410E+00  1.16076096612399480E+01
  4.41940562555082740E-01  1.63888336448414440E+01  1.38004003252632170E+01
  3.05466220251299840E-01  6.02035422084221230E+00  2.19783776367901600E+01
  7.22984261441823330E-01  2.53462218181526100E+01  3.31118883882985490E+00
  4.60682082706054620E-01  1.48220905371301210E+01  2.12740042827665760E+01
  4.22201084465533680E-01  3.04955210567747590E+00  1.07751446813665370E+01
  6.24824560398126750E-01  1.15911232473387000E+01  1.53140041258850880E+00
  3.63079661055833470E-01  1.41301243622256010E+01  2.96823981705802670E+01
  3.25516939164680520E-01  2.42558800627144960E+01  2.25864329217950260E+01
  4.87886881528419990E-01  7.21408849535141880E+00  2.68599090567977110E+01
  4.34172467284937990E-01  1.02137570395204000E+01  2.38572080376488990E+01
  7.04082361725448710E-01  1.86059522555263040E+01  1.65901112487478160E+00
  4.40295189098215370E-01  2.28758240610735000E+00  2.67604407889785990E+01
  4.54567147313974470E-01  2.68186370716001750E+01  1.34543804293004520E+01
  4.89717368181109780E-01  2.58905463087317180E+01  4.39479836046485060E+00
  4.82771447840326400E-01  1.20480433495762110E+01  6.51420663364227790E+00
  3.54092873053847420E-01  1.75045837503062390E+01  2.43336652799599590E+01
  7.67457697882333090E-01  5.80913204875777380E+00  1.81461099809256230E+01
  4.43129600128677660E-01  2.14378223593891480E+01  8.83589858182857670E+00
  5.61514797181737530E-01  1.53452759418454580E+01  1.76113960943660040E+01
  5.82207618145930890E-01  1.49796610709879330E+00  2.44864696858409980E+01
  5.94092381958372510E-01  2.87115979167442920E+01  2.85490983256795450E+01
  5.64318884198494160E-01  2.68812166912143200E+01  2.84237446519187960E+01
  6.16837537735261420E-01  7.48757470798358680E+00  1.68480799795136240E+01
  4.20581746236023420E-01  2.08689725207173100E+01  2.12850703345285090E+01
  3.16022212934137680E-01  1.65314177960938230E+01  2.20106285859618180E+01
  4.59502380082057990E-01  5.60360143741592240E+00  1.93553676925900750E+01
  7.48336469443998900E-01  8.50791662423469400E+00  2.86084900037235810E+01
  6.90159994875631000E-01  2.36537684901444330E+01  2.40273072261055350E+01
  4.68364091588631840E-01  2.09405605151295620E+01  1.91613841772054630E+01
  4.05593309893122810E-01  2.49521514962248360E+01  1.56664631901921700E+01
  5.55687039951364880E-01  1.08342441621328620E+01  2.18673926998338000E+01
  2.83840017940612550E-01  3.71307683528627660E+00  1.33234770613058140E+01
  5.98280766214214580E-01  7.57369196795349800E+00  2.02393476273811180E+01
  5.84913004272127690E-01  2.03962564782621210E+01  1.50884549981236610E+01
  2.83840017940612550E-01  2.26914720937538910E+01  2.43022497868774070E+01
  2.83517655556827110E-01  2.78829813848152950E+01  1.93734377841295430E+01
  5.27599340399055180E-01  1.47090243764214320E+01  2.52196974753445180E+01
  6.24824560398126750E-01  1.39119758807400160E+01  1.98378263119862980E+01
  4.84167632717154460E-01  2.60875212440665290E+00  8.02244243355142750E+00
  5.66562802601083430E-01  2.85052701743563900E+01  2.38278984699141990E+01
  5.81213412342838430E-01  1.57051830326890480E+01  2.47333717645601790E+01
  5.13285974501586400E-01  1.49799110457920200E+01  5.61391636401502400E+00
  5.29625185962053640E-01  1.79682417571421350E+01  1.94312124800099790E+01
  3.30104909316010620E-01  1.70024182224634900E+01  2.60715945172985550E+00
  5.48174971142568520E-01  3.00623952538672870E+00  3.18363726351811720E+00
  4.72192289519205580E-01  2.92571852139360580E+01  2.66588887541054190E+01
  4.53126113496558960E-01  2.91449071415161040E+01  8.27283076126908060E+00
  5.25993347610763350E-01  2.25789533003054640E+01  2.21372025776515930E+01
  4.75338540515479570E-01  2.86459625530136960E+01  6.86605542074621230E+00
  4.30858982518450690E-01  5.49580887239511280E+00  5.95954688976381600E-01
  7.09741570678139940E-01  6.63609568393865600E+00  1.31619214767934860E+01
  5.05409982910693060E-01  2.75846336347906240E+01  2.43769810584298590E+01
  5.20369884994360540E-01  2.10971187588076850E+01  4.55566617565559010E+00
  2.73281005279713530E-01  9.52389609545852520E+00  2.40134998428984580E+01
  3.09574052588245370E-01  2.89513997536040150E+01  1.35018567284574350E+01
  3.18095930761502070E-01  2.61102055339192950E+01  1.11595340288003510E+01
  4.46537248270915300E-01  1.75196179458510740E+01  8.03148497965029580E+00
  6.38830345620663920E-01  1.03272292004501160E+01  1.15035139622984970E+01
  6.68397269451762100E-01  3.04510793593151030E+00  2.75695632202360060E+01
  5.32488384254616510E-01  2.21369984540914830E+01  2.96611901520277820E+00
  3.17579752081870750E-01  2.34915948201953770E+01  2.57466734888093000E+01
  5.16710955738981780E-01  4.18963456933858320E+00  6.87054490885421920E-01
  4.49545157175862540E-01  2.58362889570869250E+01  9.80509878506075690E-01
  3.20574425314766210E-01  9.01745605344261140E+00  2.19018875224731810E+01
  4.12246671516209600E-01  2.02425166958572400E+01  4.18300435720141730E+00
  4.94550785807675550E-01  8.70277538728406340E+00  9.89115397106296970E+00
  3.59079136884617700E-01  1.38227001463702570E+01  2.52107525287192540E+01
  6.10572080928614460E-01  2.33138968954046930E+00  6.94356764611213610E-02
  4.75338540515479570E-01  8.86171724768324330E+00  2.26822727808814090E+01
  5.09574347305064630E-01  4.88995748392839410E+00  1.16073399023377790E+01
  4.18189647978318300E-01  1.23931289629500940E+01  2.39037655656092340E+01
  3.76753951196820710E-01  8.39658595311027690E+00  2.07619015937118120E+01
  3.84533934306195220E-01  9.52100204047687450E+00  8.28816398590403480E+00
  6.60767019732147710E-01  2.77851330912958480E+00  1.75531772885843220E+01
  5.64318884198494160E-01  2.23707485599603610E+01  8.00173359160286420E+00
  4.69750256464274060E-01  2.74337590987576970E+00  9.93745610911193110E+00
  6.88340418185590860E-01  1.18408313361328400E+00  2.69953442311944660E+01
  5.93150731645016190E-01  1.93211948062676950E+01  1.45799134284368040E+01
  7.17499092254363010E-01  1.89422181977526630E+01  9.43955859695520340E+00
  3.79322922295397280E-01  1.44646740336106630E+01  9.76703479945247820E+00
  3.20574425314766210E-01  2.42883663447798630E+01  1.29032817089749920E+01
  7.17953871372127320E-01  1.22232424918516770E+01  1.01090961958703310E+01
  3.42409596243210680E-01  1.04825977855724060E+01  2.74780281758497620E+00
  4.43129600128677660E-01  1.23266035896910730E+01  1.76946148384468100E+01
  3.78068289465320630E-01  8.99331937706997840E+00  2.72924108625231690E+00
  4.75338540515479570E-01  1.41125646239951910E+01  1.58426309935205830E+01
  7.38532964590205680E-01  1.46958875826626370E+01  8.67372734078141680E+00
  5.07606992315717240E-01  8.77632343112771450E-01  2.20378643463226710E+01
  2.86134314477376340E-01  9.34158901555314000E+00  7.59181971462547360E+00
  5.07437626189109900E-01  6.60427358290219150E+00  2.33123631439802600E+01
  6.15073771326759470E-01  2.95083321918525990E+01  5.30505861262569670E+00
  3.30104909316010620E-01  2.74325359932078070E+01  5.54180763773706530E+00
  6.66683478841499700E-01  2.76779940855592810E+01  1.56200647987381910E+01
  7.49545055295440930E-01  2.77420354460719700E+01  2.51021909986603830E+00
  2.54824432159977790E-01  2.79429726810319930E+01  1.08715515078419450E+01
  5.72142532162989690E-01  2.67874720375955920E+01  1.35326173678409220E+00
  2.77147605524350650E-01  2.51448655873175750E+01  2.33154413992180440E+00
  4.68364091588631840E-01  5.99924595021546290E+00  1.00017242461627500E+01
  4.82771447840326400E-01  1.57957527185863410E+01  8.14318031619505690E+00
  2.50971712925384870E-01  1.01562596316482510E+01  8.27526852113693320E+00
  5.38024295323284910E-01  4.07376299889587030E+00  2.18578118248234330E+01
  4.13050329149462850E-01  9.60640895242772610E+00  9.97547600871951800E+00
  4.86590143357422540E-01  7.08647826322243810E+00  1.48791356507697420E+01
  3.16148313226467530E-01  1.87293531878603050E+01  2.82395328303026720E+00
  3.81419328643079860E-01  8.19777376273737700E+00  1.39214826246103910E+01
  6.52911031193170470E-01  2.95320373701707550E+01  9.30851215683782660E+00
  4.49150663742554990E-01  9.96068005391437340E+00  1.41673362722468210E+01
  4.73113776075054650E-01  9.47594626925738130E+00  4.82874149021014530E+00
  3.65995101567518470E-01  1.04004017856576920E+01  9.95889528595013650E+00
  3.46028387031474870E-01  2.18665419381148420E+01  2.42013261251294940E+01
  4.23675716525973380E-01  1.65094706206098470E+00  1.21138255796421710E+01
  2.47261092463374420E-01  2.80947587860704320E+01  1.99490264127835740E+01
  2.63339374245984010E-01  4.76039330082249190E+00  1.61761239599834780E+01
  2.59062449636064510E-01  1.61073675364669440E+00  1.13801261812776480E+01
  5.77180454669814490E-01  1.32082762445864360E+01  2.16175021997650600E+00
  4.06599624824484800E-01  1.78248090023413930E+01  2.09204131607293320E+01
  4.65278877330243820E-01  2.02312297471570870E+01  1.64737582323639420E+01
  3.07263188066738420E-01  2.22668679620801380E+01  2.47172460364874560E+01
  3.88697647565240350E-01  1.32992000607664310E+01  1.27975897529775650E+01
  6.62122603690132470E-01  2.41308378269767200E+01  3.97452698741880860E+00
  3.79322922295397280E-01  9.30272458838934570E+00  1.83363994911068280E+01
  3.53063097104977870E-01  1.42283514533338080E+01  7.16833002123021150E-01
  6.88885956497308970E-01  2.01093631260980490E+01  4.20066622501487070E-02
  5.33066537704075310E-01  1.38586729074444290E+01  2.43195910956736410E+01
  3.42074681651230290E-01  2.41662209729471120E+01  1.70853744894061990E+01
  4.24351701398837560E-01  1.55312503756216240E+01  9.48204304727014250E+00
  2.92456502136063850E-01  1.97984616802843190E+01  1.18183821659206330E+01
  5.90639534364661320E-01  2.60662394207487050E+01  2.38797839769931100E+01
  4.09705559579089850E-01  6.32183810219788530E+00  4.40921548628972990E-01
  3.59079136884617700E-01  4.24944289214258570E+00  8.78055456620789340E+00
  5.27599340399055180E-01  1.39116962849140510E+01  3.01346414582629230E+00
  5.38382256471750510E-01  1.51606145383372600E+01  1.25694582354723150E+01
  5.96963967672292380E-01  1.68707894992004840E+01  1.91787778970123030E+01
  2.96503602823160150E-01  5.54876039848987190E+00  2.17914810197902890E+00
  3.64593218166308700E-01  6.06092002440631730E+00  1.22094969125355100E+01
  4.18947112612636110E-01  2.90282768999033710E+01  2.29541331928613130E+01
  5.40946473112310590E-01  2.02083326549672610E+01  5.13552689536947860E+00
  3.35017483125717060E-01  2.72070285602882720E+01  9.08729540061354690E+00
  4.75626642073745920E-01  9.95570066610964770E-01  2.43429813460431890E+00
  3.04461637453634990E-01  4.94836846210033700E+00  2.31439333715945460E+01
  4.36315933331792570E-01  1.57906823672189580E+01  2.25335207853181350E+01
  6.77666041374141330E-01  2.87280209845485790E+01  1.03686124266210750E+01
  5.67035311113654220E-01  1.20580758773990520E+01  2.91162155660053940E+01
  3.38650161839631010E-01  2.51287277715576000E+01  1.02617024209854120E+01
  6.94010183176834960E-01  2.09716247030159440E+01  3.34818535612931130E+00
  7.10410487391814980E-01  1.90570333545868850E+00  1.32877046171048310E+01
  4.54567147313974470E-01  1.41201254598013200E+00  6.38853220404438550E+00
  2.52169786807371790E-01  1.49236970520657990E+01  2.59692208980742190E+01
  3.01799748246536660E-01  2.88069983716055520E+01  5.96465138090292420E+00
  4.27719079604653450E-01  1.78241348074894510E+00  2.60533613639365850E+01
  3.87762191716535260E-01  1.98762642644469590E+01  1.72490466683008880E+01
  5.72951670348821020E-01  3.36167265617813230E+00  1.99400011865588700E+01
  5.09222041678605210E-01  3.73275171477514080E+00  1.68766427960457510E+01
  5.25993347610763350E-01  2.95542421706820560E+01  6.44477128892027550E+00
  3.12648490279368120E-01  3.48436751623247480E+00  2.66410721682663050E+01
  3.32399546609116130E-01  3.19963013143903390E+00  2.93944880760578190E+01
  4.43807889241729470E-01  9.14980667162043200E+00  1.07160301771758210E+01
  3.44170209092795430E-01  2.73389775750636200E+01  2.28434358592869060E+01
  2.54824432159977790E-01  2.56627015758579660E+01  2.46376346110457160E+01
  4.21963532045373490E-01  1.48126186246751620E+01  2.42760345644879540E+01
  4.11696508529454960E-01  7.77596912880731320E+00  7.85931810263639630E+00
  4.11346310528290360E-01  1.24795803279379380E+01  1.15855326283972730E+01
  6.16837537735261420E-01  9.83594614032999990E+00  2.59418737600734420E+01
  4.83570943621045310E-01  2.37456437821557810E+01  1.96465887672316770E+01
  4.32382463464541460E-01  2.23270229657166250E-01  2.88410490386285400E+01
  5.92513140571182980E-01  1.57214770491450150E+01  2.35598500597517420E+01
  3.55036581058269410E-01  1.32914975778284090E+01  1.59652037743031450E+01
  4.74581552528920360E-01  2.43261326557829280E+01  1.62848521187812520E+01
  3.44905765886116280E-01  1.81584622084529390E+01  1.73481340340019160E+01
  5.96963967672292380E-01  1.18261538466124070E+01  1.23534252264722180E+01
  2.68569610726517900E-01  2.62839566952990080E+01  1.00583447839108650E+01
  5.80290806494985740E-01  1.33412077528168480E+01  7.36196121066839380E+00
  6.25336422111717830E-01  2.35001591938106490E+01  8.37473293807110510E+00
  6.17452885167652710E-01  2.87824660961277700E+01  1.94251323308806900E+01
  3.29506256422424390E-01  2.82407919218913400E+01  3.48184740191333700E+00
  2.58355477869490890E-01  2.28830842914983710E+01  1.35830145075128500E+01
  4.69641390777102340E-01  2.56774314584503390E+01  7.83631606140305690E+00
  3.49095179616795370E-01  6.63897256247596520E-01  6.09513952598543090E+00
  3.27988333844876360E-01  7.85306773081570330E+00  2.63527388260667940E+01
  3.86383264228710210E-01  2.80607226161203370E+01  1.87275509743415900E+01
  4.75543307221801650E-01  2.67991452675791870E-01  2.49792564824098570E-01
  5.07815655211632320E-01  1.87184971954346120E+00  1.08883723711449680E+00
  6.08088426536500660E-01  4.03739266695931410E+00  2.30905053000831410E+01
  3.93024383017402490E-01  1.11407998432925910E+01  1.03573509106344480E+01
  7.48336469443998900E-01  6.61907646809242590E+00  2.57765737724666230E+01
  3.13454063710418570E-01  8.28285863518064860E+00  7.34113509906500990E+00
  4.43133439323318520E-01  1.25223002491704370E+01  1.57527913777730290E+01
  3.62493203924014780E-01  1.21102959897283730E+01  5.67141958509141820E+00
  5.72881440675418570E-01  1.49194189422037620E+01  1.43772357081922520E+01
  3.71299762957800540E-01  1.53016204400740890E+01  2.64650808238355390E+01
  5.13143010843963320E-01  4.29513457721180100E-01  4.35881887260586250E+00
  3.87533216804236250E-01  1.47437472785201320E+01  1.24859060863776980E+00
  3.90540239164096370E-01  1.85119292498943540E+01  1.65206278702895660E+01
  4.11696508529454960E-01  2.92704000184994900E+01  2.93849014618155130E+01
  4.19670751191123690E-01  1.47385021165153930E+01  2.77606877008067800E+01
  5.39922025342825940E-01  7.41663066654380550E+00  2.31781423994410880E+00
  3.73125396709624990E-01  2.28875385235130650E+01  1.14008940947445690E+01
  5.72628172168292430E-01  2.69865479582802050E+01  1.13189521853634360E+01
  5.63660960642019760E-01  1.07179435648213520E+01  1.75918034162543830E+01
  7.54397230300637300E-01  1.09922236849775730E+01  2.66786120534547990E+01
  4.07877171249442140E-01  1.21905240102705110E+00  2.54363602310610410E+01
  4.61178090502161720E-01  1.50756026913918080E+01  1.97424975994536210E+01
  3.50974061745161330E-01  2.05281645541545150E+01  2.28201257086578800E+01
  4.22541054278063120E-01  3.42049178000158970E-01  1.16953481589636970E+01
  3.25036994184950640E-01  2.09829091104266540E+01  1.83693509165315660E+01
  4.96042965314236020E-01  2.44338090341098150E+00  1.93930501904205780E+01
  3.04461637453634990E-01  2.65013593823314540E+01  1.05885069697533200E+01
  4.21290506291976640E-01  4.12958137063344030E+00  1.38921478472246120E+01
  4.26578460793149810E-01  2.59067332666945410E+01  5.31093996664401050E+00
  3.91816801400439550E-01  6.56841275892173030E+00  1.72633510257082680E+01
  5.32262962461145860E-01  6.48070050701284470E+00  4.61354306149164990E+00
  6.07718241283317260E-01  6.52570054102435120E+00  2.44242228422391360E+01
  5.13425754976809310E-01  3.89879543476209490E+00  1.13548565212981050E+01
  5.46829204411607870E-01  5.46280243979078770E+00  2.38221811751236100E+01
  2.99038091422116640E-01  2.81767181807764510E+01  2.49211410668434180E+01
  3.65374026971610010E-01  6.78191904948579080E+00  1.20970546816342570E+01
  3.46733456860136300E-01  1.83822291871420130E+01  2.36073943535724310E+01
  5.01833768532536340E-01  1.39037861993120460E+01  2.73707142666243540E+01
  2.88617724104866640E-01  1.93484438057536290E+01  1.54611827627231510E+01
  3.13454063710418570E-01  2.00554378765500760E+01  2.92475959288496860E+00
  4.43756654693070110E-01  2.48186219074383060E+01  1.48277119618872270E+01
  5.20369884994360540E-01  2.30631819588123220E+01  3.46672956841543730E+00
  7.41720708060832300E-01  5.04553227026824570E+00  2.80478073938265880E+01
  2.99038091422116640E-01  2.96389255333173760E+01  1.09185001558342270E+01
  3.93024383017402490E-01  1.95790024357871850E+01  5.82545212035634470E+00
  2.53364602799301860E-01  1.50474308322546550E+01  2.89608465527872130E+01
  5.48463672908306780E-01  2.11519502563665680E+01  7.88663400152709660E+00
  5.63660960642019760E-01  1.33273457669427910E+01  4.08694302211678280E+00
  4.99487474973056500E-01  2.83161407511210470E+01  1.78793738830636570E+01
  5.32488384254616510E-01  1.45551830545112410E+01  3.85574143438898570E+00
  3.62493203924014780E-01  3.94192614145894670E+00  2.80773967752175120E+01
  3.90540239164096370E-01  2.80146880888917310E+01  2.92444077681784800E+01
  6.25248164210708260E-01  2.47932125212114690E+01  2.33705084856465320E+01
  3.93024383017402490E-01  2.73804964250128540E+01  5.92002203600591410E-01
  2.83517655556827110E-01  9.39986151914465570E+00  5.58147696736304160E+00
  5.16562546778196820E-01  2.65198592157274040E+01  2.98018959830377650E-01
  5.96777348356598920E-01  2.85561679879209220E+01  1.26236225450326210E+01
  3.35017483125717060E-01  1.35567911432518220E+01  5.68113249572498090E-01
  5.69344335137112000E-01  5.08081198788758840E+00  8.36778190167326490E+00
  5.55509338843663690E-01  1.83968747978150660E+01  2.45093086926110150E+01
  4.09775903561979240E-01  4.82050803221474310E+00  2.24412496665800210E+01
  3.20574425314766210E-01  2.01573221758472490E+01  1.02280071549081890E+01
  5.39466591144820300E-01  1.39596988609928660E+01  1.05342600304912590E+01
  5.18725390566230620E-01  9.76872771504717360E+00  2.22757373401635130E+01
  3.62493203924014780E-01  2.43900669184011210E+01  8.80351766696081840E+00
  4.23675716525973380E-01  3.17978515015184900E+00  2.15035318371340550E+01
  4.13050329149462850E-01  5.57426901288202710E-02  1.97843038243487930E+01
  3.01731430220296380E-01  2.72977203126995320E+01  6.35091475425365640E+00
  3.48156346672602490E-01  1.28858446013109610E+01  1.09438562098035220E+01
  6.83531487369900860E-01  2.06873317204648080E+01  1.22211321105824420E+01
  3.27197753470684690E-01  2.74307164446192360E+01  1.46577082033750600E+01
  3.50974061745161330E-01  1.25349016639402520E+01  1.29829093016389670E+01
  5.77649046292645880E-01  2.13150022194163000E+01  1.73561192023760710E+01
  5.13614394364816020E-01  5.54757627365175670E+00  6.61159163739323750E+00
  7.17953871372127320E-01  2.61936676608262470E+01  1.99235551329822580E+01
  3.01731430220296380E-01  2.94309708444817840E+01  1.38809434272264110E+01
  6.14584822297879540E-01  2.11634536703022040E+01  2.35471468219928930E+01
  4.69641390777102340E-01  2.13023104108551810E+01  2.00266829709722880E+01
  4.49154676673646060E-01  2.93957845128617200E+01  7.40657052161108800E+00
  4.82268891960512480E-01  2.73379713851179960E+01  1.78012360405801000E+01
  6.26908127420837150E-01  9.00370079299529460E+00  1.46784656193850150E+01
  2.50971712925384870E-01  1.57071144292848020E+01  1.41362485691297980E+01
  2.62213147743524950E-01  1.54913979161929410E+01  1.68011838335346620E+01
  6.45167794061425240E-01  2.89812054117520720E+01  4.16040524330579590E+00
  5.94931591270377070E-01  2.42106445261076000E+01  2.51853344930383790E+01
  7.68548325332126940E-01  2.70528528646194480E+00  4.46509445997979440E+00
  4.36195486319121350E-01  2.48166049015201780E+00  6.44790687890584380E+00
  5.33066537704075310E-01  1.47098565816892680E+01  1.66549377105272390E+01
  5.62178328188990490E-01  2.36277924122533780E+01  7.16164467342407820E+00
  2.97561439636419770E-01  1.06149366155808060E+01  1.37611831404994320E+01
  4.82771447840326400E-01  2.58209110789638670E+01  2.92763576154947600E+01
  6.61562106526255890E-01  3.05629907783098040E+00  1.40343204963010620E+01
  5.04339573614743570E-01  2.66466320814913970E+01  5.87586029134014080E+00
  3.45648959319623030E-01  2.40445796644244540E+01  2.75007911010018940E+01
  6.95947079841625180E-01  1.74936168598415340E+01  9.17359452448813780E+00
  4.75626642073745920E-01  1.11766544873209610E+01  2.96724607883169580E+01
  2.57534358191145160E-01  2.39783751437128600E+01  2.10280169720970670E+01
  6.30423428531534040E-01  2.18502330750785530E+01  1.62732683508118040E+01
  3.25516939164680520E-01  7.23950126153300390E+00  1.93781401248774120E+01
  3.14110289759674140E-01  1.37098288564262740E+00  1.73999127603210990E+00
  3.99477862283745790E-01  8.51184411111995230E+00  3.60117892620758660E+00
  6.47236078597052340E-01  1.98919784606050490E+01  1.87810380671951300E+01
  5.28731261397185740E-01  2.57928397999374110E+01  2.27944001768239240E+01
  4.43807889241729470E-01  1.93296615530126950E+01  1.63548155305886600E+01
  4.82268891960512480E-01  5.47098132504344030E+00  4.51528968048813260E+00
  4.30858982518450690E-01  2.18834073022524620E+00  1.46973456539020620E+01
  4.18947112612636110E-01  1.71666455474169230E+01  2.83748095978025250E+01
  3.50662231740508900E-01  1.12805715297664090E+01  6.18944627408333850E+00
  2.85767805251094040E-01  2.67948812356923370E+01  1.59765102203725270E+01
  3.45648959319623030E-01  2.49350859380383450E+01  1.21830352069941150E+01
  3.45648959319623030E-01  5.51477984215646890E-02  1.02831775897001840E+01
  6.42005949159872720E-01  1.41989232088684310E+01  2.86750222790902780E+01
  2.74003615458356760E-01  1.65432513510715770E+00  2.21239337665280760E+01
  3.87653287431749970E-01  1.62317035073800010E+01  1.58026504439652980E+01
  4.18948713530687210E-01  1.14189269886784430E+01  2.28165257522663860E+01
  4.53451232343747090E-01  2.11942893730881790E+01  2.63952607512837360E+01
  4.21603844523193420E-01  8.59888633520077940E+00  2.62782135934926410E+01
  2.62213147743524950E-01  2.33157527161584390E+01  6.39861485018655610E+00
  6.94903868090152520E-01  7.99416429673667040E+00  2.53396713738004100E+01
  6.31563936872940970E-01  1.67797655957290810E+01  2.29352668673305050E+01
  7.01778375544082420E-01  2.67474569671241330E+01  3.56705072763330260E+00
  3.46434506905438330E-01  2.80541507385485080E+01  2.87672254228350970E-01
  3.50662231740508900E-01  2.21678851330328190E+01  1.02745485623827190E+01
  3.01799748246536660E-01  2.13181307973385610E+00  9.46678626785513980E+00
  4.41298336829792340E-01  2.37114158489336760E+01  2.95436283996505580E+01
  3.39481361119070080E-01  2.51336386373423720E+01  2.15962132307360440E+01
  3.83181557852844270E-01  2.62712228659620720E-02  2.59387818926946350E+01
  6.75156127532392600E-01  1.32854717546423460E+01  1.49354434157150460E+01
  2.73281005279713530E-01  2.65561315523977940E+01  2.16057825766735160E+01
  6.65634982039605120E-01  2.30770904285913470E+01  2.77935573241655690E+01
  2.54824432159977790E-01  2.24470102445327840E+01  2.96250704768590510E+01
  2.84029264846615530E-01  1.47751695850121580E+00  1.61169858257402760E+01
  4.62836237406567810E-01  4.35508850389174910E+00  6.40116950567793100E+00
