1
  1002  2.96924426640336700E+01  2.96924426640336700E+01  1.00000000000000000E+00
        0.00000000000000000E+00  0.00000000000000000E+00  0.00000000000000000E+00
  3.20574425314766210E-01  1.77644350305610140E+01  2.03889427695561240E+01
  5.39466591144820300E-01  1.02013088826983030E+01  2.56906371563279630E+01
  5.18725390566230620E-01  2.30215600896162870E+01  2.41943572199746340E+01
  3.62493203924014780E-01  2.36426484139141290E+00  1.89246732091035420E+00
  4.23675716525973380E-01  1.33733062908316620E+01  2.19310789015190370E+00
  4.13050329149462850E-01  2.36495891324729920E-01  1.32868305265338710E+01
  3.01731430220296380E-01  2.17811035152729180E+01  1.01624455029132770E+01
  3.48156346672602490E-01  1.29786604541646770E+01  1.04578662241092780E+01
  6.83531487369900860E-01  7.55814172107181740E+00  2.87740545093502080E+00
  3.27197753470684690E-01  1.01695015765156380E-01  1.56970799984824080E+01
  3.50974061745161330E-01  2.30652063295183930E+01  1.99085024270170090E+00
  5.77649046292645880E-01  8.67038554996037370E+00  2.14391782928802500E+01
  5.13614394364816020E-01  5.62773356439369540E+00  3.92535290185064060E+00
  7.17953871372127320E-01  3.42320707092109800E+00  1.67971836954476500E+00
  3.01731430220296380E-01  1.85319028407786700E+01  4.74620539690579340E+00
  6.14584822297879540E-01  2.86059712422275250E+01  9.17214352398705480E+00
  4.69641390777102340E-01  2.95883264592599600E+00  2.58597707498337070E+01
  4.49154676673646060E-01  2.10870115665712850E+01  2.34710000131510380E+00
  4.82268891960512480E-01  1.96057830675860640E+01  6.30731975947201740E+00
  6.26908127420837150E-01  9.42707787793210450E+00  1.36752826275313680E+01
  2.50971712925384870E-01  5.06563673837665360E+00  4.44369111546012440E+00
  2.62213147743524950E-01  1.89181421802688550E+01  1.71306168466556310E+01
  6.45167794061425240E-01  2.42575625460322290E+01  4.95707585822962570E+00
  5.94931591270377070E-01  4.66405221192551790E+00  2.10654602813864940E+00
  7.68548325332126940E-01  1.02449499393223360E+01  3.22570808293573390E+00
  4.36195486319121350E-01  5.31474705296123600E+00  2.15345568413316140E+01
  5.33066537704075310E-01  8.34615001821426010E-02  2.41316692004494620E+01
  5.62178328188990490E-01  2.24235055814389350E+01  8.84923195025730180E+00
  2.97561439636419770E-01  5.71334117014526390E-01  1.52852233516336200E+01
  4.82771447840326400E-01  2.13807298892096930E+01  1.95144615014882060E+01
  6.61562106526255890E-01  1.43289410318887090E+01  2.89440833732688460E+01
  5.04339573614743570E-01  9.32976466433597200E+00  2.62642220527612440E+01
  3.45648959319623030E-01  7.41485818581432900E-01  1.59049590648458570E+01
  6.95947079841625180E-01  3.97463642372460450E+00  1.45727982244419110E+01
  4.75626642073745920E-01  1.11470479735544590E+01  1.84692642167168760E+01
  2.57534358191145160E-01  2.51785253238726270E+01  1.71713055246277970E+01
  6.30423428531534040E-01  2.74933695480962650E+00  1.69242247394231560E+01
  3.25516939164680520E-01  2.76306253143691410E+01  1.51029072926212680E+01
  3.14110289759674140E-01  1.65178103807142480E+01  2.64928886104870390E+01
  3.99477862283745790E-01  2.42127986185483690E+01  1.44657114762304800E+01
  6.47236078597052340E-01  3.15464304766477980E+00  1.12993385480984950E+01
  5.28731261397185740E-01  6.60762350070949010E+00  6.54512468452282810E-01
  4.43807889241729470E-01  2.63873426738544480E+01  2.30685233835646920E+01
  4.82268891960512480E-01  1.84503433819453910E+01  6.11423291692687880E+00
  4.30858982518450690E-01  1.64287389615931050E+01  2.32923629087328690E+01
  4.18947112612636110E-01  2.44198456457631890E+01  1.04026204399919490E+01
  3.50662231740508900E-01  1.80061336967453020E+01  9.14473195443805410E+00
  2.85767805251094040E-01  3.66385636987524910E+00  1.69619560933657430E+01
  3.45648959319623030E-01  2.51996619909088760E+01  2.72394311138948310E+01
  3.45648959319623030E-01  1.26598117002164120E+01  2.80617247400593260E+01
  6.42005949159872720E-01  2.05751679489314720E+01  9.56754529398537560E+00
  2.74003615458356760E-01  2.70064644822162170E+01  5.78861050696660320E+00
  3.87653287431749970E-01  2.93353248389803130E+01  3.96208898668831560E+00
  4.18948713530687210E-01  1.86453990187729030E+01  3.18750596491810260E-01
  4.53451232343747090E-01  1.28116175804219840E+01  1.69207633732123240E+01
  4.21603844523193420E-01  1.50287466888420300E+01  2.02504810521358320E+01
  2.62213147743524950E-01  9.47821508230841840E+00  1.66418509770801530E+01
  6.94903868090152520E-01  1.96813067287997970E+01  1.36434251245362400E+01
  6.31563936872940970E-01  1.43941789598704120E+00  1.84080949954761340E+01
  7.01778375544082420E-01  1.51617436449361630E+01  2.22602897548136130E+01
  3.46434506905438330E-01  1.08253112000804900E+01  8.33212960693873580E+00
  3.50662231740508900E-01  7.69032465041374370E+00  2.52450163379247310E+01
  3.01799748246536660E-01  2.76591193299881510E+01  3.84495375436800090E+00
  4.41298336829792340E-01  1.88376167603828930E+01  1.93816480550462950E+01
  3.39481361119070080E-01  6.67469786301822140E+00  8.02702605767828280E+00
  3.83181557852844270E-01  1.31545516328925360E+01  6.24150578074697290E+00
  6.75156127532392600E-01  4.19820754053094620E+00  2.93063392530291860E+01
  2.73281005279713530E-01  1.25735620465707870E+01  1.29233748290318790E+01
  6.65634982039605120E-01  2.64772548315400420E+00  1.42693192641994780E+01
  2.54824432159977790E-01  2.03844650169691200E+01  2.38266614782711940E+00
  2.84029264846615530E-01  1.77989246491143010E+01  2.56074227237263660E+01
  4.62836237406567810E-01  8.44614115800073680E+00  2.04239001971377900E+01
  3.33973424357718240E-01  8.44239108128143200E+00  1.76786402185581470E+01
  4.91872428060923640E-01  8.92246489922635000E+00  2.26936536244966870E+01
  5.52490392167627680E-01  2.75428884573678300E+01  2.75413432412127430E+01
  5.39466591144820300E-01  2.62643607634598910E+01  1.03442173705413670E+01
  5.65219172841477580E-01  4.30486658917571940E+00  1.86182278371352650E+01
  3.53776024442120150E-01  1.81215372029482860E+01  1.50408704583283550E+01
  5.54611473665029210E-01  3.65865391600631900E+00  2.32564891101557160E+01
  4.81368497469048420E-01  7.77683530529877490E+00  1.33551937858894330E+01
  2.84672167568555990E-01  3.15003201217168010E+00  3.78170101253328910E+00
  3.06898385793053400E-01  1.35945253627906940E+01  2.28952441760255000E+01
  4.49954956992444630E-01  2.23136119032698370E+00  2.67827577297807050E+01
  5.88686278844574580E-01  2.51547011896787220E+01  1.62433049061471420E+01
  4.36315933331792570E-01  2.37339378364286840E+01  1.37696123329416940E+01
  5.46155746035104350E-01  7.76210147340953950E+00  1.43823875829583600E+01
  4.11346310528290360E-01  2.63248525397840110E+01  1.12930619647036130E+01
  7.44650008855257360E-01  2.42638011966873390E+01  2.39658777760337780E+01
  4.68162992243922280E-01  2.34824123246877080E+01  2.57203531454446690E+01
  7.11073931023246340E-01  4.56197151892231910E+00  2.65487326133802530E+01
  3.02034441597155470E-01  1.33592357280527750E+01  1.21579080352369310E+01
  5.12509616084684260E-01  2.47605245450472820E+01  1.37372371475731420E+01
  3.40422717275118370E-01  1.87546819085740250E+01  2.85846450089433580E+01
  6.65634982039605120E-01  1.53734141394941390E+01  1.02572573453060410E+01
  3.75295693565172690E-01  2.42017750196320840E+01  8.12020161093211000E+00
  4.75626642073745920E-01  1.38893846786808130E+01  2.70579343304468840E+01
  4.72038094207023740E-01  1.09090233924222810E+01  2.26044860455912370E+01
  4.29902962432020440E-01  1.33931185467844520E+01  3.04605028626185260E+00
  5.68910711623079470E-01  2.83938788543374760E+01  1.97455025428410170E+01
  3.07263188066738420E-01  3.42400918005095050E+00  2.02341209425341830E+01
  6.10911033360540580E-01  2.55348454533954870E+01  1.29240500489117060E+01
  3.43353541919950760E-01  4.93996199314262620E+00  2.83572780578966250E+01
  3.15231116497538320E-01  2.30780316601142630E+01  1.87715923992512860E+01
  3.78068289465320630E-01  2.13966687855170700E+00  1.26420133778110290E+01
  2.54824432159977790E-01  1.59655128345343510E+01  1.44326565333818870E+00
  5.44558358435121190E-01  9.59068668701807960E+00  7.25610243386632450E+00
  3.56000803327192820E-01  1.55240250842698920E+00  2.60054507169936180E+01
  3.13454063710418570E-01  8.40183100626152420E+00  2.50366741313616680E+01
  6.12591031919131530E-01  2.11854688398437150E+01  1.75723602132813460E+01
  6.47236078597052340E-01  1.02536599505807930E+00  2.88201626731735100E+01
  2.65726189967390210E-01  1.22826754140325710E+01  1.74082327775344440E+01
  2.96653470797716330E-01  2.95157715202966810E+01  1.73021543453366680E+01
  3.45648959319623030E-01  2.29190378370521800E+01  2.51338127201353070E+01
  3.13454063710418570E-01  5.10294985469563670E+00  2.48446577973823610E+01
  3.39073066583844400E-01  1.53956466107159140E+01  3.67170025575949490E+00
  2.96256570285591500E-01  1.56412693505109170E+01  5.94404468730954070E+00
  4.19081387041561550E-01  1.00067436150295560E+01  8.83948100399358870E+00
  7.08391389715138510E-01  2.90235811441886360E+01  2.59713743094887730E+01
  7.16035261746952050E-01  2.25150508413045180E+01  1.99022811601024830E+01
  4.43133439323318520E-01  1.95214754380637160E+00  5.67314939335530880E-01
  2.73281005279713530E-01  7.56467306717773890E+00  1.16560596067296170E+01
  3.35017483125717060E-01  6.44203257682391950E-02  2.90210854422738860E+01
  5.09222041678605210E-01  1.14606609233852040E+01  6.75594923870589170E+00
  4.27719079604653450E-01  1.72006987426183680E+01  2.29170628635064690E+01
  5.81299825206354370E-01  3.16710099084272570E+00  2.42801487936245120E+01
  5.46155746035104350E-01  1.35501447877175300E+01  2.80210235389308690E+01
  3.05466220251299840E-01  2.10992309412273360E+01  1.24281471842681610E+01
  3.11838068626578210E-01  2.03293795346350590E+01  6.65149817554445290E+00
  6.27423008989955560E-01  2.35812446174087210E+01  2.68109264119777110E+01
  7.12424816007452400E-01  2.04356813242990860E+01  1.86645020768597330E+01
  4.41140732643827070E-01  6.64292531263732220E+00  1.46133955946811960E+01
  3.80273533482480450E-01  2.35070022519472420E+01  6.75200480019949720E+00
  3.29796701345061780E-01  1.03224844360804580E+01  1.41215437362033570E+01
  4.15252526658189590E-01  1.30202286873440580E+01  1.90929285140585670E+01
  2.59062449636064510E-01  7.46580558988943550E+00  1.77639607821291460E+01
  6.18419083689772810E-01  1.15437557999254510E+01  2.17181216926938560E+01
  5.04213456464067280E-01  3.64957002651055130E+00  6.74818136158100580E+00
  3.48156346672602490E-01  1.95592541716973290E+00  2.38694723041225100E+01
  2.89042915761794110E-01  5.54916608579169420E+00  2.67071133413838840E+01
  3.05466220251299840E-01  1.68986329574439120E+01  1.11665954530672660E+01
  6.49919166153384610E-01  1.68326504803614620E+01  1.87875482813549780E+00
  6.14379095469630790E-01  1.40144217320604940E+00  6.16658988770438570E+00
  7.00411917450214720E-01  1.73535316144139000E+01  1.42516035926690390E+01
  5.69344335137112000E-01  1.25491378212370290E+01  3.58023274170293560E+00
  2.57564851167384970E-01  2.44644305704513130E+01  7.54429591451056590E+00
  4.13050329149462850E-01  1.00257528231542890E+01  2.68618691079267720E+01
  6.18419083689772810E-01  2.52638994654234990E+01  1.80428678071409580E+01
  4.26523982883737140E-01  1.07097967512922310E+01  1.76807335700591080E+01
  3.78209123272245940E-01  2.96302378941022940E+01  2.09767856788337460E+01
  2.63055759251188670E-01  2.92361264665556000E+01  6.22545792634098040E+00
  5.00274833943758600E-01  1.15219117767040690E+01  1.27582221179796350E+01
  6.01687927537542500E-01  1.02541697541913430E+01  1.12314208521348800E+01
  4.86073626967704090E-01  8.80809126804463280E+00  6.58575654026633290E+00
  7.62474117278193650E-01  2.94658338739269040E+01  8.09677457381266310E+00
  4.87886881528419990E-01  1.72751693710878200E+01  9.55484808101520320E+00
  2.99038091422116640E-01  9.34417928344680960E+00  2.70663934780763280E+01
  3.50974061745161330E-01  2.53276611078859060E+01  2.37059657491628610E+01
  6.10572080928614460E-01  3.28554853967929760E+00  2.68890895135772250E+01
  3.01731430220296380E-01  1.30268262026255530E+01  2.31139914819071850E+01
  2.59062449636064510E-01  1.14950770159760460E+01  1.57207416968330000E+01
  6.99477888048091770E-01  1.02534169374906940E+01  9.93038820160557380E+00
  4.41666133880560000E-01  5.77439767996585920E+00  2.51892311140416640E+01
  6.86210935380316480E-01  1.81819449798325470E+01  1.84661925290126940E+01
  5.27425300578987690E-01  1.22562715542848560E+01  6.09240803867395540E+00
  7.54505484792745040E-01  2.11280269754998180E+01  1.35603951547678940E+01
  4.11696508529454960E-01  1.05525051002860140E+01  2.34662355987240860E+01
  6.26517897412854200E-01  1.92015487811420690E+01  2.54592619705102120E+01
  5.72142532162989690E-01  3.26618115771079150E-01  4.63311310554086740E+00
  3.47451934045076260E-01  1.01662224723480570E+01  2.07977726144799390E+01
  2.57564851167384970E-01  2.11906512777068880E+01  2.65762620654103120E+01
  5.33859136323620030E-01  1.21277434610406840E+01  1.35955359231469920E+01
  2.69169509893181310E-01  1.34969365546888640E+01  1.59715242896784030E+01
  4.24351701398837560E-01  1.15477885164901850E+01  1.75373138236200500E+01
  3.11762329988951370E-01  3.09162327255522480E-01  3.74977102305024570E+00
  3.50974061745161330E-01  5.38753032072707950E+00  1.89736702182160070E+01
  2.66929568161810020E-01  2.69469348519732850E+01  3.04660640013627940E+00
  7.20816873845379820E-01  1.11172553524472870E+01  2.65566706097916560E+01
  4.22201084465533680E-01  6.37790956727924300E+00  1.63337820517036860E+01
  3.09209541844886400E-01  3.93736805271539400E-01  1.75052654194017560E+01
  2.62213147743524950E-01  1.03053849456172980E+01  6.88248145298660760E+00
  7.60411681679863700E-01  1.05129644640598930E+01  1.65105462667220980E+01
  6.67521681419926690E-01  6.82818517294874640E+00  1.27076435214060710E+01
  4.37954134865551840E-01  2.49302699150464130E+01  1.10906193963030620E+01
  7.16654247500547470E-01  2.42056399549825550E+01  2.88680335589756010E+01
  7.12424816007452400E-01  9.06025902746092800E+00  1.06832677823698180E+01
  3.61198882346046800E-01  1.52675513352222390E+01  5.40333589206240280E+00
  3.82245446386266610E-01  1.92292854293519970E+01  4.45989123366200690E+00
  3.58737518624021320E-01  1.73727711772349630E+01  2.28286576505823290E-01
  5.81547682683179710E-01  1.54137158802181760E+01  1.65655247946847340E+01
  4.21963532045373490E-01  1.00236630669419070E+01  2.00406392706703150E+01
  3.12648490279368120E-01  1.78881927900075080E+01  1.19565101241542140E+01
  3.25036994184950640E-01  1.97915000568705220E+01  4.88883680360805160E+00
  3.83290088603488770E-01  1.08759231206348770E+01  2.09721463794437040E+01
  2.93443024193560210E-01  1.73671731133158360E+01  1.90094633137728120E+01
  2.66929568161810020E-01  2.56843216653703440E+01  1.99761145765361410E+01
  2.99038091422116640E-01  1.92919971992936180E+01  2.82380742275952200E+01
  6.00040109246873770E-01  2.49383972784685500E+01  2.15235944475929810E+01
  7.14535578675763720E-01  1.97959698343682580E+01  8.45808381099209330E+00
  3.06898385793053400E-01  1.96039126311182060E+01  2.32677720900146670E+01
  3.45648959319623030E-01  7.35705416647677080E+00  8.08563358124327710E+00
  3.87046365911375680E-01  1.94024466609826090E+01  1.25987213340242030E+01
  6.56539952722306990E-01  1.11237847734627110E+01  5.63431400330895560E+00
  5.07436062422724900E-01  1.88858864982085310E+01  2.10705607211620960E+01
  7.39270392714900380E-01  6.72618893656298060E+00  9.10288993370651770E+00
  5.38024295323284910E-01  2.44086006592933840E+01  2.76303026947456840E+01
  7.33199636544987770E-01  2.63439861498677810E+01  1.92060214614471580E+01
  6.31923671661538840E-01  4.39519720097444290E+00  1.16042044834358280E+01
  5.72951670348821020E-01  2.12135906985657880E+01  6.77348302153796220E+00
  6.40456937776772590E-01  2.01085699547080240E+01  1.53181152770790870E+00
  4.77241894706072770E-01  6.25356812990111430E+00  1.54443969691745360E+01
  7.64764367446448820E-01  1.14723656696460880E+01  2.41994571437418460E+01
  7.16535845940979770E-01  3.00862929805427280E+00  1.56029750822261200E+01
  3.10705613459761840E-01  2.18765949511083990E+00  2.26133138873872070E+01
  3.89901968262705180E-01  2.77757328188836820E+01  7.58929380854906910E-01
  7.15011499502423580E-01  5.70814883629902960E+00  1.18998942669374940E+01
  7.60297905848187840E-01  1.36581307320917580E+01  1.81056442509533680E+01
  2.65726189967390210E-01  9.37236364345252500E+00  5.23844733172144390E+00
  4.53492046339069340E-01  1.91375754049163620E+01  1.61918877655349330E+01
  5.18725390566230620E-01  4.90181417562131740E+00  3.19326363147095190E+00
  4.24020504903543660E-01  2.49842976515147010E+01  2.05011856615897690E+01
  5.17634268500846420E-01  1.05825815260204190E+01  1.92857879493710480E+01
  4.54567147313974470E-01  1.80061887091668640E+01  5.28967397867361820E+00
  3.65965634987757580E-01  1.85274636333425350E+01  9.63600619865345460E+00
  2.96256570285591500E-01  1.87943073614321040E+01  8.32355718858204520E+00
  5.50543265074639000E-01  4.68019571914046220E+00  5.29912960522158460E+00
  4.46540105696671490E-01  2.29874383793263060E+01  1.08915924863061960E+01
  6.47236078597052340E-01  1.99625113029126100E+01  1.06992012275960650E+01
  4.82769235883485770E-01  9.24230561015578010E+00  9.31775708495028890E+00
  2.97529618718302210E-01  1.06949025721020590E+01  1.31072293652284010E+01
  4.13811620468168510E-01  2.83103156337779500E+01  1.47733710882381240E+01
  4.87785457169642190E-01  1.35096728869995890E+01  7.03673905806583560E+00
  3.41778742319800830E-01  2.24759064301265780E+01  1.02921923816098020E+01
  4.05793634226126800E-01  8.60866950020626830E+00  1.69584372751748550E+01
  7.14516279726398110E-01  1.45550202385403470E+01  1.55966884160290760E+01
  3.71799304162545760E-01  2.93658536244639820E+00  2.13732585514542000E+01
  5.77820253962530560E-01  3.02485376108597490E+00  2.23185879941199590E+01
  4.75626642073745920E-01  2.12650275504100680E+01  4.40543167498742160E+00
  5.46562010559427060E-01  1.89475294328370330E+01  1.77584583340670910E+00
  3.29506256422424390E-01  3.67306910117411970E+00  8.22104076927955770E+00
  2.62213147743524950E-01  6.32401824705462270E-01  1.80242657730603430E+01
  3.63105686475124490E-01  1.23070406532750860E+01  1.99956734423111640E+00
  7.08391389715138510E-01  2.50416700716448550E+01  2.16001084768579330E+00
  4.26578460793149810E-01  2.16364031484111120E+01  9.44742966086608680E+00
  6.08873319065221350E-01  6.73284740995045540E-01  2.30486393953745650E+01
  5.39466591144820300E-01  2.00224405154495630E+01  2.86497038980015690E+01
  4.66553963192992600E-01  2.44848214079750900E+01  4.50993923644683470E-01
  4.82771447840326400E-01  2.11013328759325520E+00  1.00808464395822810E+01
  5.13004586318856950E-01  3.90843020704721320E+00  2.91658603835126140E+00
  3.17084428049163950E-01  2.45598031625748450E+00  4.96186290389635510E+00
  3.50974061745161330E-01  1.14755357248951790E+01  1.07487173203149670E+00
  3.82382183723224410E-01  4.92304136170767940E+00  2.55167227270927950E+01
  3.77759649416993960E-01  4.01626573773204320E+00  5.94663448810233050E+00
  5.74203886104520670E-01  2.39355338797104200E+01  1.12693128272961720E+01
  4.11346310528290360E-01  1.09548352868533280E+01  1.63110555403695920E+00
  5.06367095649294540E-01  5.14005864888110330E+00  1.41180943236478210E+01
  6.01687927537542500E-01  1.61091744162024600E+01  4.31759227639728670E+00
  2.49794182180603610E-01  7.93333759628444750E+00  1.79641083570365900E+01
  6.11481049571092420E-01  3.93022026557943040E+00  2.53881231837342010E+01
  5.03927515451986880E-01  8.97757043026564180E+00  1.47126448434563370E+01
  6.35485889077753010E-01  2.44123840922713630E+01  3.68679522761395000E+00
  2.99038091422116640E-01  2.65474148854158650E+01  1.49358527981918280E+01
  4.22541054278063120E-01  1.81456695145148220E+01  3.24955979092470450E+00
  3.05466220251299840E-01  2.70122988893500560E+01  1.54269963039933740E+01
  2.62213147743524950E-01  1.59688946687119400E+01  6.39565343188965940E+00
  3.61769499680632390E-01  2.71004855979014070E+01  1.70481034558827000E+01
  2.47647088603063280E-01  2.83845338684725380E+01  2.15895607282563520E+01
  3.11155895623034430E-01  2.64460341179101480E+01  4.58000699672138460E+00
  2.66929568161810020E-01  2.71939154902443930E+01  3.51945697858098550E+00
  6.90395435464654740E-01  1.30161922122942390E+01  1.44371154626286930E+01
  2.96503602823160150E-01  1.61563035369731300E+01  2.92697047079168050E+01
  6.57722721512726150E-01  5.46403188838571640E+00  8.81519661842666840E-02
  7.24777883420223110E-01  8.10953621182892980E-01  1.00617736562257360E+01
  5.48279863025970290E-01  2.19437571566462460E+01  1.25459449871165440E+01
  6.40748513009616880E-01  4.11065285328729060E+00  2.78288905120903040E+01
  2.56092450391898300E-01  8.49362820657337640E+00  1.35276108806762420E+01
  7.17499092254363010E-01  1.31714721366329380E+00  1.97506036783272060E+01
  4.66141488621800890E-01  5.61553545026810140E+00  4.90415177856795380E+00
  6.33759023001558490E-01  8.11255910592084460E+00  7.46262859145344490E+00
  5.48279863025970290E-01  1.48876815029153540E+01  1.67592044750535770E+00
  4.19081387041561550E-01  5.20693235670819550E+00  1.82261365472636460E+01
  5.70902198024309190E-01  5.36453621130362900E+00  2.75468691282891530E+01
  3.17950877609215300E-01  2.56745053136859700E+01  1.09657660381464550E+01
  5.96963967672292380E-01  1.58316085704249790E+01  1.76671647560088160E+01
  6.18832453479690690E-01  2.22397732825260480E+01  1.53305122798978250E+01
  2.63339374245984010E-01  8.02758921712287870E+00  2.28871041901068110E+01
  3.55036581058269410E-01  1.31626590196124700E+00  8.62947260992658370E-02
  5.84913004272127690E-01  1.08897370873725950E+01  4.41498241478881240E+00
  5.77235448209733180E-01  1.81346584187836300E+01  2.32849288514538950E+01
  5.01105313190319460E-01  2.85106843082463510E+01  2.70743624884657660E+01
  3.83598938984435380E-01  2.25726193628035080E+01  2.67614006822395500E+01
  5.98360795606824340E-01  2.13299651797776800E+01  1.32872615563157040E+00
  3.41778742319800830E-01  1.07467080533640850E+01  9.01448197277202110E+00
  3.29796701345061780E-01  2.42227423010269900E+01  1.38259165360974310E+00
  3.84420431658369740E-01  7.10607870200619370E+00  1.59876924931140220E+01
  4.91872428060923640E-01  1.72254542501939380E+01  1.97813455977763720E+01
  2.93443024193560210E-01  2.42380930354836050E+01  2.77322850378943020E+00
  5.81299825206354370E-01  5.83192927955052820E+00  2.85986076254493220E+01
  5.68243553274813350E-01  2.29385157013610410E+01  1.31560361317851470E+01
  5.39001667068871980E-01  3.14227775199744700E+00  2.85023537542233780E+01
  7.01587183784351610E-01  2.87300523121389910E+01  2.88819093135439080E+01
  4.45239477383046460E-01  2.46451837176749040E+01  2.66760386131733680E+01
  5.39001667068871980E-01  8.63912809483205460E+00  1.30095637022839840E+00
  2.86134314477376340E-01  1.73159085815498130E+01  1.03264997303635830E+01
  7.70254277643880240E-01  2.42176881423899810E+00  7.10189193856485000E+00
  3.45648959319623030E-01  2.64477288108106910E+00  1.32584707123817300E+01
  3.39481361119070080E-01  7.37911432997943000E+00  2.78528238359609620E+01
  3.04461637453634990E-01  2.64136360483854030E+01  2.79176560044515370E+01
  5.20369884994360540E-01  7.37525065887404010E+00  2.96325013053119830E+01
  2.65726189967390210E-01  2.43429455014077580E+01  2.21520457210464910E+01
  6.26908127420837150E-01  1.26649680328021220E+01  2.22594312649222240E+01
  3.48480710258510130E-01  1.44726881171966700E+01  2.40075479852290490E+01
  2.96653470797716330E-01  2.91733746514788840E+01  1.18094938922838320E+01
  6.31923671661538840E-01  2.94578774906398910E+01  1.09262864513825980E+01
  4.09705559579089850E-01  1.81124345780048340E+01  2.70894208028177740E+01
  6.72499163702481620E-01  1.43614067166669630E+01  1.42238392010584730E+01
  2.84029264846615530E-01  2.19863668964928350E+00  1.61904756404280480E+01
  5.34631033075580400E-01  1.04697285491020260E+01  8.19558591066368080E-01
  6.17076625982510940E-01  1.40595664333436920E+01  1.94231144804364850E+01
  6.55074006360275090E-01  2.60842890457152660E+01  1.70691039089261380E+01
  5.46562010559427060E-01  2.69022491043243510E+01  2.86138641796180690E+01
  5.17626013175185660E-01  2.84391307620089510E+01  1.14584040533833400E+01
  5.82207618145930890E-01  6.19583555084537710E-01  2.59155085716458050E+01
  5.98268629341587580E-01  4.48767900363304050E-01  6.91602291446787820E+00
  5.34553382826858140E-01  1.33484565971782470E+01  1.12590881825537070E+01
  3.76753951196820710E-01  1.39630912244063370E+01  1.65231699805841790E+00
  7.52518120402026810E-01  2.32491038047887850E+01  1.62569644133036770E+01
  4.81368497469048420E-01  8.39221738653082380E+00  2.35351984624204600E+01
  6.47413426355271770E-01  2.22434931745258200E+01  2.94145632021968100E+01
  3.05466220251299840E-01  2.69044906874513860E+00  9.54838043820454270E+00
  4.46689977500956030E-01  1.73768496506399220E+01  2.62035923249114580E+01
  6.18566685513849460E-01  1.17306812565364510E+01  1.46766737683708810E+01
  5.36592099856838090E-01  9.23510557646761040E+00  8.27648695148889680E+00
  5.09574347305064630E-01  7.92036801918585450E+00  1.63559148041731000E+01
  4.92328788949218680E-01  1.87278809580145660E+01  1.44513698697248710E+01
  4.83351594707823830E-01  1.69461262833331400E+01  2.48340233153753400E+01
  4.40650972415989980E-01  8.20999933341027880E+00  2.91575753333306520E+01
  6.10911033360540580E-01  1.37754966440687290E+01  2.46659950263678880E+01
  4.34172467284937990E-01  1.82654490192876300E+01  7.01110220055101950E+00
  7.03188417218805210E-01  2.01759267894919990E+01  1.90387532456067990E-01
  2.92799561075502800E-01  1.91620467684942390E+01  1.19643592040253690E+01
  5.68243553274813350E-01  2.44365151550044190E-01  5.76921108427564370E+00
  4.60682082706054620E-01  2.11122449611331650E+01  1.05302865270513040E+01
  6.41715074739605920E-01  5.81805628084889470E+00  1.98674536132997730E+01
  4.55206736325743130E-01  5.01206416492441600E+00  1.50697835482405370E+01
  4.22201084465533680E-01  1.34589500271599950E+01  2.95891745144157310E+01
  3.63079661055833470E-01  8.15191742796319470E+00  1.96528341517423260E+01
  2.63055759251188670E-01  1.81289325976869580E+01  2.09170743594494870E+01
  5.32877675645020420E-01  5.07063424244415460E+00  7.10707344647418000E+00
  5.77235448209733180E-01  2.75337110473039530E+01  2.48775832810708160E+01
  4.09775903561979240E-01  2.74376664087336020E+01  1.95376128119077630E+01
  6.93187364831086050E-01  2.26073457290687510E+01  1.01217610531693180E+00
  4.30054269381220950E-01  1.98577369574796950E+01  1.17706487309946240E+01
  5.07436062422724900E-01  1.71314651706356930E+01  7.64933809647485670E+00
  2.49948351789403130E-01  2.60074243765380580E+01  1.50331977246386510E+01
  3.16022212934137680E-01  2.49409799569017210E+01  2.59748706782117650E+01
  4.72818350263822220E-01  1.91637129678683990E+01  2.92862119448251830E+01
  4.46689977500956030E-01  2.27322570487424330E+01  2.75746300987953850E+01
  4.74581552528920360E-01  2.04025918001755680E+01  7.43581549129211080E+00
  4.86590143357422540E-01  1.29337547098427910E+01  2.88483066848353680E+01
  2.73281005279713530E-01  6.60868833641312390E+00  5.91247782906493220E+00
  5.20515140446715560E-01  8.18479799216730800E+00  1.53608885214536120E+01
  4.13811620468168510E-01  1.63865496171267510E+00  2.58459526049350960E+00
  3.81419328643079860E-01  8.45848400262459950E-01  2.49788138272035420E+01
  4.05593309893122810E-01  6.74912846200555800E+00  1.79480416538459120E+01
  5.85380732291966590E-01  1.47709012702136400E+01  8.62676867263701300E+00
  4.06599624824484800E-01  2.93244733343155420E+01  9.89719330880887150E+00
  6.40456937776772590E-01  2.15584138597405330E+01  3.32880182531100340E+00
  4.75626642073745920E-01  1.73864984098378590E+01  8.59827450673785880E+00
  5.09222041678605210E-01  8.90637007975000830E+00  1.60945458709391000E+01
  5.77820253962530560E-01  4.03639572141961090E+00  1.04492217075990260E+01
  3.80273533482480450E-01  1.17566248500811880E+01  2.26932978208858850E+01
  5.01406606281285510E-01  1.07894372358370220E+01  1.52803588814215010E+01
  3.59079136884617700E-01  1.01127076247310170E+01  8.05906535840791700E+00
  5.94092381958372510E-01  4.44932969798121740E-01  2.56606023815352870E+00
  2.54611020839302520E-01  8.31308070212204700E+00  1.00701146178534450E+01
  4.99223721401470310E-01  1.73187873222097080E+01  2.83233896258118170E+01
  2.54611020839302520E-01  2.69300099226986340E+01  2.09539073171567590E+01
  3.20574425314766210E-01  2.54587432656916020E+01  2.56021402593497630E+01
  2.85767805251094040E-01  2.23060721052382470E+01  9.68863923841657560E+00
  2.54611020839302520E-01  2.21104200576745100E+01  1.33300479925727820E+01
  4.12246671516209600E-01  2.53131276643470640E+01  1.03317656421622690E+01
  4.41298336829792340E-01  1.36824300655317060E+01  2.04239528741611130E+01
  7.09985914168247060E-01  1.00216006208431980E+01  2.44542962084353450E+01
  6.80956647410425740E-01  1.69105459153441940E+01  2.09101919268232660E+01
  4.75338540515479570E-01  2.59550868552351660E+01  2.92927560651831340E+01
  7.49588614928249000E-01  4.53378193829420080E+00  2.06430290470697950E+01
  4.74033319401206570E-01  1.43724485844041430E+01  5.33402936343305620E+00
  5.20515140446715560E-01  3.49081414587111280E-01  1.66768331232304090E+01
  5.48131117613959250E-01  1.87819384041889210E+01  1.05133250133735100E+01
  3.46733456860136300E-01  1.54637202599230010E+01  9.24969109389719430E+00
  6.97384645011991290E-01  2.57643511073878030E+01  7.56563028151713720E-01
  3.78209123272245940E-01  1.27010628517053450E+01  2.62905061914871170E+00
  3.82382183723224410E-01  2.80152118589175560E+01  4.42854243332067380E+00
  4.46537248270915300E-01  3.04017961508531130E+00  1.02126741870944140E+01
  6.08690451339190200E-01  4.50576366380758130E+00  9.14077517332859020E-01
  2.59062449636064510E-01  1.68549386296837820E+00  1.30887036640999060E+01
  4.43756654693070110E-01  2.18621558454823240E+01  2.71848339412899980E+01
  3.18942867500738640E-01  9.70145519868039050E+00  2.75698988595873190E+01
  7.16535845940979770E-01  1.93809136813264120E+01  2.22026480295905490E+01
  4.62836237406567810E-01  2.38724990557815100E+01  2.09334779409039800E+00
  6.97384645011991290E-01  1.22545582191127540E+00  7.95064933790002740E+00
  2.47647088603063280E-01  1.81710417144472450E+01  2.82975678327498340E+01
  4.05793634226126800E-01  2.68467697927372200E+01  2.16090176176570910E+01
  5.37364664263313330E-01  3.51019633008380790E+00  1.34308000222017900E+01
  5.72881440675418570E-01  1.24582720397076530E+01  7.17389064580334420E+00
  5.04213456464067280E-01  2.02903735316518840E+00  1.10631073646791440E+01
  3.86557871019070410E-01  6.34667819743587100E+00  4.46625983529404720E+00
  5.62178328188990490E-01  1.17458129633825510E+01  2.05554856120023960E+01
  6.41715074739605920E-01  1.49813111556101360E+01  1.85669136447138890E+01
  4.54567147313974470E-01  1.42140214470807750E+01  2.44435424162545130E+00
  3.97011970696729720E-01  2.63814368687431650E+01  1.80774476628287320E+01
  3.99477862283745790E-01  1.73830322357310650E+01  9.86141806635554550E-01
  5.15931587153482510E-01  1.90866071096815840E+01  5.34640147973513180E+00
  5.98026541173087530E-01  1.44528538933206610E+01  2.11215463879287850E+01
  5.94917806945655060E-01  3.62531298270257450E+00  9.35123530504698050E+00
  3.86557871019070410E-01  2.60797918924284100E+01  1.79282848999381450E+00
  5.52347772924787250E-01  1.70134813523966390E+01  5.12250556077149350E+00
  4.05793634226126800E-01  1.16632810316368530E+01  2.75418519164014770E+01
  4.66753989857397040E-01  1.52216777586484660E+01  2.36858309288894020E+01
  6.77666041374141330E-01  2.62161758851525340E+01  1.40173008163656870E+01
  3.23306573977224420E-01  7.94271065813753370E+00  1.72533184772058060E+01
  6.88340418185590860E-01  2.16733283366799440E+01  5.51309822219307400E+00
  4.11696508529454960E-01  1.80458517839555550E+01  1.45282193707896280E+00
  4.03052389307286420E-01  1.31575684823920920E+01  7.85412536715425170E+00
  2.97529618718302210E-01  2.80682343836370050E+01  1.21841528311499390E+01
  3.13090147150790890E-01  9.82301935157950190E+00  4.22074187518477470E+00
  5.01435669612667030E-01  4.39038834683049470E+00  1.66616454076638940E+01
  5.26482748420329030E-01  1.33480664081526720E+01  2.13311333199045520E+01
  6.75156127532392600E-01  1.62077017469997030E-02  2.71719268085524100E+01
  7.20816873845379820E-01  1.62192811676038660E+00  1.52252126923440230E+01
  5.30006102735105960E-01  1.90814134482858150E+01  3.56004223452540810E+00
  3.43353541919950760E-01  1.90228125143391690E+00  2.06351971968260700E+01
  5.32877675645020420E-01  3.03462684944982630E+00  1.24724237713368340E+01
  6.44956217916396120E-01  7.65687058689787210E+00  2.69093823730529490E+01
  3.55036581058269410E-01  1.24346643888358500E+01  2.12732219466651960E+01
  4.30054269381220950E-01  3.15187881986845490E+00  4.69077370899028080E+00
  4.93734512940847830E-01  1.51292823994785920E+01  2.68914772656918010E+00
  3.42409596243210680E-01  2.91298037725853120E+01  1.92096867025603900E+01
  5.58952633370732950E-01  8.31728647206471730E+00  2.59040298916268700E+01
  4.49954956992444630E-01  2.27908018079244010E+00  1.90893079966669320E+01
  4.11346310528290360E-01  1.84522386752161940E+01  2.01421606519217140E+01
  4.72818350263822220E-01  1.15076200201490990E+01  3.55721049014720860E+00
  5.00672486592370710E-01  1.07663688014601850E+01  7.48854230000457030E+00
  4.15334611176110170E-01  1.49501350118974120E+01  6.11120074209792460E+00
  7.70254277643880240E-01  1.79154451571724320E+01  2.19558577015468760E+01
  5.32262962461145860E-01  2.42038149813272910E+01  1.53973125630439110E+01
  4.01880163826280960E-01  2.36939705977619790E+01  8.77165940196323570E-01
  7.41720708060832300E-01  2.31786040665590750E+01  3.07753616355884230E+00
  3.01674668393272730E-01  2.08216016809626370E+01  2.00644987566239480E+01
  2.66929568161810020E-01  2.58319353832549870E+01  9.66249922260756660E+00
  4.15334611176110170E-01  2.89076136562664310E+01  2.06501431569098200E+01
  5.20369884994360540E-01  1.27552151999395330E+01  2.41796670155862370E+01
  2.84672167568555990E-01  1.97419518381606340E+01  7.06192893277147960E+00
  5.18912146576496980E-01  2.56282603730029910E+00  1.81630409338601880E+01
  3.90540239164096370E-01  5.16774991456071750E+00  1.09360255637210710E+01
  3.63079661055833470E-01  1.27262482253047420E+01  9.13124954623413740E+00
  4.73113776075054650E-01  4.32006122451103640E+00  1.56896507060624460E+01
  5.55687039951364880E-01  2.36693476213029320E+00  4.09487665022134630E+00
  6.97384645011991290E-01  1.90760564266436350E+01  2.41424291734393640E+01
  3.54092873053847420E-01  2.32407903986179640E+01  2.93314663858781980E+01
  7.37991961479508610E-01  2.88875875586194870E+01  1.37768969975902000E+01
  5.10790949981952740E-01  1.26373388642584420E+01  2.52036824490324280E+01
  7.03918080384424090E-01  4.15319914624739810E+00  4.15915103902109530E+00
  2.69326463995374250E-01  2.34439093947787920E+01  1.49981520918243680E+00
  5.39922025342825940E-01  2.84714522744279570E+01  3.62769679603489290E+00
  5.39922025342825940E-01  1.96856557411551450E+01  2.74972742401876720E+01
  3.52682444144397330E-01  1.35178887539920800E+01  1.53503999565333360E+01
  3.17084428049163950E-01  6.71834184554406910E+00  2.87327968371235870E+01
  3.92511582998476170E-01  2.91726394013653200E+01  5.18768192820342480E+00
  2.92799561075502800E-01  6.98457698877060820E+00  1.01020330606164230E+01
  3.63105686475124490E-01  6.84381781389795930E+00  1.07424671930569300E+01
  3.25036994184950640E-01  1.48103660861791300E+01  2.69335222954428200E+01
  5.70902198024309190E-01  2.14287399046774570E+01  2.16877207555616280E+01
  6.18138908065390960E-01  1.70953201492500140E+01  2.72295756449800310E+01
  3.10705613459761840E-01  2.60539860268266600E+01  1.61000303592221850E+01
  6.99092076263204730E-01  1.60293493318023510E+01  8.37072361112277720E+00
  4.40295189098215370E-01  1.00159643314024700E+01  4.94853017525325360E+00
  6.52034765531911640E-01  5.67647735646469090E+00  1.37984204122022990E+00
  5.12628979659419230E-01  2.03007965433009580E+01  1.26019539078188280E+01
  2.68569610726517900E-01  2.29084906277218250E+01  2.61874226922927140E+01
  4.41473589537221400E-01  2.05097392017292570E+01  3.06691054278041710E+00
  7.41623060643924430E-01  2.35988297852276540E+01  2.14735840800791420E+01
  2.49794182180603610E-01  1.78818290044764790E+01  4.59645275335792290E+00
  3.44856808658559500E-01  2.01584189523049420E+01  2.29247003443923310E+01
  6.83701617051292750E-01  1.35751144076229200E+01  2.59434461426166150E+01
  7.19599311285852310E-01  2.80934974537884230E+01  1.82007741541500700E+00
  6.67521681419926690E-01  1.34041681249200590E+01  4.47262456830710060E+00
  5.40946473112310590E-01  1.46081483599517410E+01  2.77755120228721210E+01
  3.83579206291793930E-01  8.16534133896267280E+00  2.22558903388531310E+01
  5.04339573614743570E-01  2.60217394241219860E+00  2.33146602201435760E+01
  6.35523375007872900E-01  4.38240726086271160E+00  2.42277994122779500E+01
  3.44905765886116280E-01  6.09184644122018600E+00  1.40169440220180320E+01
  2.65726189967390210E-01  1.16478969550295290E+00  2.09825422221955680E+00
  4.87785457169642190E-01  9.16244239750409580E+00  2.52873371154664600E+01
  3.71299762957800540E-01  1.43685898687469450E+01  7.03576249278625370E+00
  4.13811620468168510E-01  1.82899805568534500E+01  4.07326204997333980E+00
  5.69423614487483490E-01  7.07960310287996200E+00  1.70315754621823320E+01
  5.83429036676414100E-01  7.86580050916393340E+00  6.08095974777509520E+00
  5.30006102735105960E-01  2.78781676077766110E+01  1.30096267474799060E+01
  5.16710955738981780E-01  1.54423719190895700E+01  1.26942455418408660E+01
  2.65726189967390210E-01  1.18562899768755990E+01  2.55531903321711090E+01
  3.18942867500738640E-01  2.48301617207279790E+01  1.15557088051473310E+00
  3.23881608201221470E-01  2.90258071052316500E+01  2.79004384096922320E+01
  3.54092873053847420E-01  1.21429290325648690E+01  1.30139386946180990E+00
  5.12509616084684260E-01  1.13229391340662570E+01  1.15450123784514160E+01
  4.99223721401470310E-01  2.87401285508995450E+01  1.84646209700940920E+01
  2.56092450391898300E-01  4.86547573181196920E+00  1.03655755323511390E+01
  5.45765227979075810E-01  1.96241641868261600E+01  2.63207433564534600E+00
  6.94010183176834960E-01  2.70228746258738540E+00  2.89270139271160340E+00
  3.57201130995523370E-01  2.72998719550661400E+00  3.83172977469819380E-01
  5.25895496843049500E-01  8.65256541176971260E+00  2.36516271179407280E+00
  5.10790949981952740E-01  2.40691366095314480E+01  2.03135451876727090E+01
  4.89717368181109780E-01  3.88726893695667290E+00  1.95861906051735700E+01
  4.82769235883485770E-01  1.80923443327117820E+01  2.34592023644752160E+00
  6.93278360304079300E-01  1.78743600087716000E+01  1.29605958690282750E+01
  3.35017483125717060E-01  2.30332249480004170E+01  1.81232685923572380E+01
  3.26514001167033020E-01  1.86355574411674280E+01  1.36385979582556680E+01
  4.75880684447443510E-01  1.69267220274574260E+01  2.92156632969759900E+01
  4.22354771203238230E-01  1.11009554443874950E-01  2.82652369884030820E+01
  4.11966131227655820E-01  1.07357853551958070E+01  2.87521518936492840E+01
  7.30946391186454210E-01  2.60103869197608230E+01  5.91651847824489700E+00
  4.22201084465533680E-01  6.63118518652239250E+00  2.79931041623536810E+01
  5.15931587153482510E-01  6.60476423246006040E+00  3.60272367296709680E+00
  5.52347772924787250E-01  1.54134964795055590E-01  1.23259190046516490E+01
  2.49794182180603610E-01  1.28791127753744280E+00  7.62813663657904240E-01
  4.50103975287380020E-01  8.24799966297748100E+00  3.63826262833118360E-01
  3.61769499680632390E-01  4.65733338092258100E+00  6.31410767402275130E+00
  2.77147605524350650E-01  6.81743664206203890E+00  2.02521224080569590E+01
  7.64764367446448820E-01  9.56458531865594890E+00  2.86445191237020470E+01
  5.71326189973923350E-01  2.63538480164701530E+01  2.56642295959160340E+01
  4.07877171249442140E-01  1.57954360582458000E+01  2.08314192939388840E+00
  4.46540105696671490E-01  1.96414689358600610E+01  2.64376131047711490E+01
  5.07606992315717240E-01  1.93272769658078260E+01  1.52509024344256880E+01
  3.01731430220296380E-01  2.20850199843758870E+00  2.60331213859669650E+01
  4.32382463464541460E-01  6.65721130237874710E-01  1.56379115773983780E+00
  3.25762576013666160E-01  1.27931752542949630E+01  5.43023689569130850E+00
  6.24920360555607160E-01  2.31931921954002430E+01  7.70629498337331850E+00
  7.38532964590205680E-01  2.12401059229255400E+01  2.29815629447585400E+01
  3.92511582998476170E-01  7.36592912540760030E+00  2.59135990888460950E+01
  2.97561439636419770E-01  1.08353215934309400E+01  1.44828071249312910E+01
  3.46434506905438330E-01  2.37385908127255830E+01  1.30540040513170050E-01
  5.89502618647478990E-01  8.41313593872398970E+00  1.18121055752134900E+01
  3.32399546609116130E-01  2.53375300560216980E+01  9.32125551465060730E+00
  5.77649046292645880E-01  7.77941392012602240E+00  1.08330147065945820E+01
  4.31729360191427780E-01  4.80350820863301390E+00  1.94934679510721800E+01
  3.17950877609215300E-01  1.51153012005190290E+01  1.95165662627128280E+01
  4.75880684447443510E-01  2.30664048428835750E+01  9.72742294691340350E+00
  3.91816801400439550E-01  1.54739012841844090E+01  2.91802293969615220E+01
  2.50163292655703180E-01  1.55254994596695330E+01  1.19567474454282510E+00
  3.42074681651230290E-01  7.10692916897224510E+00  5.55233853534600020E+00
  3.50974061745161330E-01  4.82080317838520680E+00  1.24896798860245750E+01
  6.18566685513849460E-01  5.21820736191363910E+00  2.25844526152888710E+01
  3.24719866931951940E-01  1.87204486024514370E+01  1.23953905950939640E+01
  3.57201130995523370E-01  3.18118134699917790E+00  2.94783332522030510E+01
  3.13090147150790890E-01  2.71424004014578490E+01  2.30182020260466550E+01
  2.58355477869490890E-01  1.13503866860473050E+01  2.31850906157932430E+01
  4.83351594707823830E-01  2.69644955774622840E+01  2.37935581595661850E+01
  5.48463672908306780E-01  3.56188232061950450E+00  1.77893212087783220E+01
  4.24351701398837560E-01  2.33406480943706890E+01  1.74297107109095640E+01
  6.80557430527969220E-01  5.66518338257697620E+00  6.04956881226219160E+00
  3.73125396709624990E-01  2.35168263738541970E+01  2.78091063574163440E+01
  6.77808113742920780E-01  2.24559616421144350E+01  6.63275082007965460E+00
  7.67512613708393760E-01  2.01643418118783570E+00  2.49826825697347740E+01
  4.76544583128828500E-01  2.51937695656545980E+01  6.80583479582787020E+00
  6.97738347479756800E-01  1.80704814445385720E+01  1.66193261590726710E+01
  4.49545157175862540E-01  1.77178236047244080E+00  1.73806957868362200E+01
  6.25336422111717830E-01  5.36037752481493430E+00  1.60907902684027950E+01
  4.99487474973056500E-01  9.08598888921791210E+00  1.97062543093463990E+01
  6.67521681419926690E-01  1.65295563232579140E+01  1.31606492351994820E+01
  3.44170209092795430E-01  2.75778054724041470E+01  1.14748184063981070E+01
  4.01880163826280960E-01  1.16418929921753630E+01  7.70618477683097500E+00
  5.95035019805102560E-01  1.56442239344416460E+01  2.10584040173916160E+01
  5.20348764567513020E-01  9.93120543913531510E+00  2.27716529876450910E+01
  7.44845164893703690E-01  1.39821932777681980E+01  1.00256175976917380E+01
  6.94010688862415210E-01  2.53159173061379830E+01  7.96951398483629880E+00
  4.00156705760987560E-01  2.04731952739570600E+01  1.68534507138051240E+01
  6.57722721512726150E-01  1.26467727068536860E+00  3.58847820402493630E+00
  3.61198882346046800E-01  1.52274604480628280E+01  1.12732591836915250E+01
  6.07167866036927160E-01  2.21359451400662910E+01  2.22361439252613200E+00
  5.81677556670477180E-01  2.23339945534921260E+01  1.41345761697117960E+01
  3.17579752081870750E-01  1.87700068044129580E+01  2.77174141252333550E+00
  2.69169509893181310E-01  1.63198492685984320E+01  5.99690977430541140E+00
  5.36592099856838090E-01  2.92179769185997960E+01  1.50535683717505630E+01
  3.01799748246536660E-01  2.69676138262828820E+01  1.76976199054461990E+01
  4.05794678723965420E-01  1.24660642759139580E+01  2.96076457570903560E+01
  3.65995101567518470E-01  2.18397745875253340E+01  7.47246261327372440E+00
  3.39481361119070080E-01  1.25282625769077360E+01  1.97461168034025580E+01
  6.97384645011991290E-01  1.35183338877147180E+01  1.31441959460414050E+01
  6.82253548551889110E-01  9.84911115179999360E+00  6.05711935974149270E+00
  5.67035311113654220E-01  2.80129852007988300E+01  2.38388847386408890E+01
  6.47236078597052340E-01  5.93462131488447040E+00  2.65265229202908070E+00
  5.92513140571182980E-01  1.35995394224860390E+01  8.74524715268433180E+00
  4.71553509741754610E-01  2.84654475310563590E+01  7.37468067806337670E+00
  6.55885333720611730E-01  2.24828830306777940E+01  2.23144635057428360E+01
  2.83840017940612550E-01  7.63622885444697270E+00  1.22082293514986930E+01
  5.65219172841477580E-01  1.23637180633051860E+01  2.62439516071882330E+01
  3.48480710258510130E-01  2.95946807009039470E+01  1.79422156819354050E+01
  6.26908127420837150E-01  1.64840629039975970E+01  2.21452664489577560E+01
  2.62213147743524950E-01  1.48431117519224780E+01  9.49179763673670610E+00
  5.08737612195334600E-01  2.54851673627966700E+01  3.29247477334111820E+00
  4.59281804788439010E-01  1.11495823136865140E+01  2.53784720936258910E+01
  2.86550378078914000E-01  1.89459579411423110E+01  6.70167007291916050E+00
  2.99038091422116640E-01  6.39321525498270130E+00  1.00852248683489590E+01
  3.62493203924014780E-01  1.88593961218534640E+01  8.98834036736725750E+00
  5.64616421781660800E-01  1.70150598562204930E+01  1.20285912971517210E+01
  3.87533216804236250E-01  5.81897988229217060E+00  1.46978117209766990E+01
  3.90540239164096370E-01  1.85373308577807270E+01  1.16899111010986450E+01
  5.44640939783434240E-01  1.55537479331878640E+01  1.48304942294932830E+01
  3.84420431658369740E-01  2.91604018246610900E+01  6.87579695240624390E+00
  4.53492046339069340E-01  2.06147484472460500E+01  5.94074701650465010E+00
  6.38023782753992030E-01  2.11447070374165480E+01  2.45800837684776640E+01
  5.00672486592370710E-01  2.68650833339305780E+01  1.62186009861652780E+01
  6.08873319065221350E-01  2.79974459152476990E+01  1.76428639402057850E+01
  3.18942867500738640E-01  1.64133084838330490E+00  1.20854728256733600E+01
  2.65726189967390210E-01  2.16974292887671540E+01  1.17711217848919900E+01
  7.10410487391814980E-01  2.20778606702811650E+01  1.85462544623371240E+01
  4.66797018098134940E-01  1.13813308944027260E+01  9.51394249667539780E+00
  3.89889811574280460E-01  2.79601219967889560E+01  1.88908896109934330E+01
  2.92456502136063850E-01  3.64678178891064330E+00  1.63841460192346630E+01
  3.63079661055833470E-01  2.22787416699925950E+01  1.68861246163173070E+01
  4.13811620468168510E-01  4.24007782419685240E-01  2.20570914918960310E+01
  2.60417758313763680E-01  1.72641575124786400E+01  2.55058947958134650E+01
  4.41940562555082740E-01  2.13156008216555290E+01  2.90063302623966730E-01
  3.08418768867630710E-01  1.95872978336595690E+01  1.93750964234817930E+01
  3.04461637453634990E-01  1.84980843527870460E+01  1.75261282859644570E+01
  4.75626642073745920E-01  8.83892747194323110E+00  2.43803585542471770E+01
  4.19693779402500590E-01  1.46346991050138090E+01  1.31667598977912020E+01
  3.26514001167033020E-01  2.63908330295076540E+01  1.55412422129628340E+01
  3.55388479881239270E-01  3.78680971652442720E+00  5.15267684542588180E+00
  5.33859136323620030E-01  1.42053856589959530E+00  1.64631052997419760E+01
  3.39481361119070080E-01  4.55137940676233570E+00  2.32692226788306870E+01
  2.51153087880769550E-01  5.11482325770312500E+00  7.88928278302993840E+00
  4.21603844523193420E-01  1.92799691377999130E+01  8.68105301244860250E-01
  5.20348764567513020E-01  2.60850343552112140E+01  8.91109639557593700E+00
  6.86210935380316480E-01  9.92265068944236540E-01  2.11155149137427860E+01
  4.41140732643827070E-01  7.42097875753128020E+00  1.84623849166978890E+01
  6.26908127420837150E-01  2.87867408731067440E+01  6.60038270294860750E-01
  5.11871480770454750E-01  1.83346902046081150E+01  2.61956172571196860E+01
  4.70990686464341570E-01  3.81172411900443640E+00  2.16266108230746890E+01
  5.20369884994360540E-01  2.45783768169807500E+01  8.93285081055787880E+00
  3.04306421741581800E-01  2.77588462509944770E+01  2.30063599605227080E+01
  5.88333222664750720E-01  7.15861481108975270E+00  1.94572396642176240E+01
  6.64541222436485860E-01  2.98752718855285690E+00  5.78516840669531880E+00
  4.24351701398837560E-01  7.89835693661186690E+00  2.44984998919880930E+01
  5.55920758830291820E-01  2.37840954217323490E+01  2.27571858207822970E+01
  2.89042915761794110E-01  1.30694509042089170E+01  2.67744347087618880E+01
  2.47647088603063280E-01  2.57814375839831560E+01  2.73523269897815490E+01
  5.88686278844574580E-01  1.77865826484639520E+01  1.10622331050013190E+01
  3.53063097104977870E-01  2.49319654389322520E+01  6.01905575773737220E+00
  4.50600139601478670E-01  7.54744373781158640E+00  9.29812645358994590E-01
  6.65634982039605120E-01  2.14180316836943660E+01  1.63167573134187340E+01
  4.69750256464274060E-01  7.30459980814016330E+00  2.27702662615756280E+01
  6.13801455222646290E-01  2.54280893572048580E+01  2.46653796336659350E+01
  5.14582826754803690E-01  2.89622346647213720E+01  2.69538386020834640E+00
  3.81419328643079860E-01  1.79467391025330620E+01  1.01059171802737550E+01
  7.28196096543639280E-01  1.25210867166563010E+01  1.57664812551070170E+01
  7.33199636544987770E-01  2.74148739256892780E+01  9.80208451234092950E+00
  2.86550378078914000E-01  1.54176126990021200E+01  1.18918140010252530E+01
  2.52169786807371790E-01  2.57142279615886940E+01  2.32434616000837550E+01
  5.01406606281285510E-01  1.80999423867698610E+01  7.93118175660628920E+00
  4.18948713530687210E-01  1.89223560436526910E+01  2.69169646984146840E+01
  3.62620749938717070E-01  2.24951686948243830E+00  8.22055750769148120E+00
  3.15231116497538320E-01  1.00617817640705630E+01  1.29605089937233980E+01
  2.83840017940612550E-01  1.06532754364886010E+01  2.25666422076673980E+00
  4.72199721516180480E-01  1.60435458284157020E+01  1.57207887307345370E+01
  4.41666133880560000E-01  2.76293338978381940E+01  8.64845445385894610E+00
  3.39073066583844400E-01  7.49662239665595820E+00  2.19850873721925630E+01
  2.54831192030272870E-01  3.22930451968427160E+00  8.59990162354092470E+00
  6.65634982039605120E-01  2.60157285466162700E+01  2.08503369003735200E+01
  2.69326463995374250E-01  1.03099627601533240E+01  1.35227965826326460E+01
  3.08418768867630710E-01  2.88006184826890210E+01  5.85417324009529150E+00
  5.63324676144028570E-01  1.79909020337741270E+01  2.47825196353027620E+01
  2.49794182180603610E-01  1.32066770374067400E+01  2.73030186801314160E+01
  6.44956217916396120E-01  9.40048814603946780E-01  1.14247855598296320E+01
  4.26043897269923290E-01  4.37611432897817560E-02  2.50890830524901570E+01
  7.44533748089133770E-01  1.43923162600063850E+01  1.19978246718441800E+01
  2.47647088603063280E-01  2.64591844385827210E+01  9.58167404410339250E+00
  3.47451934045076260E-01  2.05365187599382790E+01  2.21263352415313860E+01
  4.83182858574677270E-01  1.40621534930698400E+01  6.23942434817308820E+00
  5.38382388131525950E-01  2.02629363838031690E+01  2.38015243475549560E+01
  6.08690451339190200E-01  1.73102379703546880E+01  1.55578997256028730E+01
  3.93024383017402490E-01  1.14938273663354310E+01  8.64751576465233110E+00
  2.54611020839302520E-01  1.83470775836806330E+01  8.64508359846602840E+00
  6.82253548551889110E-01  6.32623876625535610E+00  2.33780022264051830E+01
  7.67665169660178040E-01  2.75705137482083660E+01  2.62216438344077110E+01
  3.95839252948554370E-01  2.79969709304847920E+01  5.39134286983559540E-03
  5.15379284759350490E-01  2.29682774651661030E+01  2.85066261003952660E+01
  5.09222041678605210E-01  1.12320299256438010E+00  2.40715930289124670E+01
  4.72038094207023740E-01  6.00956019054063080E+00  1.07527348925611290E+01
  6.64541222436485860E-01  1.24067001625043290E+01  1.20011078872809730E+01
  4.84167632717154460E-01  7.44331983798771010E+00  2.37130762845862540E+01
  5.39922025342825940E-01  2.35249136127118280E+01  8.82194938116877840E+00
  3.77759649416993960E-01  1.66586897206924400E+01  2.57999269466707200E+01
  5.06367095649294540E-01  4.54514410122313620E+00  1.33007282534287710E+01
  3.05466220251299840E-01  7.98558279715440730E+00  2.80711914919242890E+01
  7.55604472483241980E-01  8.77819342700081680E+00  3.63969530241893930E+00
  7.68548325332126940E-01  2.18992314949186810E+01  2.58291289138033200E+01
  3.09209541844886400E-01  8.50516455784042690E+00  2.84686497916236940E+01
  4.71553509741754610E-01  2.09845081558587810E+00  2.14792116592431980E+01
  3.65995101567518470E-01  1.29609276082503760E+01  5.06884286418163300E-01
  6.26517897412854200E-01  2.23087303559788940E+00  2.92285022030275670E+01
  3.55388479881239270E-01  1.00864729776154260E+00  1.34651624211438450E+01
  3.90423892796942250E-01  2.87832201582360910E+01  4.50884982537766280E+00
  4.92172780862642510E-01  1.29862252277766160E+01  1.36409058047804700E+00
  6.66683478841499700E-01  2.04718573520247420E+01  2.56975769576451970E+01
  6.94903868090152520E-01  5.84824928340874010E+00  1.73167559084851350E+01
  7.65642972591057180E-01  2.42001175372818270E+01  1.25886208075309370E+01
  3.52682444144397330E-01  1.91808685618007890E+01  1.13202295937230990E+01
  5.39466591144820300E-01  1.24464507447187040E+00  2.68458901930362260E+01
  4.26043897269923290E-01  5.35718870062899910E-01  8.17987667120896230E-02
  2.53364602799301860E-01  2.11719652466651030E+01  2.70885968029332820E+01
  3.83290088603488770E-01  1.60683437869573350E+01  1.20485292710453320E+01
  5.55920758830291820E-01  1.92891124291990860E+01  1.79051146630943410E+01
  4.13050329149462850E-01  1.08473695152657560E+01  2.01770663940212880E+01
  5.20369884994360540E-01  1.45088722029306090E+00  2.22305925692597090E+01
  6.99477888048091770E-01  2.05120390999590580E+00  2.79163872371347280E+01
  3.59079136884617700E-01  2.35746168937066190E+01  2.48756821522979340E+01
  3.01799748246536660E-01  1.90023188654146330E+01  2.31468679028092450E+01
  5.28731261397185740E-01  2.83823202000387020E+01  1.57126306062420940E+01
  6.80338287111455390E-01  1.60554207426346880E+01  1.98518900945755950E+01
  4.74033319401206570E-01  1.22685527792652240E+01  1.08713626869981540E+01
  3.53302408788900560E-01  9.43057123601700730E+00  2.20184041262759390E+01
  4.03052389307286420E-01  2.01904597451104200E+01  1.97522257516151110E+01
  3.33973424357718240E-01  1.31964654136664680E+01  1.98209116835280490E+01
  4.68162992243922280E-01  2.72469075826303850E+01  1.84146721124476540E+01
  4.72192289519205580E-01  1.74241645995484010E+01  1.75926260514020500E+01
  6.73658304681401180E-01  8.51319128393395810E+00  1.86825179887569850E+01
  4.61178090502161720E-01  6.83589907565545300E+00  1.15666198116517070E+01
  4.18189647978318300E-01  1.69470503021309730E+00  2.31495100349824660E+01
  5.15379284759350490E-01  1.61721386213004480E+01  2.42029904867163130E+01
  5.34553382826858140E-01  1.62159776077703550E+01  7.15250191704524150E+00
  3.70336582810533970E-01  1.61861498758052700E+01  2.52205774086303440E+01
  6.42747544188997020E-01  1.61965041718437240E+01  3.07674531837880540E+00
  4.50600139601478670E-01  3.52552015901782130E+00  5.16095605680690910E-01
  3.55036581058269410E-01  2.77817533071980090E+01  2.84166510934523440E+01
  3.54092873053847420E-01  3.43903342096524110E+00  7.57964422704516140E+00
  5.13614394364816020E-01  2.36303087395753590E+01  1.93887949137468280E+01
  3.65995101567518470E-01  2.84912643695762210E+01  6.53774326704371500E+00
  5.25383403930900440E-01  7.52721281395170650E+00  4.08582003055369110E+00
  3.83598938984435380E-01  2.31860539121479990E+00  1.19017290738204430E+01
  4.86073626967704090E-01  2.20428035785767880E+01  2.39045302740069730E+01
  5.96963967672292380E-01  2.01084733111927530E+01  4.02385524574138920E+00
  4.66553963192992600E-01  1.24912711772926150E+01  2.72674943369742020E+01
  4.15252526658189590E-01  7.26265983697260160E+00  1.52038118530384170E+01
  6.36786611163594070E-01  2.39891461700844850E+01  1.82968995822191510E+01
  6.06760633376156730E-01  1.72730579887168400E+01  3.99396787910134870E+00
  5.25895496843049500E-01  1.23476327766543510E+01  8.30797941195497280E+00
  5.05409982910693060E-01  2.62780333651507190E+01  2.66172722933210080E+00
  5.18912146576496980E-01  1.38049470928155230E+01  7.71371690192614420E-01
  5.81677556670477180E-01  2.10924584024312690E+01  2.89842277838432350E+01
  2.50625569857546320E-01  7.71605884409963140E+00  2.00834949772818200E+01
  6.67521681419926690E-01  2.54746204982552270E+01  4.46800065923461980E+00
  6.52034765531911640E-01  1.22663942401038590E+01  1.83376165594826330E+01
  3.81419328643079860E-01  2.68242321042867430E+01  5.15929896058820960E+00
  3.18942867500738640E-01  1.20459546587768780E+01  9.09664683499418910E+00
  6.63973334543257470E-01  1.20976344030381590E+01  4.72752648558818040E+00
  4.05793634226126800E-01  2.51084863462587360E+01  2.95343378849298150E+01
  2.88617724104866640E-01  9.53434197212177640E+00  2.13849996730962100E+01
  3.17587838135982990E-01  5.42164502592654340E+00  1.02258864359018930E+01
  6.94010688862415210E-01  6.79817983166191020E+00  2.46984661753574710E+01
  3.25036994184950640E-01  1.03432965868440260E+01  1.84414523673069330E+01
  4.41940562555082740E-01  7.66310685411819660E+00  9.82100686092794990E+00
  3.05466220251299840E-01  2.33115353411906460E+00  1.98809230051696030E+01
  7.22984261441823330E-01  2.12303259722051290E+01  8.37217522916941450E+00
  4.60682082706054620E-01  1.11097962019775840E+00  1.26559999837318100E+01
  4.22201084465533680E-01  5.74713956133055250E+00  2.43210656732205310E+01
  6.24824560398126750E-01  2.29591209511583650E+01  1.19623685236957510E+01
  3.63079661055833470E-01  1.54273901198124700E+01  6.72513878619481090E+00
  3.25516939164680520E-01  1.29391716467135450E+01  9.78569544128214550E+00
  4.87886881528419990E-01  2.85277649292071440E+01  1.03034356222711080E+01
  4.34172467284937990E-01  1.60215488637174810E+01  1.12327527619995420E+01
  7.04082361725448710E-01  9.76131644700216230E+00  1.83543231797719650E+00
  4.40295189098215370E-01  1.35485491407659230E+01  2.36406061296274390E+01
  4.54567147313974470E-01  7.48225364305730970E+00  2.86394686032602690E+01
  4.89717368181109780E-01  9.65505409318591920E+00  1.88982778189797500E+01
  4.82771447840326400E-01  1.11242508588066900E+01  1.37580182836705870E+01
  3.54092873053847420E-01  2.89602689824059960E+01  1.76407200290838690E+01
  7.67457697882333090E-01  6.81651233413857670E+00  6.93074739739360710E+00
  4.43129600128677660E-01  3.31031606831352620E+00  1.87925359626882130E+01
  5.61514797181737530E-01  2.69087166535329770E+01  1.33280265989740390E+00
  5.82207618145930890E-01  2.08304998962653020E+01  2.78511586802247780E+01
  5.94092381958372510E-01  2.80913687287254420E-01  1.88049861693848830E+01
  5.64318884198494160E-01  2.93709498185753120E+01  1.69788918773934250E+00
  6.16837537735261420E-01  2.51765471881797110E+01  1.47871172406331720E+01
  4.20581746236023420E-01  1.28544099523312810E-01  8.22953021677235340E-01
  3.16022212934137680E-01  2.22935106971543070E+01  7.98109166334380140E+00
  4.59502380082057990E-01  1.41038843082774110E+01  7.82263336387005380E+00
  7.48336469443998900E-01  1.72539031311589570E+01  6.39986176618602180E+00
  6.90159994875631000E-01  8.11989834975036830E+00  8.78605229110754670E+00
  4.68364091588631840E-01  4.56350538965181500E+00  1.76155328607215440E+01
  4.05593309893122810E-01  1.22002230745178720E+01  9.81958780778419000E+00
  5.55687039951364880E-01  9.74591795880261280E+00  1.54412814160823630E+01
  2.83840017940612550E-01  1.85900230456068700E+01  1.01953079905620130E+00
  5.98280766214214580E-01  1.38541079565960420E+01  1.67615277216342160E+01
  5.84913004272127690E-01  2.72415943736397710E+01  7.69910818869588810E+00
  2.83840017940612550E-01  8.52899209821245920E+00  1.40657796784071270E+01
  2.83517655556827110E-01  9.43712820627428610E+00  9.04255634177644650E-01
  5.27599340399055180E-01  1.13363783848173160E+01  1.05061961980774470E+01
  6.24824560398126750E-01  2.49640874502870710E+01  2.27897089099358150E+01
  4.84167632717154460E-01  2.54797557177469760E+01  1.18306046083531570E+01
  5.66562802601083430E-01  2.91703140644078260E+01  2.18010573699396490E+01
  5.81213412342838430E-01  2.88678883162384810E+01  1.67104554587488930E+01
  5.13285974501586400E-01  2.88019753942246590E+01  1.25286294011329800E+01
  5.29625185962053640E-01  1.50031579615278560E+01  4.55352484402637180E+00
  3.30104909316010620E-01  1.93323190716241310E+01  1.87898706057712740E+01
  5.48174971142568520E-01  2.01147695246301270E+01  1.59761415820990220E+01
  4.72192289519205580E-01  2.65130558708273760E+01  2.46341738825771270E+01
  4.53126113496558960E-01  1.96261906216211770E+01  1.69544770034676380E+01
  5.25993347610763350E-01  2.56169596476857360E+01  2.64756332718050090E+01
  4.75338540515479570E-01  8.71772565262192070E+00  1.28319621002166380E+01
  4.30858982518450690E-01  1.60572261563203400E+01  5.34828783394611480E+00
  7.09741570678139940E-01  1.63584014597719440E+01  5.62989059301180820E-01
  5.05409982910693060E-01  1.43619174181343330E+01  2.31616035970650960E+01
  5.20369884994360540E-01  1.72028342630380740E+01  2.38645073508210470E+01
  2.73281005279713530E-01  7.99614121527168200E+00  1.26332295631601180E+01
  3.09574052588245370E-01  1.88722869357794670E+01  1.30488474703122340E+01
  3.18095930761502070E-01  2.76354244876212330E+01  2.90796224811493430E+01
  4.46537248270915300E-01  8.51253182548974510E+00  4.81192532789394530E+00
  6.38830345620663920E-01  1.50211819947873180E+00  4.91809137752724370E+00
  6.68397269451762100E-01  1.18051394557251360E+01  2.86063989046076370E+01
  5.32488384254616510E-01  1.51037212864724190E+01  7.55982697158848090E+00
  3.17579752081870750E-01  1.67444596030628400E+01  1.91309164077792030E+01
  5.16710955738981780E-01  6.45836555187609210E+00  2.58603034722086280E+01
  4.49545157175862540E-01  1.55350596882707230E+00  1.40573855990844410E+01
  3.20574425314766210E-01  2.95510008570878530E+01  2.26020758342054830E+01
  4.12246671516209600E-01  2.83681301578717470E+01  5.19515656219212740E+00
  4.94550785807675550E-01  5.54117171839156160E+00  8.74031187824681770E+00
  3.59079136884617700E-01  2.47022729768887790E+00  1.17897246226611350E+00
  6.10572080928614460E-01  6.40411448783397750E+00  2.69859616751089960E+01
  4.75338540515479570E-01  9.35829313300736660E+00  2.06420761711135760E+01
  5.09574347305064630E-01  2.63977928952233260E+01  1.22103472677213180E+01
  4.18189647978318300E-01  1.53530363826923520E+01  2.83794124614827550E+01
  3.76753951196820710E-01  2.36250498372339130E+01  1.03708574575344750E+01
  3.84533934306195220E-01  2.75829126894543040E+01  5.06064901179845710E+00
  6.60767019732147710E-01  4.79021435624428000E-01  1.43319515020751420E+01
  5.64318884198494160E-01  1.72344391451824400E+00  9.10885471823301880E+00
  4.69750256464274060E-01  1.60836406713204600E+01  1.87030675732970690E+01
  6.88340418185590860E-01  2.54735415936385650E+01  2.82357264608591340E+01
  5.93150731645016190E-01  2.87986508509506580E+01  2.46905646567636520E+01
  7.17499092254363010E-01  2.09414290144032730E+01  1.50190938433825560E+01
  3.79322922295397280E-01  4.16771311313745670E+00  2.24542617199452150E+01
  3.20574425314766210E-01  1.02141132333823050E+00  1.75527286417816550E+01
  7.17953871372127320E-01  2.24569321010552800E+01  4.34552341689478980E+00
  3.42409596243210680E-01  2.83597890062512830E+01  2.79059346326167380E+01
  4.43129600128677660E-01  8.79870484641636710E+00  5.65414633383037210E+00
  3.78068289465320630E-01  5.72629625557960860E+00  9.60071213260084550E+00
  4.75338540515479570E-01  1.86717559275064180E+01  2.77744817478619520E+01
  7.38532964590205680E-01  2.48802288004895400E+01  1.93440399389063020E+01
  5.07606992315717240E-01  1.39566743593985270E+01  2.21663067500653420E+01
  2.86134314477376340E-01  1.07056206435862670E+01  6.50780212909404470E+00
  5.07437626189109900E-01  1.65314448184083030E+01  1.04416563330178410E+01
  6.15073771326759470E-01  1.80170455572104090E+01  2.91909775084344220E+01
  3.30104909316010620E-01  2.94696099425081820E+01  2.33258616903255240E+01
  6.66683478841499700E-01  2.78454736489414610E+01  2.08514978970876720E+01
  7.49545055295440930E-01  1.51150266802138840E+01  2.48973881653159490E+01
  2.54824432159977790E-01  1.43535832632873730E+01  2.02435924895553750E+01
  5.72142532162989690E-01  2.32925113304904810E+01  1.47750094119502540E+01
  2.77147605524350650E-01  2.33670627235118000E+01  2.34777250003123510E+01
  4.68364091588631840E-01  1.17316234336682610E+01  1.66644780710258050E+01
  4.82771447840326400E-01  1.73079844551191470E+01  2.90626524948281570E+00
  2.50971712925384870E-01  1.21246360209473170E+01  2.87941447155320280E+00
  5.38024295323284910E-01  2.78002139651848840E+01  5.95621574209695840E+00
  4.13050329149462850E-01  2.98525096803789580E+00  1.95847675583286010E+01
  4.86590143357422540E-01  2.76948021662298200E+01  2.95741117676265510E+00
  3.16148313226467530E-01  2.75388549421525110E+01  1.57571020649692140E+01
  3.81419328643079860E-01  2.83286398444722640E+01  8.21588700535791360E+00
  6.52911031193170470E-01  2.69546839236004840E+01  1.19309992909565680E-01
  4.49150663742554990E-01  1.23041553055225300E+01  2.33159571924664600E+01
  4.73113776075054650E-01  2.71447081008908510E+00  2.05582285666242120E+01
  3.65995101567518470E-01  2.35484813468565050E+01  4.21043120980005180E+00
  3.46028387031474870E-01  4.59785517101541610E+00  2.18464309826168730E+01
  4.23675716525973380E-01  6.36111483046092550E+00  2.07834632636730530E+01
  2.47261092463374420E-01  9.70808605842739780E+00  1.45071972249471310E+01
  2.63339374245984010E-01  5.06537840715284560E+00  2.89506046147888510E+01
  2.59062449636064510E-01  8.56656072612500100E+00  9.62351593594403280E+00
  5.77180454669814490E-01  9.52595179057793830E+00  1.21583675700839680E+01
  4.06599624824484800E-01  1.35161759121338730E+01  5.53942340470476770E+00
  4.65278877330243820E-01  1.62303244482214950E+01  9.51719890140172530E+00
  3.07263188066738420E-01  1.16623933954657840E+01  1.75488856343490920E+00
  3.88697647565240350E-01  2.70799930024254780E+01  2.26743100364411720E+00
  6.62122603690132470E-01  1.43608425462149970E+01  3.55087840591921910E+00
  3.79322922295397280E-01  1.65150581377633930E+01  1.49575518266518570E+01
  3.53063097104977870E-01  2.94608360339650800E+01  2.96419219631171560E+01
  6.88885956497308970E-01  1.49660412083832190E+01  4.41583620661545860E-01
  5.33066537704075310E-01  1.14116305682040730E+01  2.55640662529797070E+00
  3.42074681651230290E-01  2.48240886546140230E+01  9.75847631967462630E+00
  4.24351701398837560E-01  2.70636683640324410E+01  1.09040649424988630E+01
  2.92456502136063850E-01  1.02136333514573540E+01  1.47339809952608900E+01
  5.90639534364661320E-01  1.14945206761522880E+01  1.33829041781726940E-01
  4.09705559579089850E-01  5.54390587747870360E+00  2.60085729544027830E+01
  3.59079136884617700E-01  1.80280382374450700E+01  1.94995835269517630E+01
  5.27599340399055180E-01  2.23769219702798700E+01  2.11364359981937580E+01
  5.38382256471750510E-01  2.19827197130214880E+01  1.10202088430123620E+01
  5.96963967672292380E-01  2.77172091386560880E+01  2.21068213849070720E+01
  2.96503602823160150E-01  2.05297272387528730E+00  1.35046999175790940E+01
  3.64593218166308700E-01  2.63692026986387060E+01  8.07317690835382780E+00
  4.18947112612636110E-01  3.98057240012407390E+00  1.25689449688370040E+01
  5.40946473112310590E-01  2.62515794238555420E+01  7.16452866728751750E+00
  3.35017483125717060E-01  5.60361883411703410E+00  2.08199752320838630E+01
  4.75626642073745920E-01  9.68243628183837580E+00  1.86782953181541700E-01
  3.04461637453634990E-01  8.98320852184771650E+00  5.32185194468233650E-01
  4.36315933331792570E-01  6.97116606122131800E+00  1.38007709801113330E+01
  6.77666041374141330E-01  7.44618706640367110E+00  2.09705039053612620E+01
  5.67035311113654220E-01  2.44131466278691110E+01  2.52679951896719390E+01
  3.38650161839631010E-01  2.93725276103712080E+00  8.08347869855778180E+00
  6.94010183176834960E-01  1.66811154589072290E+01  1.66964692069639500E+01
  7.10410487391814980E-01  1.57713380110426600E+01  2.73190626929855400E+01
  4.54567147313974470E-01  1.69516409212128350E+01  1.83879493691581180E+01
  2.52169786807371790E-01  2.31498667357791490E+01  2.38260937353807380E-01
  3.01799748246536660E-01  2.91960641338801350E+01  1.58912502720654910E+01
  4.27719079604653450E-01  2.71542682768746390E+01  4.37096834307301130E+00
  3.87762191716535260E-01  2.64190902359827360E+00  8.85843022850232660E+00
  5.72951670348821020E-01  4.77732674719379880E+00  9.54217169535595030E+00
  5.09222041678605210E-01  1.94196690878900000E+01  9.65950862027395910E+00
  5.25993347610763350E-01  1.62952283566709820E+01  2.84385187366842200E+01
  3.12648490279368120E-01  2.51162250309375320E+01  5.37978845947998700E+00
  3.32399546609116130E-01  1.22736126504641020E+01  6.27852095463955880E-01
  4.43807889241729470E-01  2.69309182076023110E+01  2.02244829862177720E+01
  3.44170209092795430E-01  1.99231889895709670E+01  5.54450851970432800E+00
  2.54824432159977790E-01  8.00134435870699430E-01  8.90045159955908360E-01
  4.21963532045373490E-01  5.25024017048703140E+00  2.36243182208677780E+01
  4.11696508529454960E-01  2.60727282033770890E+01  2.38678434322751270E+01
  4.11346310528290360E-01  2.00218567005660400E+01  2.47193729385280780E+01
  6.16837537735261420E-01  6.88410663507076670E+00  1.76602531047675980E+00
  4.83570943621045310E-01  2.04759956148688250E+01  2.68470622004029270E+01
  4.32382463464541460E-01  2.73391850348869240E+01  1.22135114087175490E+01
  5.92513140571182980E-01  1.05926504608877150E+01  2.77590710834665160E+01
  3.55036581058269410E-01  9.29085029537425380E+00  4.62378543934235340E+00
  4.74581552528920360E-01  1.47164607449688860E+01  2.61394941332695900E+01
  3.44905765886116280E-01  8.63371173025970510E+00  2.67502706717314780E+01
  5.96963967672292380E-01  2.08621593751974040E+01  1.15577878093273870E+01
  2.68569610726517900E-01  1.67612580993800790E+01  9.00160001990546020E+00
  5.80290806494985740E-01  1.16711941369348210E+01  1.94158325846214910E+01
  6.25336422111717830E-01  2.75157113041281210E+01  1.41049229527272150E+01
  6.17452885167652710E-01  3.57519482177792720E-03  1.99839561504010310E+01
  3.29506256422424390E-01  2.89286659807859790E+01  2.37702457577029380E+01
  2.58355477869490890E-01  2.68484932649054570E+01  8.57889118149750200E+00
  4.69641390777102340E-01  1.27764398080310290E+01  2.05158682213388910E+01
  3.49095179616795370E-01  1.99403447440962690E+01  1.46537746627505160E+01
  3.27988333844876360E-01  2.95625289835898140E+01  3.28515310404050440E+00
  3.86383264228710210E-01  1.62669666982502930E+01  1.42321048142899220E+01
  4.75543307221801650E-01  2.68750871723745310E+01  1.30715574960341850E+01
  5.07815655211632320E-01  5.86500752662624510E+00  7.77930499438125000E+00
  6.08088426536500660E-01  2.86583987910776940E+01  2.28575665038233710E+01
  3.93024383017402490E-01  7.80291554261402350E-01  8.94504611357743510E+00
  7.48336469443998900E-01  2.02779752240428440E+01  2.10462909362769080E+01
  3.13454063710418570E-01  1.79556455062615830E+01  5.62570215219391660E-01
  4.43133439323318520E-01  2.70081484727517950E+01  6.53525421348768720E+00
  3.62493203924014780E-01  2.78446590298149380E+01  1.08097646801160450E+01
  5.72881440675418570E-01  5.68460292725490920E+00  1.31871100268057370E+01
  3.71299762957800540E-01  1.85174248733799690E+01  1.56482279175531520E+01
  5.13143010843963320E-01  1.93750073590566990E+01  2.01686607861055230E+01
  3.87533216804236250E-01  2.77638779310601220E+01  6.87993235952779790E+00
  3.90540239164096370E-01  2.22964979766911430E+01  2.47419990215018330E+01
  4.11696508529454960E-01  6.46894985854957840E+00  2.94169772246042380E+01
  4.19670751191123690E-01  4.21139028228612400E+00  7.51826733461323830E+00
  5.39922025342825940E-01  1.54763337791125220E+01  1.37495378039940660E+01
  3.73125396709624990E-01  2.43410132464720130E+01  6.92578310523660700E+00
  5.72628172168292430E-01  1.03154370524169520E+01  2.17459037207645450E+01
  5.63660960642019760E-01  2.65368649894490680E+01  2.70588306316883340E+01
  7.54397230300637300E-01  9.52990754095255180E+00  1.76618371124565170E+01
  4.07877171249442140E-01  2.39970037612728040E+01  9.66753829836998160E+00
  4.61178090502161720E-01  2.05651181709227590E+01  5.02766513388932350E+00
  3.50974061745161330E-01  1.46070724612259810E+01  1.09245355524611530E+01
  4.22541054278063120E-01  1.05190437064366230E+01  2.95565944925069670E+01
  3.25036994184950640E-01  2.57396190335025000E+01  1.55418578967685190E+01
  4.96042965314236020E-01  2.78022305125390970E+01  1.65560294085344490E+01
  3.04461637453634990E-01  1.57199306599390080E+01  2.30973243751124610E+01
  4.21290506291976640E-01  9.42377268550804990E-01  2.77565835880564540E+01
  4.26578460793149810E-01  7.66736190495481030E+00  5.02729281858162480E+00
  3.91816801400439550E-01  2.01821789792309650E+01  1.75899885647637790E+01
  5.32262962461145860E-01  2.14718629289851820E+01  2.05857746231575370E+01
  6.07718241283317260E-01  2.43175187386223970E+01  1.70978169553419300E+01
  5.13425754976809310E-01  1.60505659054864210E+00  1.45700325361889420E+00
  5.46829204411607870E-01  6.25994926349153500E+00  1.87643800777263290E+01
  2.99038091422116640E-01  1.78962828219287360E+01  2.77691317107007940E+01
  3.65374026971610010E-01  8.90523408240427020E+00  2.95609739668958370E+01
  3.46733456860136300E-01  3.46514265188958070E+00  2.08865701161806890E+01
  5.01833768532536340E-01  1.90753538001277900E+01  7.47910710708800420E+00
  2.88617724104866640E-01  2.69497021559699520E+01  1.16075218583433450E+01
  3.13454063710418570E-01  6.96669742919914190E+00  4.79040251868950230E+00
  4.43756654693070110E-01  9.31717058059472690E+00  2.35413532584133910E+01
  5.20369884994360540E-01  1.06136019323618220E+01  1.22942166239554340E+01
  7.41720708060832300E-01  6.41743800629025610E+00  2.19467989242543670E+01
  2.99038091422116640E-01  2.41744005784554080E+01  2.60998908847987610E+01
  3.93024383017402490E-01  7.88950727296654720E+00  1.85353723052920250E+00
  2.53364602799301860E-01  2.70960770816368070E+01  1.48755425730928420E+01
  5.48463672908306780E-01  8.72072852166417430E+00  2.76388785039057510E+01
  5.63660960642019760E-01  1.57502808471260870E+01  2.60461009757843340E+01
  4.99487474973056500E-01  2.40831958398978540E+01  6.08818132814403160E+00
  5.32488384254616510E-01  2.64258067299652030E+01  3.73701987223551370E+00
  3.62493203924014780E-01  2.25555075327916940E+01  1.75603327176125780E+01
  3.90540239164096370E-01  4.58451925070340140E-02  9.21669017398756910E+00
  6.25248164210708260E-01  2.31173562762760550E+01  5.51297593261548700E+00
  3.93024383017402490E-01  2.27127657252504310E+01  2.33367822999515120E+01
  2.83517655556827110E-01  2.42836281397149780E+01  1.62081809109567740E+01
  5.16562546778196820E-01  1.47430484744632190E+01  1.74338617522741900E+01
  5.96777348356598920E-01  2.59792968992208770E+01  2.21115939957984720E+01
  3.35017483125717060E-01  2.68488890126389420E+01  2.24415079456076820E+01
  5.69344335137112000E-01  2.19292613211028390E+01  2.81955336320780320E+01
  5.55509338843663690E-01  4.52897601571128930E+00  8.44234872884284290E+00
  4.09775903561979240E-01  6.41553204965432220E+00  5.25856858380427820E+00
