1
  1002  2.96924426640336700E+01  2.96924426640336700E+01  1.00000000000000000E+00
        0.00000000000000000E+00  0.00000000000000000E+00  0.00000000000000000E+00
  3.45648959319623030E-01  1.63317106599483000E+01  1.84152263027928210E+01
  6.95947079841625180E-01  1.51850572164071650E+01  2.58892734854235620E+01
  4.75626642073745920E-01  2.24455813256702040E+01  2.57756353309348860E+01
  2.57534358191145160E-01  3.32036330990321590E+00  1.30081241920022370E+00
  6.30423428531534040E-01  9.85705592271981070E+00  2.57884787038982350E+01
  3.25516939164680520E-01  2.41054218791169850E+01  1.18976591473449800E+01
  3.14110289759674140E-01  1.94681193457472760E+01  1.02319489605151300E+01
  3.99477862283745790E-01  1.08392561119808930E+01  1.06867734834664020E+01
  6.47236078597052340E-01  1.24891609859494520E+01  2.68257527688337940E+01
  5.28731261397185740E-01  2.84576975531452410E+01  1.42763198189944180E+01
  4.43807889241729470E-01  2.43456301546985720E+01  7.64648554631927620E+00
  4.82268891960512480E-01  1.32240530226134450E+01  1.67865100840903310E+01
  4.30858982518450690E-01  1.90980581534097220E+00  1.63705318503142840E+00
  4.18947112612636110E-01  9.13335236440010690E+00  6.36190516790157810E+00
  3.50662231740508900E-01  1.87580612216058920E+01  5.79185048100784790E+00
  2.85767805251094040E-01  2.77132203032070810E+01  8.97518380087545430E+00
  3.45648959319623030E-01  1.98701175839565620E+00  2.34068429933628400E+01
  3.45648959319623030E-01  2.13561720305653500E+01  3.48213686566155060E+00
  6.42005949159872720E-01  2.02392079183852900E+01  6.89595206569579220E+00
  2.74003615458356760E-01  2.91331736754703210E+00  1.33805859247459860E+01
  3.87653287431749970E-01  2.45162607748430480E+00  5.94431103952272900E+00
  4.18948713530687210E-01  1.99982438140273330E+01  1.38176236236799730E+01
  4.53451232343747090E-01  2.46210296378587470E+01  1.33789353008998920E+00
  4.21603844523193420E-01  2.64361075820672940E+01  5.62844465470073190E+00
  2.62213147743524950E-01  2.87337237700709310E+01  5.12214431836277480E+00
  6.94903868090152520E-01  8.85594459299756310E+00  1.74204509711440990E+01
  6.31563936872940970E-01  2.86643385371148650E+01  2.01413713294424140E+01
  7.01778375544082420E-01  2.51240227743445460E+01  5.75966116806478200E+00
  3.46434506905438330E-01  3.36073196783299900E+00  1.52549058035157030E+01
  3.50662231740508900E-01  2.31258883108636550E+01  1.90324059374328840E+01
  3.01799748246536660E-01  2.16819974607729730E+01  2.57884271918792200E+00
  4.41298336829792340E-01  8.95203177042131950E+00  2.52148902053199500E+01
  3.39481361119070080E-01  9.47329546248072240E+00  1.17148624920388840E+01
  3.83181557852844270E-01  2.93317742258706990E+01  1.85116677928019730E+01
  6.75156127532392600E-01  9.87540168555121940E+00  1.83351682992296960E+01
  2.73281005279713530E-01  2.43625250346487300E+01  1.96401848349975690E+01
  6.65634982039605120E-01  7.18843908785027170E+00  1.27247176455085430E+01
  2.54824432159977790E-01  2.74757751537615260E+00  1.28797863032580560E+01
  2.84029264846615530E-01  1.70826976316642600E+01  2.55943270618845200E+01
  4.62836237406567810E-01  2.91052843155057130E+01  1.68244512948590030E+01
  3.33973424357718240E-01  2.15652137118932470E+00  1.22366825779788360E+01
  4.91872428060923640E-01  4.37813587153788220E+00  2.65124786356741920E+01
  5.52490392167627680E-01  1.91128923927881760E+01  1.76988218483881210E+01
  5.39466591144820300E-01  1.29779441419041230E+01  7.80945021534082870E+00
  5.65219172841477580E-01  1.85173252308824240E+01  2.40462405312867130E+01
  3.53776024442120150E-01  2.12920632537810800E+01  1.87358375887392300E+01
  5.54611473665029210E-01  2.06341096846567990E+01  1.66862109111572540E+01
  4.81368497469048420E-01  2.60600961484203100E+01  1.87149654526401150E+01
  2.84672167568555990E-01  2.54236187039097740E+01  2.82268194378499440E+01
  3.06898385793053400E-01  1.32546061257350040E+01  2.74048924917670110E+01
  4.49954956992444630E-01  2.22041184960172340E+01  8.55602201278077420E+00
  5.88686278844574580E-01  2.87713901226947430E+01  7.95600335520644820E+00
  4.36315933331792570E-01  1.52455628634005680E+00  1.45423134335975980E-03
  5.46155746035104350E-01  2.04269707459902180E+01  2.46226740375382280E+01
  4.11346310528290360E-01  1.02646502292173680E+01  1.60758928170470340E+01
  7.44650008855257360E-01  1.22376523640931790E+01  1.88571806502229860E+01
  4.68162992243922280E-01  1.04436420817965360E+01  1.52154713838448360E+01
  7.11073931023246340E-01  2.14597687694453290E+01  1.09897795472463390E+01
  3.02034441597155470E-01  2.78438590414190410E+01  1.96960914359018200E+01
  5.12509616084684260E-01  1.25942264597100610E+01  1.75562534875989870E+01
  3.40422717275118370E-01  1.13057095223721000E+01  9.06608846688925850E+00
  6.65634982039605120E-01  1.13276137032547160E+01  2.62148344448049680E+01
  3.75295693565172690E-01  2.76056135177079440E+01  1.14239293917514960E+01
  4.75626642073745920E-01  1.52561759623465290E+01  2.70578959830523540E+01
  4.72038094207023740E-01  4.46010881400830780E+00  1.19695615603715580E+01
  4.29902962432020440E-01  1.26861384060379920E+01  3.30343449743389960E+00
  5.68910711623079470E-01  2.45195351190516450E+00  2.93085131851425980E+01
  3.07263188066738420E-01  1.67156264297325020E+01  9.88466290609926900E+00
  6.10911033360540580E-01  5.64631240727560170E+00  1.35870082502648690E+01
  3.43353541919950760E-01  2.76999405902724480E+01  3.98295317994484320E+00
  3.15231116497538320E-01  1.37362164956770130E+01  2.28120321902797230E+01
  3.78068289465320630E-01  6.56114400843202270E+00  2.21111681256016760E+01
  2.54824432159977790E-01  1.47707134593031350E+01  1.10052207254974800E+01
  5.44558358435121190E-01  8.41406192889784420E+00  1.99802369881724040E+01
  3.56000803327192820E-01  2.44333680967242270E+01  2.21840981126709950E+01
  3.13454063710418570E-01  2.25063718819931430E+01  1.76824848316919340E+01
  6.12591031919131530E-01  7.26574388256436340E+00  2.01209816136675030E+01
  6.47236078597052340E-01  1.69794198204014180E+01  1.76591633575436970E+01
  2.65726189967390210E-01  2.78719327511557790E+01  2.57479190766171340E+01
  2.96653470797716330E-01  1.58096142005271470E+00  1.24925231039716300E+01
  3.45648959319623030E-01  1.67355721639906370E+00  7.93729520968513660E-01
  3.13454063710418570E-01  1.44037587576898770E+01  2.52506941905238880E+01
  3.39073066583844400E-01  1.17666069259956170E+00  2.68065588513020150E+01
  2.96256570285591500E-01  2.73715691429271680E+01  2.23209000600958200E+01
  4.19081387041561550E-01  2.47625159397163510E+01  1.22478031553893040E+01
  7.08391389715138510E-01  1.32707646288051610E+01  1.11128372570224820E+01
  7.16035261746952050E-01  2.61538916273783140E+01  1.66741675111867170E+01
  4.43133439323318520E-01  2.55673353878005970E+01  2.44210072482894240E+01
  2.73281005279713530E-01  2.87998047649574180E+01  2.68394443254931940E+01
  3.35017483125717060E-01  3.17138037274045190E+00  4.89008985990332690E+00
  5.09222041678605210E-01  1.29194595421024480E+01  1.22996972908780760E+01
  4.27719079604653450E-01  2.33655494866532900E+01  1.20386927755352480E+01
  5.81299825206354370E-01  1.78325282349948150E+01  5.68297046135949380E+00
  5.46155746035104350E-01  1.11765957972220540E+01  8.18959327967945860E+00
  3.05466220251299840E-01  1.93883355842621010E+01  3.91987380931117270E+00
  3.11838068626578210E-01  1.06121303947369120E+01  2.96592288868543650E+01
  6.27423008989955560E-01  6.27263137631761310E+00  2.41994946338346860E+01
  7.12424816007452400E-01  1.58675726895255490E+01  5.40829795749817510E+00
  4.41140732643827070E-01  2.94856313551057840E+01  1.77026543950369230E+01
  3.80273533482480450E-01  4.68734316526961870E+00  1.54371362203743110E+01
  3.29796701345061780E-01  1.95168913211491780E+01  1.25733956752987000E+01
  4.15252526658189590E-01  3.68918917420934630E-01  3.07835368933730980E+00
  2.59062449636064510E-01  2.40709570972365300E+01  1.05744486274592510E+01
  6.18419083689772810E-01  2.42417164655718810E+00  1.50265334296486800E+01
  5.04213456464067280E-01  1.53650493564000090E+01  2.90110071383290770E+01
  3.48156346672602490E-01  6.34261626134595600E+00  2.92033981434981590E+01
  2.89042915761794110E-01  2.49803166423171060E+01  2.36605526753267000E+00
  3.05466220251299840E-01  8.22887173278805940E+00  2.50292130032551160E+01
  6.49919166153384610E-01  2.71657324436568180E+01  2.03639183623726860E+01
  6.14379095469630790E-01  6.79172681940174970E+00  3.43371644370517660E+00
  7.00411917450214720E-01  1.52581776508892850E+01  1.58209643751681240E+01
  5.69344335137112000E-01  4.55699785420388000E+00  1.70615323762737110E+01
  2.57564851167384970E-01  2.23062721101192740E+01  1.98012497826435590E+01
  4.13050329149462850E-01  5.90769529496423470E+00  2.85772510440266530E+01
  6.18419083689772810E-01  9.81468090184720590E+00  4.20323311125715900E+00
  4.26523982883737140E-01  1.82491543401451110E+01  8.32775590894883600E+00
  3.78209123272245940E-01  7.48487048388112000E+00  9.20392568130568380E+00
  2.63055759251188670E-01  2.73178636621680050E+01  2.28763566339716430E+01
  5.00274833943758600E-01  2.30460131475180460E+01  1.35121993869352220E+01
  6.01687927537542500E-01  2.95132284122074470E+01  2.52117870809954110E+01
  4.86073626967704090E-01  2.73344937556684850E+00  1.10568416575461420E+01
  7.62474117278193650E-01  2.87370113562522890E+00  7.09149830386374890E+00
  4.87886881528419990E-01  1.39998773949381900E+01  7.90796384650394830E+00
  2.99038091422116640E-01  1.59358803404741760E+01  1.93663256027832100E+01
  3.50974061745161330E-01  6.46945368877510860E+00  2.60509627105198300E+01
  6.10572080928614460E-01  9.24819510192760500E+00  1.61753764905921040E+01
  3.01731430220296380E-01  2.31123696269673290E+01  1.56692013596270140E+01
  2.59062449636064510E-01  2.79683353844548890E+01  8.22461994696489280E+00
  6.99477888048091770E-01  2.34260929898844310E+01  2.64220462717958250E+01
  4.41666133880560000E-01  1.43909724634028890E+01  2.31898636490751460E+01
  6.86210935380316480E-01  9.93849622234755440E+00  7.98138701208834170E+00
  5.27425300578987690E-01  2.71763779439688060E+01  5.03492448403669360E+00
  7.54505484792745040E-01  1.19679873695464070E+01  1.04501942201568380E+01
  4.11696508529454960E-01  6.66369219874462630E+00  1.92928207765044990E+01
  6.26517897412854200E-01  1.71633067745014390E+01  1.89185748065118490E+01
  5.72142532162989690E-01  6.79965705624305180E+00  2.69113440805344340E+01
  3.47451934045076260E-01  8.00832867296928800E+00  4.67177747129171110E+00
  2.57564851167384970E-01  2.76248009808703290E+01  1.75555073578317900E+01
  5.33859136323620030E-01  4.03239501936670040E+00  4.78044237296856610E+00
  2.69169509893181310E-01  1.93114591730160790E+01  1.38041110192216330E+01
  4.24351701398837560E-01  2.25419625785084710E+01  1.06472576254709850E+01
  3.11762329988951370E-01  8.15874560524733990E-01  4.81287274322269450E+00
  3.50974061745161330E-01  1.41517959940358470E+01  1.05106639713520340E+01
  2.66929568161810020E-01  1.33560075670685250E+01  3.67085794783918120E-01
  7.20816873845379820E-01  2.06755816611598680E+01  5.60648723339874340E+00
  4.22201084465533680E-01  1.29760150649245670E+01  2.58738172967361990E+01
  3.09209541844886400E-01  2.28460806425803610E+01  1.96293789348438670E+01
  2.62213147743524950E-01  1.69892264516010090E+01  2.36178800144531880E+01
  7.60411681679863700E-01  2.36933079411225480E+01  2.30181462279222300E+01
  6.67521681419926690E-01  2.88755009918015480E+01  2.34782839816895890E-01
  4.37954134865551840E-01  1.40998417720999820E+01  1.37577236783572590E+01
  7.16654247500547470E-01  3.47021823444828570E+00  1.41983807782419900E+01
  7.12424816007452400E-01  1.26050038047473640E+01  6.61502629313549400E+00
  3.61198882346046800E-01  9.55096315257662630E-02  6.54686508608365610E+00
  3.82245446386266610E-01  1.31597425418655160E+01  1.48121496944074660E+01
  3.58737518624021320E-01  8.36921452108170530E+00  2.65479753657108510E+01
  5.81547682683179710E-01  2.80112461562615070E+01  1.13559209220013950E+00
  4.21963532045373490E-01  1.08872344364610140E+01  2.74500052877394120E+01
  3.12648490279368120E-01  1.22415593529986090E+01  2.58492869692975270E+01
  3.25036994184950640E-01  1.63082885788198550E+01  1.58937178337882350E+01
  3.83290088603488770E-01  8.76439758723562610E+00  1.18501293524109050E+01
  2.93443024193560210E-01  8.24244912563433370E-01  2.40848648943995550E+01
  2.66929568161810020E-01  1.58771598772349790E+01  2.16117695164579370E+01
  2.99038091422116640E-01  1.15407627839858000E+01  8.06710200725487430E-01
  6.00040109246873770E-01  2.02375291579337110E+01  1.48071851092793380E+01
  7.14535578675763720E-01  1.02698855941884360E+01  2.27998793005524010E+01
  3.06898385793053400E-01  2.17638470157392800E+01  2.62004628602792770E+01
  3.45648959319623030E-01  2.22309248709856570E+01  7.76135882113916780E+00
  3.87046365911375680E-01  1.38318829125069790E+01  2.21164566448189750E+01
  6.56539952722306990E-01  2.14174817711350260E+01  2.53029514271626650E+01
  5.07436062422724900E-01  2.09324516729010740E+01  1.56676307058159110E+01
  7.39270392714900380E-01  1.59971897469097560E+01  2.06131789487915250E+01
  5.38024295323284910E-01  1.54538292843806640E+01  2.32048970341443090E+01
  7.33199636544987770E-01  2.76288419063269260E+01  7.29255340307184860E+00
  6.31923671661538840E-01  2.84246248895836560E+00  2.09954598367653560E+01
  5.72951670348821020E-01  2.82015713436420050E+01  2.30879970232230350E+00
  6.40456937776772590E-01  1.17688438068332190E+01  2.43148859166625260E+01
  4.77241894706072770E-01  2.88637175233320740E+00  1.76232932917008180E+01
  7.64764367446448820E-01  2.87266457716418770E+01  1.16253281152060560E+01
  7.16535845940979770E-01  1.42390327621242640E+01  4.80585484817561160E+00
  3.10705613459761840E-01  1.35435946162427000E+01  1.28306433772896240E+01
  3.89901968262705180E-01  6.73197767601450360E+00  1.17738825891205930E+01
  7.15011499502423580E-01  2.38428398809343460E+01  6.60365875609934340E+00
  7.60297905848187840E-01  2.56067873709370560E+01  2.67965084467892430E+01
  2.65726189967390210E-01  2.05581969219098370E+00  7.71466331342855670E+00
  4.53492046339069340E-01  1.56427022409926280E+01  4.26436113115332830E+00
  5.18725390566230620E-01  2.25331234600042940E+01  1.15895672964562020E+01
  4.24020504903543660E-01  2.04838606610545110E+01  1.58158397665697500E+00
  5.17634268500846420E-01  1.70968035195243080E+01  1.55810719217723490E+01
  4.54567147313974470E-01  1.28012583191924210E+01  2.05908491382620620E+01
  3.65965634987757580E-01  1.66812111868571190E+01  7.26162095230032460E+00
  2.96256570285591500E-01  1.35979584330441790E+01  6.44336797625100300E+00
  5.50543265074639000E-01  9.17320946410907290E+00  2.21572891084407110E+01
  4.46540105696671490E-01  1.86167823915615930E+01  1.39701288106947100E+01
  6.47236078597052340E-01  2.45248947306115640E+01  1.81610983230004590E+01
  4.82769235883485770E-01  2.36235687264221960E+01  1.97982390521670870E+01
  2.97529618718302210E-01  2.54680187047266070E+01  1.82092685456395880E+01
  4.13811620468168510E-01  2.21003779137791910E+01  6.87110316870689890E+00
  4.87785457169642190E-01  2.03484369472371860E+01  2.68758431601521790E+01
  3.41778742319800830E-01  9.73445767885044690E+00  5.89774767549700310E+00
  4.05793634226126800E-01  1.65535165900921760E+01  1.06107606370524420E+01
  7.14516279726398110E-01  9.14374846457197780E+00  3.05205503415879640E+00
  3.71799304162545760E-01  2.83561201416127060E+01  2.77258484013582380E+01
  5.77820253962530560E-01  2.59110316681607780E+00  8.93730120170100940E-01
  4.75626642073745920E-01  2.49440808406159460E+01  2.37331409078181750E+01
  5.46562010559427060E-01  2.40177502159779550E+01  1.56081829324569840E+01
  3.29506256422424390E-01  3.09509675102599770E+00  1.03259967795539310E+01
  2.62213147743524950E-01  2.32063903532236750E+01  5.21637821507797380E+00
  3.63105686475124490E-01  2.07258042986388630E+01  3.80571985528563590E+00
  7.08391389715138510E-01  5.63708266033815790E+00  1.49057139489514490E+01
  4.26578460793149810E-01  6.40136963433896610E+00  2.29046144470341280E+01
  6.08873319065221350E-01  5.89759828147516170E+00  1.23935449523732920E+01
  5.39466591144820300E-01  4.01332244592450580E+00  2.09695855698013350E+01
  4.66553963192992600E-01  2.69094550741126460E+01  2.87117390516532110E+01
  4.82771447840326400E-01  3.96576716221365330E+00  7.94698445789274470E+00
  5.13004586318856950E-01  1.36291918966365680E+01  2.00911569893945590E+01
  3.17084428049163950E-01  1.24085022402546000E+00  1.29554271095545450E+00
  3.50974061745161330E-01  1.71390084380835150E+01  2.67973873514259040E+01
  3.82382183723224410E-01  5.80491017689407050E+00  3.56843518805902220E+00
  3.77759649416993960E-01  2.35018466954612360E+01  2.06986796563547240E+01
  5.74203886104520670E-01  1.59903498963249970E+01  1.23481427584196800E+01
  4.11346310528290360E-01  1.69507790327062510E+01  2.94502074994958360E+01
  5.06367095649294540E-01  1.33765395818770120E+01  5.67211915107424770E+00
  6.01687927537542500E-01  1.68269866334409880E+01  6.30605431346662200E+00
  2.49794182180603610E-01  4.36411518695986000E+00  4.07083890962719510E+00
  6.11481049571092420E-01  2.74798039702466070E+01  1.67003717343145870E+01
  5.03927515451986880E-01  1.31056263829561620E+01  9.91288130269777670E+00
  6.35485889077753010E-01  1.49654374329078710E+01  1.29884948527611850E+01
  2.99038091422116640E-01  1.42695964822201160E+01  1.12393021036324150E+01
  4.22541054278063120E-01  2.84175194453958580E+01  1.62676014891512470E+01
  3.05466220251299840E-01  1.18595660739808970E+01  9.39638814663078930E+00
  2.62213147743524950E-01  2.14718457220553560E+01  8.44982763671281310E+00
  3.61769499680632390E-01  1.00124155266534420E+01  2.16103018333405150E+01
  2.47647088603063280E-01  6.36205449978850090E+00  1.31131350423522280E+01
  3.11155895623034430E-01  3.00389847524068810E+00  1.84028385484883080E+01
  2.66929568161810020E-01  9.16648666905817140E-01  2.52558871804824500E+01
  6.90395435464654740E-01  1.55007164404493500E+01  5.05256868058170030E-01
  2.96503602823160150E-01  1.72628370005657210E+01  3.91606381663601550E-01
  6.57722721512726150E-01  4.27266359100628800E+00  6.84918837120627270E+00
  7.24777883420223110E-01  7.76917248121532910E+00  1.58065341135701750E+01
  5.48279863025970290E-01  1.16373481621942500E+01  2.84221257669289700E+00
  6.40748513009616880E-01  2.54559519615899670E+01  6.32527115840151130E-01
  2.56092450391898300E-01  2.41253825986476650E+01  1.00184135333311220E+01
  7.17499092254363010E-01  2.26177177837447020E+01  2.40679180668108290E+01
  4.66141488621800890E-01  2.03854863850108680E+01  2.89921850284044920E+01
  6.33759023001558490E-01  2.88324578677744090E+01  2.13949912415149550E+01
  5.48279863025970290E-01  5.24412079662752100E+00  1.61801439422824700E+01
  4.19081387041561550E-01  2.09270299785203660E+01  8.85887674687563200E+00
  5.70902198024309190E-01  2.41311267110988050E+01  2.23637401451183630E+00
  3.17950877609215300E-01  1.11660506876340180E+01  1.29563513445486930E+00
  5.96963967672292380E-01  4.11682240945171250E+00  9.91493740198639270E-01
  6.18832453479690690E-01  5.97705589777291200E+00  5.29898784285042620E+00
  2.63339374245984010E-01  1.56413092495029710E+01  9.49078241553447730E+00
  3.55036581058269410E-01  5.93168954263484770E+00  2.72354005831447130E+01
  5.84913004272127690E-01  1.39580381969737540E+00  1.68746164717699830E+01
  5.77235448209733180E-01  1.34601386031943380E+01  1.20423340948214760E+00
  5.01105313190319460E-01  1.34097176271661470E+01  1.81570145959358090E+01
  3.83598938984435380E-01  1.05703910120929230E+01  1.39272496657530150E+01
  5.98360795606824340E-01  8.78286871467176060E+00  1.39879021144668450E+01
  3.41778742319800830E-01  2.27930508463673930E+01  6.47695679746499310E+00
  3.29796701345061780E-01  2.67612520801267520E+01  1.83097119684530160E+01
  3.84420431658369740E-01  2.29856685360147920E+01  2.74123562443316650E+01
  4.91872428060923640E-01  1.61984609799238550E+00  7.08308591245347240E+00
  2.93443024193560210E-01  1.85979372617697830E+01  2.16402093549587260E+00
  5.81299825206354370E-01  2.19661832850411330E+01  1.35070437215533200E+01
  5.68243553274813350E-01  2.63961235255250330E+00  1.92032016733601090E+01
  5.39001667068871980E-01  2.62635493657322600E+01  7.36665759650716100E+00
  7.01587183784351610E-01  2.15752736444294940E+01  4.50596015179317360E+00
  4.45239477383046460E-01  1.44088200221727600E+01  8.74601210778929250E+00
  5.39001667068871980E-01  1.74671002114576300E+01  2.79630351567515870E+01
  2.86134314477376340E-01  4.21132307617823280E-01  2.86041958996926700E+01
  7.70254277643880240E-01  1.51025123240663440E+00  1.13425797638498940E+01
  3.45648959319623030E-01  2.35572858427780040E+01  1.84833405051350500E+01
  3.39481361119070080E-01  2.63144833223663030E+01  1.10456255396689840E+00
  3.04461637453634990E-01  6.09441104482634350E+00  1.15018958241974630E+01
  5.20369884994360540E-01  2.83796381242150060E+01  1.53259051371557680E+01
  2.65726189967390210E-01  7.45227660009915830E+00  2.85276133553295000E+01
  6.26908127420837150E-01  6.11605451893853220E+00  1.05712908724901830E+01
  3.48480710258510130E-01  1.61475170343817890E+01  2.93508930897908660E+01
  2.96653470797716330E-01  2.89354726673383310E+01  2.73928092321026280E+01
  6.31923671661538840E-01  5.62436881901141650E+00  1.92020702280618880E+01
  4.09705559579089850E-01  4.85059977182878120E+00  8.05722535951380970E+00
  6.72499163702481620E-01  1.53316744731757900E+01  1.86061387561147670E+01
  2.84029264846615530E-01  2.43787532820152680E+01  1.37080286170968400E+01
  5.34631033075580400E-01  7.72183400282007870E+00  2.75206936332982260E+01
  6.17076625982510940E-01  2.95833988794038020E+01  4.89671865132977140E+00
  6.55074006360275090E-01  1.28496233465029220E+01  4.63736049827662370E+00
  5.46562010559427060E-01  2.11836518936343230E+01  2.26563536905988130E+01
  5.17626013175185660E-01  4.95336482133573420E+00  1.72777994970041910E+00
  5.82207618145930890E-01  1.85801274356403180E+01  2.80879612104820460E+01
  5.98268629341587580E-01  1.67213996590705140E+01  2.22604152903700750E+00
  5.34553382826858140E-01  8.73357816249985320E+00  8.17275473911821320E+00
  3.76753951196820710E-01  2.69919196987727400E+01  4.14980211686245060E+00
  7.52518120402026810E-01  1.79497302182198790E+00  1.81885116522127250E+01
  4.81368497469048420E-01  2.22947031238526850E+01  1.90629873143879500E+01
  6.47413426355271770E-01  1.01114556748494120E+00  2.23217833984277590E+00
  3.05466220251299840E-01  1.07290519623007890E+01  3.92712988492745300E+00
  4.46689977500956030E-01  2.51555715967333380E+01  1.72682555242468430E+01
  6.18566685513849460E-01  3.48940735378614830E+00  2.87322913251918980E+01
  5.36592099856838090E-01  3.32235251337132500E+00  2.67541728593149770E+01
  5.09574347305064630E-01  2.65390379470035710E+01  1.92317150809503530E+00
  4.92328788949218680E-01  1.26031670756768060E+01  4.59649379493105140E-01
  4.83351594707823830E-01  1.91214502144309540E+01  6.76623827324961090E+00
  4.40650972415989980E-01  7.99435177598426170E+00  1.46636631061723450E+01
  6.10911033360540580E-01  6.94719816831260850E+00  1.47543804829738510E+01
  4.34172467284937990E-01  2.52616145688152250E+00  2.83081961229505840E+01
  7.03188417218805210E-01  2.21066519578621550E+01  2.80522322123837280E+01
  2.92799561075502800E-01  5.39375873456882000E-02  2.81570806053736820E+01
  5.68243553274813350E-01  2.34606111457226160E+01  1.75754784369109310E+01
  4.60682082706054620E-01  1.62814392822288310E+01  2.37625271618929830E+01
  6.41715074739605920E-01  9.24185677505792040E+00  2.09674795070717120E+01
  4.55206736325743130E-01  1.37269501433571280E+00  9.53097335208761720E+00
  4.22201084465533680E-01  2.56030277074705740E+01  1.22756761038034200E+01
  3.63079661055833470E-01  1.77780555774043630E+01  2.71170944029279360E+01
  2.63055759251188670E-01  1.40700143978987670E+01  1.30575850896249650E+01
  5.32877675645020420E-01  3.52090621949310330E+00  2.27078778400671940E+01
  5.77235448209733180E-01  1.96369953183399670E+01  2.38250038531260450E+01
  4.09775903561979240E-01  1.04080357782114050E+01  2.67707600132838980E+01
  6.93187364831086050E-01  2.58935531049776630E+01  1.52901198204774470E+01
  4.30054269381220950E-01  2.77842097007179660E+01  1.30615453992232840E-01
  5.07436062422724900E-01  3.54044052321177860E+00  1.16360803187007830E+01
  2.49948351789403130E-01  1.94412745317946920E+00  2.86664801535828740E+01
  3.16022212934137680E-01  5.10797889674551090E+00  3.54483118032598150E+00
  4.72818350263822220E-01  1.14899852737883470E+01  1.78991011426736260E+01
  4.46689977500956030E-01  1.44001308016180940E+01  2.67178008996216470E+01
  4.74581552528920360E-01  2.01321484836459350E+01  1.75836892280337270E+01
  4.86590143357422540E-01  8.11446087940292490E+00  2.09656904210770600E+01
  2.73281005279713530E-01  2.16098293336310050E+01  8.96708173363042430E+00
  5.20515140446715560E-01  2.53477288994107150E+01  9.15072114140640020E+00
  4.13811620468168510E-01  1.35166555271774720E+01  2.80760420459139230E+01
  3.81419328643079860E-01  1.09904880043673060E+01  1.45662020336592240E+01
  4.05593309893122810E-01  4.82629812184869070E+00  8.87147872906574090E+00
  5.85380732291966590E-01  6.19889654068546300E+00  1.81297759319382120E+01
  4.06599624824484800E-01  1.96346750484534560E+01  6.03943482547661150E+00
  6.40456937776772590E-01  1.71379904078509070E+01  2.13885267945026740E+01
  4.75626642073745920E-01  1.43417857959381190E+01  6.29425496109586650E-01
  5.09222041678605210E-01  9.72785912806693530E+00  2.46565453958221000E+01
  5.77820253962530560E-01  2.02657699921617400E+01  8.11411616879040840E+00
  3.80273533482480450E-01  1.63416295538356840E+01  1.20116388253606820E+00
  5.01406606281285510E-01  2.10539970727830370E+01  9.77022678804172350E+00
  3.59079136884617700E-01  1.47168880240798110E+00  4.19618227424189440E+00
  5.94092381958372510E-01  2.31836080521692800E+01  1.45962983449687990E+01
  2.54611020839302520E-01  9.92840272193841500E+00  1.27801258487378780E+01
  4.99223721401470310E-01  1.02207106942031700E+01  1.13373114041425340E+01
  2.54611020839302520E-01  9.65444487350861990E+00  2.22844044217890900E+00
  3.20574425314766210E-01  9.66569014267297180E+00  1.53432474335565590E+01
  2.85767805251094040E-01  2.23178407794813300E+01  2.50251607933874460E+01
  2.54611020839302520E-01  4.55170790572942430E+00  3.42044726191057660E+00
  4.12246671516209600E-01  2.85029740137958210E+01  2.51294965352991750E+01
  4.41298336829792340E-01  2.60169996760705470E+01  2.21766976268525120E+01
  7.09985914168247060E-01  2.13310258085662370E+00  2.72338278288356680E+01
  6.80956647410425740E-01  1.81378278737125920E+01  1.49888616410997280E+01
  4.75338540515479570E-01  1.73693585472628700E+01  1.09417971841892090E+01
  7.49588614928249000E-01  2.63983941994715710E+01  9.86391646769076220E+00
  4.74033319401206570E-01  2.82500210336371250E+01  2.23371361975579750E+01
  5.20515140446715560E-01  2.22829420689847670E+01  2.68427354174485370E+01
  5.48131117613959250E-01  2.58122653026738820E+01  2.89646561656402210E+01
  3.46733456860136300E-01  1.76984443484266830E+01  8.87000702674982300E+00
  6.97384645011991290E-01  1.29006684887944230E+01  2.90003223563691210E+01
  3.78209123272245940E-01  1.04538479499278940E+01  5.91247576167782540E+00
  3.82382183723224410E-01  1.68213614527484050E+01  1.28193416907271390E+01
  4.46537248270915300E-01  7.78753936744974060E+00  8.42976395150203220E+00
  6.08690451339190200E-01  2.73761719046282720E+01  2.77431693238447220E+01
  2.59062449636064510E-01  1.18757177064264590E+01  1.72771672420497320E+01
  4.43756654693070110E-01  1.69711667469296690E+01  9.17853082411982870E+00
  3.18942867500738640E-01  2.67753047455727500E+01  6.67819857561706790E+00
  7.16535845940979770E-01  1.94017313215756640E+01  4.94107495750535270E+00
  4.62836237406567810E-01  2.28773950036320310E+01  7.27708836952775510E+00
  6.97384645011991290E-01  1.75236317155616770E+01  1.36379737740646330E+01
  2.47647088603063280E-01  2.46719833937473340E+00  1.17448230868025120E+01
  4.05793634226126800E-01  1.57797165962535410E+01  2.22771082542503720E+01
  5.37364664263313330E-01  1.14707884137565110E+01  2.24476302719277110E+01
  5.72881440675418570E-01  1.33381235357470710E+01  8.86160237698725690E+00
  5.04213456464067280E-01  2.50086916940565340E+01  6.95952176666177280E+00
  3.86557871019070410E-01  1.20643678499166410E+01  7.65984195283670740E+00
  5.62178328188990490E-01  2.51754369834793650E+01  2.27219463926345460E+01
  6.41715074739605920E-01  1.67139113978294600E+01  2.27496902601529490E+01
  4.54567147313974470E-01  2.80805598695319820E+01  2.69471900479054400E+01
  3.97011970696729720E-01  1.73436299693611390E+01  3.00172161566535100E+00
  3.99477862283745790E-01  1.92965668283978360E+01  1.44723116769197300E+01
  5.15931587153482510E-01  2.62859284380205160E+01  8.60438223550831790E+00
  5.98026541173087530E-01  1.46673848102039700E+01  2.04832544570216690E+01
  5.94917806945655060E-01  1.43122600969575360E+01  2.86957249384157220E+01
  3.86557871019070410E-01  1.20673575887106530E+01  2.33332086548666170E+01
  5.52347772924787250E-01  2.62340388329173710E+01  2.79489072490017630E+01
  4.05793634226126800E-01  2.03647700722726290E+00  2.46945123195196060E+00
  4.66753989857397040E-01  9.20070569032229100E+00  1.66770564935894820E+00
  6.77666041374141330E-01  1.18446773356361780E+00  1.94815334280554390E+01
  3.23306573977224420E-01  1.84173406490915000E+01  6.37295163745882660E+00
  6.88340418185590860E-01  1.75958369957216260E+01  1.20815305496137120E+01
  4.11696508529454960E-01  1.94583872438713820E+01  2.65631134399727030E+01
  4.03052389307286420E-01  8.36964767256513480E+00  2.29894881587146890E+01
  2.97529618718302210E-01  1.06902964302311250E+00  5.75395779190654990E-01
  3.13090147150790890E-01  2.90638028973803240E+01  1.36914017515315290E+01
  5.01435669612667030E-01  3.37646377562698860E+00  1.54555200255224180E-01
  5.26482748420329030E-01  8.85160502087679110E+00  1.51102955613894440E+01
  6.75156127532392600E-01  1.79048087261803420E+01  2.60873627051264170E+01
  7.20816873845379820E-01  8.06351012713702350E+00  2.86267787102911340E-01
  5.30006102735105960E-01  1.94613038470212520E+01  2.17115278442217700E+01
  3.43353541919950760E-01  2.28403924468589710E+01  8.08240491438524880E+00
  5.32877675645020420E-01  5.94160750285175700E+00  2.66375467435205150E+00
  6.44956217916396120E-01  1.55403330503182990E+01  1.83986804350862200E+00
  3.55036581058269410E-01  2.10233933062177280E+00  1.99531105182639660E+01
  4.30054269381220950E-01  7.11069345376973330E+00  9.92017758142579000E+00
  4.93734512940847830E-01  1.09050258364589340E+01  9.79744358764497390E+00
  3.42409596243210680E-01  2.76355662995678100E+01  1.57609692534823830E+01
  5.58952633370732950E-01  4.83115223974258350E+00  5.76831830336642510E+00
  4.49954956992444630E-01  1.35791145468095120E+01  2.10514750164041330E+01
  4.11346310528290360E-01  1.03210865031844140E+01  1.22422769910527410E+01
  4.72818350263822220E-01  1.42816303671350210E+01  2.76288231196773710E+01
  5.00672486592370710E-01  2.77243655102012420E+01  1.23970833606832100E+01
  4.15334611176110170E-01  2.10503280726355370E+01  2.63090320779422730E+01
  7.70254277643880240E-01  1.85553617683790260E+01  1.02714339946866340E+00
  5.32262962461145860E-01  1.05481936777836170E+01  2.40151211650405440E+01
  4.01880163826280960E-01  1.87027292229687990E+00  1.02279456742874220E+01
  7.41720708060832300E-01  2.71073785049849360E+01  3.03734963417329240E+00
  3.01674668393272730E-01  1.99788428612560840E+01  4.05567073290516240E+00
  2.66929568161810020E-01  1.24308390124707270E+01  2.65561938262681970E+00
  4.15334611176110170E-01  1.53008888981746680E+01  1.96929363786719410E+01
  5.20369884994360540E-01  2.83001272103958680E+01  1.32397752106787190E+01
  2.84672167568555990E-01  7.31507565250044770E+00  1.68614673547025550E+01
  5.18912146576496980E-01  2.30814706738985260E+01  8.96598252393232190E+00
  3.90540239164096370E-01  1.65805600999692440E+01  4.68687315400357290E-01
  3.63079661055833470E-01  1.11946015895371110E+01  5.91486158404469010E+00
  4.73113776075054650E-01  2.28067631067070220E+00  9.34091032652802510E+00
  5.55687039951364880E-01  1.00291876718833300E+01  6.74413128281040740E+00
  6.97384645011991290E-01  7.39478879607501050E+00  2.34985712142387340E+01
  3.54092873053847420E-01  1.80467378625897620E+01  2.06919389360064870E+01
  7.37991961479508610E-01  2.67465060630713150E+01  2.58240325475936140E+01
  5.10790949981952740E-01  1.60166127441204110E+00  1.57986277131358830E+01
  7.03918080384424090E-01  1.11330811340444380E+01  4.85135638586425880E+00
  2.69326463995374250E-01  2.70720426758646850E+00  2.01046721221508980E+01
  5.39922025342825940E-01  2.25914207005146620E+00  1.38642610554792340E+01
  5.39922025342825940E-01  7.84653362369303230E+00  1.52770862685011500E+00
  3.52682444144397330E-01  7.28472926359777960E+00  2.10857041815953890E+01
  3.17084428049163950E-01  2.95152741195790790E+01  2.75933681936126620E+01
  3.92511582998476170E-01  1.27363921976985190E+01  2.78740463620496290E+01
  2.92799561075502800E-01  5.55646765996506620E-01  2.35638783168938840E+01
  3.63105686475124490E-01  1.18263167627107180E+01  2.53161410642797760E+01
  3.25036994184950640E-01  5.11383196128050700E+00  2.13068155009091810E+01
  5.70902198024309190E-01  2.44252215489943470E+01  2.04811516878707960E+01
  6.18138908065390960E-01  2.42037152167939810E+01  9.14813594480493460E+00
  3.10705613459761840E-01  8.61253716728990960E+00  1.15952381659532080E+00
  6.99092076263204730E-01  1.80254606802242490E+01  4.17020730382930970E+00
  4.40295189098215370E-01  1.52368026130638160E+01  1.74983908221664210E+01
  6.52034765531911640E-01  2.15896496049336440E+01  1.46867649714842350E+01
  5.12628979659419230E-01  2.55276639940410670E+01  1.78234458711527080E+00
  2.68569610726517900E-01  2.32652098214008380E+01  2.80025035472230180E+01
  4.41473589537221400E-01  1.77419345088210500E+01  2.24121349436378630E+01
  7.41623060643924430E-01  2.46929064725233400E+01  4.38329963568057580E+00
  2.49794182180603610E-01  7.05105740380816930E-01  2.14707747921134100E+01
  3.44856808658559500E-01  1.66199719383350980E+01  3.16324069318083230E+00
  6.83701617051292750E-01  1.97246975427167260E+01  1.15828143477563580E+01
  7.19599311285852310E-01  1.50008004955997660E+00  2.08419779023828940E+01
  6.67521681419926690E-01  2.70283649596889620E-01  7.56048828339617800E+00
  5.40946473112310590E-01  1.12413304575930560E+01  1.15354986264104870E+01
  3.83579206291793930E-01  2.11403160307431030E+00  1.29524854038194470E+01
  5.04339573614743570E-01  2.78825249437230930E+00  1.95755597984962280E+00
  6.35523375007872900E-01  2.01480380432755980E+01  2.57708692257686170E+01
  3.44905765886116280E-01  2.66641761371544770E+01  2.71110835527711740E+01
  2.65726189967390210E-01  2.79992331666036130E+01  2.07419052912959780E+01
  4.87785457169642190E-01  1.66625308810977270E+01  2.86001589377920670E+01
  3.71299762957800540E-01  2.94857526217766330E+01  5.87998375321695830E+00
  4.13811620468168510E-01  2.37403240944071360E+01  3.73098622894729190E+00
  5.69423614487483490E-01  2.85518487896377520E+01  4.31069457896996160E+00
  5.83429036676414100E-01  1.95497283895706280E+01  2.96247209840708050E+01
  5.30006102735105960E-01  9.81528996171908830E+00  1.44411346671734240E+01
  5.16710955738981780E-01  4.39488619992471820E+00  2.32880403431147800E+01
  2.65726189967390210E-01  2.05829334448430500E+00  6.46559245031020420E+00
  3.18942867500738640E-01  9.52805462016989320E+00  1.23702341391990910E+01
  3.23881608201221470E-01  7.06127005810648090E+00  1.06723225226710720E+01
  3.54092873053847420E-01  1.88396108757803730E+01  2.89871849514956810E+01
  5.12509616084684260E-01  1.90477422509018450E+01  1.87596831502619710E+01
  4.99223721401470310E-01  1.86332306530842080E+01  2.70079200815214900E+01
  2.56092450391898300E-01  2.37678064850156260E+01  1.37385068903476790E+01
  5.45765227979075810E-01  2.03031828619863720E+01  1.04994207979125210E+01
  6.94010183176834960E-01  1.16064195035462190E+01  2.95100019044362050E+01
  3.57201130995523370E-01  2.89032402780318520E+01  2.91849430488591730E+00
  5.25895496843049500E-01  2.03087812609506460E+01  1.28966859514289180E+01
  5.10790949981952740E-01  2.39636962118026810E+01  2.14577316637812640E+01
  4.89717368181109780E-01  2.33274233179921210E+01  2.92799000171714050E+00
  4.82769235883485770E-01  2.37813328562049090E+00  2.26769244953941360E+01
  6.93278360304079300E-01  2.06931751867673910E+01  2.68256495364445870E+00
  3.35017483125717060E-01  1.95184966215300480E+01  1.32372363877537890E+01
  3.26514001167033020E-01  1.55540111787098780E+01  2.40630236493446820E+01
  4.75880684447443510E-01  1.21184884450488610E+01  5.50009119007689230E+00
  4.22354771203238230E-01  1.00670821537085080E+01  5.21163641388019800E+00
  4.11966131227655820E-01  1.35436991526932730E+01  2.67472594223846190E+01
  7.30946391186454210E-01  7.66973936918055620E+00  2.20980106793643180E+01
  4.22201084465533680E-01  7.52272850422885500E-01  2.28774644462562870E+01
  5.15931587153482510E-01  8.75331371197407650E+00  2.73333069962917360E+01
  5.52347772924787250E-01  2.96163835630291890E+01  1.30199101893202050E+01
  2.49794182180603610E-01  2.94880899494800100E+00  9.06631886407086540E+00
  4.50103975287380020E-01  1.07156905075069200E+01  2.87929271557877020E+01
  3.61769499680632390E-01  1.60613201115756790E+01  1.00231242496749090E+01
  2.77147605524350650E-01  1.74166083754384000E+01  4.93216690514506160E+00
  7.64764367446448820E-01  6.16941546045580490E+00  2.10376132371208340E+01
  5.71326189973923350E-01  5.56954908875210370E+00  9.50499405533174270E+00
  4.07877171249442140E-01  2.43679750417661970E+01  1.12129006003604150E+01
  4.46540105696671490E-01  1.57924804177549270E+01  1.09947929566399800E+01
  5.07606992315717240E-01  1.39051935482207320E+01  2.59023388988305820E+01
  3.01731430220296380E-01  2.32649543337840790E+01  2.14010076029369320E+00
  4.32382463464541460E-01  2.23728840857150860E+00  3.99757911731984060E+00
  3.25762576013666160E-01  1.53461149153453200E+01  2.82437856684774320E+00
  6.24920360555607160E-01  1.50893568692682360E+01  1.01863098884970140E+01
  7.38532964590205680E-01  7.49518857385748300E+00  1.78683123444947360E+01
  3.92511582998476170E-01  2.86869028110939790E+01  1.04693849264915020E+01
  2.97561439636419770E-01  1.89945004848869450E+01  2.82007505392937430E+00
  3.46434506905438330E-01  1.56814516171903920E+00  2.28561176772771650E+01
  5.89502618647478990E-01  4.92051237591621770E+00  2.84069110799821270E+01
  3.32399546609116130E-01  3.48541047571952230E+00  2.51259513591385810E+00
  5.77649046292645880E-01  1.82493882464052890E+01  1.95009072574222310E+01
  4.31729360191427780E-01  4.52897072912590380E+00  1.46408857480287260E+01
  3.17950877609215300E-01  1.58891558276758110E+01  2.83777930639428750E+01
  4.75880684447443510E-01  2.10596197542742230E+01  1.77873980991326630E+01
  3.91816801400439550E-01  1.87911575770638100E+01  2.07076158873020190E+01
  2.50163292655703180E-01  1.49319390892490720E+01  9.26793900338168440E+00
  3.42074681651230290E-01  1.60128249896028510E+01  2.84269717545913280E+00
  3.50974061745161330E-01  2.57819054661305060E+00  2.62708855310557110E+01
  6.18566685513849460E-01  1.48037340789909620E+01  3.59700046491149190E+00
  3.24719866931951940E-01  2.74106034646310950E+01  9.50494699777813070E+00
  3.57201130995523370E-01  1.02497594573319050E+01  2.36936638556530580E+00
  3.13090147150790890E-01  6.96465083025125420E+00  2.89240302838690650E+01
  2.58355477869490890E-01  2.94407140954913090E+01  8.47393180056652720E+00
  4.83351594707823830E-01  5.13255470674055300E-02  2.41523331259193910E+01
  5.48463672908306780E-01  5.11043100270127940E+00  2.43757409138788820E+01
  4.24351701398837560E-01  6.18753328690925920E+00  4.27807923693221960E+00
  6.80557430527969220E-01  8.59016856629281020E+00  1.87688995279484130E+01
  3.73125396709624990E-01  8.88219115454699800E+00  2.60262188420590310E+01
  6.77808113742920780E-01  2.66777515536008960E+01  1.39842557952445200E-01
  7.67512613708393760E-01  1.46397848369605410E+01  6.23374252647192680E+00
  4.76544583128828500E-01  2.00518383764010790E+01  2.28508193224813920E+01
  6.97738347479756800E-01  2.50271028878253250E+01  1.03252959290430120E+01
  4.49545157175862540E-01  2.41231535245745370E+01  5.84688430366873210E-01
  6.25336422111717830E-01  8.59234425173153230E-01  2.77166912173414200E+01
  4.99487474973056500E-01  1.03453527437867190E+01  3.22029395541328920E+00
  6.67521681419926690E-01  1.85808619566028600E+01  9.36968916311161410E+00
  3.44170209092795430E-01  2.04339395663132070E+01  1.97036263649960120E+01
  4.01880163826280960E-01  7.27060853983674530E+00  6.13281899646115300E+00
  5.95035019805102560E-01  1.40995143380840840E+01  1.21166295883689570E+01
  5.20348764567513020E-01  2.24791240183984800E+01  2.37976684519453400E+00
  7.44845164893703690E-01  1.17379935366014700E+01  1.27200865923166720E+01
  6.94010688862415210E-01  2.66087039371262290E+01  1.28382096870853810E+01
  4.00156705760987560E-01  8.11983580283452610E+00  1.32422325595450710E+01
  6.57722721512726150E-01  2.83630765604196460E+01  1.88891192556372080E+01
  3.61198882346046800E-01  2.00696237198711100E+01  1.57582332166625320E+01
  6.07167866036927160E-01  2.53254326475448540E+01  8.02407461238037630E+00
  5.81677556670477180E-01  2.31209041191489390E+01  2.88404620486376540E+01
  3.17579752081870750E-01  1.81665373919361070E+01  2.88908265468761520E+01
  2.69169509893181310E-01  7.29827268784024860E+00  6.82542635818095360E+00
  5.36592099856838090E-01  5.26575637008908350E+00  1.13645094778335430E+01
  3.01799748246536660E-01  1.02073280413174320E+01  4.27652733207452230E-01
  4.05794678723965420E-01  1.47545330443135680E+01  1.68044880956220130E+01
  3.65995101567518470E-01  2.30857611419221310E+01  5.83258482449859810E+00
  3.39481361119070080E-01  2.41063567217065400E+01  1.47273996008930030E+01
  6.97384645011991290E-01  9.61947454632633560E+00  1.96830506324764620E+01
  6.82253548551889110E-01  1.69215055578860700E+00  2.45291442040639430E+01
  5.67035311113654220E-01  2.49646358901461230E+01  1.61935818260734730E+01
  6.47236078597052340E-01  1.94405549842999220E+01  1.65456901233265730E+01
  5.92513140571182980E-01  9.33372142088414060E+00  6.16878069123446690E-01
  4.71553509741754610E-01  2.22538212989368600E+01  2.16793631832496560E+01
  6.55885333720611730E-01  2.60703297806175700E+01  4.61561954952126200E+00
  2.83840017940612550E-01  8.55328138778944340E+00  2.15988862422915670E+01
  5.65219172841477580E-01  2.82956513775830560E+01  9.59556658075814890E+00
  3.48480710258510130E-01  1.71515165642672360E+01  1.46955250723526430E+01
  6.26908127420837150E-01  3.89950859034667230E+00  1.60639410629266130E+01
  2.62213147743524950E-01  2.93829121067683300E+01  8.99108727826473770E+00
  5.08737612195334600E-01  1.40306700569636840E+01  1.73618231029018550E+01
  4.59281804788439010E-01  1.70446486227718200E+01  1.65553668810669130E+01
  2.86550378078914000E-01  2.82193537143013020E+01  8.70872029096153890E+00
  2.99038091422116640E-01  6.41752517784764360E+00  9.69684918507240750E+00
  3.62493203924014780E-01  1.59802830258871470E+01  1.78005209133253080E+01
  5.64616421781660800E-01  5.47526495517157220E+00  2.33144636919590910E+01
  3.87533216804236250E-01  1.36049953679765490E+01  7.12687022697391190E+00
  3.90540239164096370E-01  1.96345131003756740E+01  3.07212792638835230E+00
  5.44640939783434240E-01  2.24217531194185860E+01  1.62796680832500160E+01
  3.84420431658369740E-01  3.24180266965355290E+00  9.62791814946833040E+00
  4.53492046339069340E-01  1.14784349592713570E+01  1.38893054930300080E+01
  6.38023782753992030E-01  1.95229083370668950E+01  2.04974376618386470E+00
  5.00672486592370710E-01  2.09140034215888590E+01  1.37533333538123570E+01
  6.08873319065221350E-01  2.06065489739676590E+01  2.79413719200525290E+01
  3.18942867500738640E-01  1.63488640065358020E+01  3.76848706954233940E+00
  2.65726189967390210E-01  2.75209873756250970E+01  1.31356699099145470E+01
  7.10410487391814980E-01  2.62417838428479880E+00  1.64649480123336430E+01
  4.66797018098134940E-01  1.84292095075165210E+01  2.50739892073353980E+01
  3.89889811574280460E-01  2.56478517828890770E+01  3.65932877373903630E+00
  2.92456502136063850E-01  1.08567961779947910E+01  1.83288839206955210E+01
  3.63079661055833470E-01  1.52135607591741200E+01  1.47596271984481700E+01
  4.13811620468168510E-01  6.78502871286897240E+00  7.58968665630067460E+00
  2.60417758313763680E-01  2.21314793856280330E+01  2.02881033033209980E+01
  4.41940562555082740E-01  3.17549256932958100E+00  2.77207551206633160E+01
  3.08418768867630710E-01  8.89851503567533970E+00  9.91388131800652060E+00
  3.04461637453634990E-01  5.24856160477438390E+00  6.52410968270363420E+00
  4.75626642073745920E-01  2.68727838720679340E+01  2.46170978116614950E+01
  4.19693779402500590E-01  1.49085615041627370E+01  1.40407190631585440E+01
  3.26514001167033020E-01  1.15809806733896150E+01  2.71727501135739690E+01
  3.55388479881239270E-01  8.38264250375888590E-01  1.76313072281144120E+01
  5.33859136323620030E-01  1.48419311911699550E+01  2.23263258897664900E+01
  3.39481361119070080E-01  1.42288870320970950E+01  1.70314192550734900E+00
  2.51153087880769550E-01  2.57577584947079500E+01  2.57970131679572320E+01
  4.21603844523193420E-01  1.10649640679502180E+01  2.02758354698693030E+00
  5.20348764567513020E-01  1.67212678029152360E+01  4.51951757036747730E+00
  6.86210935380316480E-01  1.12508742952891760E+01  6.96113833291920510E+00
  4.41140732643827070E-01  2.07532004492115760E+01  1.20378701918330150E+01
  6.26908127420837150E-01  1.61941203493892940E+01  1.48805478457714630E+01
  5.11871480770454750E-01  6.48838553467710000E+00  1.57787395442520440E+01
  4.70990686464341570E-01  1.58086031396585550E+01  6.64010510874792370E+00
  5.20369884994360540E-01  2.18451697462725850E+01  1.71750394491400690E+01
  3.04306421741581800E-01  2.41001024449328090E+01  3.11037262546549530E+00
  5.88333222664750720E-01  2.31203248156230110E+01  3.17710314887506230E-01
  6.64541222436485860E-01  2.51644110074576130E+01  2.14730325382803140E+01
  4.24351701398837560E-01  2.75096713292947510E+01  1.82259710887648970E+01
  5.55920758830291820E-01  2.19024718859156310E-01  1.10437401489438540E+01
  2.89042915761794110E-01  2.53906830968930520E+00  1.00572541656772000E+01
  2.47647088603063280E-01  2.40704556813956640E+01  1.41411941226114810E+01
  5.88686278844574580E-01  1.83510830905318370E+01  2.15829474620057590E+01
  3.53063097104977870E-01  1.06879114570525020E+01  1.77058583469146350E+01
  4.50600139601478670E-01  2.14575482252847540E+01  2.41983202197237620E+01
  6.65634982039605120E-01  3.83771562618510840E+00  1.89115851152340540E+01
  4.69750256464274060E-01  2.38328851803888180E+01  2.75168899631731630E+01
  6.13801455222646290E-01  2.86490784364773990E+01  2.41139866652432180E+01
  5.14582826754803690E-01  1.63027359523583750E+01  2.54252565978334740E+01
  3.81419328643079860E-01  1.88591596978050300E+01  3.48438055195188800E+00
  7.28196096543639280E-01  2.04985009465964370E+01  2.07736978691588910E+01
  7.33199636544987770E-01  1.85650777561051010E+01  1.07694615179574760E+01
  2.86550378078914000E-01  1.11737494106287350E+01  3.53641893159608010E+00
  2.52169786807371790E-01  1.67784924725169730E+01  1.42250302344303620E+01
  5.01406606281285510E-01  2.26210603816753380E+01  1.26055886076496750E+01
  4.18948713530687210E-01  2.88964469269498000E+01  1.60129835457992510E+00
  3.62620749938717070E-01  2.62499963856314910E+01  2.07949380873285570E+01
  3.15231116497538320E-01  5.56068046334142800E+00  2.01464351703460880E+01
  2.83840017940612550E-01  1.51922734766098060E+00  8.80656669700032600E+00
  4.72199721516180480E-01  2.13391619519294870E+01  2.71477392084467440E+01
  4.41666133880560000E-01  2.60650839498539670E+01  6.40728201943638800E+00
  3.39073066583844400E-01  5.96817984871956760E+00  2.65333040501923210E+01
  2.54831192030272870E-01  5.24032428418155400E+00  2.06178322726185360E+01
  6.65634982039605120E-01  1.71773497351318060E+00  5.18922843508175010E+00
  2.69326463995374250E-01  1.84223114331591870E+01  5.05359663160356650E+00
  3.08418768867630710E-01  4.79841554294717470E+00  1.87530355003631010E+01
  5.63324676144028570E-01  2.33072727627072670E+01  1.00238826097537180E+01
  2.49794182180603610E-01  2.62551903476044470E+01  2.42363718404127010E+01
  6.44956217916396120E-01  1.55157280894533400E-01  2.06180064979531820E+01
  4.26043897269923290E-01  7.73449200407208440E+00  5.39498471022949480E+00
  7.44533748089133770E-01  7.53990623332825560E+00  2.58209680054373440E+01
  2.47647088603063280E-01  2.61659383845081060E+01  2.47640019693538880E+01
  3.47451934045076260E-01  1.46732528480827450E+01  2.95670542491443450E+01
  4.83182858574677270E-01  1.98068309725274470E+01  9.66535784491144770E-01
  5.38382388131525950E-01  1.11942927397967280E+01  1.58847404109471470E+01
  6.08690451339190200E-01  2.39594906163046590E+01  1.28870868526446620E+01
  3.93024383017402490E-01  1.08743980543614850E+01  6.21016391180607030E-01
  2.54611020839302520E-01  2.23945610590418590E+01  1.42512753122682780E+01
  6.82253548551889110E-01  1.05394862766678070E+01  2.07090912100687950E+01
  7.67665169660178040E-01  2.09248045347019770E+01  4.08173105801445500E-01
  3.95839252948554370E-01  1.44694322150696060E+00  6.21351192449346180E+00
  5.15379284759350490E-01  1.51238593879405200E+01  1.16888950059481060E+01
  5.09222041678605210E-01  5.62485260392334310E+00  1.71986048825733600E+01
  4.72038094207023740E-01  2.68808034738699040E+01  1.09859688748120160E+01
  6.64541222436485860E-01  1.61159231617332140E+01  1.35920565092221340E+01
  4.84167632717154460E-01  2.95714841365660310E+01  2.31767759691849450E+01
  5.39922025342825940E-01  1.72611867849469650E+01  1.22605600000892510E+00
  3.77759649416993960E-01  2.29945813965310460E+01  2.51029873336034330E+01
  5.06367095649294540E-01  3.80489762580829310E+00  3.56252688529742970E+00
  3.05466220251299840E-01  3.59480328143871030E+00  2.17293542044612100E+01
  7.55604472483241980E-01  1.55779106162378970E+01  8.47402217981046490E+00
  7.68548325332126940E-01  1.28958810203230720E+01  1.36926997704226880E+01
  3.09209541844886400E-01  2.74205216581249580E+01  1.01384125014366420E+01
  4.71553509741754610E-01  5.11153379779549160E+00  2.71367784195177930E+01
  3.65995101567518470E-01  9.40300917473981100E-01  1.23251610186252630E+01
  6.26517897412854200E-01  2.51479747616794210E+01  1.32193995763063570E+01
  3.55388479881239270E-01  7.93684819581402220E-01  1.50118151948886690E+01
  3.90423892796942250E-01  2.70405173437990350E+01  1.17590816075169440E+00
  4.92172780862642510E-01  1.51631840112720240E+01  2.80204461625689020E+01
  6.66683478841499700E-01  1.17159068828109250E+01  2.81554303982592200E+01
  6.94903868090152520E-01  1.12062297957370840E+00  1.33701910085195990E+01
  7.65642972591057180E-01  1.04143902215922330E-01  2.65485992653047770E+01
  3.52682444144397330E-01  1.28205606156729650E+01  1.97848970360111520E+01
  5.39466591144820300E-01  3.88613813297825890E+00  8.96604074143808740E+00
  4.26043897269923290E-01  2.37642978337789760E+01  2.53493898584353910E+01
  2.53364602799301860E-01  1.08553457420372760E+01  2.66809939023878020E+00
  3.83290088603488770E-01  1.85811346616911880E+01  1.59771869510567120E+01
  5.55920758830291820E-01  1.40469139843062610E+01  1.61539952437305420E+01
  4.13050329149462850E-01  8.22738665188043510E+00  1.24369602150466270E+01
  5.20369884994360540E-01  1.91952212225403610E+01  8.35416369738055490E+00
  6.99477888048091770E-01  8.64702823835416720E+00  2.41158442611039090E+01
  3.59079136884617700E-01  2.72844545908795480E+01  2.67800639976429870E+01
  3.01799748246536660E-01  1.72402513198066920E+00  2.81597569703981030E+01
  5.28731261397185740E-01  2.58661596479682600E+01  2.76704822425765770E+00
  6.80338287111455390E-01  1.62017999770136220E+00  2.58895796989810450E+01
  4.74033319401206570E-01  4.31246323769265860E+00  1.10310349019656060E+01
  3.53302408788900560E-01  1.52844327708510970E+01  7.30177044700849990E+00
  4.03052389307286420E-01  1.25045370725439200E+00  2.35348765714866630E+01
  3.33973424357718240E-01  1.95340896748316620E+01  7.57017460239076010E+00
  4.68162992243922280E-01  1.90129048766688980E+01  2.58043656707173670E+01
  4.72192289519205580E-01  4.89796949026173410E+00  1.28050479022089510E+01
  6.73658304681401180E-01  1.33874148610466930E+01  2.45253925430459810E+00
  4.61178090502161720E-01  6.20743727282034020E+00  3.29924760159336470E-01
  4.18189647978318300E-01  2.12373249436324800E+01  2.87590843395648930E+01
  5.15379284759350490E-01  6.99477068082389050E+00  9.06129821416365640E-01
  5.34553382826858140E-01  5.65675238462642580E+00  2.22309687298142040E+01
  3.70336582810533970E-01  1.74761894584277260E+01  2.88715494569757820E+01
  6.42747544188997020E-01  4.49396369161172340E+00  2.20494847071329190E+01
  4.50600139601478670E-01  1.72713028480735870E-01  1.20487512361393210E+01
  3.55036581058269410E-01  2.70721972755288080E+01  6.07340164829822540E+00
  3.54092873053847420E-01  1.69543896863119170E+01  5.36080970995750580E+00
  5.13614394364816020E-01  2.07029306695876510E+01  2.35997617696020820E+01
  3.65995101567518470E-01  6.30179400095269320E-01  1.43094361147630590E+01
  5.25383403930900440E-01  1.75448072801103410E+01  9.95823811839204790E+00
  3.83598938984435380E-01  1.42418470094908330E+01  1.84580396134995190E+01
  4.86073626967704090E-01  2.79645873364121300E+01  2.32536510315350390E+01
  5.96963967672292380E-01  2.79052505751101170E+00  3.12972617798752180E+00
  4.66553963192992600E-01  1.78617083109894990E+01  2.96132840605416940E+01
  4.15252526658189590E-01  1.14916706784833130E+01  2.01633576306351440E+01
  6.36786611163594070E-01  2.14133553040761410E+01  1.97507174916979270E+01
  6.06760633376156730E-01  1.72578201693458300E+01  2.01471140182644600E+01
  5.25895496843049500E-01  1.22270343856749600E+00  2.20553187232608540E+01
  5.05409982910693060E-01  4.90704329498494120E+00  2.74896698819288290E+00
  5.18912146576496980E-01  1.93975601295247310E+01  2.48942683370642580E+01
  5.81677556670477180E-01  2.45996563732254470E+01  2.59127558352060920E+01
  2.50625569857546320E-01  2.67468245664915290E+01  1.58525730516049830E+01
  6.67521681419926690E-01  1.42003336502491300E+01  1.49406083666689170E+01
  6.52034765531911640E-01  1.09044258663175010E+01  1.92721625647538130E+01
  3.81419328643079860E-01  9.66976852330533630E+00  2.37679935527134700E+01
  3.18942867500738640E-01  2.27203205390405070E+01  1.70883693634574630E+01
  6.63973334543257470E-01  2.02234353636651110E+01  1.87181490259133480E+01
  4.05793634226126800E-01  2.66603185646729380E+01  2.27272025151673490E+01
  2.88617724104866640E-01  1.63568901025340910E+01  2.18910330960203080E+01
  3.17587838135982990E-01  1.22200212018103100E+01  2.00825430272301550E+01
  6.94010688862415210E-01  5.92856901339612820E+00  8.29227366282498400E+00
  3.25036994184950640E-01  2.45831850758296430E+01  2.96540907497544240E+01
  4.41940562555082740E-01  9.55860639209797470E+00  2.68174868948463720E+01
  3.05466220251299840E-01  1.45061979317846070E+01  7.29770551508078750E+00
  7.22984261441823330E-01  1.88397318194911700E+01  2.27992743615614050E+01
  4.60682082706054620E-01  1.78489938226694140E+01  2.03503332162254490E+00
  4.22201084465533680E-01  3.07890043993625580E+00  4.13949715843596610E+00
  6.24824560398126750E-01  4.63628798688980300E+00  1.99778356693934250E+01
  3.63079661055833470E-01  6.98396461255876670E+00  8.33993164641884380E+00
  3.25516939164680520E-01  2.29572528567013980E+01  2.02537446693229550E+01
  4.87886881528419990E-01  1.33098885790768650E+00  8.01785349495083470E+00
  4.34172467284937990E-01  2.14762435731501090E+00  8.44396852709486190E+00
  7.04082361725448710E-01  7.76631345209291000E+00  1.14200460474606480E+01
  4.40295189098215370E-01  2.16650566089613430E+01  2.08103570897000870E+01
  4.54567147313974470E-01  2.35112008679565000E+01  4.56795713202098240E+00
  4.89717368181109780E-01  1.35924365522100960E+01  2.49557643428236740E+01
  4.82771447840326400E-01  4.55897469836852400E+00  1.36974466416203650E+01
  3.54092873053847420E-01  2.70413696311818160E+01  1.18842297327524750E+01
  7.67457697882333090E-01  1.21918949981044950E+01  1.64974399770541180E+00
  4.43129600128677660E-01  1.05331310620154940E+01  8.93956409729727140E+00
  5.61514797181737530E-01  4.16186089151650410E+00  2.75425875521320800E+01
  5.82207618145930890E-01  2.13145753813547540E+01  7.62034138053970360E+00
  5.94092381958372510E-01  2.45812095849723380E+01  2.47388851964753370E+01
  5.64318884198494160E-01  5.24681792382068220E+00  6.87483089227505670E-01
  6.16837537735261420E-01  2.27172849712965040E+01  3.85006185294153090E+00
  4.20581746236023420E-01  1.07788223135678080E+01  2.17854019748440070E+01
  3.16022212934137680E-01  2.68465750511573940E+01  7.99078246613939140E+00
  4.59502380082057990E-01  9.06780405862406090E+00  7.23716823924247610E+00
  7.48336469443998900E-01  9.84210552574751670E+00  2.79733665780912980E+01
  6.90159994875631000E-01  2.81677477404740520E+01  2.87706993513148390E+01
  4.68364091588631840E-01  6.59220818509440230E+00  1.70682027980829080E+01
  4.05593309893122810E-01  6.71530077178261650E+00  9.05943187973081620E+00
  5.55687039951364880E-01  9.83388417407901190E+00  2.92765956219770910E+01
  2.83840017940612550E-01  6.96477237037705610E+00  1.64148766735946910E+01
  5.98280766214214580E-01  9.55015886241021230E+00  9.27946586561038340E+00
  5.84913004272127690E-01  2.84613229623616850E+01  1.76506195632255150E+01
  2.83840017940612550E-01  2.01566178269519050E+01  3.49848261498969130E+00
  2.83517655556827110E-01  2.88605641029636430E+01  1.26643197446872420E+01
  5.27599340399055180E-01  2.85983734900098200E+01  2.60644173826481730E+01
  6.24824560398126750E-01  1.86206191700894690E+01  1.29001455630960090E+01
  4.84167632717154460E-01  1.82181405559605200E+01  2.90403208251956750E+00
  5.66562802601083430E-01  1.68657008765350480E+01  8.17477357859378100E+00
  5.81213412342838430E-01  2.49699229966053270E+01  1.44131510619761320E+01
  5.13285974501586400E-01  2.16950700501640660E+01  1.21910912137830410E+01
  5.29625185962053640E-01  8.19530962674260090E+00  6.23200317538203660E+00
  3.30104909316010620E-01  1.28696720873070380E+01  2.13720876781071350E+01
  5.48174971142568520E-01  7.12177464781706250E+00  4.54775996943822050E+00
  4.72192289519205580E-01  1.34228955332851390E+01  1.91290601987864830E+01
  4.53126113496558960E-01  1.22305183104887480E+01  1.16284813696059980E+01
  5.25993347610763350E-01  5.46244024195928720E-01  1.84620523137620260E+01
  4.75338540515479570E-01  5.30970648379761730E+00  7.30149268946688860E+00
  4.30858982518450690E-01  2.14288966987407740E+00  2.17949852558706070E+01
  7.09741570678139940E-01  2.27960871998163880E-01  1.12727539356767470E+00
  5.05409982910693060E-01  2.49080645474493960E+01  3.15598980451519220E+00
  5.20369884994360540E-01  3.49396883542323260E+00  2.00458930152753360E+01
  2.73281005279713530E-01  2.52201142252980900E+01  2.53251187463101250E+01
  3.09574052588245370E-01  2.48303495528550470E+01  1.53040666978299100E+01
  3.18095930761502070E-01  2.55580260730193400E+00  4.67595034402296150E+00
  4.46537248270915300E-01  2.36253187175366650E+01  8.16881967298977150E+00
  6.38830345620663920E-01  9.00426079645585990E+00  1.08567892108319270E+01
  6.68397269451762100E-01  2.20525721545325800E+01  5.78986666454351000E+00
  5.32488384254616510E-01  8.02708337153413430E+00  1.02121399982822270E+01
  3.17579752081870750E-01  6.29662107524661610E+00  1.99578975819987040E+01
  5.16710955738981780E-01  1.00126165104052320E+01  1.02933844047812290E+01
  4.49545157175862540E-01  6.69666119717416470E+00  1.37247470950853200E+01
  3.20574425314766210E-01  1.86471185132444650E+01  2.96332191747474950E+01
  4.12246671516209600E-01  1.52160442525637530E+01  2.14579902978711490E+01
  4.94550785807675550E-01  3.06888835443598000E+00  8.33264828701429220E+00
  3.59079136884617700E-01  5.26698589695393960E+00  1.82779678616964530E+01
  6.10572080928614460E-01  1.02443182400483010E+01  1.40200408990687910E+00
  4.75338540515479570E-01  8.96563472089732190E+00  1.29304032340747510E+01
  5.09574347305064630E-01  2.47808493275773780E+01  2.77594768332792800E+01
  4.18189647978318300E-01  2.62778570386697970E+01  1.17766449902537640E+01
  3.76753951196820710E-01  2.68048000931087420E+01  2.19584711268560040E+01
  3.84533934306195220E-01  2.92958031300034560E+00  2.20075912069419960E+01
  6.60767019732147710E-01  3.74693612364757510E+00  1.28493430354916800E+01
  5.64318884198494160E-01  1.22080045926623870E+01  8.59958182011962080E+00
  4.69750256464274060E-01  2.13140699404341090E+01  2.16495522936991480E+01
  6.88340418185590860E-01  1.81174320451390330E+01  1.69610985594477550E+01
  5.93150731645016190E-01  2.51561072732700670E+01  1.92935241577252870E+01
  7.17499092254363010E-01  1.30741825940043130E+01  2.38585733265703080E+01
  3.79322922295397280E-01  8.24612404933744970E-01  6.67358983613081500E+00
  3.20574425314766210E-01  6.05585834340035150E+00  1.64897380466053960E+01
  7.17953871372127320E-01  8.92225843720311220E+00  5.21818258693952420E+00
  3.42409596243210680E-01  1.57562380218395080E+01  3.47666525468003940E+00
  4.43129600128677660E-01  1.43616725523698870E+01  2.14776321599110030E+01
  3.78068289465320630E-01  2.15018555054080170E+01  1.63451370669795470E+01
  4.75338540515479570E-01  1.65936262209092430E+01  1.14904475169892970E+01
  7.38532964590205680E-01  1.20469855611061330E+01  1.49366781429713120E+01
  5.07606992315717240E-01  2.93621247142941330E+01  2.88586401621138220E+01
  2.86134314477376340E-01  4.12052770700263250E+00  2.83645477612075720E+00
  5.07437626189109900E-01  3.99677895040197570E+00  1.01018955595870870E+01
  6.15073771326759470E-01  7.98883472677578150E+00  3.70986235511171050E+00
  3.30104909316010620E-01  1.62176046873808380E+01  9.35010819413144740E+00
  6.66683478841499700E-01  1.94373333901608520E+01  1.98706775638371940E+01
  7.49545055295440930E-01  8.46706222333322780E+00  2.85657880427643600E+01
  2.54824432159977790E-01  2.70093377042643040E+01  1.37265281826655330E+01
  5.72142532162989690E-01  2.76314091007751730E+01  2.14935103862541080E+01
  2.77147605524350650E-01  2.51532410777253260E+01  2.94605599820255150E+01
  4.68364091588631840E-01  5.03356339982284060E+00  4.76119829079974900E+00
  4.82771447840326400E-01  2.93515094285210370E+01  3.62798578332384820E+00
  2.50971712925384870E-01  2.61157847291138450E+00  2.43717851606714430E+01
  5.38024295323284910E-01  1.44011279653166590E+01  1.93789518467810070E+01
  4.13050329149462850E-01  3.57570654145661320E+00  1.70608530376590290E+01
  4.86590143357422540E-01  1.95493584796424220E+01  2.85372167554606020E+01
  3.16148313226467530E-01  2.70187359046392000E+01  8.99814927077948390E+00
  3.81419328643079860E-01  2.37865690722676180E+01  1.34440522462980440E+00
  6.52911031193170470E-01  2.95554539461496120E+01  9.88936419499654380E+00
  4.49150663742554990E-01  8.88004173286338090E-01  1.02940439009103010E+01
  4.73113776075054650E-01  2.04286308000438840E+01  2.19726510326404350E+01
  3.65995101567518470E-01  2.90146150574922930E+01  2.80576144906356290E+01
  3.46028387031474870E-01  4.24245150642463730E+00  2.21689551727164380E+00
  4.23675716525973380E-01  2.24638421792134610E+01  1.53131862397976340E+01
  2.47261092463374420E-01  4.78843456134516910E+00  2.08363458468861220E+01
  2.63339374245984010E-01  6.86921234116290070E+00  1.86501682159351670E+01
  2.59062449636064510E-01  2.45146830892847450E+01  8.32837768514182740E+00
  5.77180454669814490E-01  1.20953499129221600E-01  2.21035796406295940E+01
  4.06599624824484800E-01  6.98755812154176770E+00  2.96431016270544490E+01
  4.65278877330243820E-01  1.05828137326960410E+01  1.30788711796139000E+01
  3.07263188066738420E-01  1.94689601858129680E+01  2.08746297823422540E+01
  3.88697647565240350E-01  2.76584961745919320E+01  2.42579532154985320E+01
  6.62122603690132470E-01  1.45268203174895270E+01  2.42835857003136550E+01
  3.79322922295397280E-01  8.51282005285250600E+00  2.15963387879661540E+00
  3.53063097104977870E-01  1.59861963220136670E+01  7.44413334464236520E+00
  6.88885956497308970E-01  1.63445621235376140E+01  2.74683297877008670E+01
  5.33066537704075310E-01  2.59288616586695540E+01  2.35151308541360390E+01
  3.42074681651230290E-01  6.67872304926194450E-01  2.47005928283009230E+01
  4.24351701398837560E-01  1.54764500607528090E+01  2.48092308902876620E+01
  2.92456502136063850E-01  1.46240224807253670E+01  1.79003722344224090E+01
  5.90639534364661320E-01  1.60374900578879680E+01  1.68495439011275890E+01
  4.09705559579089850E-01  2.25134203239222330E+01  2.08380562133752960E+01
  3.59079136884617700E-01  7.95707435086119470E+00  1.68731588551123510E+01
  5.27599340399055180E-01  2.28801183749092160E+01  1.40719661381557690E+00
  5.38382256471750510E-01  1.19184850351594540E+01  3.89118137945573360E+00
  5.96963967672292380E-01  2.88574468361708760E+01  6.77384028638752600E+00
  2.96503602823160150E-01  2.42945770297999250E+01  1.90752612488744650E+01
  3.64593218166308700E-01  3.64710719792352430E+00  1.83007340765747840E+00
  4.18947112612636110E-01  2.91876722793510300E+01  1.59307445052064390E+01
  5.40946473112310590E-01  2.79677337693154660E+01  6.06513196742370740E+00
  3.35017483125717060E-01  4.66823732793098500E+00  9.59453901990547390E+00
  4.75626642073745920E-01  5.52751160883327230E+00  2.93790905624249450E+01
  3.04461637453634990E-01  2.90156468071032410E+01  2.24789320319943510E+01
  4.36315933331792570E-01  2.82411236014005420E+01  3.35473722274442880E+00
  6.77666041374141330E-01  2.82985703959179350E+00  2.52736913313612850E+01
  5.67035311113654220E-01  2.87810256473588220E+00  2.35992515426796490E+01
  3.38650161839631010E-01  1.78593765160754000E+01  1.59685927328459200E+01
  6.94010183176834960E-01  3.86832665075865380E+00  2.43778873744844620E+01
  7.10410487391814980E-01  6.26086027305982460E+00  6.59622460478956360E+00
  4.54567147313974470E-01  9.72945820647170300E+00  1.34605909709772770E+01
  2.52169786807371790E-01  1.17674058663255700E+01  6.13780028950771240E+00
  3.01799748246536660E-01  1.24653523240293960E+01  9.42580106789854360E+00
  4.27719079604653450E-01  1.62041764851919470E+01  2.63616004065438540E+01
  3.87762191716535260E-01  2.80843516931712070E+01  5.14476802002895100E+00
  5.72951670348821020E-01  1.36156181961341240E+01  3.67775958602909330E+00
  5.09222041678605210E-01  2.34518671483562540E+01  1.64986384207177040E+01
  5.25993347610763350E-01  2.95325180807108260E+01  2.29992026629954170E+00
  3.12648490279368120E-01  1.47458564647470780E+01  1.30587404427236460E+00
  3.32399546609116130E-01  5.67024427039021270E+00  2.78708234881730870E+01
  4.43807889241729470E-01  2.59653355188784300E+01  1.09745406329948240E+01
  3.44170209092795430E-01  2.17822100796167990E+01  1.56639893522866680E+01
  2.54824432159977790E-01  8.45089231384280560E+00  1.65097388991252710E+01
  4.21963532045373490E-01  1.12607711995022250E+01  2.33823810532806890E+01
  4.11696508529454960E-01  5.27443261583982000E+00  2.62463027005544870E+01
  4.11346310528290360E-01  2.28146658619099550E+01  1.83375373700534290E+01
  6.16837537735261420E-01  2.23411613667676820E+01  2.27631770727597990E+01
  4.83570943621045310E-01  1.45737674129443120E+00  1.44994078068155050E+01
  4.32382463464541460E-01  2.68864578296569160E+01  1.75584448341725800E+01
  5.92513140571182980E-01  5.05838838253452040E-01  1.59143704177488470E+01
  3.55036581058269410E-01  2.73991563455882990E+01  1.84383605712219670E+00
  4.74581552528920360E-01  5.00819379994204540E+00  1.03868499654101460E+01
  3.44905765886116280E-01  2.87862786229300940E+01  5.72688119697628210E+00
  5.96963967672292380E-01  5.84101042727497170E+00  2.53436303888765760E+01
  2.68569610726517900E-01  5.40878914580508670E+00  4.08498749471359980E+00
  5.80290806494985740E-01  6.99859705638697530E+00  2.25824707159290350E+00
  6.25336422111717830E-01  5.60797084487336320E-01  8.81971282174788130E+00
  6.17452885167652710E-01  4.44391315811528640E+00  2.95149192780711190E+01
  3.29506256422424390E-01  2.58130945596192980E+01  2.52196186925370860E+01
  2.58355477869490890E-01  7.41072210222867420E+00  7.83438351756743320E+00
  4.69641390777102340E-01  2.19130135985442960E+01  1.81927287834646020E+01
  3.49095179616795370E-01  1.62097592999119660E+01  2.45676413818482540E+01
  3.27988333844876360E-01  2.67638431695084120E+01  2.12553314519823150E+01
  3.86383264228710210E-01  2.04881134217154540E+01  4.51635567572232950E+00
  4.75543307221801650E-01  3.39677799851266910E-01  1.69678798836608990E+01
  5.07815655211632320E-01  2.47735108399530690E+01  2.87757112309521010E+01
  6.08088426536500660E-01  6.06099000972859690E+00  1.52957337363255230E+00
  3.93024383017402490E-01  2.88211646419623600E+00  1.22474496971455280E+01
  7.48336469443998900E-01  1.77952950371803950E+01  7.24509668948323870E+00
  3.13454063710418570E-01  1.69197434648651530E+01  2.61691252413271480E+01
  4.43133439323318520E-01  2.12877080242875960E+01  6.59595775801488760E+00
  3.62493203924014780E-01  1.70694417540247760E+01  3.70917033368581570E+00
  5.72881440675418570E-01  2.96283692418707860E+01  1.94201372995287650E+01
  3.71299762957800540E-01  2.20014235565472020E+01  3.17030399203967980E+00
  5.13143010843963320E-01  1.19432670889801470E+00  2.88042881047997670E+01
  3.87533216804236250E-01  2.30683372968653120E+01  2.14087594843634220E+01
  3.90540239164096370E-01  2.36158051484461280E+01  2.45471180222994900E+01
  4.11696508529454960E-01  2.26257502976750190E+01  4.87445618615087820E+00
  4.19670751191123690E-01  7.90566112426726700E+00  2.67868537385411990E+00
  5.39922025342825940E-01  1.95417878664732460E+01  2.75110878218387180E+01
  3.73125396709624990E-01  2.12065290727835570E+01  1.29301076338574270E+01
  5.72628172168292430E-01  1.08300394013987640E+01  2.50822234906493480E+01
  5.63660960642019760E-01  8.04771037570381330E+00  7.31511850642640840E+00
  7.54397230300637300E-01  1.73121059768849080E+01  2.45817779062724960E+01
  4.07877171249442140E-01  7.49834524176733550E+00  1.90311206266751650E+01
  4.61178090502161720E-01  2.42967385621642190E+01  1.69752480868977680E+01
  3.50974061745161330E-01  1.88495612774831790E+01  7.55475647354745480E+00
  4.22541054278063120E-01  9.18224640141827390E+00  2.31298337851692390E+01
  3.25036994184950640E-01  2.88091861394112070E+01  8.86870074092898260E+00
  4.96042965314236020E-01  2.62518832745881380E+01  1.96728881124594040E+01
  3.04461637453634990E-01  2.87905080680098600E+01  2.30671741742386590E+01
  4.21290506291976640E-01  2.79031982120009690E+01  1.06858359594666580E+01
  4.26578460793149810E-01  4.51428543203227760E+00  1.80555131278494510E+01
  3.91816801400439550E-01  1.86930939125013220E+01  1.18866433420576860E+01
  5.32262962461145860E-01  6.04209086069931620E-01  3.99589642231667330E+00
  6.07718241283317260E-01  1.21834048520788550E+01  1.64634202988386240E+01
  5.13425754976809310E-01  2.54997257302116860E+01  2.03446045196654520E+01
  5.46829204411607870E-01  8.40906121805861420E+00  9.20375816275693030E+00
  2.99038091422116640E-01  2.61275738095247120E+01  2.14449169796746200E+01
  3.65374026971610010E-01  2.73758315088954590E+01  8.41856237631066050E+00
  3.46733456860136300E-01  2.16403565665845790E+01  2.34233549109684840E+01
  5.01833768532536340E-01  1.77058337774360870E+01  2.33542227146537730E+01
  2.88617724104866640E-01  2.63244341569840400E+01  3.70632500650040160E+00
  3.13454063710418570E-01  2.76102460256212050E+01  1.37075586690192830E+01
  4.43756654693070110E-01  7.57471023953337050E+00  1.38857941326403170E+01
  5.20369884994360540E-01  1.92689505066726380E+01  1.53912026507942890E+01
  7.41720708060832300E-01  1.27494151744131660E+01  2.24359078934125020E+01
  2.99038091422116640E-01  2.67719101221561040E+00  5.29487376803798250E+00
  3.93024383017402490E-01  2.39718982639296560E+01  2.83673243429722430E+01
  2.53364602799301860E-01  4.86667581051725850E+00  4.05973320899231190E+00
  5.48463672908306780E-01  1.55633171386012300E+00  3.29383296439694820E+00
  5.63660960642019760E-01  1.81212388003345450E+01  1.82127671141821460E+01
  4.99487474973056500E-01  2.39790230113213990E+01  5.39805566049809030E+00
  5.32488384254616510E-01  1.11543541558532290E+01  1.69531496028790340E+01
  3.62493203924014780E-01  2.44851955472429700E+01  2.68985593150255010E+01
  3.90540239164096370E-01  3.72056028658230800E+00  1.78619330819632440E+01
  6.25248164210708260E-01  2.21752271866378620E+01  9.66430864275745980E+00
  3.93024383017402490E-01  2.39044301455509010E+01  2.94200862727551350E+01
  2.83517655556827110E-01  1.47666304473091580E+01  7.82554789880049650E+00
  5.16562546778196820E-01  1.45757942041335970E+01  2.48546324622997310E+00
  5.96777348356598920E-01  2.60769558608949620E+01  1.40134820514994840E+01
  3.35017483125717060E-01  2.30519574246499840E+01  2.21305845040714930E+01
  5.69344335137112000E-01  1.00572513135985440E+01  1.70336454309335360E+01
  5.55509338843663690E-01  4.54719659469721730E-01  2.95752757551985330E+01
  4.09775903561979240E-01  3.72025327830458470E+00  2.58963876254327870E+01
  3.20574425314766210E-01  1.65081353647613650E+01  1.96022821419558180E+01
  5.39466591144820300E-01  2.69959043271411940E+01  2.36101977643470920E+01
  5.18725390566230620E-01  2.34488211967585370E+01  1.10962698821058330E+01
  3.62493203924014780E-01  6.94744969224567740E+00  5.44096484660793770E+00
  4.23675716525973380E-01  2.60684870047978910E+01  1.78102728374470520E+01
  4.13050329149462850E-01  1.38434161522838050E+01  2.95867379004467100E+01
  3.01731430220296380E-01  7.55634549946584500E+00  2.90908477880877500E+01
  3.48156346672602490E-01  3.65893840059143830E-02  1.39127679184975540E+01
  6.83531487369900860E-01  1.99302980358041250E+01  9.32915356370103940E+00
  3.27197753470684690E-01  3.54491995372380590E+00  1.08027952985004900E+01
  3.50974061745161330E-01  8.84709879669302350E+00  4.15212289846693050E+00
  5.77649046292645880E-01  6.75056093161152490E+00  2.80596886407955250E+01
  5.13614394364816020E-01  1.40870668831153290E+01  9.64850204829919810E+00
  7.17953871372127320E-01  1.18304301614598920E+01  2.12462896044715140E+01
  3.01731430220296380E-01  2.40570204481535760E+01  2.40142853640857970E+01
  6.14584822297879540E-01  4.63478798747201100E+00  2.54370110184156920E+01
  4.69641390777102340E-01  2.52043539235810630E+01  1.14782210919034140E+01
  4.49154676673646060E-01  7.58953226978389850E+00  2.46283752821364780E+01
  4.82268891960512480E-01  1.26249372518226050E+01  2.50405105628943970E+01
  6.26908127420837150E-01  2.15316984689365820E+01  1.66314059034149350E+00
  2.50971712925384870E-01  7.03135120632346580E-01  2.57274837318158060E+01
  2.62213147743524950E-01  2.37372160638861840E+01  1.90629417450344400E+01
  6.45167794061425240E-01  3.47648826075657170E+00  5.81991525596944110E+00
  5.94931591270377070E-01  2.20605852947170580E+01  2.93487133709343410E+01
  7.68548325332126940E-01  2.72407618157106550E+01  1.47239163038654350E+01
  4.36195486319121350E-01  2.76562306312478510E+01  2.50817111243534540E+01
  5.33066537704075310E-01  1.30483860636217750E+01  1.57202836755912830E+01
  5.62178328188990490E-01  2.71722848619382020E+01  1.91522251302102440E+01
  2.97561439636419770E-01  2.77185139951779610E+01  2.62885978093564670E+01
  4.82771447840326400E-01  2.21320215593159910E+01  7.30425220730235750E-01
  6.61562106526255890E-01  2.94766642770687430E+01  1.48899701045293930E+01
  5.04339573614743570E-01  6.71470992259745620E-01  5.74137237266370980E+00
