1
  1002  2.96924426640336700E+01  2.96924426640336700E+01  1.00000000000000000E+00
        0.00000000000000000E+00  0.00000000000000000E+00  0.00000000000000000E+00
  3.01731430220296380E-01  1.70553317283749340E+01  2.88757452896981230E+01
  6.14584822297879540E-01  1.28923215939696990E+01  2.47206609304483250E+01
  4.69641390777102340E-01  2.06544728439408480E+01  1.90297674641768710E+01
  4.49154676673646060E-01  5.71428714501094510E+00  2.92034016605962710E+01
  4.82268891960512480E-01  1.04577199038475520E+01  2.52569561494093440E+01
  6.26908127420837150E-01  2.70350285053076580E+01  1.09193459075335770E+01
  2.50971712925384870E-01  2.15093382670509180E+01  1.25144663673413920E+01
  2.62213147743524950E-01  1.46270847456909540E+01  1.11226148555817590E+01
  6.45167794061425240E-01  1.04564427156324090E+01  1.72201159272027850E+00
  5.94931591270377070E-01  2.82693326381863840E-01  1.24697377688911950E+01
  7.68548325332126940E-01  2.16050587353545750E+01  5.25840214798502710E+00
  4.36195486319121350E-01  5.79746315000993210E+00  2.26948025257855440E+01
  5.33066537704075310E-01  3.10294862688065540E+00  4.29070229239153630E+00
  5.62178328188990490E-01  2.80765964881316990E+00  2.60835380679336280E+01
  2.97561439636419770E-01  1.73404262549734090E+01  7.72545968926150280E+00
  4.82771447840326400E-01  2.56976314906909000E+00  1.06089482021671810E+01
  6.61562106526255890E-01  3.15128369698890730E+00  2.13425399788949480E+01
  5.04339573614743570E-01  2.88294923341191240E+01  2.58495735162850340E+00
  3.45648959319623030E-01  1.73442435862874970E+01  5.92020750817883900E+00
  6.95947079841625180E-01  5.22943384623239020E+00  1.82615022665958970E+01
  4.75626642073745920E-01  5.08379718353321850E+00  1.70090573906278530E+00
  2.57534358191145160E-01  2.10928709934760650E+01  1.56909341549988640E+01
  6.30423428531534040E-01  2.19137997956512830E+01  2.81989889451172610E+01
  3.25516939164680520E-01  2.55738372072805720E+01  6.22940677127917470E+00
  3.14110289759674140E-01  2.68564289167678850E+00  6.53605388532881730E+00
  3.99477862283745790E-01  6.78171471337871700E+00  1.99585030114753830E+01
  6.47236078597052340E-01  1.83945572808345230E+00  2.10640251243866100E+01
  5.28731261397185740E-01  2.21491357519772410E+01  8.28504455789453690E+00
  4.43807889241729470E-01  4.37489439778717500E+00  1.02733913576648690E+01
  4.82268891960512480E-01  1.64748611076776750E+01  2.23589413638040890E+01
  4.30858982518450690E-01  1.96512771265292510E+01  6.47411354556574550E+00
  4.18947112612636110E-01  1.11994515901158830E+01  4.42933275650891640E-01
  3.50662231740508900E-01  2.90410399713822720E+01  1.26128139974620050E+01
  2.85767805251094040E-01  3.40774900913052470E+00  1.62506012908458540E+01
  3.45648959319623030E-01  1.42871235717669260E+01  1.91187518061027890E+01
  3.45648959319623030E-01  2.74081149385411930E+01  1.64572124358136630E+01
  6.42005949159872720E-01  2.13061393356804810E+00  1.16529013151543170E+01
  2.74003615458356760E-01  1.21732011281912420E+00  1.46138120331875020E+01
  3.87653287431749970E-01  2.06422235555356440E+01  2.81981981723362370E+01
  4.18948713530687210E-01  2.31615121032120110E+01  1.12704739533653660E+01
  4.53451232343747090E-01  8.01936116472836070E-01  1.15594368858766040E+01
  4.21603844523193420E-01  2.59925687341005260E+01  2.77627429510913610E+01
  2.62213147743524950E-01  1.54131175339948690E+01  2.03786578924736900E+01
  6.94903868090152520E-01  1.17941077917784010E+01  1.05446629857753960E+01
  6.31563936872940970E-01  1.28569209571330380E+01  2.18912906461402880E+01
  7.01778375544082420E-01  2.23787056814674050E+01  1.04697789893295230E+01
  3.46434506905438330E-01  2.12217991176540260E+01  1.84439918356874590E+01
  3.50662231740508900E-01  2.68481926659045880E+01  1.78160734673367750E+01
  3.01799748246536660E-01  2.46267176708777600E+01  8.55356688287532130E-01
  4.41298336829792340E-01  9.44599445102091370E+00  2.82037738394554830E+01
  3.39481361119070080E-01  1.80237195248158630E+01  5.83427725488930980E+00
  3.83181557852844270E-01  2.70358814376712000E+01  7.22337247921925570E+00
  6.75156127532392600E-01  2.81918481728107580E+01  4.28789666753799640E-01
  2.73281005279713530E-01  2.01420445016962010E+01  4.11472192233538260E+00
  6.65634982039605120E-01  1.40461833595896550E+01  1.57715970961847510E+01
  2.54824432159977790E-01  1.32390225878327270E+01  1.42089988890337920E+01
  2.84029264846615530E-01  1.26405990892498590E+01  1.85926317471892840E+01
  4.62836237406567810E-01  2.32245572879125750E+01  9.66990692968478170E+00
  3.33973424357718240E-01  1.43266819519916380E+00  1.90772678558056330E+01
  4.91872428060923640E-01  1.03991025161677690E+01  1.75088798070591880E+01
  5.52490392167627680E-01  4.84879827556767400E+00  9.39726527159229090E+00
  5.39466591144820300E-01  9.07587478519818800E+00  2.60564484614419100E+01
  5.65219172841477580E-01  8.08016766701636690E+00  6.99228200372008500E+00
  3.53776024442120150E-01  1.14753790495265400E+01  1.61527013504247030E+01
  5.54611473665029210E-01  6.91233793703509300E+00  8.66278185766917550E+00
  4.81368497469048420E-01  1.17542530723729680E+01  6.37473248309258530E+00
  2.84672167568555990E-01  1.68751229730631900E+00  2.93601274500391010E+01
  3.06898385793053400E-01  1.65235583970107740E+01  7.34892874572265420E+00
  4.49954956992444630E-01  6.47402478319814190E+00  1.37041880036882620E+01
  5.88686278844574580E-01  2.86115657674359160E+01  7.61715141581165330E+00
  4.36315933331792570E-01  1.72907349937026350E+01  2.27789573973950400E+01
  5.46155746035104350E-01  7.59610371819130230E+00  2.15621686392168610E+01
  4.11346310528290360E-01  1.12371609105028900E+01  1.78479372732377290E+01
  7.44650008855257360E-01  5.67278919101731120E+00  2.02333250097858550E+01
  4.68162992243922280E-01  2.41615087476366280E+01  2.55327495415298280E+01
  7.11073931023246340E-01  2.64037482746035080E+01  1.68518648821733700E+01
  3.02034441597155470E-01  1.05531143793360480E+01  1.89724526375409750E+01
  5.12509616084684260E-01  1.81410891131631510E+01  1.30119712723556140E+01
  3.40422717275118370E-01  1.26193517885535340E+00  2.65479641370779120E+01
  6.65634982039605120E-01  3.20143900803260980E+00  1.25313096221148040E+01
  3.75295693565172690E-01  5.79716626688589810E+00  2.81961219803662550E+00
  4.75626642073745920E-01  1.26871243193278290E+01  2.29851194889534760E+01
  4.72038094207023740E-01  1.65583706195442070E+00  4.22730133620638520E-01
  4.29902962432020440E-01  7.00742418183405040E-01  1.73642980170227150E+01
  5.68910711623079470E-01  2.05773581236002560E+01  1.42406455593092800E+01
  3.07263188066738420E-01  8.67802763063399140E+00  1.70593461910947820E+01
  6.10911033360540580E-01  4.59464210006537140E-02  1.65563444356164950E+01
  3.43353541919950760E-01  2.20913729597424760E+01  2.57502353628927520E+01
  3.15231116497538320E-01  2.17288298869130220E+01  1.62222940229110210E+00
  3.78068289465320630E-01  3.87027975574983430E+00  2.39077237965442680E+01
  2.54824432159977790E-01  1.27508217732725500E+01  1.43510856872931840E+01
  5.44558358435121190E-01  1.91895927173012910E+01  1.33323049386016400E+01
  3.56000803327192820E-01  1.67549912277255610E+01  2.81740033412105180E+01
  3.13454063710418570E-01  1.02279212845901740E+01  5.51594804341004700E+00
  6.12591031919131530E-01  2.30578446586757940E+01  5.18314829940254640E+00
  6.47236078597052340E-01  9.86758153800883160E+00  2.92072096651671560E+01
  2.65726189967390210E-01  1.20985452833168880E+01  1.98060821253174560E+01
  2.96653470797716330E-01  2.10830806178241090E+01  6.92172150166772230E+00
  3.45648959319623030E-01  9.48271928898859960E-01  2.05202730540348560E+01
  3.13454063710418570E-01  9.52272699776701440E+00  1.93057024676753490E+01
  3.39073066583844400E-01  2.55891110527676770E+01  1.39409972304411060E+01
  2.96256570285591500E-01  4.60556221897737220E+00  3.16715450410103030E+00
  4.19081387041561550E-01  2.53028815198011860E+01  1.65989795119895720E+01
  7.08391389715138510E-01  1.06098654147592590E+00  1.35144841758601260E+01
  7.16035261746952050E-01  1.48805134477853990E+01  2.49707657230182320E+01
  4.43133439323318520E-01  8.97858548947262140E+00  8.65442652653878320E+00
  2.73281005279713530E-01  2.75957766589069600E+01  5.01937248492926270E+00
  3.35017483125717060E-01  1.35739480512067470E+01  1.94485290445300500E+00
  5.09222041678605210E-01  2.02255167638111750E+01  2.19587537522218210E+01
  4.27719079604653450E-01  2.57391951798805390E+01  2.91374144739468550E+01
  5.81299825206354370E-01  1.91329317069000880E+01  1.22086033697922560E+01
  5.46155746035104350E-01  2.41037561791053180E-01  2.62080110326765450E+01
  3.05466220251299840E-01  2.06192137542672680E+01  1.71695059510340610E+01
  3.11838068626578210E-01  3.45211704162548030E+00  2.67499384388961690E+01
  6.27423008989955560E-01  1.15122762697871260E+01  4.47712317598776900E+00
  7.12424816007452400E-01  1.63540901190415650E+01  6.29256054791120790E+00
  4.41140732643827070E-01  9.12480912816794460E+00  1.32839133146645260E+01
  3.80273533482480450E-01  2.71741956621337800E+01  2.17033395027835320E+01
  3.29796701345061780E-01  1.93944636549248980E+01  2.20693069860034470E+01
  4.15252526658189590E-01  2.24944392502595390E+00  2.51921852023869080E+00
  2.59062449636064510E-01  9.39746180287572310E+00  7.98435263902332530E+00
  6.18419083689772810E-01  7.44317451816014410E-01  5.56159800650631380E+00
  5.04213456464067280E-01  1.21340551660931960E+01  1.17597202779821100E+01
  3.48156346672602490E-01  1.08868579409833050E+01  2.20308832429328340E+01
  2.89042915761794110E-01  2.75621436684038960E+00  2.85442437472015090E+01
  3.05466220251299840E-01  1.39263010486442430E+01  2.09211023820029570E+01
  6.49919166153384610E-01  2.65469988205723690E+01  1.37022809402027160E+01
  6.14379095469630790E-01  2.38167925803599130E+01  7.62866536442121570E+00
  7.00411917450214720E-01  2.30994820684910560E+01  2.60184963805744300E+01
  5.69344335137112000E-01  1.58636679507171490E+01  1.67548668044387410E+01
  2.57564851167384970E-01  4.30225881965956970E+00  1.32552758553069340E+01
  4.13050329149462850E-01  2.71083830580937360E+01  3.36904925370326680E-01
  6.18419083689772810E-01  9.49916794643297100E+00  1.14333994704265220E+01
  4.26523982883737140E-01  1.50588734551648060E+01  1.91187912083207790E+01
  3.78209123272245940E-01  8.14309198972689960E+00  1.90569091778565960E+01
  2.63055759251188670E-01  1.17743092093478180E+01  2.31562970197123970E+01
  5.00274833943758600E-01  4.16049526609879370E+00  1.38693255163259430E+00
  6.01687927537542500E-01  2.67965586252890600E+00  2.01412956385626030E+01
  4.86073626967704090E-01  8.09363125111882380E+00  2.92397789226667940E+01
  7.62474117278193650E-01  1.57209383963697090E+01  4.96154382395750200E+00
  4.87886881528419990E-01  2.23510857344687430E+01  9.28117801978967980E+00
  2.99038091422116640E-01  2.71084397248877900E+00  8.24162417485662320E+00
  3.50974061745161330E-01  2.09130858681923540E+01  1.25936175151639290E+01
  6.10572080928614460E-01  1.59040844261186290E+01  3.60182297441050370E+00
  3.01731430220296380E-01  2.64436088331062570E+01  4.76603739279347490E+00
  2.59062449636064510E-01  1.07832401126851160E+01  2.88592723505773600E+01
  6.99477888048091770E-01  2.07962198221941390E+01  2.30225163349177710E+01
  4.41666133880560000E-01  1.27929198731637910E+01  1.96815904471219130E+01
  6.86210935380316480E-01  2.04151267078306870E+01  2.63780407734927740E+01
  5.27425300578987690E-01  9.04410585691307210E-01  2.91461774320020620E+01
  7.54505484792745040E-01  1.05599223699560040E+01  1.55293973815076710E+01
  4.11696508529454960E-01  8.43821225743275600E+00  1.27799420791300020E+01
  6.26517897412854200E-01  8.31989927571986950E+00  3.79545313979691910E+00
  5.72142532162989690E-01  2.31914991332566450E+01  8.63606971250850460E+00
  3.47451934045076260E-01  2.15961360312734310E+01  1.11677726736444910E+01
  2.57564851167384970E-01  1.43260548850332970E+01  2.66013409687279850E+01
  5.33859136323620030E-01  2.51469872120862130E+01  2.02494002433265760E-01
  2.69169509893181310E-01  1.03301077918691760E+01  2.09462259944609310E+01
  4.24351701398837560E-01  1.12501473883219610E+01  2.27119402009558690E+01
  3.11762329988951370E-01  1.82406899200140170E+01  1.21938861484368970E+01
  3.50974061745161330E-01  6.28069969705706480E+00  9.31126534188608090E+00
  2.66929568161810020E-01  4.36914056053770490E+00  2.58094069109267680E+01
  7.20816873845379820E-01  1.58787631119943150E+01  2.60027478678388530E+01
  4.22201084465533680E-01  1.40289449037915670E+01  2.87125498835494140E+00
  3.09209541844886400E-01  1.83344940678079310E+01  1.79555150542901850E+01
  2.62213147743524950E-01  8.80317487374955830E+00  2.68842499265376840E+01
  7.60411681679863700E-01  2.32724928155270770E+01  2.30473572646521100E+01
  6.67521681419926690E-01  2.47011895282564280E+01  6.70136598425584310E+00
  4.37954134865551840E-01  1.21303027409225890E+01  1.91032143189237330E+01
  7.16654247500547470E-01  1.96907983751792770E+01  2.87585714682478080E+01
  7.12424816007452400E-01  1.71317087873953970E+01  1.44047908003005230E+01
  3.61198882346046800E-01  1.70576356336018370E+01  1.84925050437751750E+01
  3.82245446386266610E-01  1.69836611691032790E+01  2.44065427219282790E+01
  3.58737518624021320E-01  2.84493007936090830E+01  1.30566119762219230E+01
  5.81547682683179710E-01  5.79368941412531320E+00  1.49169099502071920E+01
  4.21963532045373490E-01  2.83386497835039820E+01  2.54362664721463180E+01
  3.12648490279368120E-01  8.69275049265350570E+00  2.52959402764642970E+01
  3.25036994184950640E-01  5.18770823369351050E+00  1.92807539139914790E+01
  3.83290088603488770E-01  2.61205235475588610E+01  1.79087729292594880E+01
  2.93443024193560210E-01  9.40937561849566960E+00  9.25126148045588260E+00
  2.66929568161810020E-01  1.22005825236966990E+01  1.32402541934546640E+01
  2.99038091422116640E-01  6.69276247227332010E+00  1.70147113527727530E+01
  6.00040109246873770E-01  2.39231661384472850E+00  7.40150189691229520E+00
  7.14535578675763720E-01  2.10438167920966600E+01  2.92240215359518450E+01
  3.06898385793053400E-01  1.13934530027679100E+01  7.07481375560533810E+00
  3.45648959319623030E-01  1.21864971828454270E+01  2.59200385330155520E+00
  3.87046365911375680E-01  1.79141472805372390E+01  7.35227418254568920E+00
  6.56539952722306990E-01  2.02768256573643480E+01  3.19516730104203720E+00
  5.07436062422724900E-01  1.75928806961934330E+01  1.66014498920706190E+01
  7.39270392714900380E-01  1.10968929691278730E+01  1.98587393802560330E+01
  5.38024295323284910E-01  9.34502359464844720E+00  1.02488407610379010E+01
  7.33199636544987770E-01  1.52153245219342330E+01  2.95022955290849680E+01
  6.31923671661538840E-01  9.77549907585338930E+00  2.02194415892507100E+01
  5.72951670348821020E-01  1.94624098061889900E+01  1.45828068994390390E+01
  6.40456937776772590E-01  2.18364468108074730E+01  1.92147110349359450E+01
  4.77241894706072770E-01  2.09720320095276980E+01  1.99217022529541370E+01
  7.64764367446448820E-01  2.49707276213770230E+01  2.32131691116663960E+01
  7.16535845940979770E-01  2.56055264868237520E+01  8.91492494883493690E+00
  3.10705613459761840E-01  1.44354475714034130E+01  2.40311208898266670E+01
  3.89901968262705180E-01  8.67739064475330220E+00  1.20156853533789110E+01
  7.15011499502423580E-01  1.59609444223653490E+01  1.80344774014446290E+01
  7.60297905848187840E-01  7.08046604446942320E+00  6.12312828719636840E+00
  2.65726189967390210E-01  2.81320718408355010E+01  2.10110950680382590E+01
  4.53492046339069340E-01  8.69421037901914500E+00  7.80475301688448650E+00
  5.18725390566230620E-01  2.10825953626327130E+01  2.74063557294705870E+01
  4.24020504903543660E-01  2.37784438788950570E+01  1.40054597717822930E+01
  5.17634268500846420E-01  8.56641308268652680E+00  6.02571536148302660E+00
  4.54567147313974470E-01  2.15130780073074990E+01  7.53650268088468160E+00
  3.65965634987757580E-01  2.41663179689347560E+01  3.01012423171932710E+00
  2.96256570285591500E-01  6.63505696103981800E+00  1.46667736653215690E+01
  5.50543265074639000E-01  1.20012832080505290E+01  2.64832805280504750E+01
  4.46540105696671490E-01  1.09881469957194990E+00  1.53243015427313840E+01
  6.47236078597052340E-01  5.84955708139150230E+00  2.16132519968571230E+01
  4.82769235883485770E-01  2.65824595457129820E+01  1.18015873567051900E+00
  2.97529618718302210E-01  4.36249115756920780E+00  2.06555062318199760E-01
  4.13811620468168510E-01  1.17225957289049310E+01  1.54269015456425670E+01
  4.87785457169642190E-01  2.92481477028298120E+01  2.54349463749661420E+01
  3.41778742319800830E-01  1.67717260785749150E+01  1.68138649551298550E+01
  4.05793634226126800E-01  7.14823021800532650E+00  4.33568123846713150E-01
  7.14516279726398110E-01  2.24344653668739940E+01  2.18338918678175380E+01
  3.71799304162545760E-01  9.21317706647043620E+00  1.50208278403573040E+01
  5.77820253962530560E-01  1.86922605321685500E+01  6.78401840823853150E+00
  4.75626642073745920E-01  1.99775490347971960E+01  1.06310410996950640E+01
  5.46562010559427060E-01  1.84126668867440910E+01  9.31172710185880170E+00
  3.29506256422424390E-01  6.16655743256523610E+00  9.98195730316419550E+00
  2.62213147743524950E-01  1.99367838705256730E+01  1.24592109848174390E+01
  3.63105686475124490E-01  1.30922100572839920E+01  1.49482290485207830E+01
  7.08391389715138510E-01  1.48618946517328680E+01  1.01811789087113880E+01
  4.26578460793149810E-01  1.55763204166152040E+01  1.58029911764268260E+01
  6.08873319065221350E-01  4.38996449920014960E+00  1.72648658361899340E+01
  5.39466591144820300E-01  2.11395287852218520E+01  1.04079795598779810E+01
  4.66553963192992600E-01  1.75036193351191830E+01  9.75825132854212640E+00
  4.82771447840326400E-01  8.94841430243420710E+00  1.87541438815028130E+01
  5.13004586318856950E-01  5.11488918713051980E+00  1.64093486203172600E+01
  3.17084428049163950E-01  4.45169711893160520E-01  1.57187608263413880E+01
  3.50974061745161330E-01  2.88967027059162800E+01  2.20202204048190640E+01
  3.82382183723224410E-01  1.32486739188177150E+01  2.79232246144966750E+01
  3.77759649416993960E-01  2.13804002158573640E+01  2.21183880304576090E+01
  5.74203886104520670E-01  2.67397928797165200E+00  5.54028704702733510E+00
  4.11346310528290360E-01  3.42207913448368960E+00  1.69470512789341900E+01
  5.06367095649294540E-01  8.89415620701891820E+00  1.32324110516134530E-01
  6.01687927537542500E-01  2.70188481126335520E+01  2.76976948985844020E+01
  2.49794182180603610E-01  1.93435872660631530E+01  1.09933152206776420E+01
  6.11481049571092420E-01  2.42792748266513780E+01  2.20234397390864950E+01
  5.03927515451986880E-01  1.62990663665636680E+01  4.04575082505367510E-01
  6.35485889077753010E-01  8.82784131110089730E-01  1.21512351347172980E+00
  2.99038091422116640E-01  3.42033194943321830E+00  1.76574438153907070E+01
  4.22541054278063120E-01  2.65598661926620280E+01  7.87325141533558700E+00
  3.05466220251299840E-01  2.34572701443664130E+00  3.93115483623436020E+00
  2.62213147743524950E-01  9.74861160147809080E+00  1.12062340097413890E+00
  3.61769499680632390E-01  6.87706815966100220E+00  2.19778599308914520E+00
  2.47647088603063280E-01  5.56450070233846360E+00  3.39578187319874610E+00
  3.11155895623034430E-01  1.26499863839770460E+01  1.00144357704955280E+01
  2.66929568161810020E-01  5.78979330351937270E+00  2.51230313552816860E+01
  6.90395435464654740E-01  7.68071520119485560E+00  1.70680609045513910E+01
  2.96503602823160150E-01  1.14060901560032160E+01  2.90284508596367630E+01
  6.57722721512726150E-01  1.19438263560459320E+01  1.70478327123456990E+01
  7.24777883420223110E-01  4.52383115206357190E+00  2.11478307474423700E+01
  5.48279863025970290E-01  7.78421906572539780E+00  1.11094753079414070E+01
  6.40748513009616880E-01  2.02154661259691050E+01  5.02536426645744250E+00
  2.56092450391898300E-01  2.56585283865568630E+01  1.74674707815048540E+01
  7.17499092254363010E-01  1.91530962329301570E+01  4.17329415642290600E+00
  4.66141488621800890E-01  2.82841544088913820E+01  8.61906882175609820E+00
  6.33759023001558490E-01  1.20594269242507370E+01  7.73845691697082130E+00
  5.48279863025970290E-01  8.26495921731607200E-01  1.83340708039975130E+01
  4.19081387041561550E-01  2.84080365813337390E+01  1.76218409073587670E+01
  5.70902198024309190E-01  3.08945014862871400E-03  7.20782780399490000E+00
  3.17950877609215300E-01  2.16291376608061760E+01  9.64467720109393770E+00
  5.96963967672292380E-01  1.45066060252066330E+01  1.27411754827223800E+01
  6.18832453479690690E-01  1.32858747434358460E+01  2.89234591874235140E+01
  2.63339374245984010E-01  5.15721823977238360E+00  3.07321761669825480E+00
  3.55036581058269410E-01  2.89540636989695520E+01  1.04106978311995920E+01
  5.84913004272127690E-01  2.19209860348889440E+01  1.58416222339538790E+01
  5.77235448209733180E-01  2.25333034950561490E+01  2.71630439346014750E+01
  5.01105313190319460E-01  3.42657658370520930E+00  8.59858701504338010E+00
  3.83598938984435380E-01  2.39595554098374560E+01  1.24192579868221720E+01
  5.98360795606824340E-01  5.28873385417928250E+00  2.82467665006030830E+01
  3.41778742319800830E-01  8.59240216436921680E+00  1.07042894549245380E+01
  3.29796701345061780E-01  1.62397201958084490E+01  1.83068540507786680E+00
  3.84420431658369740E-01  5.15855897456477750E+00  2.63823351119490720E+01
  4.91872428060923640E-01  5.59663518746917440E+00  2.36001939654677880E+01
  2.93443024193560210E-01  2.83287642931773610E+01  1.00140096480978610E+01
  5.81299825206354370E-01  1.72378797632938010E+01  1.96122964742641950E+01
  5.68243553274813350E-01  2.57666271849256600E+01  1.57277077475994410E+01
  5.39001667068871980E-01  1.01971167851139220E+01  2.65550599556913660E+01
  7.01587183784351610E-01  2.61206480712058210E-01  3.61544400852667060E+00
  4.45239477383046460E-01  1.04917954855867490E+01  4.80496009968127340E+00
  5.39001667068871980E-01  2.16337011892738930E+01  2.65046078538652700E+01
  2.86134314477376340E-01  2.75306635160240810E+01  2.54894929240639600E+01
  7.70254277643880240E-01  2.27918862369886950E+01  2.92893437859861800E+01
  3.45648959319623030E-01  2.62122763320335540E+01  6.02553331613807690E+00
  3.39481361119070080E-01  3.82589122923254090E+00  2.72823572488587690E+01
  3.04461637453634990E-01  2.63162243128394340E+01  4.17506329794271110E+00
  5.20369884994360540E-01  1.57868635850870580E+00  1.99261797559814160E+01
  2.65726189967390210E-01  2.44787827253317760E+01  1.97831946580596710E+01
  6.26908127420837150E-01  2.89788534734744980E+01  1.46428919089926700E+00
  3.48480710258510130E-01  1.08290833337709900E+01  2.94643415096718540E+01
  2.96653470797716330E-01  2.44994540701985310E+01  1.40230908295564340E+01
  6.31923671661538840E-01  2.13436650189790630E+00  1.41679850213032510E+00
  4.09705559579089850E-01  1.10904071138082670E+00  2.82320465367876530E+01
  6.72499163702481620E-01  2.51439049025238540E+01  2.66178962776417680E+00
  2.84029264846615530E-01  1.05390970267439690E+01  2.73922029101652920E+01
  5.34631033075580400E-01  1.90858562533602870E+01  1.01569647846561570E+01
  6.17076625982510940E-01  5.82515317975418510E+00  1.23101299106265200E+01
  6.55074006360275090E-01  7.46891688288483200E+00  1.32231914579132240E+01
  5.46562010559427060E-01  4.35232671428418790E+00  2.46965170113889170E+01
  5.17626013175185660E-01  2.33406231638292430E+01  2.69843825460046550E+00
  5.82207618145930890E-01  1.22439677422759540E+00  4.46214325637317530E+00
  5.98268629341587580E-01  2.36381647789565360E+01  1.62773816032807200E+01
  5.34553382826858140E-01  1.37445075566847930E+01  2.54909980149301130E+01
  3.76753951196820710E-01  1.58581764942926040E+01  2.08351386969278420E+01
  7.52518120402026810E-01  7.24633152609975980E+00  9.92596494267870710E+00
  4.81368497469048420E-01  2.62394162065717930E+01  1.47909411808339150E+01
  6.47413426355271770E-01  1.64828502315829510E+01  2.35004141960433090E+01
  3.05466220251299840E-01  1.58744388859162720E+01  1.02052983235746470E+01
  4.46689977500956030E-01  2.52858378864068320E+00  2.43830798378938490E+01
  6.18566685513849460E-01  1.35386555764421890E+01  2.36711898601014140E+01
  5.36592099856838090E-01  1.37612468141758000E+01  2.71590394245384060E+01
  5.09574347305064630E-01  2.75373796092805170E+01  1.73022723204741350E+01
  4.92328788949218680E-01  2.13671967659834650E-01  2.83353103119431610E+01
  4.83351594707823830E-01  4.76308168424834120E+00  1.20274056654336420E+01
  4.40650972415989980E-01  2.38810462292211770E+00  2.95533230354484820E+01
  6.10911033360540580E-01  1.64153850206981820E+00  3.34538091849613780E+00
  4.34172467284937990E-01  1.12015859828361910E+01  1.32653379897724570E+01
  7.03188417218805210E-01  9.51777778203597970E+00  2.15290353441422160E+01
  2.92799561075502800E-01  2.02098148313609690E+01  1.50194705162214920E+01
  5.68243553274813350E-01  9.81648339382148550E+00  1.66233774471335710E+01
  4.60682082706054620E-01  2.69385368952224340E+01  5.34429029301039020E+00
  6.41715074739605920E-01  2.90490417699106020E+01  9.41931514206280160E+00
  4.55206736325743130E-01  1.60517700711626150E+01  2.85782425641679330E+01
  4.22201084465533680E-01  1.08916347974926100E+01  1.24602432815543660E+01
  3.63079661055833470E-01  8.35575835323302840E+00  1.00406224958808500E+01
  2.63055759251188670E-01  9.59902388596689700E+00  1.38043357820044970E+01
  5.32877675645020420E-01  2.52278621744497440E+01  1.47328373601598520E+01
  5.77235448209733180E-01  1.94523577005610020E+01  1.88240094436776670E+01
  4.09775903561979240E-01  7.48296106434139220E+00  2.72943823307785390E+01
  6.93187364831086050E-01  1.80897793807691730E+01  2.88388067970109890E+01
  4.30054269381220950E-01  1.93847040589713410E+01  9.21740678361410200E+00
  5.07436062422724900E-01  1.51422504045226220E+01  2.82646542116676040E+01
  2.49948351789403130E-01  1.75430943463777350E+01  1.10168335276568750E+01
  3.16022212934137680E-01  2.90992246434509100E+01  4.17618022120306520E+00
  4.72818350263822220E-01  2.10064339687796210E+01  8.31286907972528690E+00
  4.46689977500956030E-01  1.13435745697992250E+01  1.86990177820019700E+01
  4.74581552528920360E-01  8.29314846886861010E+00  1.80578372197366690E+01
  4.86590143357422540E-01  1.26744804652078750E+01  2.72716450480627160E+01
  2.73281005279713530E-01  7.80014063939918060E+00  2.31218476263993760E+01
  5.20515140446715560E-01  2.28637487118286810E+01  1.86739441756039320E+01
  4.13811620468168510E-01  1.40706517233023650E+00  9.37307257278317430E+00
  3.81419328643079860E-01  4.32997189993998880E+00  2.84472162254614030E+01
  4.05593309893122810E-01  2.80080867492264110E+01  1.96264993063422180E+01
  5.85380732291966590E-01  2.87404662706553570E+01  2.63802454956741420E+01
  4.06599624824484800E-01  1.71859147376867620E+01  7.03906196841862370E+00
  6.40456937776772590E-01  1.04620568573028270E+01  1.06243457535882000E+01
  4.75626642073745920E-01  2.71816414383822360E+01  1.46302812357716000E+01
  5.09222041678605210E-01  2.35152247302446540E+01  1.49003447858270090E+01
  5.77820253962530560E-01  1.89975192809050490E+01  2.73405649204471000E+01
  3.80273533482480450E-01  2.01387709384095930E+01  1.46804844691832410E-01
  5.01406606281285510E-01  1.65364077920571370E+01  9.74616293130026530E+00
  3.59079136884617700E-01  1.37520312070330830E+01  1.27418373174394570E+00
  5.94092381958372510E-01  1.35572188498667860E+01  9.98990670513569870E+00
  2.54611020839302520E-01  9.55266788702284050E+00  1.55463762767138110E+01
  4.99223721401470310E-01  2.68109660904156190E+01  8.76000813596803240E+00
  2.54611020839302520E-01  2.94430012832493200E+01  2.68403643220203070E+01
  3.20574425314766210E-01  6.83293008690783400E+00  1.76178412583768780E+01
  2.85767805251094040E-01  1.63071898326580320E+01  7.95101413598303000E+00
  2.54611020839302520E-01  2.88898500240085880E+01  4.70688760114320190E+00
  4.12246671516209600E-01  2.81090610282965760E+01  3.14994830199939150E+00
  4.41298336829792340E-01  2.00575678801293410E+01  8.55740908244669110E+00
  7.09985914168247060E-01  1.67114450360819580E+01  1.57636748536926490E+01
  6.80956647410425740E-01  2.93671177904594170E+01  1.35907721534781330E+01
  4.75338540515479570E-01  1.64930369637798650E+01  2.14023070782470700E+01
  7.49588614928249000E-01  1.31827371980942710E+01  1.77127385019718200E+01
  4.74033319401206570E-01  7.99572716666887030E+00  1.42212467950298100E+01
  5.20515140446715560E-01  2.70251053094012760E+01  6.32032910143278140E+00
  5.48131117613959250E-01  1.10585881489319780E+01  8.36685517604535180E+00
  3.46733456860136300E-01  1.83480228305175110E+01  2.44062325424553740E+01
  6.97384645011991290E-01  1.85052771435050580E+01  2.15564078131109120E+01
  3.78209123272245940E-01  2.66899185364964990E+01  2.92289608774621140E+01
  3.82382183723224410E-01  1.77717993893773820E+01  6.51071122002910400E+00
  4.46537248270915300E-01  2.23268865760455600E+01  1.37600064193776990E+01
  6.08690451339190200E-01  2.22944426513700940E+01  1.18206304010397180E+01
  2.59062449636064510E-01  1.17778045863974440E+01  2.72752174868929130E+01
  4.43756654693070110E-01  7.32658923646152620E+00  2.43604560737739850E+01
  3.18942867500738640E-01  1.34086504657832840E+01  1.66544021781735090E+01
  7.16535845940979770E-01  2.35222088304813930E+01  2.79949471081096450E+01
  4.62836237406567810E-01  7.71736561165007640E+00  2.81347951680491630E+01
  6.97384645011991290E-01  1.24428901788936310E+01  5.41936526574279220E+00
  2.47647088603063280E-01  7.45048238102613250E+00  1.61598231418012440E+01
  4.05793634226126800E-01  1.98262057485339190E+01  1.15045959010005210E+01
  5.37364664263313330E-01  1.38465031473350160E+01  1.18208427732901010E+01
  5.72881440675418570E-01  2.63922868451721190E+01  2.22535796207306010E+01
  5.04213456464067280E-01  9.48476731938504260E+00  2.50968861014874850E+01
  3.86557871019070410E-01  7.12746234676693290E-01  6.56542288915339700E+00
  5.62178328188990490E-01  1.79353982070372810E+00  8.47712108661978900E+00
  6.41715074739605920E-01  7.50601304057458570E+00  1.41735507821424300E+00
  4.54567147313974470E-01  4.96139738802053380E+00  1.29438126386076410E+01
  3.97011970696729720E-01  1.68646380608194380E+01  2.65294492003369270E+01
  3.99477862283745790E-01  8.27138770986209870E+00  2.74742191061784700E+01
  5.15931587153482510E-01  1.53709047345599270E+01  2.38418653970970030E+01
  5.98026541173087530E-01  2.07314645179307390E+01  9.34741385187499140E+00
  5.94917806945655060E-01  3.21416035520601270E+00  8.36408809667706520E-01
  3.86557871019070410E-01  1.74653499040835880E+01  2.79580046243853780E+01
  5.52347772924787250E-01  2.75884892752909660E+00  1.82578958548653570E+01
  4.05793634226126800E-01  4.09767871058000920E+00  1.62937137583841650E+01
  4.66753989857397040E-01  1.00756630668027820E+01  7.54777762924490860E+00
  6.77666041374141330E-01  2.82103165233741460E+01  1.20084530193157890E+01
  3.23306573977224420E-01  6.99186868283224250E+00  5.04335302197107270E+00
  6.88340418185590860E-01  1.45608215416438660E+01  1.81219380665014000E+01
  4.11696508529454960E-01  1.47940877392271270E+01  1.17750945733587040E+01
  4.03052389307286420E-01  8.88551888025812530E+00  2.88355571683923170E+01
  2.97529618718302210E-01  2.50385348988181140E+01  1.07041922450667530E+01
  3.13090147150790890E-01  1.61169960548435580E+01  1.19998373892404380E+00
  5.01435669612667030E-01  1.81512904789492250E+01  5.47599514243931120E-01
  5.26482748420329030E-01  1.21663254691484150E+01  2.38411298801582030E+01
  6.75156127532392600E-01  2.93873662386704740E+01  1.13445649983080730E+01
  7.20816873845379820E-01  2.70109451949059720E+01  3.42317705929899450E+00
  5.30006102735105960E-01  1.56829469766126120E+01  2.48424747177794720E+00
  3.43353541919950760E-01  1.42619291382921710E+01  2.90028052552845740E+01
  5.32877675645020420E-01  1.86226458764805790E+01  1.67369710343602880E+01
  6.44956217916396120E-01  2.81087630367674810E+01  1.40035404623324200E+01
  3.55036581058269410E-01  3.03375761435516990E+00  1.91222428034298420E+01
  4.30054269381220950E-01  2.06458775239041330E+01  1.12415754604676280E+01
  4.93734512940847830E-01  1.44177486994391850E+01  7.41349263103238170E-01
  3.42409596243210680E-01  1.47395880229319440E+01  8.18909280114313630E+00
  5.58952633370732950E-01  5.37178683738267890E+00  1.03774315327485810E+01
  4.49954956992444630E-01  1.68945728151838140E+01  5.26393789345019150E+00
  4.11346310528290360E-01  3.35058894501094610E+00  2.23966291775060820E+01
  4.72818350263822220E-01  1.80952785939914840E+01  2.02239752289238550E+01
  5.00672486592370710E-01  2.62750015471226990E+01  2.68850522414484700E+01
  4.15334611176110170E-01  3.91879653156182160E+00  1.17241345207899330E+01
  7.70254277643880240E-01  1.25796787670490190E+01  1.46441985962258130E+00
  5.32262962461145860E-01  6.35985861345962620E+00  2.45631491868475610E+01
  4.01880163826280960E-01  1.48204604203524040E+00  1.76463554611271400E+01
  7.41720708060832300E-01  6.88874861974253780E+00  2.90088947133232220E+01
  3.01674668393272730E-01  4.96793518457681850E+00  2.31173786760650730E+01
  2.66929568161810020E-01  8.95066688995529350E-01  2.88348016589510170E+00
  4.15334611176110170E-01  1.34732890995500580E+01  4.99984678874863150E+00
  5.20369884994360540E-01  2.69219382799215160E+01  1.94988192664768680E+01
  2.84672167568555990E-01  1.01178266266428150E+01  1.93658345181768720E+01
  5.18912146576496980E-01  8.73396001588957920E+00  1.97316680065048300E+01
  3.90540239164096370E-01  2.26770626744595280E+01  1.98091286460478850E+01
  3.63079661055833470E-01  1.65085556317258410E+01  2.92560911421693640E+01
  4.73113776075054650E-01  1.14452666098357480E+01  2.24422496990161370E+00
  5.55687039951364880E-01  1.68671688848193430E+01  4.25871231705455690E+00
  6.97384645011991290E-01  2.10636753922181050E+01  2.10918856117811300E+01
  3.54092873053847420E-01  2.17086097201557710E+01  1.79409601974733660E+01
  7.37991961479508610E-01  2.77032456306628350E+01  2.06238861206573750E+00
  5.10790949981952740E-01  2.61878835982556100E+01  2.69211672148604730E-01
  7.03918080384424090E-01  1.60097001046831230E+01  2.74203941009639250E+01
  2.69326463995374250E-01  2.39238605634716850E+01  9.45378944228620630E+00
  5.39922025342825940E-01  6.95583791484659300E-01  2.13809410955309360E+01
  5.39922025342825940E-01  1.60855552006064360E+01  2.46187967990707900E+01
  3.52682444144397330E-01  1.99000458980536730E+01  9.80650526111014640E+00
  3.17084428049163950E-01  4.11341269397166890E+00  1.47537002467272700E+01
  3.92511582998476170E-01  4.74959215267722270E+00  7.79279532120201420E+00
  2.92799561075502800E-01  8.59316449427824300E+00  1.13385659564194580E+01
  3.63105686475124490E-01  4.69210174356118250E+00  1.51107586979577610E+01
  3.25036994184950640E-01  6.49385372036956010E+00  2.76676966912290730E+00
  5.70902198024309190E-01  2.62150543509949760E+01  2.03295879732950480E+01
  6.18138908065390960E-01  2.02409881154853300E+01  2.50724627233308510E+01
  3.10705613459761840E-01  2.89263776167852310E+01  1.45388438632664450E+01
  6.99092076263204730E-01  1.15948020977243350E+01  2.49252066427555440E+01
  4.40295189098215370E-01  4.36504419738493790E+00  8.53089810723460220E+00
  6.52034765531911640E-01  2.81071915313712250E+01  4.24927477756086260E+00
  5.12628979659419230E-01  1.36051167650330360E+00  2.25842515398911510E+00
  2.68569610726517900E-01  2.37582961204792010E+01  1.86063297374673410E+01
  4.41473589537221400E-01  1.34023257591662510E+01  2.03204172622956100E+01
  7.41623060643924430E-01  3.52534480850074680E+00  2.92301182989374940E+01
  2.49794182180603610E-01  2.37310056342036860E+00  5.51164068591129210E-01
  3.44856808658559500E-01  3.94329725175982980E+00  7.86864149545308770E+00
  6.83701617051292750E-01  4.84941009377386050E+00  1.40759735835733260E+01
  7.19599311285852310E-01  1.83434451383083400E+01  2.15107398986152630E+00
  6.67521681419926690E-01  2.46824945581262580E+01  1.87595989821212470E+01
  5.40946473112310590E-01  1.74139166435522060E+01  2.09739694226040390E+01
  3.83579206291793930E-01  2.16274829179814500E+01  1.42058135115675360E+01
  5.04339573614743570E-01  2.09763211544021860E+01  1.64430606025685720E+01
  6.35523375007872900E-01  1.24985349277324770E+01  3.68939674870577550E+00
  3.44905765886116280E-01  2.41525088991787770E+01  5.74573715989695890E+00
  2.65726189967390210E-01  1.15482653364195440E+01  1.22581274713370580E+01
  4.87785457169642190E-01  2.19741623774679840E+01  2.03344671223541380E+01
  3.71299762957800540E-01  2.24051346102843990E+01  4.44739669022065160E+00
  4.13811620468168510E-01  2.87611673584941630E+01  2.12677433422496770E+01
  5.69423614487483490E-01  1.34071845595547150E+01  4.12219272395583940E-01
  5.83429036676414100E-01  2.25957677368047880E+01  1.68303512431108050E+01
  5.30006102735105960E-01  1.42129501786327560E+01  1.69547075266546660E+01
  5.16710955738981780E-01  1.02249092151744760E+01  3.85895652874295120E+00
  2.65726189967390210E-01  1.17624846497180930E+01  8.30045559816531940E-01
  3.18942867500738640E-01  1.41750167863226830E+01  2.96587126396481400E+01
  3.23881608201221470E-01  8.13250856657056250E+00  2.08787183531323530E+01
  3.54092873053847420E-01  3.52214076666816390E+00  1.96357437612355170E+01
  5.12509616084684260E-01  3.35072047038476570E+00  2.79888704006764540E+01
  4.99223721401470310E-01  1.94007016457395110E+00  1.43409060813324720E+01
  2.56092450391898300E-01  4.56025086028829920E+00  7.17333972098190560E+00
  5.45765227979075810E-01  8.66386873836899340E+00  1.15812291411703420E+00
  6.94010183176834960E-01  1.70744974729848630E+01  8.68006466422773040E+00
  3.57201130995523370E-01  2.24820252188331580E+01  5.96288886339243000E+00
  5.25895496843049500E-01  6.76715896437174980E+00  2.08831364838389500E+01
  5.10790949981952740E-01  8.08281032973589040E+00  8.98044926181032290E+00
  4.89717368181109780E-01  2.54521831545585750E+01  1.16483361243638420E+01
  4.82769235883485770E-01  9.88502504625338930E+00  1.44928775242291510E+01
  6.93278360304079300E-01  1.22125052238054400E+01  2.96767338462356140E+01
  3.35017483125717060E-01  2.73868350758649410E+01  1.03752896127078990E+00
  3.26514001167033020E-01  8.13885788170436620E+00  2.56137827652904980E+01
  4.75880684447443510E-01  1.11912205550678880E+01  2.36098351002953490E+01
  4.22354771203238230E-01  1.27355077888651640E+01  1.36745738040115350E+01
  4.11966131227655820E-01  3.11692019371282660E+00  1.56170293511321000E+01
  7.30946391186454210E-01  1.36087400911308420E+00  1.05165493963793020E+01
  4.22201084465533680E-01  1.49940130950784280E+01  2.67248237713711990E+01
  5.15931587153482510E-01  6.04772108962079360E+00  2.58615853365113710E+01
  5.52347772924787250E-01  2.79190044439536640E+01  2.84189701779649440E+01
  2.49794182180603610E-01  8.30575503347309050E+00  2.85359228620276680E+01
  4.50103975287380020E-01  1.82029695879060290E+01  1.92497210437769720E+01
  3.61769499680632390E-01  6.88355684844638470E+00  1.63826758333002260E+01
  2.77147605524350650E-01  1.38925667921580300E+01  2.62888633004228110E+01
  7.64764367446448820E-01  1.58579821281310450E+01  1.12746583098992020E+01
  5.71326189973923350E-01  2.46293016324042250E+01  1.56586626831368180E+01
  4.07877171249442140E-01  1.39993629879083080E+01  1.08886653664205450E+01
  4.46540105696671490E-01  2.17510164765016500E+01  4.51218288756724210E-01
  5.07606992315717240E-01  4.92947487942143250E+00  2.23103278776332560E+01
  3.01731430220296380E-01  1.11784085171115010E+01  2.84618123069107760E+01
  4.32382463464541460E-01  2.35390851240856020E+01  1.05076368069235730E+01
  3.25762576013666160E-01  2.51319551992892620E+00  2.79796226995145010E+01
  6.24920360555607160E-01  6.37776338402949520E+00  3.70939576897392610E+00
  7.38532964590205680E-01  5.05373199512786190E-01  8.65605551692096680E+00
  3.92511582998476170E-01  2.77688628604690490E+01  2.48545225924840380E+01
  2.97561439636419770E-01  3.94694046017137410E+00  2.54352368732748460E+01
  3.46434506905438330E-01  6.52372816612287650E+00  1.28129463928627670E+00
  5.89502618647478990E-01  9.53188531219441160E+00  2.28207586012591290E+01
  3.32399546609116130E-01  6.21629839271312520E+00  2.81717759219820460E+01
  5.77649046292645880E-01  2.52022797667429150E+01  2.54404008833525130E+01
  4.31729360191427780E-01  1.15856295616298150E+01  3.13789840546001030E+00
  3.17950877609215300E-01  1.84797926804276040E+01  2.37569493165989590E+01
  4.75880684447443510E-01  2.48882012724362700E+01  7.82914908283143340E+00
  3.91816801400439550E-01  2.77776262914232110E+01  2.65457220123772720E+01
  2.50163292655703180E-01  4.03744294828953620E+00  6.46898564011308250E-01
  3.42074681651230290E-01  9.77029058050692890E+00  2.97723802381676710E+00
  3.50974061745161330E-01  1.82010048703648760E+01  1.01839098650816930E+01
  6.18566685513849460E-01  2.36386876178879140E+01  1.95086566896256000E+01
  3.24719866931951940E-01  9.38955043867877310E+00  2.68606414807563670E+01
  3.57201130995523370E-01  8.79778726544698660E+00  9.47228168843168740E+00
  3.13090147150790890E-01  1.78580717969287690E+01  8.04910617658753050E+00
  2.58355477869490890E-01  1.00030205435060870E+01  1.23108070681343410E+01
  4.83351594707823830E-01  2.78884298157677010E+01  6.82845597790759310E+00
  5.48463672908306780E-01  2.59896859390678570E+00  1.64549007573352950E+01
  4.24351701398837560E-01  4.70082533151681050E+00  2.37915166152059920E+01
  6.80557430527969220E-01  1.45068600299913440E+01  2.01242149789672030E+01
  3.73125396709624990E-01  2.70961200958454320E+01  4.51630085539827600E+00
  6.77808113742920780E-01  2.07682320759848840E+01  9.96688433065144070E-01
  7.67512613708393760E-01  1.93234888794221290E+01  1.03262948109871890E+00
  4.76544583128828500E-01  4.09167050415153090E+00  4.09199183414549680E+00
  6.97738347479756800E-01  6.49388631904338350E+00  1.11652040700212910E+01
  4.49545157175862540E-01  1.11099351757606310E+01  2.69335226545010330E+01
  6.25336422111717830E-01  1.48104059287541410E+01  1.39230278035486530E+01
  4.99487474973056500E-01  4.76616152828179730E+00  2.92121977126317310E+01
  6.67521681419926690E-01  2.87276095869003110E+01  2.44044853119338750E+01
  3.44170209092795430E-01  1.05103349740177010E+01  2.29938567879193560E+01
  4.01880163826280960E-01  4.31569779989137010E-01  2.52797240518295150E+01
  5.95035019805102560E-01  2.92670487489559650E+01  1.54469156747947330E+01
  5.20348764567513020E-01  2.23445189795937300E+01  1.47915072996868950E+01
  7.44845164893703690E-01  1.44395921383817760E+01  4.16932977166714560E+00
  6.94010688862415210E-01  2.66844962619901760E+01  2.49099922747225020E+01
  4.00156705760987560E-01  2.23271724346741570E+01  3.44595957369538470E+00
  6.57722721512726150E-01  6.73297167015777550E+00  2.34333723300108760E+01
  3.61198882346046800E-01  2.64433109853018710E+01  1.26969094673874480E+01
  6.07167866036927160E-01  2.47963837837921520E+01  1.74913077612700650E+01
  5.81677556670477180E-01  5.90942360498646480E-01  1.94384742684204530E+01
  3.17579752081870750E-01  5.18575458996917330E+00  1.55790722448055230E+01
  2.69169509893181310E-01  1.04886236095515690E+01  2.15600581808281010E+01
  5.36592099856838090E-01  1.89927558391147430E+01  1.57344317707470330E+01
  3.01799748246536660E-01  2.56129185193602920E+01  1.08744005616937600E+01
  4.05794678723965420E-01  9.32891355023177480E+00  3.57987921944385110E+00
  3.65995101567518470E-01  1.38650518770084990E+01  2.45991294221650990E+01
  3.39481361119070080E-01  7.97747621741809090E+00  2.48720907266446430E+01
  6.97384645011991290E-01  1.54887781601391090E+01  7.40481059562883100E+00
  6.82253548551889110E-01  1.90091780270875860E+01  5.56543940105299480E+00
  5.67035311113654220E-01  1.62190345115733660E+01  1.28229259751857590E+01
  6.47236078597052340E-01  1.74631217975085400E+00  6.33473780252184330E+00
  5.92513140571182980E-01  1.01483376345106380E+01  1.31489073026428170E+01
  4.71553509741754610E-01  2.00023156660261920E+01  2.06865776979590340E+00
  6.55885333720611730E-01  2.35415443997673000E+01  1.76311708291113690E+01
  2.83840017940612550E-01  1.83397783835087860E+01  2.78956884692954860E+01
  5.65219172841477580E-01  1.11244632151156890E+01  9.47779379663392700E+00
  3.48480710258510130E-01  2.45364182631713770E+01  1.65729386587137530E+01
  6.26908127420837150E-01  2.90780338306607860E+01  1.93537779340540050E+01
  2.62213147743524950E-01  1.52199877527232860E+01  2.08662061464642150E+01
  5.08737612195334600E-01  2.14408294207747760E+01  3.23732268905674440E+00
  4.59281804788439010E-01  1.65825572657729520E+01  2.04196681515928940E+01
  2.86550378078914000E-01  5.71079326070378630E+00  1.58770614187037770E+01
  2.99038091422116640E-01  3.24805395311600310E+00  7.12803882493457050E+00
  3.62493203924014780E-01  1.98425291733493140E+00  2.66626459959368030E+01
  5.64616421781660800E-01  6.17846370962577480E+00  4.11564395120106850E-01
  3.87533216804236250E-01  1.54011058975605110E+01  1.23318096345100890E+01
  3.90540239164096370E-01  4.22034350195232830E-03  6.24662281078108790E+00
  5.44640939783434240E-01  2.55656076487566860E+01  2.43792920107145080E+01
  3.84420431658369740E-01  7.13776718139152330E+00  1.42079076447963320E+01
  4.53492046339069340E-01  1.48843205925865600E+01  3.05710693796106090E+00
  6.38023782753992030E-01  2.94399908032350940E+01  1.78436098728242700E+01
  5.00672486592370710E-01  1.37587718110704650E+01  2.25745980720249970E+01
  6.08873319065221350E-01  1.42558896505154030E+01  9.01258327953084400E+00
  3.18942867500738640E-01  2.45710409981937980E+01  2.80738037538120760E+01
  2.65726189967390210E-01  1.04205180693998440E+01  2.36086482673539240E+01
  7.10410487391814980E-01  1.78901709601824340E+01  3.50707337334623140E+00
  4.66797018098134940E-01  1.12858230778748470E+01  5.54760279737651810E+00
  3.89889811574280460E-01  1.62244385732990180E+01  1.37791944762893430E+01
  2.92456502136063850E-01  2.17310392298287770E+01  1.66970883705201060E+01
  3.63079661055833470E-01  5.98182700629231510E+00  1.91414245037297520E+01
  4.13811620468168510E-01  9.34763237736689060E+00  1.24587376096677800E+01
  2.60417758313763680E-01  1.76104033685954780E+01  1.88577969004300100E+01
  4.41940562555082740E-01  2.12456137645216360E+01  1.18742159693904160E+01
  3.08418768867630710E-01  1.88583439329550660E+01  3.19081071720754310E+00
  3.04461637453634990E-01  2.40401601212970490E+01  2.63711159296181070E+01
  4.75626642073745920E-01  2.53662180043541380E+01  2.20378643923268950E+01
  4.19693779402500590E-01  1.28035233961041570E+00  1.22886186460310540E+01
  3.26514001167033020E-01  6.53313219260505920E+00  1.29311899773820330E+01
  3.55388479881239270E-01  2.43436799034785560E+01  1.46559276116268360E+01
  5.33859136323620030E-01  2.02572280698392720E+01  1.31864795894418630E+01
  3.39481361119070080E-01  8.47959306742734140E+00  1.48766598551005010E+01
  2.51153087880769550E-01  2.60660041883353310E+01  2.30615832965514010E+01
  4.21603844523193420E-01  6.04501648856196730E+00  1.65013643361237640E+01
  5.20348764567513020E-01  2.52642766373014350E+01  1.97946639116533520E+01
  6.86210935380316480E-01  2.75136084590348100E+01  2.38066592639782680E+01
  4.41140732643827070E-01  1.76931455011333230E+01  2.48411751681047830E+01
  6.26908127420837150E-01  2.44054384247217300E+01  2.90046443297660410E+01
  5.11871480770454750E-01  1.89867524788221830E+01  1.98068257311133640E+01
  4.70990686464341570E-01  2.12951389798849180E+01  1.49920378525883680E+01
  5.20369884994360540E-01  1.41218007658460680E+01  2.81513060811430340E+01
  3.04306421741581800E-01  1.87777099000277130E+01  2.05941996819774720E+01
  5.88333222664750720E-01  2.69210947848443960E+01  1.56607250181917480E+01
  6.64541222436485860E-01  2.54498553502724040E+01  1.36105201390682740E+00
  4.24351701398837560E-01  1.79499334055590150E+00  1.84099876777231200E+01
  5.55920758830291820E-01  7.72541478339542390E+00  2.01009292272361470E+01
  2.89042915761794110E-01  5.82074677687088650E+00  1.40472352311684010E+01
  2.47647088603063280E-01  1.97154002804582080E+01  2.57597309456722950E+01
  5.88686278844574580E-01  2.76452520847157570E+01  9.45763387617602900E+00
  3.53063097104977870E-01  2.38360467234627960E+00  2.52731627337644480E+01
  4.50600139601478670E-01  7.37865556622995820E+00  2.25337780293133570E+01
  6.65634982039605120E-01  3.86939571821008780E+00  5.21168250719014380E+00
  4.69750256464274060E-01  1.39410195422974110E+01  7.98308159331773570E+00
  6.13801455222646290E-01  2.96804805524068980E+01  2.04701031869225570E+01
  5.14582826754803690E-01  2.48568927052112340E+01  1.24558494786708140E+01
  3.81419328643079860E-01  1.08426586408799050E+00  2.58227664788483790E+01
  7.28196096543639280E-01  2.77096144642004560E+01  1.85311244544173950E+01
  7.33199636544987770E-01  9.31722199472918610E+00  4.71821203415294390E+00
  2.86550378078914000E-01  8.04804765172100290E+00  2.42493001352984480E+01
  2.52169786807371790E-01  2.40656042790358670E+01  2.36765128487105120E+01
  5.01406606281285510E-01  1.91749333922138230E+01  2.62775209897981800E+01
  4.18948713530687210E-01  2.74844587274176960E+01  2.92872072393428700E+01
  3.62620749938717070E-01  2.30133566454914590E+01  1.41877458187114560E+01
  3.15231116497538320E-01  2.62284773756385480E+01  1.18584612567783660E+01
  2.83840017940612550E-01  9.50622582608801280E+00  6.31590662517005620E-01
  4.72199721516180480E-01  1.71788984592945190E+01  1.32211349498125780E+01
  4.41666133880560000E-01  7.05332208633131060E+00  2.65598739091670420E+01
  3.39073066583844400E-01  2.46521300089888090E+01  2.61734678100165330E+01
  2.54831192030272870E-01  9.25358179685698800E-01  2.44321568124709690E-01
  6.65634982039605120E-01  1.84445254261132310E+01  1.11705942807758960E+01
  2.69326463995374250E-01  1.76721226075873080E+01  1.05121189700157040E+01
  3.08418768867630710E-01  2.58615370681026270E+00  8.83571680599306750E+00
  5.63324676144028570E-01  1.83602715406485370E+01  1.40651007963963760E+01
  2.49794182180603610E-01  2.78626490972322570E+01  2.59100189467904480E+01
  6.44956217916396120E-01  1.68466515733678080E+01  2.64299030516790530E+00
  4.26043897269923290E-01  2.07156770296818420E+01  2.41431107843472470E+01
  7.44533748089133770E-01  2.95985082020171400E+01  2.41134062577229090E-01
  2.47647088603063280E-01  4.61070039053266710E+00  1.89731342184303560E+01
  3.47451934045076260E-01  1.08871695542963920E+01  7.48838408464834430E+00
  4.83182858574677270E-01  1.18608249298989520E+01  1.39088588055209940E+01
  5.38382388131525950E-01  2.74970380324717350E+01  1.29911888199960350E+01
  6.08690451339190200E-01  3.01714607953616640E+00  2.34104429533652730E+01
  3.93024383017402490E-01  2.45888164021221560E+00  1.36163073245511920E+01
  2.54611020839302520E-01  1.81641036975168260E+01  1.60971813855424490E+01
  6.82253548551889110E-01  7.43434732291546930E+00  1.52312036259081210E+01
  7.67665169660178040E-01  1.89365358638971590E+01  8.10673299812473220E+00
  3.95839252948554370E-01  1.35130410083397780E+01  3.50499018687818160E+00
  5.15379284759350490E-01  1.04114230192710320E+01  2.81805909430707970E+01
  5.09222041678605210E-01  1.49866768503012660E-01  1.02520227444010600E+01
  4.72038094207023740E-01  2.53142150030198470E+01  2.83444186332411650E+01
  6.64541222436485860E-01  1.29379376442943100E+01  1.26070361319814310E+01
  4.84167632717154460E-01  3.44967844791122990E+00  1.02103909074014340E+01
  5.39922025342825940E-01  2.29583760333901130E+01  2.06951170059230020E+01
  3.77759649416993960E-01  1.46165238687386590E+01  5.27757581396218180E+00
  5.06367095649294540E-01  2.00032994966017730E+01  1.97559969650907160E+01
  3.05466220251299840E-01  1.30758376087814390E+01  1.89901551223456550E+01
  7.55604472483241980E-01  8.65024960620576700E+00  1.59971668471509310E+01
  7.68548325332126940E-01  1.56241289670498280E+01  8.86386091934741140E+00
  3.09209541844886400E-01  7.66541263175898190E+00  2.36883797299685630E+01
  4.71553509741754610E-01  2.70531970006120910E+01  2.60772814794685070E+01
  3.65995101567518470E-01  2.88361078540826730E+01  2.83747027958943900E+01
  6.26517897412854200E-01  2.22311944798061170E+01  2.42401384105465390E+00
  3.55388479881239270E-01  5.76997932876725090E+00  1.23418221088725800E+00
  3.90423892796942250E-01  5.71845823196636620E+00  1.33201707046076440E+01
  4.92172780862642510E-01  1.31457013669355120E+01  7.44425654966611990E+00
  6.66683478841499700E-01  7.15853938910457190E+00  2.54572245500993260E+01
  6.94903868090152520E-01  2.02357842727542020E+01  7.43572332634262350E+00
  7.65642972591057180E-01  1.95566820950663280E+01  2.38699035406261120E+01
  3.52682444144397330E-01  2.08540682232740690E+00  1.71947576227399030E+01
  5.39466591144820300E-01  1.06469933484970360E+01  2.89080125842915250E+00
  4.26043897269923290E-01  7.33012230448614050E+00  4.15303102893430780E+00
  2.53364602799301860E-01  1.99171522538651050E+01  2.26559299531930770E+01
  3.83290088603488770E-01  9.43018072696155580E+00  1.68111411041391640E+00
  5.55920758830291820E-01  4.71977803056715480E+00  2.72429016302171940E+01
  4.13050329149462850E-01  1.88457193461983510E+01  2.96456363823657760E+01
  5.20369884994360540E-01  5.08409036819502270E+00  2.54810819987990200E+01
  6.99477888048091770E-01  1.35115899991745230E+00  1.64417145858575290E+01
  3.59079136884617700E-01  2.93584504550556500E+01  5.57778359422361180E+00
  3.01799748246536660E-01  1.34746302426013140E+01  6.72180271002532950E+00
  5.28731261397185740E-01  1.76319717990808580E+01  2.37586111035211620E+01
  6.80338287111455390E-01  3.50711538577231560E+00  1.38415485126496930E+01
  4.74033319401206570E-01  2.55808730201464910E+01  1.31284402050009240E+01
  3.53302408788900560E-01  2.01157852442762210E+01  1.75940510258781660E+01
  4.03052389307286420E-01  3.77181511933440870E+00  2.61121238839163960E+01
  3.33973424357718240E-01  2.93016735961927780E+01  2.88972658894915640E+01
  4.68162992243922280E-01  2.61262201126254080E+01  2.59283549189622530E+01
  4.72192289519205580E-01  1.07265282625872410E+01  1.40418509625272650E+01
  6.73658304681401180E-01  1.97068348435718230E+01  2.08969980744518220E+01
  4.61178090502161720E-01  1.46135942592170590E+01  2.12605795770508510E+01
  4.18189647978318300E-01  3.66617242496109650E+00  2.03941670387265680E+01
  5.15379284759350490E-01  1.95429869639395570E+00  2.86069057404522980E+01
  5.34553382826858140E-01  2.81997246969415090E+01  2.73695289722900630E+01
  3.70336582810533970E-01  1.93032058608617130E+01  2.27630383782772550E+01
  6.42747544188997020E-01  2.31998591440863960E+01  1.31093016826867450E+01
  4.50600139601478670E-01  1.20538023240794200E+01  1.81506702350434850E+01
  3.55036581058269410E-01  1.06363550532404080E+01  1.83215005915000370E+01
  3.54092873053847420E-01  1.50596884382671700E+01  1.72073541271460680E+01
  5.13614394364816020E-01  2.12864399280623540E+01  1.33765826501583260E+01
  3.65995101567518470E-01  2.18173415591419730E+01  2.27197958427336180E+01
  5.25383403930900440E-01  2.74447853067290810E+01  2.25671067318555350E+01
  3.83598938984435380E-01  1.65029145018580610E+01  1.89887519091631490E+01
  4.86073626967704090E-01  1.10729154871864530E+01  2.10827160584262890E+01
  5.96963967672292380E-01  7.38110177502469610E+00  3.01284841567750390E+00
  4.66553963192992600E-01  2.53878554715175680E+01  2.65004681024406000E+01
  4.15252526658189590E-01  9.84268153951314240E+00  2.74447519050421960E+01
  6.36786611163594070E-01  1.79001482866291570E+01  4.85356809003645220E+00
  6.06760633376156730E-01  1.83303312763901830E+01  2.28466605429757730E+01
  5.25895496843049500E-01  1.72601392348001180E+01  3.71014389290529320E-02
  5.05409982910693060E-01  4.36955221878464870E+00  2.37267338546755860E+00
  5.18912146576496980E-01  3.22649837134178340E+00  2.50525382454138920E+01
  5.81677556670477180E-01  6.74240592242458800E+00  7.50769800955776390E+00
  2.50625569857546320E-01  2.21302742279864940E+01  1.83741844551296540E+01
  6.67521681419926690E-01  4.69255773381431580E+00  6.26007159792778190E+00
  6.52034765531911640E-01  7.96617456552916450E+00  5.02317132531637430E+00
  3.81419328643079860E-01  4.63899274815146260E+00  1.10550125125063850E+01
  3.18942867500738640E-01  2.16929797055692860E+01  2.47923223203439780E+01
  6.63973334543257470E-01  2.46669072789484790E+01  3.90945607845376340E+00
  4.05793634226126800E-01  1.24408482971540750E+01  2.56347867014077660E+01
  2.88617724104866640E-01  5.28446921452931310E+00  1.71927936381638450E+01
  3.17587838135982990E-01  2.49960538976254230E+01  1.36618667535902600E+01
  6.94010688862415210E-01  1.46012008222652390E+01  1.91384464532702370E+00
  3.25036994184950640E-01  1.03493005898899710E+01  1.18418002068821440E+01
  4.41940562555082740E-01  4.86671088825962710E+00  4.73118609470263780E+00
  3.05466220251299840E-01  1.53252923744640410E+01  8.76623056447137470E-01
  7.22984261441823330E-01  2.19907619646600450E+01  2.37939717595999700E+01
  4.60682082706054620E-01  2.22062796142758460E+00  1.91844881423863000E+01
  4.22201084465533680E-01  2.34858834716296840E+01  2.49537452551020600E+01
  6.24824560398126750E-01  3.92119435439800020E+00  1.84390611131661860E+01
  3.63079661055833470E-01  2.91230217791592170E+01  8.41821455941556530E+00
  3.25516939164680520E-01  8.39956453452193050E+00  1.35314218569443910E+01
  4.87886881528419990E-01  1.10843528006763120E+01  2.59967657776149500E+01
  4.34172467284937990E-01  2.38291756480396180E-01  2.44666035600165160E+01
  7.04082361725448710E-01  2.23635232981432310E+00  2.23556366355699790E+01
  4.40295189098215370E-01  6.25726071578380430E+00  5.24973612737315330E+00
  4.54567147313974470E-01  1.06060051674921320E+01  2.43323737067263650E+01
  4.89717368181109780E-01  8.95829161407799820E+00  1.41988817528385790E+01
  4.82771447840326400E-01  5.84189981637594610E+00  6.22405282362845740E+00
  3.54092873053847420E-01  2.77366687688499040E+00  1.73521966321121250E+01
  7.67457697882333090E-01  2.27540477353215100E+01  1.13322857313231970E+00
  4.43129600128677660E-01  2.20051262691726550E+00  9.69629899752665030E+00
  5.61514797181737530E-01  4.11299973356794710E+00  2.30003396675835500E+01
  5.82207618145930890E-01  1.91868708382553020E+01  1.76969906888926230E+01
  5.94092381958372510E-01  1.50567048257608280E+01  6.14370965072906120E+00
  5.64318884198494160E-01  1.42904939654720310E+01  7.01126595661065010E+00
  6.16837537735261420E-01  2.80696968352630730E+01  1.52646273562100600E+01
  4.20581746236023420E-01  1.22063598337026530E+01  1.47483790089523130E+01
  3.16022212934137680E-01  9.70649590009233880E+00  2.32290048769444240E+00
  4.59502380082057990E-01  9.87939068504949700E+00  1.86195918007699350E+01
  7.48336469443998900E-01  8.60225964576255460E+00  2.45060546275076430E+00
  6.90159994875631000E-01  1.27017418188546000E+01  1.59342851581501780E+01
  4.68364091588631840E-01  1.00962016747414530E+01  9.57923842817097610E+00
  4.05593309893122810E-01  3.93098541994156130E+00  1.54998840803788160E+01
  5.55687039951364880E-01  9.97276135656603910E+00  8.56384346150638540E+00
  2.83840017940612550E-01  3.30660910076404150E+00  2.42542980343589920E+01
  5.98280766214214580E-01  2.50530072409970690E+01  5.46684495178673390E+00
  5.84913004272127690E-01  2.45780114438329920E+01  2.71703869826907650E+01
  2.83840017940612550E-01  2.94753227226297020E+01  2.26857223466949240E+01
  2.83517655556827110E-01  2.71624689075133470E+01  2.68243178976498910E+01
  5.27599340399055180E-01  2.75048541288620750E+01  8.00341270705084720E+00
  6.24824560398126750E-01  2.25558587920353660E-01  2.29016563747061500E+00
  4.84167632717154460E-01  2.56209891818589210E+01  4.54572271903144460E+00
  5.66562802601083430E-01  1.29939902755712160E+01  8.49167117551497160E+00
  5.81213412342838430E-01  2.06182370414982760E+01  6.17827623253174800E+00
  5.13285974501586400E-01  1.11376991899380470E+01  1.15584579395028420E+01
  5.29625185962053640E-01  6.44785458604269390E+00  1.83749745965362730E+01
  3.30104909316010620E-01  1.19477315666216450E+01  1.26997383663844020E+01
  5.48174971142568520E-01  1.36980241900897080E+01  1.35511837407578040E+01
  4.72192289519205580E-01  2.57906434915686980E+01  3.60475854541534480E+00
  4.53126113496558960E-01  1.08776523525597590E+01  1.66943732161704120E+01
  5.25993347610763350E-01  3.50275255994098080E+00  6.34432589505250280E+00
  4.75338540515479570E-01  6.02026609565831630E+00  1.73979331499804570E+01
  4.30858982518450690E-01  7.98423462607953200E+00  4.57362934094684890E-01
  7.09741570678139940E-01  1.05689319062767290E+01  6.48042357424972250E+00
  5.05409982910693060E-01  2.00652223423972520E+01  2.75170761545053470E+01
  5.20369884994360540E-01  2.81766489373386050E+01  1.08122298803579890E+01
  2.73281005279713530E-01  2.67141635247004100E+01  1.84251023734750130E+01
  3.09574052588245370E-01  4.59058446138072100E+00  1.57756524612126250E+01
  3.18095930761502070E-01  2.61433130349753680E+01  1.12310093192575880E+01
  4.46537248270915300E-01  1.21359027193949330E+01  9.45618609789667100E+00
  6.38830345620663920E-01  1.89878797673625680E+01  2.51538185396160010E+01
  6.68397269451762100E-01  1.98171271230970840E+01  1.66172275516667830E+01
  5.32488384254616510E-01  2.25327282598798360E+01  2.49251349478306390E+01
  3.17579752081870750E-01  1.19857061271177870E+01  2.26159367396946430E+01
  5.16710955738981780E-01  2.09648093684133170E+01  4.14466268556560370E+00
  4.49545157175862540E-01  6.88886162241128370E+00  1.22419755010114990E+01
  3.20574425314766210E-01  1.10374292990250070E+01  3.65687243464077130E+00
  4.12246671516209600E-01  1.93504407410285000E+01  2.66480453548781070E+00
  4.94550785807675550E-01  1.45415192355115740E+01  2.31891976849285730E+01
  3.59079136884617700E-01  1.77359760209720750E+01  1.82514489129397540E+01
  6.10572080928614460E-01  1.29948260469793110E+01  1.10535311373898890E+01
  4.75338540515479570E-01  1.69236496435900570E+01  1.06417617947406030E+01
  5.09574347305064630E-01  2.85623899122252350E+01  2.03661890762710660E+01
  4.18189647978318300E-01  3.01605866445480460E+00  9.42046120152546430E+00
  3.76753951196820710E-01  3.43466199309243910E+00  1.48956841767386350E+01
  3.84533934306195220E-01  1.14284834542252100E+01  1.38693745467896750E+00
  6.60767019732147710E-01  1.58011588596306020E+01  1.47402299428327840E+01
  5.64318884198494160E-01  1.55144147036614640E+01  2.27723914313275810E+01
  4.69750256464274060E-01  5.35438645443774420E+00  2.45294333168507490E+01
  6.88340418185590860E-01  2.84403095552226080E+01  1.65153818484950320E+01
  5.93150731645016190E-01  2.74652086570568060E+01  2.04699719391946250E+01
  7.17499092254363010E-01  2.41109556261668270E+01  1.73356201115737820E+00
  3.79322922295397280E-01  3.92585009284369630E+00  7.14467645150959460E+00
  3.20574425314766210E-01  5.18593701579328850E+00  2.49001025682570900E+00
  7.17953871372127320E-01  1.43366982392044000E+00  2.47806376974348410E+01
  3.42409596243210680E-01  1.53624653013280770E+01  1.31282629508478780E+01
  4.43129600128677660E-01  6.42340984943639000E+00  1.57238372854831510E+01
  3.78068289465320630E-01  1.46003292706127540E+01  2.60281460067063080E+01
  4.75338540515479570E-01  2.55239107749239480E+01  1.01030910537554650E+01
  7.38532964590205680E-01  1.71636846597736150E+01  1.29660651087500220E+00
  5.07606992315717240E-01  2.70269465569864590E+01  1.20538062631794740E+01
  2.86134314477376340E-01  6.57677073078140050E+00  4.59775437031255580E+00
  5.07437626189109900E-01  1.17197393430901680E+01  2.18356896555136970E+01
  6.15073771326759470E-01  2.63645725774625710E+01  2.25527132866262110E+00
  3.30104909316010620E-01  4.44477005651178290E+00  2.64013078871020430E+01
  6.66683478841499700E-01  2.33978734307554070E+01  6.41849193395933780E+00
  7.49545055295440930E-01  8.16830772681292850E-01  2.26643552555536690E+01
  2.54824432159977790E-01  1.41597546082706980E+00  2.18594387758231400E+01
  5.72142532162989690E-01  2.61243403920773010E+01  6.93823675978480030E+00
  2.77147605524350650E-01  4.12231694997349420E+00  2.78227718056786910E+01
  4.68364091588631840E-01  4.99841900000154290E+00  3.83120774536800330E+00
  4.82771447840326400E-01  7.81444815249506150E+00  1.21394504982764510E+01
  2.50971712925384870E-01  2.29105795140340160E+01  2.42355676161434740E+01
  5.38024295323284910E-01  2.95845655971863910E+01  2.35583985608141120E+01
  4.13050329149462850E-01  1.36224689536638320E+01  1.94834395036520580E+01
  4.86590143357422540E-01  1.27007003459462240E+01  6.57387306141839640E+00
  3.16148313226467530E-01  1.28930739283648230E+01  9.36819429204196300E+00
  3.81419328643079860E-01  1.47238621650585930E+01  2.74808012022974250E+01
  6.52911031193170470E-01  2.85537349403311750E+01  2.29634393985154510E+01
  4.49150663742554990E-01  2.63783585141482640E+01  2.38091158853113570E+01
  4.73113776075054650E-01  1.46540569054309310E+01  2.21935987682703730E+01
  3.65995101567518470E-01  1.36850502471113900E+01  1.87079392036252480E+01
  3.46028387031474870E-01  1.86150676991856730E+01  1.49373397111348880E+01
  4.23675716525973380E-01  2.53077520538674070E+01  2.07368432679812500E+01
  2.47261092463374420E-01  1.49392094787531120E+01  1.55882955015176050E+01
  2.63339374245984010E-01  1.80283454913019130E+01  8.59935215818915570E+00
  2.59062449636064510E-01  1.27957435771762690E+01  4.53208282560537070E+00
  5.77180454669814490E-01  2.65357189598347600E+01  9.81328477744515840E+00
  4.06599624824484800E-01  1.87180686724255950E+00  2.58344000533159070E+01
  4.65278877330243820E-01  3.83937825938799580E+00  3.18508431978499700E+00
  3.07263188066738420E-01  2.87434311160460610E+01  1.84819352811864800E+01
  3.88697647565240350E-01  2.60281066478382890E+01  5.31644116043581860E+00
  6.62122603690132470E-01  3.23739218509580030E+00  2.09279478591336290E+00
  3.79322922295397280E-01  9.04951631770807550E+00  2.74765374846984930E+01
  3.53063097104977870E-01  6.78865042287034730E+00  2.19573580474681410E+01
  6.88885956497308970E-01  2.33148403230869650E+01  3.90437081094635590E+00
  5.33066537704075310E-01  2.84407690493147940E+00  3.25698616100215510E+00
  3.42074681651230290E-01  4.04283149976559920E+00  2.20997129105138300E+01
  4.24351701398837560E-01  1.13656560979818270E+01  1.46692242490786400E+01
  2.92456502136063850E-01  9.88907243574839970E+00  2.57830514960840560E+01
  5.90639534364661320E-01  9.23275535070198750E+00  6.91078760732413410E+00
  4.09705559579089850E-01  8.83002621710897450E+00  2.06548313283342430E+01
  3.59079136884617700E-01  1.33383019158560750E+01  4.23808960315687690E+00
  5.27599340399055180E-01  1.71275910562033640E+01  1.76066727871141920E+01
  5.38382256471750510E-01  1.30783277230459870E+01  2.63303051233738400E+01
  5.96963967672292380E-01  2.80507511617417400E+01  5.76069557145135840E+00
  2.96503602823160150E-01  1.88455298037200410E+01  2.82008545880177660E+01
  3.64593218166308700E-01  1.79897482932773690E+01  1.73772780440832650E+01
  4.18947112612636110E-01  8.08562373990549150E-01  2.38321470128042210E+01
  5.40946473112310590E-01  1.30868763901828180E+01  2.67195758429499940E+00
  3.35017483125717060E-01  8.67871789815922770E+00  2.80863616625745610E+01
  4.75626642073745920E-01  2.43042764451154060E+01  1.32761066616688210E+01
  3.04461637453634990E-01  2.61572469562780160E+01  1.06088358459786840E+01
  4.36315933331792570E-01  7.38773880223318540E+00  1.81544109717834770E+01
  6.77666041374141330E-01  1.21452288511676890E+01  2.83079232483155150E+01
  5.67035311113654220E-01  1.79361023346661150E+00  2.35471232867531090E+01
  3.38650161839631010E-01  1.85770360828648150E+01  1.85557422319289320E+01
  6.94010183176834960E-01  2.41916471914943220E+01  2.06988168384449620E+01
  7.10410487391814980E-01  2.42850020443098810E+01  1.13730315180106240E+01
  4.54567147313974470E-01  2.59604130558315160E+01  2.13226078999131730E+01
  2.52169786807371790E-01  9.04363089797675100E-02  1.86839706921582760E+01
  3.01799748246536660E-01  5.68395302617728150E+00  9.57530846930474060E+00
  4.27719079604653450E-01  5.38635474720435780E+00  1.13631761127551730E+01
  3.87762191716535260E-01  2.57513558921146950E+01  7.82141086710264230E+00
  5.72951670348821020E-01  8.53484891759950950E+00  2.35411657649431840E+01
  5.09222041678605210E-01  7.75504464584890570E+00  8.01513981814892770E+00
  5.25993347610763350E-01  1.76765221649404400E+00  2.75683575625798840E+01
  3.12648490279368120E-01  7.39053419465237390E-01  9.67971475690452370E+00
  3.32399546609116130E-01  8.48777807447642730E+00  2.14290407790720180E+01
  4.43807889241729470E-01  2.81167602883955220E+01  2.18689847474220540E+01
  3.44170209092795430E-01  3.26131126268788710E+00  7.77041211721764920E+00
  2.54824432159977790E-01  2.19774209760128090E+01  1.73951916273620530E+01
  4.21963532045373490E-01  1.74522953056865370E+01  2.19360704521770490E+01
  4.11696508529454960E-01  2.24911382018595210E+01  1.78195461819302670E+01
  4.11346310528290360E-01  2.85885645043926080E+01  2.91111002297605380E+01
  6.16837537735261420E-01  2.59589565706781790E+01  1.88952022792095170E+01
  4.83570943621045310E-01  2.41209390682634180E+01  4.91812536566104170E+00
  4.32382463464541460E-01  5.40260249763356540E+00  5.42123335148894370E+00
  5.92513140571182980E-01  2.13361925826127230E+00  1.54141136938167380E+01
  3.55036581058269410E-01  2.18256857053622080E+01  4.01032858405651280E+00
  4.74581552528920360E-01  1.79497642963523920E+01  2.72461387250106060E+01
  3.44905765886116280E-01  2.15864798089672120E+01  8.95231144205596860E+00
  5.96963967672292380E-01  1.38863935959485310E+01  5.92317295364211120E+00
  2.68569610726517900E-01  2.76846073730610130E+01  2.13029917769571920E+01
  5.80290806494985740E-01  2.10420335498910590E+01  2.22406011862332550E+00
  6.25336422111717830E-01  6.47537554063425080E-01  2.73057631973829020E+01
  6.17452885167652710E-01  2.44082081642924290E+01  2.44755790982376920E+01
  3.29506256422424390E-01  2.70623994730593940E+01  2.86276158694506080E+01
  2.58355477869490890E-01  1.95126475789849320E+01  2.45085685980690470E-02
  4.69641390777102340E-01  9.54464670686695980E+00  5.89811392080943440E+00
  3.49095179616795370E-01  1.55979515566976820E+01  1.60957458025796300E+00
  3.27988333844876360E-01  2.58374810124707360E+01  1.23690191517324130E+01
  3.86383264228710210E-01  1.70901662521830210E+01  2.72796107825159100E+01
  4.75543307221801650E-01  6.06126122767406810E+00  2.01151645928921540E+00
  5.07815655211632320E-01  2.12713232662063410E+01  2.55243309169454840E+01
  6.08088426536500660E-01  8.42389843048288970E+00  2.23663777668701230E+01
  3.93024383017402490E-01  2.32631156459923750E+01  1.20757470030319160E+01
  7.48336469443998900E-01  1.72081589859884580E+01  1.19568040975929190E+01
  3.13454063710418570E-01  1.33260004092572740E+01  2.10712496900713720E+01
  4.43133439323318520E-01  3.16280217690192260E+00  1.13191604253276400E+01
  3.62493203924014780E-01  2.67452404525958090E+01  2.10975281930691740E+01
  5.72881440675418570E-01  4.43837073091513810E+00  1.97746903393003140E+01
  3.71299762957800540E-01  3.89593338756074110E+00  1.09387910361822360E+01
  5.13143010843963320E-01  1.38975172589597310E+01  1.46027093671519970E+01
  3.87533216804236250E-01  2.08158452986653370E+01  1.78338409158288370E+01
  3.90540239164096370E-01  1.71837200129745500E+00  5.29895051518558450E+00
  4.11696508529454960E-01  1.47512347770656670E+01  1.49575224200829060E+01
  4.19670751191123690E-01  2.28912771581929310E+01  1.55868767194038930E+01
  5.39922025342825940E-01  5.47582868135160260E+00  7.17895795953672970E+00
  3.73125396709624990E-01  2.34610730799213380E+01  2.14761263284969740E+01
  5.72628172168292430E-01  2.43324086040179850E+01  8.71785884205255360E+00
  5.63660960642019760E-01  1.58669898609548990E+01  1.96896059566534770E+01
  7.54397230300637300E-01  1.78967062355328640E+01  2.60191093379068120E+01
  4.07877171249442140E-01  2.88517755930072330E+01  3.49617971199866150E+00
  4.61178090502161720E-01  2.21220357745068730E+01  1.28759945132356590E+01
  3.50974061745161330E-01  4.21057957101629650E+00  1.26525014317087030E+01
  4.22541054278063120E-01  2.04138033845991060E+01  1.57047203373633690E+01
  3.25036994184950640E-01  1.39298903226376700E+01  2.17492918287336540E+01
  4.96042965314236020E-01  2.96489616271458300E+01  4.77359935128489980E+00
  3.04461637453634990E-01  2.54618293933220560E+01  2.72677349532754010E+01
  4.21290506291976640E-01  5.71127103006518590E+00  4.55261915747593540E+00
  4.26578460793149810E-01  2.21477708479938770E+00  4.65111419468237750E+00
  3.91816801400439550E-01  1.49610103510768190E+01  1.63774208168521330E+01
  5.32262962461145860E-01  2.26331560227821350E+01  7.34136619887760400E+00
  6.07718241283317260E-01  9.31863224255237910E+00  1.77120254764009390E+01
  5.13425754976809310E-01  2.88419378625514040E+01  6.53945739409950200E+00
  5.46829204411607870E-01  7.22107418762625300E+00  1.91218719196894290E+01
  2.99038091422116640E-01  2.87873945756149720E+01  5.25084846171967530E+00
  3.65374026971610010E-01  2.36610778246904450E+01  2.69230213134922210E+01
  3.46733456860136300E-01  1.18875061674947900E+01  8.70335141774830310E+00
  5.01833768532536340E-01  1.02902322807218420E+01  5.82803733242120000E-01
  2.88617724104866640E-01  2.10881121923606790E+01  2.47507294635982230E+01
  3.13454063710418570E-01  2.49385859888189220E+01  2.13747968717996780E+01
  4.43756654693070110E-01  8.71744710038039730E+00  2.45406570421700180E+01
  5.20369884994360540E-01  2.73097643752163720E+00  2.71627479045507240E+01
  7.41720708060832300E-01  6.01038372541209310E+00  2.71178850230855520E+01
  2.99038091422116640E-01  1.97590279550130460E+01  1.54025353600476010E+01
  3.93024383017402490E-01  2.13440488814281300E+01  1.72613380888645590E+01
  2.53364602799301860E-01  1.98101189760229950E+01  1.38337888763196480E+01
  5.48463672908306780E-01  5.08905406317857790E+00  6.39850787695472880E-01
  5.63660960642019760E-01  3.80243453283149970E-01  1.46149508632468660E+01
  4.99487474973056500E-01  1.68722620552822810E+01  2.52970257161034730E+01
  5.32488384254616510E-01  1.55160001490267310E+01  2.16763938891050290E+01
  3.62493203924014780E-01  2.76814032680529820E+00  1.45772080340256630E+01
  3.90540239164096370E-01  2.04288930966073790E+01  1.20321626430107620E+01
  6.25248164210708260E-01  1.16985971495135030E+00  7.46737260174769980E+00
  3.93024383017402490E-01  1.12207070658759690E+01  2.77684406977391730E+01
  2.83517655556827110E-01  6.49613791483115400E+00  2.25225530085395430E+01
  5.16562546778196820E-01  1.78765824687883280E+01  1.53820064795256370E+01
  5.96777348356598920E-01  9.60846970398465140E+00  2.40036491577571770E+01
  3.35017483125717060E-01  2.35166607080100610E+01  2.41403781364843440E+01
  5.69344335137112000E-01  8.06273243455340350E+00  2.65060506748476140E+01
  5.55509338843663690E-01  2.44382060315666510E+01  1.00984011291277830E+01
  4.09775903561979240E-01  6.89000987186440920E+00  2.78588019013330310E+01
  3.20574425314766210E-01  1.02522483515541720E+01  2.22534029783342820E+01
  5.39466591144820300E-01  2.18558183934518130E+01  6.60369938829208360E+00
  5.18725390566230620E-01  2.92305630109149100E+01  2.75834159549121340E+01
  3.62493203924014780E-01  2.02375714253492800E+01  1.83097391020148380E+01
  4.23675716525973380E-01  3.87313025231382650E+00  9.40787876238860750E+00
  4.13050329149462850E-01  2.63203053198247190E+01  2.85298492521594480E+01
  3.01731430220296380E-01  2.54608720218148930E+01  1.81225569779157140E+01
  3.48156346672602490E-01  2.95943357280047330E+01  2.20588816572442990E+01
  6.83531487369900860E-01  1.22065838655299110E+01  2.07488313680787260E+01
  3.27197753470684690E-01  2.94916367277147270E+01  2.13916764408014860E+01
  3.50974061745161330E-01  2.67523544730814290E+01  2.31031329516337390E+01
  5.77649046292645880E-01  2.38779601306621070E+01  3.94815855424261740E-01
  5.13614394364816020E-01  2.05567422823518960E+00  1.28056561113246800E+01
  7.17953871372127320E-01  5.66335542226860780E+00  8.42273591940194780E+00
