1
  1002  2.96924426640336700E+01  2.96924426640336700E+01  1.00000000000000000E+00
        0.00000000000000000E+00  0.00000000000000000E+00  0.00000000000000000E+00
  3.50974061745161330E-01  1.55830144952454730E+01  2.45766986506380400E+01
  5.77649046292645880E-01  1.40531698889392160E+01  2.22460590523857820E+01
  5.13614394364816020E-01  1.95570741571401040E+01  2.26926110168503320E+01
  7.17953871372127320E-01  7.26260216953402620E+00  2.43943089411793540E+01
  3.01731430220296380E-01  1.13922717693315700E+01  2.33501649252988980E+01
  6.14584822297879540E-01  2.54291247555195030E+01  1.17725798328494880E+01
  4.69641390777102340E-01  2.04019288134078100E+01  7.55144930026990660E+00
  4.49154676673646060E-01  1.01756223848235500E+01  1.11207755885496640E+01
  4.82268891960512480E-01  1.35297763546840350E+01  2.65326910707087680E+01
  6.26908127420837150E-01  2.90036559615146280E+01  9.99034482178281640E+00
  2.50971712925384870E-01  2.29736835290662110E+01  1.72750236314939690E+00
  2.62213147743524950E-01  1.37045535926014440E+01  2.05015071018591680E+01
  6.45167794061425240E-01  7.57836872681025400E+00  2.71577560409809390E+01
  5.94931591270377070E-01  2.24436833983586230E+00  2.44413525780279390E+00
  7.68548325332126940E-01  2.31605063290240030E+01  5.44536815562085060E+00
  4.36195486319121350E-01  2.93418519244151600E+01  8.66338466961883210E+00
  5.33066537704075310E-01  2.65665083201808110E+00  2.30199758897940400E+01
  5.62178328188990490E-01  2.79370780633201830E+01  4.22807135706532570E+00
  2.97561439636419770E-01  1.41971016731859430E+01  6.65649724382042330E+00
  4.82771447840326400E-01  6.70973352882957740E+00  1.65720114774898590E+01
  6.61562106526255890E-01  4.35699901464511100E+00  2.82145137935678130E+00
  5.04339573614743570E-01  2.26342899156110210E+01  1.60380797933781740E+01
  3.45648959319623030E-01  2.24206149708186300E+01  2.77316137742554930E+01
  6.95947079841625180E-01  2.78274636017430300E+01  6.70905533228209540E+00
  4.75626642073745920E-01  2.42728812362975480E+00  4.99942008075157670E+00
  2.57534358191145160E-01  1.26635396844581540E+01  2.08508300190350230E+01
  6.30423428531534040E-01  3.35343282668878210E+00  2.54463863381470110E+01
  3.25516939164680520E-01  2.48821190269014960E+01  8.53470812129279820E+00
  3.14110289759674140E-01  9.85234827337705530E+00  9.08990712093424240E+00
  3.99477862283745790E-01  2.08544795788694550E+01  2.52276081596879290E+01
  6.47236078597052340E-01  2.03684407276158940E+01  6.43598809042465540E+00
  5.28731261397185740E-01  7.69371989625668020E+00  2.30089413289713360E+01
  4.43807889241729470E-01  5.65329532899562890E+00  1.50567733601838470E+01
  4.82268891960512480E-01  2.90269466155721220E+01  1.93385727035257280E+01
  4.30858982518450690E-01  8.30169403705949450E+00  2.01021425474138380E+01
  4.18947112612636110E-01  2.30588988277407760E+01  1.77778026900152850E+01
  3.50662231740508900E-01  2.63690425534680660E+01  1.29932644554805600E+01
  2.85767805251094040E-01  2.79720307369778850E+01  1.57749296534768820E+01
  3.45648959319623030E-01  2.28211286377883020E+01  2.35464422331288400E+01
  3.45648959319623030E-01  2.50804204559724650E+01  1.34562848662206310E+01
  6.42005949159872720E-01  6.62848824663811880E+00  9.30799643412177250E+00
  2.74003615458356760E-01  2.93203385816025990E+01  2.94812493997288530E+01
  3.87653287431749970E-01  1.98923916773220560E+01  2.09656089903458000E+01
  4.18948713530687210E-01  1.26055303440099810E+01  1.17299794275200120E+01
  4.53451232343747090E-01  1.50701785128503880E+01  2.24140582696011240E+01
  4.21603844523193420E-01  2.08802568369414130E+01  1.28113258449717690E+01
  2.62213147743524950E-01  2.40043603426423500E+01  1.03322099731313930E+01
  6.94903868090152520E-01  1.03124994109812280E+00  1.51566869017123460E+01
  6.31563936872940970E-01  2.10913648573617640E+01  2.06752085377495830E+00
  7.01778375544082420E-01  1.32897506516720760E+01  2.47203463479061620E+01
  3.46434506905438330E-01  1.90273379881591820E+01  5.18127955172598130E+00
  3.50662231740508900E-01  1.78096246638128510E+01  7.72860289718915540E+00
  3.01799748246536660E-01  5.80160740305165670E+00  3.98791111205835770E+00
  4.41298336829792340E-01  1.96087012005684400E+01  2.72741099961237620E+01
  3.39481361119070080E-01  1.38760044684040050E+01  2.31459107607070680E+01
  3.83181557852844270E-01  1.59290526442826560E+01  1.83655603132006140E+01
  6.75156127532392600E-01  8.98371984797375230E+00  2.09721325665063420E+01
  2.73281005279713530E-01  2.21385408990277670E+01  1.50477474910341190E+01
  6.65634982039605120E-01  4.78818163017423080E-01  1.94264839938342530E+01
  2.54824432159977790E-01  1.99917679819284010E+01  1.72241078531573920E+01
  2.84029264846615530E-01  1.28031662560723340E+01  7.55986104492751480E+00
  4.62836237406567810E-01  8.84790468190857560E+00  2.53960816916183630E+01
  3.33973424357718240E-01  2.85158736131509730E+01  1.08180570756988760E+01
  4.91872428060923640E-01  1.32331831444105890E+01  1.86603900200437170E+01
  5.52490392167627680E-01  7.75715694191895900E+00  1.08279894085847270E+01
  5.39466591144820300E-01  1.49930697427768070E+01  9.84854828223778430E+00
  5.65219172841477580E-01  3.12925246838451980E+00  2.66200440434113830E+01
  3.53776024442120150E-01  1.78006620954066680E+01  8.43290540751496740E+00
  5.54611473665029210E-01  4.15133762749936790E+00  9.06268696437286180E+00
  4.81368497469048420E-01  2.70021795331907090E+01  2.45902478719623740E+00
  2.84672167568555990E-01  2.02436105705545690E+01  2.76248437909344170E+01
  3.06898385793053400E-01  1.03905076286397030E+01  1.63138878997870760E+01
  4.49954956992444630E-01  1.21744376194194570E+01  1.45701740885788130E+01
  5.88686278844574580E-01  3.76507072299848480E+00  1.48340211615822140E+01
  4.36315933331792570E-01  2.04998420561232850E+01  2.44721101756509290E+01
  5.46155746035104350E-01  2.59887008580126490E+01  1.58003394807654760E+01
  4.11346310528290360E-01  9.54259181345354080E+00  1.81300360653589650E+01
  7.44650008855257360E-01  1.88028603125603730E+01  1.17769533967613090E+01
  4.68162992243922280E-01  1.76470439655953770E+00  2.14314965366262980E+01
  7.11073931023246340E-01  7.34481757920635750E+00  8.16047647774196610E+00
  3.02034441597155470E-01  2.75545342477317310E+01  2.46881071773890350E+01
  5.12509616084684260E-01  1.30063205509391860E+01  2.25493316987345590E+01
  3.40422717275118370E-01  2.74136663583956310E+01  2.71188274442955900E+01
  6.65634982039605120E-01  2.66929672369123670E+01  1.48145505680358800E+01
  3.75295693565172690E-01  1.91131776249200840E+01  1.34331569980295670E+01
  4.75626642073745920E-01  3.59868219535789180E+00  1.11876897854653770E+01
  4.72038094207023740E-01  2.53384548193199850E+01  1.65835148100409600E+01
  4.29902962432020440E-01  1.97544261849695960E+01  2.17707140296711830E+01
  5.68910711623079470E-01  2.55315324485318410E+01  2.55812757707334910E+01
  3.07263188066738420E-01  5.86113212285068740E+00  6.18997345952280310E-01
  6.10911033360540580E-01  1.47142149996382590E+01  1.10822282802819780E+01
  3.43353541919950760E-01  2.22218143780376420E+01  8.49231420420671950E+00
  3.15231116497538320E-01  1.81560423674346330E+01  2.88958465235225790E+01
  3.78068289465320630E-01  1.42276294255256130E+01  8.22673489217258340E+00
  2.54824432159977790E-01  2.40993007322523130E+01  6.03410689202224580E+00
  5.44558358435121190E-01  9.85040597035846060E+00  2.56861360582916520E+01
  3.56000803327192820E-01  1.48889276315966780E+01  2.01591066569663370E+01
  3.13454063710418570E-01  1.84161655910662250E+01  5.42919419645207760E+00
  6.12591031919131530E-01  7.05321318260827910E-01  1.81664369520745160E+01
  6.47236078597052340E-01  9.90659089484202400E+00  1.71360175102269170E+01
  2.65726189967390210E-01  2.37599830210885690E+01  1.30996756073086720E+01
  2.96653470797716330E-01  2.87458969901524670E+01  2.09828731163313180E+00
  3.45648959319623030E-01  2.94807993780058620E+01  1.78819898491605120E+01
  3.13454063710418570E-01  2.80935772133319440E+00  1.21335905237204840E+01
  3.39073066583844400E-01  1.50033250619327560E+01  6.99930303353292430E-01
  2.96256570285591500E-01  1.31516098573711900E+01  2.88405416644817160E+01
  4.19081387041561550E-01  2.58292508751615700E+01  2.33718393010332590E-01
  7.08391389715138510E-01  1.52988554320662540E+01  2.55961837105828670E+01
  7.16035261746952050E-01  2.47135078189013980E+01  2.01605655955950670E+01
  4.43133439323318520E-01  1.79882049996602140E+00  2.86908363814307780E+01
  2.73281005279713530E-01  1.59573873566463400E+01  1.28533118180354740E+01
  3.35017483125717060E-01  2.75625746599186780E+01  1.53085665433987060E+01
  5.09222041678605210E-01  2.84722559623611820E+01  2.37068006705141020E+01
  4.27719079604653450E-01  5.60880010913305590E+00  2.46958224101777080E+01
  5.81299825206354370E-01  7.39028944766770660E+00  6.86908751651731550E+00
  5.46155746035104350E-01  1.77824128892052540E+01  1.09865325795765470E+01
  3.05466220251299840E-01  3.49168897812268050E+00  9.61296452868861270E+00
  3.11838068626578210E-01  2.64571420764142290E+01  2.24181563901488200E+01
  6.27423008989955560E-01  2.06884368729563950E+01  1.66829641338464790E+01
  7.12424816007452400E-01  6.76229962123186200E+00  2.82406235814099600E+01
  4.41140732643827070E-01  9.33643273710397990E+00  1.08240827802893310E+01
  3.80273533482480450E-01  4.41718027944701670E+00  4.85938424971171300E+00
  3.29796701345061780E-01  9.72441514001183730E+00  7.08632674158044300E+00
  4.15252526658189590E-01  1.10576685375867390E+01  2.47623254420178970E+01
  2.59062449636064510E-01  6.90918480001454240E+00  2.30765442522217870E+01
  6.18419083689772810E-01  1.11180237700047470E+01  2.05907867995934670E+01
  5.04213456464067280E-01  2.49453383545010470E+01  1.56833301861919840E+01
  3.48156346672602490E-01  2.27571829775760010E+01  1.16938916937689900E+00
  2.89042915761794110E-01  2.77345112026727420E+01  2.40523385622256070E+01
  3.05466220251299840E-01  1.32821974726419910E+01  1.69861404260569910E+01
  6.49919166153384610E-01  1.00804458876199000E+01  1.00262330165268810E+01
  6.14379095469630790E-01  2.78560396159833350E+01  5.40034891848497090E+00
  7.00411917450214720E-01  9.46044617893174690E+00  1.20200922718873640E+01
  5.69344335137112000E-01  1.47350091848829280E+01  1.72756680143642280E+01
  2.57564851167384970E-01  1.15849246456697990E+01  2.13545790073296900E+01
  4.13050329149462850E-01  8.59307740753701130E+00  2.74580726455708870E+01
  6.18419083689772810E-01  4.21642661848851130E+00  5.85571705775237380E+00
  4.26523982883737140E-01  2.57955137619426540E+00  1.92902181571301410E+01
  3.78209123272245940E-01  5.90252605391204720E-01  1.56763194396269200E+00
  2.63055759251188670E-01  1.71914222079914300E+01  1.20668022630428630E+01
  5.00274833943758600E-01  1.85813353539093170E+01  8.08665847630611270E+00
  6.01687927537542500E-01  9.04102459669278420E-01  6.71765447214666000E+00
  4.86073626967704090E-01  1.83789052151441550E+01  1.66828553692020840E+01
  7.62474117278193650E-01  1.25319256659162420E+01  2.93111314100172130E+00
  4.87886881528419990E-01  2.15090766878682300E+01  1.02980279004232590E+00
  2.99038091422116640E-01  1.09000696061196630E+01  2.40479730602539020E+01
  3.50974061745161330E-01  2.54322288629373930E+01  1.74010717981512680E+01
  6.10572080928614460E-01  1.05613397869621440E+01  1.82096383973059620E+01
  3.01731430220296380E-01  2.46498955512791120E+01  2.57359953693438650E+01
  2.59062449636064510E-01  2.10005671694920840E+00  2.80567071818832010E+01
  6.99477888048091770E-01  5.23140570609902160E+00  1.61184082450183010E+01
  4.41666133880560000E-01  2.84125160653136180E+00  1.65393379982674770E+01
  6.86210935380316480E-01  9.69814252314529310E+00  8.10183672415867130E+00
  5.27425300578987690E-01  2.31432046249265040E+01  8.24797358352783050E+00
  7.54505484792745040E-01  2.12937345910332210E+01  1.17106168399323960E+01
  4.11696508529454960E-01  9.19527269632983570E+00  2.34213727952994260E+01
  6.26517897412854200E-01  3.31660872776969650E-01  5.97579406473994100E-01
  5.72142532162989690E-01  1.19785912971259500E+01  2.21276825136531700E+01
  3.47451934045076260E-01  9.10044042103571730E+00  2.61658741036636360E+01
  2.57564851167384970E-01  1.35732295663936890E+01  1.50932249363241090E+01
  5.33859136323620030E-01  1.20121391866927140E+01  9.51985576054196340E+00
  2.69169509893181310E-01  2.92491651983231830E+01  2.37530162713758410E+01
  4.24351701398837560E-01  1.74748884462356990E+01  2.31681486896998690E+01
  3.11762329988951370E-01  1.44083372478729110E+01  9.63363650804035740E-01
  3.50974061745161330E-01  2.81978495975123770E+01  1.94188524169700080E+01
  2.66929568161810020E-01  1.23419410627262030E+01  2.58714207748477310E+01
  7.20816873845379820E-01  1.72746657430524340E+01  2.42954660131254340E+01
  4.22201084465533680E-01  2.96034121605731820E+01  6.96529816230778560E+00
  3.09209541844886400E-01  1.13462093773147270E+01  2.27410985927230270E+01
  2.62213147743524950E-01  1.76259948477982890E+01  2.75607292329963410E+01
  7.60411681679863700E-01  1.54617125992918960E+01  1.39679307814159030E+01
  6.67521681419926690E-01  1.67345145646138710E+01  1.46126790726439960E+01
  4.37954134865551840E-01  2.05608578916105780E+01  2.14501115012725770E+01
  7.16654247500547470E-01  2.22188614532800170E+00  6.73303750586327610E+00
  7.12424816007452400E-01  3.71824833241345680E+00  1.74665644692904500E+01
  3.61198882346046800E-01  9.98764823704595450E-01  2.86139389192141990E+01
  3.82245446386266610E-01  1.16674361260117290E+01  1.97545555060020490E+01
  3.58737518624021320E-01  8.19833807395927390E+00  1.31653343629682420E+01
  5.81547682683179710E-01  2.89574161868367740E+01  1.71171641297806230E+01
  4.21963532045373490E-01  7.55081539351940380E+00  5.87886099827299090E+00
  3.12648490279368120E-01  1.12452948495679590E+01  1.15245546014817110E+01
  3.25036994184950640E-01  8.73397297181085190E+00  1.27421296486046920E+01
  3.83290088603488770E-01  2.44957737465500960E+01  9.91372143113904690E+00
  2.93443024193560210E-01  1.99947519502482120E+01  1.60196434175388760E+00
  2.66929568161810020E-01  7.65228999549796460E+00  1.87784853040392360E+00
  2.99038091422116640E-01  1.08115355005406340E+01  1.24312798613863910E+00
  6.00040109246873770E-01  1.86350087222666400E+01  9.18464231947210050E+00
  7.14535578675763720E-01  1.89872848892532420E+01  1.51682665951120120E+00
  3.06898385793053400E-01  2.15407468260949030E+01  2.00413889723165820E+01
  3.45648959319623030E-01  1.41751623859375650E+01  2.01167864602599170E+01
  3.87046365911375680E-01  1.29154707207540070E+01  9.34261534214343920E+00
  6.56539952722306990E-01  1.34235522079174800E+01  1.10323038967673510E+01
  5.07436062422724900E-01  8.22305791072375490E+00  1.91671583586876080E+01
  7.39270392714900380E-01  2.09470243216301880E+01  1.39700610027152600E+01
  5.38024295323284910E-01  2.07081063033543810E+01  1.98990396097177180E+01
  7.33199636544987770E-01  2.27453391058705280E+01  2.51882047036097130E+01
  6.31923671661538840E-01  1.92955892309086180E+01  1.77731393583096630E+01
  5.72951670348821020E-01  1.74699161856429160E+01  9.29848719959263190E+00
  6.40456937776772590E-01  1.46018172904604310E+01  2.44415311412662960E+01
  4.77241894706072770E-01  1.10304159481715820E+01  1.07649055007652410E+01
  7.64764367446448820E-01  1.89065026980351230E+01  1.45536205361405080E+01
  7.16535845940979770E-01  9.49988138220376580E+00  4.58828592691819460E+00
  3.10705613459761840E-01  1.98516041952081960E+01  1.85423352587050590E+01
  3.89901968262705180E-01  1.10824283315411590E+00  1.03589759597413740E+01
  7.15011499502423580E-01  2.50416424050394150E+01  2.72608498029301420E+01
  7.60297905848187840E-01  2.73115124862057930E+01  2.03147615063153740E+01
  2.65726189967390210E-01  1.92138840359860040E+00  9.37209628924927780E+00
  4.53492046339069340E-01  1.97475030461609830E+01  5.52810610924113990E+00
  5.18725390566230620E-01  1.61321895617260540E+01  4.50068419083861390E+00
  4.24020504903543660E-01  1.60177449912560950E+00  1.76460277507163850E+01
  5.17634268500846420E-01  8.35560171295646190E+00  2.38188421719551080E+01
  4.54567147313974470E-01  4.80505967057026420E+00  1.47628225456284580E+01
  3.65965634987757580E-01  3.52548614353853560E+00  2.27898313434435590E+01
  2.96256570285591500E-01  2.88024868062220490E+01  2.92429693948361480E+01
  5.50543265074639000E-01  5.02597759380885380E+00  6.69795914140642170E+00
  4.46540105696671490E-01  1.15852953242441630E+01  1.79489423262644900E+01
  6.47236078597052340E-01  2.19638510460707970E+00  3.76081606157319650E+00
  4.82769235883485770E-01  2.19403315670109440E+01  2.07220874233283080E+01
  2.97529618718302210E-01  8.99661403306023820E+00  7.17111394610981100E-01
  4.13811620468168510E-01  2.45213776055423090E+01  2.25098380645103080E+01
  4.87785457169642190E-01  6.78623135730912530E+00  1.24296080788544480E+01
  3.41778742319800830E-01  1.96235756609414160E+01  6.70576211313468740E-01
  4.05793634226126800E-01  1.55982016811301790E+01  1.05810026920427940E+01
  7.14516279726398110E-01  1.52463790217594130E+01  8.62081382598008080E+00
  3.71799304162545760E-01  5.83462315810087160E+00  2.45591536140038480E+00
  5.77820253962530560E-01  2.91771585688699560E+01  1.18173129677161000E+01
  4.75626642073745920E-01  1.27264767518600960E+01  1.53125611765046140E+01
  5.46562010559427060E-01  9.60473398051658830E+00  1.59817252759905270E+01
  3.29506256422424390E-01  1.04635786863434750E+01  1.56714542807607820E+01
  2.62213147743524950E-01  1.22230265867979800E+00  1.88716128010318830E+01
  3.63105686475124490E-01  1.72700503483504240E+01  7.26172714904849310E+00
  7.08391389715138510E-01  2.00244946910091490E+01  1.09835797140575300E+01
  4.26578460793149810E-01  1.23536668127589100E+01  1.75356591699108290E+01
  6.08873319065221350E-01  1.05249498552197520E+01  1.29533072310411690E+01
  5.39466591144820300E-01  9.99690896633597600E+00  2.03024046453402920E+01
  4.66553963192992600E-01  2.85468635815737780E+01  2.01564320165343030E+01
  4.82771447840326400E-01  1.74916324494493050E+01  2.93378491307294810E+01
  5.13004586318856950E-01  2.16201920714447550E+01  2.57232879378834770E+01
  3.17084428049163950E-01  5.61232040591891670E+00  6.05925293149184620E+00
  3.50974061745161330E-01  6.26510673816864030E+00  1.93967849615872300E+01
  3.82382183723224410E-01  9.82503499670088940E+00  2.39700945173610250E+00
  3.77759649416993960E-01  2.35255474464430740E+01  3.17968092648313720E+00
  5.74203886104520670E-01  2.11609177033101260E+01  1.03891399318858430E+01
  4.11346310528290360E-01  2.24650950536268330E+01  2.14450611218648960E+01
  5.06367095649294540E-01  1.69469645661051620E+01  2.54779001680070820E+01
  6.01687927537542500E-01  2.91155056798024180E+01  2.46122856705088320E+01
  2.49794182180603610E-01  7.52916402384438490E+00  1.45127070668512360E+01
  6.11481049571092420E-01  2.23999030224533780E+00  8.06058084801944830E+00
  5.03927515451986880E-01  1.11026041202913190E+00  2.94713019228427770E+01
  6.35485889077753010E-01  1.31577021562266820E+01  4.90516191439020320E+00
  2.99038091422116640E-01  2.51340216463698330E+00  2.50025656177509750E+01
  4.22541054278063120E-01  7.95588214123220090E+00  1.25921173565852510E+00
  3.05466220251299840E-01  1.96980633666432110E+01  1.37813241822648570E+01
  2.62213147743524950E-01  4.37605117336516700E+00  2.81057970443114690E+01
  3.61769499680632390E-01  7.41217643722194450E+00  1.70404061502545970E+01
  2.47647088603063280E-01  9.84008086406146100E+00  2.84244496918736150E+01
  3.11155895623034430E-01  1.01729768886592050E+01  1.38031486633095070E+01
  2.66929568161810020E-01  1.04202524327231370E+01  2.51083942417800330E+01
  6.90395435464654740E-01  7.21454506813976780E+00  1.35268309927188390E+01
  2.96503602823160150E-01  1.77377253223353970E+01  2.56147895419960500E+01
  6.57722721512726150E-01  2.75219605489258220E+01  1.37830855841140970E+01
  7.24777883420223110E-01  2.21546414795250330E+01  4.33310276155913600E+00
  5.48279863025970290E-01  2.67648877709733350E+01  9.14148006088111490E+00
  6.40748513009616880E-01  1.43071364565387300E+01  1.91016626696222480E+00
  2.56092450391898300E-01  2.65206207676282200E+01  1.65467745215631550E+01
  7.17499092254363010E-01  2.92498191647984380E+01  2.18348904345365430E+01
  4.66141488621800890E-01  2.20682064827519580E+01  7.69764119733372350E+00
  6.33759023001558490E-01  2.45349060283908320E+01  1.26432835635320690E+01
  5.48279863025970290E-01  1.40972520859378250E+01  9.14361592772087840E+00
  4.19081387041561550E-01  1.58990970658422710E+01  2.13187211881962260E+00
  5.70902198024309190E-01  4.02317288318734790E+00  5.36977520610022730E-01
  3.17950877609215300E-01  2.91592827492315650E+01  1.09220558984234270E+01
  5.96963967672292380E-01  2.42162877645031140E+01  1.38316569766818920E+01
  6.18832453479690690E-01  2.89438123876520130E+01  2.58196286974928850E+01
  2.63339374245984010E-01  5.97444033045160690E+00  9.93793873489928000E+00
  3.55036581058269410E-01  2.90851400922913790E+01  2.07757315911384740E+01
  5.84913004272127690E-01  1.03351998529148050E+01  2.90934794251390660E+01
  5.77235448209733180E-01  5.44089736849294870E+00  1.06254274160020010E+01
  5.01105313190319460E-01  1.82051978159655830E+01  3.34587926002320830E+00
  3.83598938984435380E-01  5.92876835893681520E+00  1.69460217011743310E+01
  5.98360795606824340E-01  3.53937428924956030E+00  2.37537867265206200E+01
  3.41778742319800830E-01  2.59992964985168380E+01  5.56948748228894440E+00
  3.29796701345061780E-01  1.38367597566895630E+01  1.72944997711568080E+01
  3.84420431658369740E-01  2.37488247654763820E+01  9.73833483767358740E+00
  4.91872428060923640E-01  1.20135173562602520E+01  9.57236780247614400E-01
  2.93443024193560210E-01  2.44478084989491330E+01  1.52793425417822720E+00
  5.81299825206354370E-01  1.35599130077413540E+01  6.05260638400432070E+00
  5.68243553274813350E-01  2.20105019342477060E+01  2.23118613324830260E+01
  5.39001667068871980E-01  4.16830221889921490E+00  1.63663570507058380E+00
  7.01587183784351610E-01  1.87050472841548090E+01  2.42335690776494910E+01
  4.45239477383046460E-01  2.28896820397560180E+01  7.30443340295695350E+00
  5.39001667068871980E-01  1.04263002829141700E+01  6.57456005353042270E+00
  2.86134314477376340E-01  2.65370590792608390E+01  1.75339131580795280E-01
  7.70254277643880240E-01  2.83148284358730640E+01  1.83047359140241640E+01
  3.45648959319623030E-01  1.97518208416926160E+01  2.42453154842992440E+01
  3.39481361119070080E-01  2.88459749107585460E+01  6.89169930037385740E+00
  3.04461637453634990E-01  8.47561136640975120E+00  6.98906822941358820E+00
  5.20369884994360540E-01  2.72708018849286980E+01  1.75460988727155010E+01
  2.65726189967390210E-01  5.19762220357163680E+00  2.42983738475231090E+00
  6.26908127420837150E-01  3.47023318259748770E+00  3.75545810289656370E+00
  3.48480710258510130E-01  2.29087656051227380E-01  2.93211823206568030E+01
  2.96653470797716330E-01  1.25992665804324520E+01  2.63727534585621300E+01
  6.31923671661538840E-01  1.88172807072982740E+01  1.04018806829656130E+01
  4.09705559579089850E-01  7.05448012269900460E+00  1.14852410042603770E+01
  6.72499163702481620E-01  3.86047891524552970E+00  1.60901731705206070E+01
  2.84029264846615530E-01  3.16538577160036820E+00  2.45523680549562720E+01
  5.34631033075580400E-01  2.37940537952855530E+01  2.44757532132675450E+01
  6.17076625982510940E-01  5.11508014684952880E+00  7.34824828080249400E-02
  6.55074006360275090E-01  2.37865918144046450E+01  2.32860417703131470E+01
  5.46562010559427060E-01  9.51861384630527670E+00  2.20902488858889790E+01
  5.17626013175185660E-01  1.22028465309422370E+01  2.31935197901288570E+01
  5.82207618145930890E-01  2.78969181632020240E+01  1.66392740912175050E+01
  5.98268629341587580E-01  2.52165389456344970E+01  1.05790379918009770E+01
  5.34553382826858140E-01  1.60206788737776480E+01  2.26825542614557990E+01
  3.76753951196820710E-01  1.34751228145299130E+01  1.57195679271247140E+01
  7.52518120402026810E-01  2.51119710859153460E+00  2.04662103873062480E+01
  4.81368497469048420E-01  1.53089858956618360E+01  3.93310804777642180E+00
  6.47413426355271770E-01  1.26904752126772990E+01  2.73123169615309750E+01
  3.05466220251299840E-01  2.34938768300370880E+01  1.85417137403995580E+01
  4.46689977500956030E-01  5.72270806887202710E-01  3.09042201296679540E+00
  6.18566685513849460E-01  2.24742903784892430E+00  1.46630105077899380E+01
  5.36592099856838090E-01  2.89553188394790480E+01  3.81649248192890380E+00
  5.09574347305064630E-01  1.48209386485950300E+00  4.72304606992672940E+00
  4.92328788949218680E-01  1.16962874128373460E+01  1.88808592208798030E+01
  4.83351594707823830E-01  8.20423071377495820E+00  2.18285795629692920E+01
  4.40650972415989980E-01  2.22109244777820760E+01  1.76394328478226790E+01
  6.10911033360540580E-01  1.07330717933887240E+01  1.94187459361430580E+01
  4.34172467284937990E-01  2.00987586848224710E+01  1.31596977320893400E+01
  7.03188417218805210E-01  2.73303486102580490E+01  1.13389610933864360E+01
  2.92799561075502800E-01  1.24588251945303450E+01  2.53212129468372890E+01
  5.68243553274813350E-01  1.32310524965517810E+01  1.43421277855260880E+01
  4.60682082706054620E-01  7.63122062141446730E-03  7.84168027110870640E+00
  6.41715074739605920E-01  7.72402582317371420E+00  1.60872373816197330E+01
  4.55206736325743130E-01  2.41312108939844490E+01  8.32137450764921380E+00
  4.22201084465533680E-01  1.88252582056003850E+01  1.57375294057750640E+01
  3.63079661055833470E-01  6.25552498113742760E+00  2.22702550628946550E+01
  2.63055759251188670E-01  1.17824171513849190E+01  2.91962430258394930E+01
  5.32877675645020420E-01  2.22231037334407730E+01  1.06997219684579200E+01
  5.77235448209733180E-01  1.85835281849708310E+01  4.37172531022325920E+00
  4.09775903561979240E-01  2.29551696642792000E+01  1.12924913753834700E+01
  6.93187364831086050E-01  2.80552269734545940E+01  2.97923217726245180E+00
  4.30054269381220950E-01  2.16918321507893240E+01  1.30694630013828290E+01
  5.07436062422724900E-01  5.31223499689963590E+00  1.89004599254114320E+01
  2.49948351789403130E-01  4.51389427423346130E+00  1.67399972913763900E+01
  3.16022212934137680E-01  1.36566313622423700E+01  2.69948970248899520E+00
  4.72818350263822220E-01  4.49309806571956030E+00  1.83626595740705380E+01
  4.46689977500956030E-01  2.23585365633804050E+01  2.63350669570013740E+01
  4.74581552528920360E-01  5.36338987350622090E+00  3.34744565259533020E+00
  4.86590143357422540E-01  2.76333755462142750E+01  2.84247567550923460E+01
  2.73281005279713530E-01  2.55634676847626990E+01  1.80113407601352900E+01
  5.20515140446715560E-01  2.79949757375281290E+01  2.93633239611170750E+01
  4.13811620468168510E-01  1.78851140782378660E+01  6.78770554183360280E+00
  3.81419328643079860E-01  9.10994232491996310E+00  6.72847337816395630E+00
  4.05593309893122810E-01  2.26332051264655870E+01  6.49364871675518710E+00
  5.85380732291966590E-01  2.61379669728567630E+01  2.65626924034743940E+01
  4.06599624824484800E-01  1.78259661956589350E+01  1.14051561049493120E+00
  6.40456937776772590E-01  2.49392349720461870E+01  2.38755211781321390E+01
  4.75626642073745920E-01  1.49336739381538930E+01  6.88902222616175400E+00
  5.09222041678605210E-01  1.15952003544000560E+01  2.76825456484126030E+01
  5.77820253962530560E-01  1.47094277053023460E+01  3.05999529190229060E+00
  3.80273533482480450E-01  9.00977378218144410E+00  1.87355444430194500E+01
  5.01406606281285510E-01  2.34861095984717720E-01  1.06371907886322530E+01
  3.59079136884617700E-01  2.84573401015804030E+01  2.86151017240002120E+01
  5.94092381958372510E-01  6.59029740080773240E+00  1.55022285380476500E+01
  2.54611020839302520E-01  1.77885473875321800E+01  1.17873263454359150E+01
  4.99223721401470310E-01  2.59553565165966410E+01  8.20548718283355960E+00
  2.54611020839302520E-01  1.68515315364677180E+01  4.21804280908617460E+00
  3.20574425314766210E-01  2.06923562907577080E+01  8.28595603536652270E+00
  2.85767805251094040E-01  1.81065977636269400E+01  1.59616313255578640E+01
  2.54611020839302520E-01  2.91879703919071890E+01  1.54186121938453680E+01
  4.12246671516209600E-01  1.30170871315682070E+01  2.58001150296628910E+01
  4.41298336829792340E-01  1.31993018340389840E+01  1.77280844175674590E+01
  7.09985914168247060E-01  1.31056713578996400E+01  1.27415161774766230E+01
  6.80956647410425740E-01  2.70848398174458470E+01  7.86705130945233490E+00
  4.75338540515479570E-01  1.08994696553013770E+01  5.67640909521582240E+00
  7.49588614928249000E-01  1.96252789394853940E+01  2.53553446205273260E+01
  4.74033319401206570E-01  2.46933787741738190E+01  2.49615775308804080E+01
  5.20515140446715560E-01  2.69701862674418750E+01  2.91824154705225320E+01
  5.48131117613959250E-01  2.04795489911653160E+01  9.13995194271763720E-01
  3.46733456860136300E-01  2.25297961466231730E+01  1.69196885988886800E+01
  6.97384645011991290E-01  2.55329014447334650E+01  9.32375174160581640E+00
  3.78209123272245940E-01  1.59137679263104100E+01  1.91264771862689680E+01
  3.82382183723224410E-01  1.03342769306762710E+01  2.44272641256824270E+01
  4.46537248270915300E-01  1.66088042125442680E+01  2.64220922912424070E+01
  6.08690451339190200E-01  2.54112996269489490E+01  4.82408520797629410E+00
  2.59062449636064510E-01  6.31469940001217720E+00  2.41283601442323810E+01
  4.43756654693070110E-01  1.13384762715802910E+01  3.09767820595739800E+00
  3.18942867500738640E-01  9.05367678958294060E+00  1.75877860017288730E+01
  7.16535845940979770E-01  1.62331464719875850E+01  9.65642196346656330E+00
  4.62836237406567810E-01  1.95970128253384320E+01  9.63399611669502500E+00
  6.97384645011991290E-01  1.77371648927167160E+01  2.66079694643301500E+01
  2.47647088603063280E-01  1.24768939358053730E+01  2.41353515699467320E+01
  4.05793634226126800E-01  3.17760422549745150E+00  8.45467100988939540E+00
  5.37364664263313330E-01  2.71853822552194170E+00  9.27831226978612730E+00
  5.72881440675418570E-01  7.14164188236395690E+00  6.89167677887044940E-01
  5.04213456464067280E-01  2.50254567979594930E+00  1.74223834859199690E+01
  3.86557871019070410E-01  1.66410945715135450E+01  2.20020080965629710E+01
  5.62178328188990490E-01  8.03576634197771430E+00  2.82749798174818140E+01
  6.41715074739605920E-01  2.48593594518067040E+01  2.15099489339272480E+01
  4.54567147313974470E-01  2.34830718977024620E+01  6.62474667304635640E+00
  3.97011970696729720E-01  7.34833114887948820E-02  6.16343889076232990E+00
  3.99477862283745790E-01  1.32105424112375380E+01  3.87247586661568200E+00
  5.15931587153482510E-01  2.75285043484671840E+01  2.32745697827029900E+01
  5.98026541173087530E-01  6.05694879626479210E+00  1.16256506221356110E+01
  5.94917806945655060E-01  1.65507544487482820E+01  1.09286101720524530E+01
  3.86557871019070410E-01  2.95041898845748990E+01  1.86131881126683500E+01
  5.52347772924787250E-01  6.17807369474738800E+00  4.75423060730681700E+00
  4.05793634226126800E-01  1.85915464048373240E+01  1.85353182148248510E+01
  4.66753989857397040E-01  1.42512623638792240E+01  1.41690938269703230E+01
  6.77666041374141330E-01  1.14497648129847270E+01  1.98186805074196570E+00
  3.23306573977224420E-01  2.20933914402797310E+01  1.24327263549953850E+01
  6.88340418185590860E-01  1.77821503247556160E+01  2.23442308481415800E+00
  4.11696508529454960E-01  2.22846485829682910E+01  5.74803126024808630E-01
  4.03052389307286420E-01  1.17742613295367600E+01  2.51632135627388640E+01
  2.97529618718302210E-01  1.76117331058949200E+00  8.83265021064986660E+00
  3.13090147150790890E-01  7.93153675052025080E-01  5.17252233651126760E+00
  5.01435669612667030E-01  2.29956793019596760E+01  2.47904563936849610E+00
  5.26482748420329030E-01  1.40663292943056600E+01  2.56717517157044420E+01
  6.75156127532392600E-01  1.68900693638473280E+01  2.09684734535762520E+01
  7.20816873845379820E-01  2.53377070359015160E+01  1.45232326487442120E+01
  5.30006102735105960E-01  2.88197209195991990E+00  1.83840232451797480E+01
  3.43353541919950760E-01  2.28480796154276400E+01  3.42604808046055620E+00
  5.32877675645020420E-01  8.96404432315227600E+00  5.82600324181072080E+00
  6.44956217916396120E-01  1.19940179310383710E+01  5.43767125848377650E+00
  3.55036581058269410E-01  2.70721814732634480E+01  1.28496646960364430E+01
  4.30054269381220950E-01  1.33084701462493470E+01  7.05536690825315830E+00
  4.93734512940847830E-01  8.66470616474289910E+00  2.26890970984432410E+01
  3.42409596243210680E-01  1.43454631618937590E+01  1.64517000014460170E+01
  5.58952633370732950E-01  2.68912572062264670E+01  2.41396148050177500E+01
  4.49954956992444630E-01  3.10830300971379540E+00  1.40312863265554060E+01
  4.11346310528290360E-01  1.65487173197346070E+01  3.62501863615469410E+00
  4.72818350263822220E-01  1.03030111504057140E-01  2.65016946946741460E+01
  5.00672486592370710E-01  1.99737468840336960E+00  1.21884663100925030E+01
  4.15334611176110170E-01  8.43557021727431260E+00  2.65363972674959500E+01
  7.70254277643880240E-01  1.03419217722494850E+01  2.31361431441594900E+01
  5.32262962461145860E-01  2.93723325801684930E+01  1.55559245702843700E+00
  4.01880163826280960E-01  1.57629848735699160E+01  6.91475128909180810E-01
  7.41720708060832300E-01  5.33833923965498420E-01  2.53664613039193440E+01
  3.01674668393272730E-01  1.48165640303247650E+01  1.81425253218578110E+01
  2.66929568161810020E-01  6.67746229531883630E+00  1.98565677521367830E+01
  4.15334611176110170E-01  2.17855211208518540E+01  1.67579368210143080E+01
  5.20369884994360540E-01  1.75202889264514070E+01  2.83357811601867770E+01
  2.84672167568555990E-01  1.04202388062544960E+01  4.99319463298602880E+00
  5.18912146576496980E-01  1.58059241605802580E+01  3.06515798436440880E+00
  3.90540239164096370E-01  1.88074949504684770E+01  2.21873455946991810E+01
  3.63079661055833470E-01  2.27607032519939420E+01  1.51802292001573350E+01
  4.73113776075054650E-01  2.36189121133765100E+01  1.39930082500346710E+00
  5.55687039951364880E-01  2.49350830811299100E+01  2.95390546190295250E+01
  6.97384645011991290E-01  1.40711385178335960E+01  1.25085587273962570E-02
  3.54092873053847420E-01  2.36946490493436810E+01  9.00199790285722120E+00
  7.37991961479508610E-01  5.54520827324536470E-01  2.38871497919135150E+01
  5.10790949981952740E-01  1.58151532881540110E+01  2.81058904495199360E+01
  7.03918080384424090E-01  1.71092101458873560E+01  5.98374704114570570E+00
  2.69326463995374250E-01  7.25738259522336730E+00  1.49546999897516160E+01
  5.39922025342825940E-01  5.22852566319998240E+00  5.29352320586495040E+00
  5.39922025342825940E-01  8.61815769988230330E+00  1.01560184452139840E+01
  3.52682444144397330E-01  5.70665106976695300E+00  1.81362420019612570E+01
  3.17084428049163950E-01  4.46815064329830310E-01  2.72120892002308350E+01
  3.92511582998476170E-01  2.09861384937314920E+01  2.22956152663690330E+01
  2.92799561075502800E-01  2.56037491727749580E+01  2.80971146888300570E+01
  3.63105686475124490E-01  2.94411995093126070E+01  2.01512804062242270E+01
  3.25036994184950640E-01  1.45542388022622640E+01  2.29967402712060820E+01
  5.70902198024309190E-01  2.93006617796591620E+01  2.76489198124578510E+00
  6.18138908065390960E-01  2.41098747266524000E+01  2.37367580150659000E+00
  3.10705613459761840E-01  6.70562557517822990E-01  5.78412717204488390E+00
  6.99092076263204730E-01  1.77238973289638720E+01  2.20729289018179280E+01
  4.40295189098215370E-01  1.57674252440499920E+01  1.60247302199250360E+01
  6.52034765531911640E-01  2.24467370596518560E+00  2.96908374441149330E+01
  5.12628979659419230E-01  1.49247775476285870E+00  5.74453273645202070E+00
  2.68569610726517900E-01  7.01253738544881600E+00  1.44758844433942780E+01
  4.41473589537221400E-01  2.66437631282899770E+00  1.28742817011132280E+01
  7.41623060643924430E-01  2.14279185351590800E+01  2.94959759956210950E+01
  2.49794182180603610E-01  1.64151343376466020E+01  1.62921198312909930E+01
  3.44856808658559500E-01  1.67345862972491940E+01  2.33767929380759620E+01
  6.83701617051292750E-01  2.35517634020972970E+01  1.67916816763982980E+01
  7.19599311285852310E-01  2.13459041843479870E+01  9.09445803860637800E+00
  6.67521681419926690E-01  1.27064390481418900E+01  6.33139740215682420E-03
  5.40946473112310590E-01  2.88421764048296510E+01  6.00213339612704020E+00
  3.83579206291793930E-01  1.94021671674435120E+01  1.27320758076171820E+01
  5.04339573614743570E-01  2.13471708158285840E+01  2.31538304415509200E+01
  6.35523375007872900E-01  1.98063717841222380E+01  4.44165100303187540E+00
  3.44905765886116280E-01  2.81753646998867500E+01  2.45072303026596070E+01
  2.65726189967390210E-01  1.62492285071272560E+01  2.58076210027242790E+01
  4.87785457169642190E-01  2.16142717173393280E+01  1.83505103325235340E+01
  3.71299762957800540E-01  1.54815897047671920E+01  1.97380348626693380E+01
  4.13811620468168510E-01  7.07081917005746870E+00  4.34560517940343690E+00
  5.69423614487483490E-01  7.83371066334165530E+00  3.71524717678796850E+00
  5.83429036676414100E-01  1.56909405534258930E+01  2.68888730382201050E+01
  5.30006102735105960E-01  7.78032423697435240E+00  2.09092191711172540E+01
  5.16710955738981780E-01  4.96577238276622520E+00  2.13473017113095410E+01
  2.65726189967390210E-01  1.28702633902193500E-02  3.53154092151619730E+00
  3.18942867500738640E-01  8.93439471009259730E+00  7.44836708895940180E+00
  3.23881608201221470E-01  3.27538863704762750E+00  5.81202655382563460E+00
  3.54092873053847420E-01  9.70029518934763500E+00  2.48014699254917270E+01
  5.12509616084684260E-01  1.78186479893025190E+01  1.25586148007690910E+01
  4.99223721401470310E-01  1.91950208981150400E+01  3.48649366471382340E+00
  2.56092450391898300E-01  4.56235323056558340E+00  1.54307652970163660E+01
  5.45765227979075810E-01  8.99402497133888450E+00  9.13772952414405640E+00
  6.94010183176834960E-01  2.27256010878199180E+01  9.39901568713590940E+00
  3.57201130995523370E-01  1.36463751537545510E+01  1.64329421850566850E+01
  5.25895496843049500E-01  1.07787589541870600E+01  4.19162267691138270E-01
  5.10790949981952740E-01  2.43412070863101990E+01  7.31448415601631210E-01
  4.89717368181109780E-01  3.93527112490528590E-01  2.80164304959564170E+01
  4.82769235883485770E-01  1.38762020185361910E+01  2.85424430852487920E+01
  6.93278360304079300E-01  1.68357947809118900E+01  1.32565804575908410E+01
  3.35017483125717060E-01  2.17763151193703530E-01  1.73543262055571860E+01
  3.26514001167033020E-01  2.60599204773165420E+01  1.02012435545025770E+01
  4.75880684447443510E-01  1.75698025667663560E+01  4.08763116727321220E+00
  4.22354771203238230E-01  1.77503017599539630E+00  2.69320485257243260E+01
  4.11966131227655820E-01  3.30024238823500180E+00  2.95650142918218140E+01
  7.30946391186454210E-01  8.75669291186912700E+00  2.08780174340728220E+00
  4.22201084465533680E-01  1.29792906732694090E+01  2.02494141928285000E+01
  5.15931587153482510E-01  6.67156564953497440E+00  2.06392188757698460E+01
  5.52347772924787250E-01  1.38724406018767720E+01  2.75085948141405440E+01
  2.49794182180603610E-01  2.10800903355573370E+01  1.49500835685017300E+01
  4.50103975287380020E-01  2.39234697765419920E+01  1.78617299529179970E+01
  3.61769499680632390E-01  1.12267337198263670E+01  9.94972922932688600E+00
  2.77147605524350650E-01  1.97274347098174760E+01  2.34641981470634140E+01
  7.64764367446448820E-01  5.45593348498141850E+00  2.01641645556883230E+01
  5.71326189973923350E-01  7.50471837013238560E+00  2.92874236438049850E+01
  4.07877171249442140E-01  2.44462767903620700E+01  9.12448134328278120E+00
  4.46540105696671490E-01  9.52849517595938170E+00  2.76161418251059380E+01
  5.07606992315717240E-01  7.87712263443609300E+00  4.79125813435169330E+00
  3.01731430220296380E-01  2.81369176521881240E+01  8.75004528686797120E+00
  4.32382463464541460E-01  2.83346602577914910E+01  2.27758743200581150E+01
  3.25762576013666160E-01  6.33764430441874000E+00  2.29534519846059160E+01
  6.24920360555607160E-01  4.15476588442272470E+00  2.89785800144752590E+01
  7.38532964590205680E-01  8.05512943383885370E+00  1.79326301769599720E+01
  3.92511582998476170E-01  1.16562715757665320E+01  1.48528790788880370E-01
  2.97561439636419770E-01  2.70190329583375190E+01  2.66176313310900630E+01
  3.46434506905438330E-01  1.10742667262049470E+01  7.81096678718619760E+00
  5.89502618647478990E-01  1.90631736550166800E+01  2.89079532635886340E+01
  3.32399546609116130E-01  2.03123491539440300E+01  9.28766009735962860E+00
  5.77649046292645880E-01  2.78359232655552520E+01  2.63038486788784280E+01
  4.31729360191427780E-01  1.04988869867245840E+01  2.85247377524701040E+00
  3.17950877609215300E-01  1.37050015453995470E+01  3.34997782269732760E+00
  4.75880684447443510E-01  2.12749702245984120E+01  7.18970638937737490E+00
  3.91816801400439550E-01  2.28314926065410160E+01  2.28093391674431490E+01
  2.50163292655703180E-01  8.29790154329240970E+00  3.03995320531372040E+00
  3.42074681651230290E-01  1.08168134514685940E+01  1.50757868355317850E+01
  3.50974061745161330E-01  2.03369358397431550E+01  9.97054514076889300E+00
  6.18566685513849460E-01  5.04823575067411760E+00  1.74235244327283640E+01
  3.24719866931951940E-01  2.83509775279092400E+01  1.14555810207829420E+01
  3.57201130995523370E-01  7.40716911613418900E+00  9.98833016820983130E+00
  3.13090147150790890E-01  2.16166140794071740E+01  1.47809890552289500E+01
  2.58355477869490890E-01  1.52961199761053130E+01  1.84702665931539020E+01
  4.83351594707823830E-01  2.32539808333324950E+01  1.04510269606921950E+01
  5.48463672908306780E-01  2.06498225513331130E+01  2.61519205209924160E+01
  4.24351701398837560E-01  1.72869607509178390E+01  3.23346612071418620E+00
  6.80557430527969220E-01  6.70506574182580280E+00  1.86381505999917390E+00
  3.73125396709624990E-01  1.07111769267803950E+01  1.42249808679788150E+01
  6.77808113742920780E-01  7.71689580055250970E+00  2.57134944608880430E+01
  7.67512613708393760E-01  1.45618159953679440E+01  1.53633779651263790E+01
  4.76544583128828500E-01  1.18567634647222910E+00  2.18015356481467700E+00
  6.97738347479756800E-01  3.94196263465622250E+00  2.06961418118371650E+01
  4.49545157175862540E-01  1.11464789356526930E+01  1.63231941692618290E+01
  6.25336422111717830E-01  1.13608574703450290E+00  2.05371577084280690E+01
  4.99487474973056500E-01  2.05909265954332900E+00  1.57649483119675080E+01
  6.67521681419926690E-01  2.23449888272390850E+01  1.41257855359532720E+01
  3.44170209092795430E-01  1.04287316218963860E+01  1.99383596848489470E+00
  4.01880163826280960E-01  2.12247417017180810E+01  2.40516593279138750E+01
  5.95035019805102560E-01  2.07127397646172180E+01  2.83679748842670530E+01
  5.20348764567513020E-01  5.99860714952740000E+00  2.14259045793774060E+01
  7.44845164893703690E-01  2.95512596337070760E+01  1.43217105602042100E+01
  6.94010688862415210E-01  1.72060369578201710E+01  1.68071348043943980E+01
  4.00156705760987560E-01  1.84753233806282240E+00  1.30760348794052690E+01
  6.57722721512726150E-01  4.25962602430550600E+00  1.02687746768618290E+01
  3.61198882346046800E-01  1.13636841298861190E+01  1.45605590955207620E+01
  6.07167866036927160E-01  1.94622059155314810E+01  1.65453150887373860E+01
  5.81677556670477180E-01  2.84398864910496700E+01  1.50448011326254230E+01
  3.17579752081870750E-01  8.14751678447107070E+00  7.51739029246921750E+00
  2.69169509893181310E-01  1.61290057584203980E+01  2.34778601420631930E+01
  5.36592099856838090E-01  4.43223006290982990E+00  2.30538909282207740E+01
  3.01799748246536660E-01  1.33371848814834380E+01  8.76272449077630360E+00
  4.05794678723965420E-01  2.43334000636164230E+01  5.39671342511989940E+00
  3.65995101567518470E-01  1.50515733058291450E+01  1.63955656740927370E+01
  3.39481361119070080E-01  5.32891839827779100E+00  4.42045698204638700E+00
  6.97384645011991290E-01  1.17294622436791890E+01  1.24494055568749290E+01
  6.82253548551889110E-01  2.07869113264249390E+01  3.56212138809437830E+00
  5.67035311113654220E-01  1.80990585208248970E+01  1.76970790121674140E+01
  6.47236078597052340E-01  1.84283613767132340E+01  2.76073850315018140E-01
  5.92513140571182980E-01  1.51363796396434260E+01  4.99308496681617610E+00
  4.71553509741754610E-01  4.63204903083867330E-01  1.32670076151744350E+01
  6.55885333720611730E-01  2.81083848089179580E+00  2.18416644077349250E+01
  2.83840017940612550E-01  1.11505824711512020E+01  2.93924081686525300E+01
  5.65219172841477580E-01  2.44047654748974910E+01  3.51898387056892270E+00
  3.48480710258510130E-01  1.68603347819363240E+01  1.93916438097221790E+01
  6.26908127420837150E-01  1.59146312670950780E+01  1.70810803703391020E+01
  2.62213147743524950E-01  9.64357811257822920E+00  6.34843881433831390E+00
  5.08737612195334600E-01  2.72659101601940820E+01  2.22847028522644450E+01
  4.59281804788439010E-01  3.30617093728943350E+00  2.43162736679063500E+00
  2.86550378078914000E-01  1.16123480322268580E+01  8.14404076270649570E+00
  2.99038091422116640E-01  8.18480059942624650E+00  5.53642352192879090E+00
  3.62493203924014780E-01  2.86591596661202670E+01  2.67575168320285890E+01
  5.64616421781660800E-01  1.51721751556570940E+01  1.21875971802233490E+01
  3.87533216804236250E-01  1.32928874361457280E+01  2.07140949671277410E+00
  3.90540239164096370E-01  9.28042435948318460E-01  1.71883862955153540E+01
  5.44640939783434240E-01  1.52905242477324080E+01  2.34771668442316890E+01
  3.84420431658369740E-01  1.18185978813143500E+01  1.04172787430314880E+01
  4.53492046339069340E-01  2.80131018511185240E+01  2.52883604411563990E+01
  6.38023782753992030E-01  1.08119661031545680E+01  2.18091715976734550E+01
  5.00672486592370710E-01  1.49154186432692870E+01  2.76461492463175200E+01
  6.08873319065221350E-01  1.24484423536278700E+01  8.46404129299559390E+00
  3.18942867500738640E-01  1.81863662274042600E+01  1.53628777363672350E+01
  2.65726189967390210E-01  1.71825108622730450E+01  1.15376807719205240E+01
  7.10410487391814980E-01  4.32482086473839280E+00  1.36621337274432160E+01
  4.66797018098134940E-01  1.34156530493480070E+01  7.99398517293727990E+00
  3.89889811574280460E-01  1.77763758420450910E+01  1.47856232826183510E+01
  2.92456502136063850E-01  2.51345582115306240E+01  3.96745892406572620E+00
  3.63079661055833470E-01  1.69134725372006760E+01  4.92516215749611330E+00
  4.13811620468168510E-01  1.54400130066001310E-01  2.08745699959335700E+01
  2.60417758313763680E-01  2.29663922094516120E+01  2.42155377081548690E+01
  4.41940562555082740E-01  2.55967122766520530E+01  1.28153234987703350E+01
  3.08418768867630710E-01  2.75271647610793230E+01  8.75112451499203030E+00
  3.04461637453634990E-01  1.87627150681202580E+01  2.01695710059508750E+01
  4.75626642073745920E-01  1.98703941400456790E+01  1.93284451779737730E+01
  4.19693779402500590E-01  8.61232668382539580E+00  1.12891915873309290E+01
  3.26514001167033020E-01  2.74390131066448970E+01  2.14541981097751450E+01
  3.55388479881239270E-01  3.56014729237160440E-01  1.14849233880751900E+01
  5.33859136323620030E-01  2.62680464546252670E+01  2.32420078296210730E+01
  3.39481361119070080E-01  2.51528798091544450E+01  2.29199079212879870E+01
  2.51153087880769550E-01  1.79747055090342940E+01  2.36222228667534400E+01
  4.21603844523193420E-01  1.88108178531024240E+01  2.64986409974289130E+00
  5.20348764567513020E-01  1.84729063675454630E+01  2.30340782460266520E+01
  6.86210935380316480E-01  1.97035310095180950E+01  8.47125158877084770E+00
  4.41140732643827070E-01  1.25388404750377710E+01  1.72799950366366400E+00
  6.26908127420837150E-01  1.57300762864056640E+01  2.15589609103737770E+01
  5.11871480770454750E-01  2.70327483366756240E+01  1.59687723430694820E+01
  4.70990686464341570E-01  2.51261362490976130E+01  2.77564684643048180E+00
  5.20369884994360540E-01  1.66108135741318420E+00  1.95191304599350770E+01
  3.04306421741581800E-01  3.40857253100592230E+00  1.90323802353612450E+01
  5.88333222664750720E-01  1.30921349834656330E+00  1.39044750602544290E+01
  6.64541222436485860E-01  1.98924049610829850E+01  2.55605402390816390E+00
  4.24351701398837560E-01  1.63348933629112110E+00  1.09805379254604300E+01
  5.55920758830291820E-01  5.34027682216339180E+00  2.23516800422332940E+01
  2.89042915761794110E-01  7.53181176017442500E+00  2.22076631801404360E+01
  2.47647088603063280E-01  4.06600755475927310E-01  2.87530075345801210E+01
  5.88686278844574580E-01  1.64872759023707470E+01  1.66373504556943400E-02
  3.53063097104977870E-01  6.94417666965837380E+00  2.24656392178333990E+01
  4.50600139601478670E-01  2.86118800127357320E+01  1.35828502234524110E+01
  6.65634982039605120E-01  2.13678637135889550E+00  2.58925503401377170E+01
  4.69750256464274060E-01  5.36548166806635860E+00  2.65036697246846840E+01
  6.13801455222646290E-01  1.19563337062018890E+01  4.18008475741870630E+00
  5.14582826754803690E-01  8.26118521750973580E+00  3.73440459880280300E-01
  3.81419328643079860E-01  2.10771563325354950E+01  2.07536733078723790E+01
  7.28196096543639280E-01  1.67048207083457390E+01  1.31530043336460680E+00
  7.33199636544987770E-01  2.65857420034737080E+01  2.78019708312489370E+01
  2.86550378078914000E-01  1.36324017558814890E+01  1.35874540203335030E+01
  2.52169786807371790E-01  2.83190177614912420E+01  1.42207936703291370E+01
  5.01406606281285510E-01  7.65829043568864340E+00  2.64584063314071470E+00
  4.18948713530687210E-01  2.13667999709775100E+01  1.74789120288815560E+01
  3.62620749938717070E-01  3.31985832968234540E+00  1.96961111144432800E+01
  3.15231116497538320E-01  2.25220031404761690E+01  2.70786774952877560E+01
  2.83840017940612550E-01  6.33368489277513460E+00  9.73900177461859680E-01
  4.72199721516180480E-01  1.40465780510637400E+01  1.80682563459341910E+01
  4.41666133880560000E-01  1.05959118754922340E+01  1.19059281560524290E+01
  3.39073066583844400E-01  2.86870440779732650E+01  9.07803717566029530E+00
  2.54831192030272870E-01  2.04501914323626900E+01  2.06482751630539350E+01
  6.65634982039605120E-01  2.53131459067522790E+01  1.89162389530924780E+01
  2.69326463995374250E-01  1.93383465019673440E+01  1.30113621991529980E-01
  3.08418768867630710E-01  2.02159613822455850E+01  2.37846557910876440E+01
  5.63324676144028570E-01  3.46469889022069570E+00  4.94529342871403530E+00
  2.49794182180603610E-01  3.69266567540573790E+00  2.46342548202262070E+01
  6.44956217916396120E-01  1.42091757830319350E+01  4.17509174230231390E+00
  4.26043897269923290E-01  1.21456596772238450E+01  2.04055580221950090E+01
  7.44533748089133770E-01  2.41076806112033530E+01  1.13335063274951170E+01
  2.47647088603063280E-01  6.28121485365808230E+00  2.46337482173148640E+01
  3.47451934045076260E-01  4.32945510834197390E+00  7.61043670486233830E+00
  4.83182858574677270E-01  2.56742299740655040E+01  2.22844338379466040E+01
  5.38382388131525950E-01  6.23392302586074990E+00  1.42657981023845330E+01
  6.08690451339190200E-01  2.17953300214871570E+01  5.62368290147529310E+00
  3.93024383017402490E-01  2.16995097801531820E+01  2.83261603196488070E+01
  2.54611020839302520E-01  1.00908735143816540E+01  2.71974066912446520E+01
  6.82253548551889110E-01  7.92167481976995180E+00  1.21477339576128090E+01
  7.67665169660178040E-01  2.78429889389292700E+01  1.53538740658162820E+00
  3.95839252948554370E-01  1.76150309353143440E+01  1.40170041343420880E+01
  5.15379284759350490E-01  2.05493722539784150E+00  1.01412885215297840E+01
  5.09222041678605210E-01  2.23828350097448410E+01  1.98347015886885740E+01
  4.72038094207023740E-01  1.46142991083300140E+01  5.99139390505601010E+00
  6.64541222436485860E-01  1.88540802044107560E+01  2.11338106970727470E+01
  4.84167632717154460E-01  1.28696390950154540E+01  2.15624481130966710E+01
  5.39922025342825940E-01  1.19929771746361700E+01  7.41049205182759430E+00
  3.77759649416993960E-01  1.85538896551209940E+01  7.21007010429005210E+00
  5.06367095649294540E-01  9.08737302818271790E+00  2.84603337100019370E+01
  3.05466220251299840E-01  2.42861173616701510E+01  2.79456266329100660E+01
  7.55604472483241980E-01  2.92456691353125610E+00  1.27828076419537150E+00
  7.68548325332126940E-01  2.27634037836661740E+01  2.87911726809178500E+01
  3.09209541844886400E-01  1.06040379592780360E+00  2.70883628732760790E+01
  4.71553509741754610E-01  6.08248868782079550E+00  1.32675672819726280E+01
  3.65995101567518470E-01  1.34906759190111280E+01  9.82701723349002170E+00
  6.26517897412854200E-01  4.57366573538156730E+00  2.57459476477262190E+01
  3.55388479881239270E-01  2.13131950059096480E+01  8.02003057579661060E+00
  3.90423892796942250E-01  1.61764001597964260E+01  2.41346676271365010E+01
  4.92172780862642510E-01  2.87986639918935090E+01  1.60558820300610670E+01
  6.66683478841499700E-01  9.84917409737766290E+00  1.16611106731738400E+00
  6.94903868090152520E-01  5.37627016842212770E+00  2.84805227860843750E+01
  7.65642972591057180E-01  2.14480659062108960E+01  2.71953324114424750E+01
  3.52682444144397330E-01  9.83297370058759410E+00  2.66476386130619860E+01
  5.39466591144820300E-01  3.68530370809803860E+00  2.75737677647663590E+01
  4.26043897269923290E-01  1.97194057722142340E+01  2.81337466285101170E+01
  2.53364602799301860E-01  1.03399134160409790E+01  2.63158056304361240E+01
  3.83290088603488770E-01  2.35936691825047480E+00  1.36678481482258590E+01
  5.55920758830291820E-01  2.89166266530018560E+01  4.90791791171194450E+00
  4.13050329149462850E-01  1.41595585724418530E+01  5.23204127446712160E+00
  5.20369884994360540E-01  2.21460094102650230E+01  2.40874930073389140E+01
  6.99477888048091770E-01  2.67282491662084090E-01  1.63216259076920950E+01
  3.59079136884617700E-01  2.24011924141890690E+01  1.18244543893044350E+01
  3.01799748246536660E-01  1.22877712502184430E+01  2.46812187104326030E+01
  5.28731261397185740E-01  2.92750199073124510E+01  2.74010701598957520E+01
  6.80338287111455390E-01  2.64515564508758910E+01  1.13931679274500920E+00
  4.74033319401206570E-01  2.39119772687849380E+01  2.54970237622231080E+01
  3.53302408788900560E-01  1.21973169828994620E+01  1.61820462861437020E+01
  4.03052389307286420E-01  1.80169426176598400E+01  1.95433032489817440E+01
  3.33973424357718240E-01  1.28802003683209580E+01  1.61071924096056700E+01
  4.68162992243922280E-01  2.92013997524519230E+01  2.30185251062239540E+01
  4.72192289519205580E-01  2.50527074477023780E+00  2.74483024929212150E+01
  6.73658304681401180E-01  2.34137794207132400E+01  2.75041017532803380E+01
  4.61178090502161720E-01  1.95274101962381330E+01  2.01997522868058180E+01
  4.18189647978318300E-01  2.74788680723679200E+01  1.91487110164797480E+01
  5.15379284759350490E-01  1.17123909712140130E+01  2.41017879162278240E+01
  5.34553382826858140E-01  9.14996907589005380E+00  1.96426625207673630E+01
  3.70336582810533970E-01  1.00006300644442390E+01  2.12118512357638810E+01
  6.42747544188997020E-01  2.15294914566021200E+01  1.57318847584112280E+01
  4.50600139601478670E-01  1.84787414066756170E+01  2.57099403345764020E+01
  3.55036581058269410E-01  2.22042359167194050E+01  2.32143445868462730E+01
  3.54092873053847420E-01  7.86299922090242200E+00  1.51016065812476650E+01
  5.13614394364816020E-01  1.25520395907258240E+01  1.94096347868372450E+01
  3.65995101567518470E-01  3.89788991830943670E+00  8.17835300278527200E+00
  5.25383403930900440E-01  2.33297279260077520E+01  2.63085139052740190E+01
  3.83598938984435380E-01  9.65930927367131890E+00  2.40659311828546300E+01
  4.86073626967704090E-01  1.64674479553079820E+01  6.98554574880593470E+00
  5.96963967672292380E-01  1.74950847233265240E+01  1.86912675883445760E+01
  4.66553963192992600E-01  1.77583627606804730E+01  5.01050787194010460E+00
  4.15252526658189590E-01  8.73697203743333260E-02  5.35218781720146450E+00
  6.36786611163594070E-01  4.56594461470250310E+00  2.44827396278959850E+01
  6.06760633376156730E-01  6.53536310882901630E+00  6.04086738758886450E+00
  5.25895496843049500E-01  1.89587990892027240E+01  2.65592394138553050E+01
  5.05409982910693060E-01  2.44384963452778190E+01  6.71595128301640450E+00
  5.18912146576496980E-01  4.59396101554463860E+00  3.97774719533942010E+00
  5.81677556670477180E-01  5.22169908912833060E+00  9.48759039969352540E+00
  2.50625569857546320E-01  2.07457709230604120E+01  2.36089562187064170E+01
  6.67521681419926690E-01  2.67622257241465640E+01  4.72554688822970090E+00
  6.52034765531911640E-01  1.45361471409141190E+01  2.11026257389424470E+01
  3.81419328643079860E-01  1.34648999270834250E+00  1.62818744703492440E+01
  3.18942867500738640E-01  2.57357446133090590E+01  1.35629912385838020E+01
  6.63973334543257470E-01  1.57460090017881690E+01  6.09069534359724770E+00
  4.05793634226126800E-01  1.41370192416648950E+01  1.02462926626100810E+01
  2.88617724104866640E-01  2.88432990349408130E+01  2.80950111933862740E+01
  3.17587838135982990E-01  1.63412592791925460E+01  5.31031033275457710E+00
  6.94010688862415210E-01  1.85679072234658730E+01  2.77239827559486010E+01
  3.25036994184950640E-01  1.10887949154843790E+00  2.26837072227086760E+01
  4.41940562555082740E-01  2.39611471536634860E+01  2.86181653978656030E+01
  3.05466220251299840E-01  1.33018989854190630E+01  2.09016534260762550E+01
  7.22984261441823330E-01  2.60505918889736810E+01  3.53094453253293270E+00
  4.60682082706054620E-01  1.24304073696145280E+01  1.36967109773344800E+01
  4.22201084465533680E-01  1.66133511933020300E+01  2.85884004790707030E+01
  6.24824560398126750E-01  2.87778266928634850E+01  5.05159763623661280E-01
  3.63079661055833470E-01  6.15706967803062710E+00  1.86914146591566670E+01
  3.25516939164680520E-01  1.04606180347796800E+01  7.43814947280588260E+00
  4.87886881528419990E-01  1.31466432236717930E+01  2.35395802991155630E+01
  4.34172467284937990E-01  9.80801536990131060E+00  1.89326659942790240E+01
  7.04082361725448710E-01  3.80367752683222180E+00  1.23477406750266190E+01
  4.40295189098215370E-01  2.94651809978306680E+00  1.54571783929444580E+01
  4.54567147313974470E-01  2.43875145003189000E+01  4.53836240519721820E+00
  4.89717368181109780E-01  2.64636999876909940E+01  1.21584079877914560E+01
  4.82771447840326400E-01  5.67346984667832730E+00  2.56030075394782840E+01
  3.54092873053847420E-01  1.19013281401433900E+01  1.14124109022142020E+01
  7.67457697882333090E-01  1.66732094431107920E+01  8.22163147359611730E+00
  4.43129600128677660E-01  1.27525216408947880E+01  1.01565571379386840E+01
  5.61514797181737530E-01  2.56767657311846430E+00  1.12929689124774870E+01
  5.82207618145930890E-01  1.63339049375896290E+01  1.20851370717841040E+01
  5.94092381958372510E-01  1.05203667082488720E+01  2.79293689979862310E+01
  5.64318884198494160E-01  1.45708761266345130E+01  2.66386972187660940E+01
  6.16837537735261420E-01  1.06364828093055180E+01  3.89185767916966090E+00
  4.20581746236023420E-01  1.55742167054971150E+01  2.05239244154670470E+01
  3.16022212934137680E-01  1.48394202559011050E+01  7.67463001855808180E+00
  4.59502380082057990E-01  1.82200307257266480E+00  2.23571101736445850E+01
  7.48336469443998900E-01  1.08957242260976560E+01  8.89053956374575980E+00
  6.90159994875631000E-01  5.53922364291130800E+00  2.35810870923465930E+01
  4.68364091588631840E-01  2.73367807652990250E+01  4.08129715020504060E-01
  4.05593309893122810E-01  2.71736102476491550E+01  3.63426597492500610E+00
  5.55687039951364880E-01  8.30086410681750310E-01  2.18483676760512040E+01
  2.83840017940612550E-01  2.37694588301411150E+01  2.93177318567077520E+01
  5.98280766214214580E-01  2.78429519575194460E+01  9.60036523327493010E+00
  5.84913004272127690E-01  2.58958559407039170E+01  2.89247254418692310E+01
  2.83840017940612550E-01  2.49485315625995980E+01  2.04232559830401560E+00
  2.83517655556827110E-01  9.26437046403280280E-01  1.10071347197829570E+01
  5.27599340399055180E-01  2.07035305411987100E+01  5.31020076911693200E+00
  6.24824560398126750E-01  1.43941658916422170E+01  1.30871909098473600E+01
  4.84167632717154460E-01  1.87602873057908130E+00  1.85117571840214620E+01
  5.66562802601083430E-01  1.16517686849414940E+01  1.54419270250764720E+01
  5.81213412342838430E-01  9.40436853744512820E+00  1.33506462956083340E+01
  5.13285974501586400E-01  2.22117380148615840E+01  1.83545294565912070E+00
  5.29625185962053640E-01  8.68690112578182290E+00  1.54210689390854940E+01
  3.30104909316010620E-01  1.43616074578931310E+00  7.57023522739000930E+00
  5.48174971142568520E-01  4.63784500289428610E+00  1.14138212621244120E+01
  4.72192289519205580E-01  1.07765972287000280E+01  2.68947585631585720E+01
  4.53126113496558960E-01  1.41202095601438910E+01  7.40280211235397620E+00
  5.25993347610763350E-01  2.59363371417999250E+01  1.99436554460843390E+01
  4.75338540515479570E-01  2.62015278832174940E+01  1.10037808178150060E+01
  4.30858982518450690E-01  3.53793229558004980E-01  2.27121759377021210E+01
  7.09741570678139940E-01  9.75647778533627450E+00  1.47350900357958570E+01
  5.05409982910693060E-01  5.50203597153381100E+00  8.43750866220958780E+00
  5.20369884994360540E-01  1.14814299721809830E+01  6.48298177365911600E+00
  2.73281005279713530E-01  1.91837279887011290E+01  2.33849843068917950E+01
  3.09574052588245370E-01  1.38993022950443590E+01  2.38022798315903470E+01
  3.18095930761502070E-01  2.59762806219367800E+01  2.48143026427362510E+01
  4.46537248270915300E-01  1.57538408605623650E+01  1.51386824079823550E+01
  6.38830345620663920E-01  2.19728093806975620E+01  2.98168535176641750E+00
  6.68397269451762100E-01  6.63919844989663230E+00  1.77207971966280450E+01
  5.32488384254616510E-01  1.25337479673835780E+01  6.48448275952615030E+00
  3.17579752081870750E-01  1.51822931441633320E+01  2.29993886231303660E+00
  5.16710955738981780E-01  1.67038062136058900E+01  1.79082255004382380E+01
  4.49545157175862540E-01  2.15967029449567640E+01  1.92872830274102400E+01
  3.20574425314766210E-01  1.79261495891961320E+01  1.00665165325523060E+01
  4.12246671516209600E-01  1.82794279225667890E+01  1.35578776703068000E+01
  4.94550785807675550E-01  2.93604570584499060E+01  2.86828496701698760E+01
  3.59079136884617700E-01  8.83766445209944610E+00  3.74090107571570570E+00
  6.10572080928614460E-01  6.62613478233848950E+00  1.05597504956496630E+01
  4.75338540515479570E-01  1.53224894935913520E+01  1.44903616561140220E+00
  5.09574347305064630E-01  1.40731770241184100E+01  1.20000690868928550E+01
  4.18189647978318300E-01  1.80667540136666320E+01  2.03622295584406570E+01
  3.76753951196820710E-01  9.14460915455917340E+00  2.68884744036502350E+01
  3.84533934306195220E-01  5.32567390138092200E+00  1.41051951092377800E+01
  6.60767019732147710E-01  2.64517628928684550E+01  2.14457065114014080E+01
  5.64318884198494160E-01  2.68179012930795510E+01  5.95612611955383110E+00
  4.69750256464274060E-01  1.14386808019330740E+00  1.17277501970484510E+01
  6.88340418185590860E-01  5.38714694247694140E+00  1.49443303801281160E+00
  5.93150731645016190E-01  2.40471761136675030E+00  2.41170199287967790E+01
  7.17499092254363010E-01  1.45771208529523760E+01  1.91325640503786190E+01
  3.79322922295397280E-01  1.32706529626014500E+00  9.62182385973155800E+00
  3.20574425314766210E-01  1.31757723708798000E+01  2.81496115841683830E+01
  7.17953871372127320E-01  2.80977699688976050E+01  1.25340293141504730E+01
  3.42409596243210680E-01  2.19072888780966650E+01  6.67108709653746690E+00
  4.43129600128677660E-01  1.12712295532167880E+00  1.26393299681104380E+01
  3.78068289465320630E-01  4.63590435584250840E+00  8.26769965750747100E+00
  4.75338540515479570E-01  1.62908239300133740E+01  1.99865210077533780E+01
  7.38532964590205680E-01  2.68307368458731720E+01  2.54354064239373190E+01
  5.07606992315717240E-01  2.48999310876519220E+01  2.84770833119513750E+01
  2.86134314477376340E-01  2.51952099780085490E+01  8.00939744621782700E+00
  5.07437626189109900E-01  1.65744830492223570E+00  2.33096077639383030E+01
  6.15073771326759470E-01  4.28750669062899450E+00  1.94302811939978430E+01
  3.30104909316010620E-01  7.81704434319271790E-01  7.65720371763937370E+00
  6.66683478841499700E-01  6.53811855029789160E+00  2.63595116056734180E+01
  7.49545055295440930E-01  6.58577234336293320E+00  3.28852378769666580E+00
  2.54824432159977790E-01  5.38459983878254890E+00  1.34687646809053160E+01
  5.72142532162989690E-01  2.30693976000477720E+01  2.06696877745266680E+01
  2.77147605524350650E-01  2.53880983853534090E+01  2.46758535009371340E+01
  4.68364091588631840E-01  1.10172017961343370E+01  1.72320682150626010E+01
  4.82771447840326400E-01  8.53604845266922750E+00  8.21705553151076100E+00
  2.50971712925384870E-01  1.54434423292176370E+01  1.29567317313855450E+01
  5.38024295323284910E-01  1.17431295258261040E+01  2.66020834934256740E+01
  4.13050329149462850E-01  2.15451687609948340E+01  2.48007567892848290E+01
  4.86590143357422540E-01  2.82989749029071400E+01  2.10757098746701320E+01
  3.16148313226467530E-01  1.78757384084927010E+01  2.10701857944756130E+01
  3.81419328643079860E-01  1.26290190735912390E+01  1.67763931936159380E+01
  6.52911031193170470E-01  2.35021121259222310E+01  1.95243979955817720E+01
  4.49150663742554990E-01  2.48206592254799610E+01  1.79164482913106580E+01
  4.73113776075054650E-01  7.40705309700960960E+00  1.99792953183043130E+01
  3.65995101567518470E-01  1.81759847234885430E+01  6.06446625176547820E+00
  3.46028387031474870E-01  1.59382482289924570E+01  2.89530604406155700E+01
  4.23675716525973380E-01  2.65408356216431720E+01  6.90566135561196770E+00
  2.47261092463374420E-01  2.41467720935545390E+01  2.96913124530029010E+01
  2.63339374245984010E-01  2.84998740300417190E+00  4.39367774700928230E+00
  2.59062449636064510E-01  2.70618594625669790E+01  1.67389685983861300E+01
  5.77180454669814490E-01  2.34403215612851450E+01  4.13018541088302800E+00
  4.06599624824484800E-01  7.04394357465108460E+00  5.16537281395092670E+00
  4.65278877330243820E-01  1.12901949592851170E+01  2.86566698460395450E+01
  3.07263188066738420E-01  3.72318046088247320E+00  1.84885549960583870E+01
  3.88697647565240350E-01  3.34584304224701960E+00  6.52107144385362680E+00
  6.62122603690132470E-01  1.51987595940722840E+00  1.09314016370076270E+00
  3.79322922295397280E-01  4.07342905823980050E+00  2.66462770738423910E+01
  3.53063097104977870E-01  1.65481811870065200E+01  1.87636460170145090E+01
  6.88885956497308970E-01  2.91933054537602390E+00  2.85327458356773070E+01
  5.33066537704075310E-01  7.92244520143765920E+00  9.26237294122248400E+00
  3.42074681651230290E-01  1.65214106123512540E+01  1.56357076050604710E+01
  4.24351701398837560E-01  1.11301372856169090E+01  4.80775305412130030E+00
  2.92456502136063850E-01  2.19014639284613680E+01  9.94001442724977660E+00
  5.90639534364661320E-01  1.23337301764099830E+01  2.84974971171977960E+01
  4.09705559579089850E-01  2.46245868687575150E+01  7.61172442948059660E+00
  3.59079136884617700E-01  1.74152835823323540E+01  4.88019044909016570E-01
  5.27599340399055180E-01  2.04875034289134030E+01  1.78280702386831390E+01
  5.38382256471750510E-01  2.59999686292069610E+01  2.27085319200442370E+00
  5.96963967672292380E-01  1.33569835573041080E+01  1.09017723260260420E+00
  2.96503602823160150E-01  8.52455717264511040E+00  4.31599538703313620E+00
  3.64593218166308700E-01  2.45405539957623800E+01  1.71522451779981360E+01
  4.18947112612636110E-01  2.64463052209058310E+01  1.37588012963374720E+01
  5.40946473112310590E-01  1.14302167936046500E+01  1.36610928939155690E+01
  3.35017483125717060E-01  8.40675986807464960E+00  2.90918787055621310E+01
  4.75626642073745920E-01  1.64196577370519140E+00  2.48644620890599020E+01
  3.04461637453634990E-01  1.36506492355584110E+01  2.14614551147257370E+01
  4.36315933331792570E-01  2.14342002260800800E+01  2.14892286580094200E+01
  6.77666041374141330E-01  2.85623703898417420E+01  7.86845159038321020E+00
  5.67035311113654220E-01  2.38790031966739170E+01  1.55850609458107950E+01
  3.38650161839631010E-01  3.33251223116265920E+00  1.32765599629710170E+01
  6.94010183176834960E-01  7.79030693922783880E-01  8.69958492557238120E+00
  7.10410487391814980E-01  8.43869866166363280E+00  1.42067518887459650E+01
  4.54567147313974470E-01  2.37700377130594450E+01  7.48693155722219660E+00
  2.52169786807371790E-01  1.18260836405877010E+01  2.58163120886829450E+01
  3.01799748246536660E-01  1.10246492557652300E+01  7.16524746437159350E+00
  4.27719079604653450E-01  6.51905126028774350E+00  2.52656184260112790E+01
  3.87762191716535260E-01  5.06416153937533850E+00  7.63455506578049550E+00
  5.72951670348821020E-01  4.77667669272214650E+00  2.73636542591314650E+01
  5.09222041678605210E-01  2.63458538567625520E+01  1.79983195928382140E+01
  5.25993347610763350E-01  3.07775978634981100E+00  1.03329856044284850E+01
  3.12648490279368120E-01  2.02809804591599560E+01  2.22942814475437920E+01
  3.32399546609116130E-01  1.53967424973354530E+01  1.78880114905163870E+01
  4.43807889241729470E-01  2.25649786448502210E+01  1.30371941765778740E+01
  3.44170209092795430E-01  2.11057586672226380E+01  4.53734445265985900E+00
  2.54824432159977790E-01  2.66642747378190280E+01  1.70639979055064510E+01
  4.21963532045373490E-01  2.42696304751706860E+01  2.64262182641671610E+01
  4.11696508529454960E-01  1.42865075989868550E+00  3.03267819805588210E+00
  4.11346310528290360E-01  3.20281988579076060E-01  1.23527304756759140E+01
  6.16837537735261420E-01  1.91055086048250010E+01  6.38347106451446680E+00
  4.83570943621045310E-01  1.48362897588520180E+01  2.86521350804833580E+01
  4.32382463464541460E-01  1.95234462931306330E+01  7.34660211719481100E+00
  5.92513140571182980E-01  1.09831522720289920E+01  2.57667348413386250E+01
  3.55036581058269410E-01  2.45257432759485780E+01  1.64327193338497750E+01
  4.74581552528920360E-01  1.66719494385824020E+01  2.57877683376498460E+00
  3.44905765886116280E-01  3.68226206402639810E-01  2.25537595621187890E+00
  5.96963967672292380E-01  4.05454525695196730E+00  2.19857390900307230E+01
  2.68569610726517900E-01  1.53360733413182130E+00  2.41211133835242750E+01
  5.80290806494985740E-01  2.01035228832617780E+01  2.94527924883342930E+01
  6.25336422111717830E-01  6.32792473243730580E+00  2.95041742313596270E+01
  6.17452885167652710E-01  1.67506354381086950E+01  2.74764723150118610E+01
  3.29506256422424390E-01  2.43240450046237590E+01  1.48067664030214580E+01
  2.58355477869490890E-01  1.44141242427566920E+01  2.35627676510672290E+01
  4.69641390777102340E-01  9.95540997851338180E+00  5.68299098185699240E+00
  3.49095179616795370E-01  1.80377240685609730E+01  2.50439546627822760E+01
  3.27988333844876360E-01  1.21442311482936080E+01  2.11804523793562250E+01
  3.86383264228710210E-01  1.72383779455973210E+01  1.02291421249361430E+01
  4.75543307221801650E-01  1.56582240524584120E+01  7.50458035118239940E+00
  5.07815655211632320E-01  7.01069789953442960E+00  2.16051582363777650E+01
  6.08088426536500660E-01  2.55444290039465470E+01  7.17810187974679610E+00
  3.93024383017402490E-01  2.01689732722710470E+00  1.66684179809026850E+01
  7.48336469443998900E-01  2.35280346568697990E+01  2.19072410489671480E+01
  3.13454063710418570E-01  2.96761145934637090E+01  9.33350348693764430E+00
  4.43133439323318520E-01  1.34973651050595200E+01  1.95569972493414210E+01
  3.62493203924014780E-01  1.86360689204342620E+01  1.28707429126054670E+01
  5.72881440675418570E-01  3.27204183864500740E+00  7.47977458519627710E+00
  3.71299762957800540E-01  1.24058187775405350E+01  1.08926457403629050E+01
  5.13143010843963320E-01  2.34226313449489750E+01  1.46066896096945000E+01
  3.87533216804236250E-01  8.20841416037045770E+00  6.35082316747945170E+00
  3.90540239164096370E-01  2.59430173974783610E+01  2.41069751762210420E+01
  4.11696508529454960E-01  5.52771148665471660E-01  9.78168671550583290E+00
  4.19670751191123690E-01  2.04323971340489980E+01  2.30163821841058680E+01
  5.39922025342825940E-01  1.52992979319270730E+01  2.95649176778206880E+01
  3.73125396709624990E-01  2.59398297597305890E+01  6.28140558242678890E+00
  5.72628172168292430E-01  2.26250958767479060E+01  1.86691741333179700E+01
  5.63660960642019760E-01  8.75958946718279030E+00  1.67478702158328470E+01
  7.54397230300637300E-01  2.01762026694605080E+01  1.53867456105175600E+01
  4.07877171249442140E-01  1.73342170617219050E+01  1.99808408697513290E+01
  4.61178090502161720E-01  1.09075771991217430E+00  3.83564818214117910E+00
  3.50974061745161330E-01  2.03499827310453050E+01  2.69986231638686580E+01
  4.22541054278063120E-01  4.07046448524812550E+00  6.88578815048760970E+00
  3.25036994184950640E-01  2.62783782809305230E+00  5.77414418400224160E+00
  4.96042965314236020E-01  1.89009510949961170E+01  1.93817043072344500E+01
  3.04461637453634990E-01  2.13191387731119840E+01  6.40262017282563620E+00
  4.21290506291976640E-01  8.97766584610427290E+00  2.45216026091102210E+01
  4.26578460793149810E-01  1.14936006482966580E+00  2.63585971265206420E+01
  3.91816801400439550E-01  1.24049964990093750E+01  1.83523683541118780E+01
  5.32262962461145860E-01  2.51086159782794200E+01  5.92400533878783620E+00
  6.07718241283317260E-01  2.32831471139848670E+01  3.72082425755124380E-01
  5.13425754976809310E-01  2.01248412410201990E+01  1.22011976386712270E+01
  5.46829204411607870E-01  9.63181326226107080E+00  3.30567667569104270E+00
  2.99038091422116640E-01  2.39521961049332040E+01  2.08340644997844110E+01
  3.65374026971610010E-01  2.60455158581959910E+01  1.70315213826136610E+01
  3.46733456860136300E-01  6.57568611447942250E+00  2.35818692821139950E+01
  5.01833768532536340E-01  1.37222262188145510E+00  2.78364163670755250E+01
  2.88617724104866640E-01  2.88646555056521240E+00  3.05061169708266490E+00
  3.13454063710418570E-01  1.99626440404158490E+01  1.43407209822790730E+01
  4.43756654693070110E-01  2.42257861867728900E+01  1.87017921759005570E+01
  5.20369884994360540E-01  1.73833889602480130E+01  1.56065477955385960E+01
  7.41720708060832300E-01  6.15152144364050550E+00  7.33268982902321120E+00
  2.99038091422116640E-01  4.47150895494155790E-02  1.53485724569503040E+01
  3.93024383017402490E-01  1.62455605475805280E+01  2.49150416780856290E+01
  2.53364602799301860E-01  8.61549910143356890E+00  1.11402459021309210E+00
  5.48463672908306780E-01  2.65193778080372520E+01  1.90416725862632710E+01
  5.63660960642019760E-01  2.33345032327185070E+01  1.23879262601924670E+01
  4.99487474973056500E-01  2.92615275191860600E+01  1.28905369993004120E+01
  5.32488384254616510E-01  5.88149437125660410E+00  2.73622396100927790E+01
  3.62493203924014780E-01  8.25425171552326550E+00  2.48228267557096450E+01
  3.90540239164096370E-01  1.56717012835398610E+01  1.13735866890519400E+01
  6.25248164210708260E-01  7.11751428382659770E+00  1.89216010061459980E+01
  3.93024383017402490E-01  2.56160002707014270E+01  2.08046376140393510E+01
  2.83517655556827110E-01  8.82797542527445960E+00  3.09903764686397000E+00
  5.16562546778196820E-01  2.69022369914264880E+01  1.01973354908206630E+01
  5.96777348356598920E-01  9.24623623887601380E+00  2.95514549325646600E+01
  3.35017483125717060E-01  1.68899732536021540E+01  2.26841441399465820E+01
  5.69344335137112000E-01  2.15531341057421950E-01  4.37683211389811260E+00
  5.55509338843663690E-01  2.81985992007138970E+01  2.75504388044661570E+01
  4.09775903561979240E-01  2.32515772451252080E+01  1.35442132829407880E+01
  3.20574425314766210E-01  2.79363803562100940E+01  1.05141585262278880E+01
  5.39466591144820300E-01  2.52402758368734550E+01  1.27288664653584900E+00
  5.18725390566230620E-01  2.07371439402763120E+01  1.88431237595252060E+01
  3.62493203924014780E-01  2.71886047506335690E+01  1.84244171237181180E+01
  4.23675716525973380E-01  1.18297972310467700E+01  1.68662841129590930E+01
  4.13050329149462850E-01  2.81264823881831420E+01  2.19574123633336560E+01
  3.01731430220296380E-01  2.49706838707043840E+01  2.62469074731727970E+01
  3.48156346672602490E-01  1.98314161699768760E+01  2.65169251297561530E+01
  6.83531487369900860E-01  5.17476745819394870E+00  1.25543673454083410E+01
  3.27197753470684690E-01  6.33213207115930390E+00  8.38580891060955840E+00
