1
  1002  2.96924426640336700E+01  2.96924426640336700E+01  1.00000000000000000E+00
        0.00000000000000000E+00  0.00000000000000000E+00  0.00000000000000000E+00
  2.54824432159977790E-01  1.83568835027502680E+01  2.11929896188025640E+01
  2.84029264846615530E-01  7.61067588018060630E+00  2.16754630350071120E+01
  4.62836237406567810E-01  2.16062912369070400E+01  2.30574818334074470E+01
  3.33973424357718240E-01  4.76184959561941670E+00  2.30956534075349790E+01
  4.91872428060923640E-01  1.00884305103396750E+01  2.64031924733735830E+01
  5.52490392167627680E-01  1.44079731177148410E+00  1.01213526990432940E+01
  5.39466591144820300E-01  2.25080508276533850E+01  8.08363223853490000E+00
  5.65219172841477580E-01  1.50099156000211750E+01  1.16615833028448840E+01
  3.53776024442120150E-01  9.64563410403447820E+00  2.41758185528063510E+01
  5.54611473665029210E-01  2.86382014366589100E+01  1.31208328694421890E+01
  4.81368497469048420E-01  2.83998750568483520E+01  1.11111914780619790E+01
  2.84672167568555990E-01  1.47106030910664580E+01  2.28889921276925070E+01
  3.06898385793053400E-01  1.09983871797594140E+01  1.39079850587365340E+00
  4.49954956992444630E-01  7.19883362705195930E+00  8.32895198972150120E+00
  5.88686278844574580E-01  2.06423596776617940E+01  5.05657349850904490E+00
  4.36315933331792570E-01  2.71218223944967960E+01  1.48535358324534440E+01
  5.46155746035104350E-01  4.32799077360016680E+00  1.74784659785527160E+01
  4.11346310528290360E-01  2.40473470090528210E+01  5.16340263403206470E+00
  7.44650008855257360E-01  1.52134206881247740E+01  5.87915837859086570E+00
  4.68162992243922280E-01  7.84181127912601280E+00  1.60152122822954050E+01
  7.11073931023246340E-01  3.37816450484317740E-01  8.36889569116368650E-01
  3.02034441597155470E-01  1.99571331669901260E+01  1.26147503333938930E+01
  5.12509616084684260E-01  2.31930679876721120E+01  7.73621386393682900E-01
  3.40422717275118370E-01  2.53494271912469030E+01  4.43757513413781710E+00
  6.65634982039605120E-01  4.09951978809119130E+00  2.76571475532392590E+01
  3.75295693565172690E-01  1.08644404385402280E+01  2.12504032530353690E+01
  4.75626642073745920E-01  9.79621879187160440E-01  2.54356036806485690E+01
  4.72038094207023740E-01  2.39420570639396250E+01  8.87854022213258350E+00
  4.29902962432020440E-01  7.58369998112302040E+00  1.28480084732707740E+01
  5.68910711623079470E-01  2.31426924956945830E+01  1.86508753646887970E+01
  3.07263188066738420E-01  2.14993385928899660E+01  1.18554171155535130E+00
  6.10911033360540580E-01  3.67713775534553420E+00  2.46405729931127200E+01
  3.43353541919950760E-01  4.43768466089260900E+00  1.58499527764593660E+01
  3.15231116497538320E-01  4.10871544508465010E+00  1.52809710981380000E+01
  3.78068289465320630E-01  9.51365282632253790E+00  1.15839648434816970E+01
  2.54824432159977790E-01  2.24939668442083590E+01  2.17732009159624910E+01
  5.44558358435121190E-01  7.95844605534797190E+00  1.19502611991200820E+01
  3.56000803327192820E-01  5.70525591445357880E+00  1.24701387176077390E+01
  3.13454063710418570E-01  1.98495419252539770E+01  2.24165003410847130E+01
  6.12591031919131530E-01  2.62467216719345940E+01  1.42773841429314570E+01
  6.47236078597052340E-01  2.91165110666746970E+01  1.48897544641199020E+01
  2.65726189967390210E-01  9.52512131197534020E+00  3.33409852075809090E+00
  2.96653470797716330E-01  1.72615001316280400E+01  2.14819633192177230E+01
  3.45648959319623030E-01  1.21368766607450100E+01  8.72200205434905480E+00
  3.13454063710418570E-01  1.82594962535881290E+01  2.43973030009598340E+01
  3.39073066583844400E-01  2.43194631067935100E+01  1.46576137166663720E+01
  2.96256570285591500E-01  2.16305404396712650E+01  1.96994823942085130E+01
  4.19081387041561550E-01  2.66890367246628950E+01  1.23377009864663340E+01
  7.08391389715138510E-01  2.35469766097701340E+01  2.18769160829973110E+00
  7.16035261746952050E-01  1.28163564906535110E+01  2.43714279409520960E+01
  4.43133439323318520E-01  2.24153171431393550E+01  2.63494943582312450E+00
  2.73281005279713530E-01  2.67163731726796530E+01  6.74180588233955010E+00
  3.35017483125717060E-01  1.32905972193418330E+00  3.18234593034626640E+00
  5.09222041678605210E-01  1.86668796243342610E+01  2.83200560955080500E+01
  4.27719079604653450E-01  1.27093590575241570E+01  1.99737766512189620E+01
  5.81299825206354370E-01  1.30593315842383750E+01  2.22922012076699150E+01
  5.46155746035104350E-01  1.56133766800633640E+01  1.91904865942747880E+01
  3.05466220251299840E-01  2.50839676807026350E+01  1.21808765530134890E+01
  3.11838068626578210E-01  2.50994910133115790E+00  2.10157946051851750E+01
  6.27423008989955560E-01  1.24906085087904600E+01  1.45516526324389340E+01
  7.12424816007452400E-01  9.11011260645888400E+00  9.18059673611850970E+00
  4.41140732643827070E-01  1.14575028015645370E+01  1.83070753771073140E+01
  3.80273533482480450E-01  2.91302141617619410E+01  8.86112520725453300E+00
  3.29796701345061780E-01  1.54067024147782200E+01  2.17391379444633690E+01
  4.15252526658189590E-01  7.09723499377412640E+00  1.15055964004082580E+01
  2.59062449636064510E-01  1.36346636426417070E+01  9.43337906386011050E+00
  6.18419083689772810E-01  5.46118384584216800E+00  2.75263592498114490E+01
  5.04213456464067280E-01  2.09146116481052860E+01  1.00309739092696970E+01
  3.48156346672602490E-01  2.24255486193901410E+00  1.57174844478597110E+01
  2.89042915761794110E-01  1.28114205726310180E+00  5.77336364891826290E+00
  3.05466220251299840E-01  1.93990580212887770E+01  2.66985706934696300E+01
  6.49919166153384610E-01  1.38623712601148890E+01  1.97887512395796250E+01
  6.14379095469630790E-01  1.04541883228893330E+01  1.86309904704844980E+01
  7.00411917450214720E-01  1.12786331728462840E+01  1.62492455941481030E+01
  5.69344335137112000E-01  2.25292756950877900E+01  2.35165985531907080E+01
  2.57564851167384970E-01  2.23754810427804960E+01  1.89557521124776860E+01
  4.13050329149462850E-01  4.94264810074979440E+00  1.95885048350204870E+01
  6.18419083689772810E-01  2.37030026211068010E+01  1.31348908152897380E+01
  4.26523982883737140E-01  1.05106137196927920E+00  2.45363919084334580E+01
  3.78209123272245940E-01  6.74499787570809590E+00  1.41064910651648890E+01
  2.63055759251188670E-01  9.62897650825533450E-01  2.71023884863208010E+00
  5.00274833943758600E-01  1.23923600945282060E+01  2.32321187023106860E+01
  6.01687927537542500E-01  1.41946358228615140E+00  2.88264415785931580E+01
  4.86073626967704090E-01  2.88936791388995540E+01  2.00017182702296240E+01
  7.62474117278193650E-01  2.55132448374856860E+01  1.62503939238830920E+01
  4.87886881528419990E-01  9.35865590393368410E+00  1.75526421190290200E+01
  2.99038091422116640E-01  2.64303122490948400E+01  1.68438920530941480E+01
  3.50974061745161330E-01  2.40510056600674000E+01  2.14294256139057850E+01
  6.10572080928614460E-01  2.74643271574785040E+01  2.67440949403271160E+01
  3.01731430220296380E-01  3.05436361800738570E+00  4.24095101048433780E-01
  2.59062449636064510E-01  1.00554248209391800E+01  1.19190324918361710E+01
  6.99477888048091770E-01  2.31592768640489840E+01  9.74937762141794910E+00
  4.41666133880560000E-01  1.62094370798007290E+01  2.79167696070880990E+01
  6.86210935380316480E-01  1.68577099113727230E+01  6.55816699173641910E+00
  5.27425300578987690E-01  2.03649669050508210E+01  2.48991442735408870E+00
  7.54505484792745040E-01  1.12798656736944290E+01  2.60426772351955980E+01
  4.11696508529454960E-01  9.45828030238806860E+00  2.05690522636078370E+01
  6.26517897412854200E-01  1.79196453971552930E+01  4.06129589422388900E+00
  5.72142532162989690E-01  2.82250631376658490E+01  2.24311346707288450E+01
  3.47451934045076260E-01  1.22067770679379310E+01  1.85451177384340870E+01
  2.57564851167384970E-01  2.21857436672798120E+01  1.48829612750117040E+01
  5.33859136323620030E-01  3.38180073075429810E+00  3.81945743606417490E+00
  2.69169509893181310E-01  2.24785876723590230E+00  8.43886794154702180E+00
  4.24351701398837560E-01  4.77153353041374830E-01  9.96151156490077130E+00
  3.11762329988951370E-01  1.49768118040929610E+01  1.33821968443324300E+00
  3.50974061745161330E-01  7.83734606423481050E+00  2.85614791356436370E+00
  2.66929568161810020E-01  2.59611685660065600E+01  2.81641249793839280E+01
  7.20816873845379820E-01  1.32232676225643910E+01  2.10005272409439560E+01
  4.22201084465533680E-01  1.97503467603282520E+01  2.42624955587750650E+01
  3.09209541844886400E-01  3.88313576460189310E+00  2.67007334847036900E+01
  2.62213147743524950E-01  9.94426918968900610E+00  1.32000318681980140E+01
  7.60411681679863700E-01  3.23928937110689350E+00  2.02306997801921860E+01
  6.67521681419926690E-01  1.93284935694097730E+01  2.15491539944757380E+01
  4.37954134865551840E-01  1.78136053281002840E+00  2.49981918528273500E+01
  7.16654247500547470E-01  7.53778809343033270E+00  1.83176557045246490E+00
  7.12424816007452400E-01  2.02661574353845320E+01  3.81170994320675260E+00
  3.61198882346046800E-01  1.35788217414010400E+01  1.57902690840020630E+01
  3.82245446386266610E-01  2.57769603570531810E+01  2.19569370607767990E+01
  3.58737518624021320E-01  2.33128986801075120E+01  1.54294177893845850E+01
  5.81547682683179710E-01  3.04285088748168510E+00  2.69963167821854380E+01
  4.21963532045373490E-01  4.02869073508427270E+00  1.26886751916484130E+01
  3.12648490279368120E-01  2.93273639646694410E+01  6.51332052712073660E+00
  3.25036994184950640E-01  9.09695078191840880E+00  1.09003174500393310E+01
  3.83290088603488770E-01  1.39195158365603340E+01  2.18560260768958370E+01
  2.93443024193560210E-01  5.46801204232075830E+00  2.54233054210288110E+01
  2.66929568161810020E-01  1.37508356564842380E+01  1.63937065113579440E+01
  2.99038091422116640E-01  1.94614791891072160E+01  1.00095728940242650E+01
  6.00040109246873770E-01  2.13392827912607570E+01  3.05684615315893590E+00
  7.14535578675763720E-01  2.52501941176532650E+01  2.66957098156661420E+01
  3.06898385793053400E-01  1.08906980460665960E+01  1.78212172174463460E+01
  3.45648959319623030E-01  1.10143170290800290E+01  1.01914561024877750E+01
  3.87046365911375680E-01  2.89365970965644270E+01  9.31437891873559560E-01
  6.56539952722306990E-01  3.06595956024691580E+00  1.40235930142293980E+01
  5.07436062422724900E-01  1.29806895237898900E+01  1.64735959416397540E+01
  7.39270392714900380E-01  1.29540294695229880E+01  1.77570233881793340E+01
  5.38024295323284910E-01  7.32620906977493910E+00  5.90018776787360900E-01
  7.33199636544987770E-01  3.93726562671618440E+00  9.39780940168956570E+00
  6.31923671661538840E-01  1.11558312724754980E+00  2.12803883733158410E+01
  5.72951670348821020E-01  8.69966025583709170E+00  3.18629383650780620E+00
  6.40456937776772590E-01  1.67651474335723590E+01  1.00752134722670800E+01
  4.77241894706072770E-01  2.22094709794851080E+01  9.05486301762206120E+00
  7.64764367446448820E-01  2.90087839301652150E+01  5.48453153205522700E+00
  7.16535845940979770E-01  1.10228715108253520E+01  1.20442103073195510E+01
  3.10705613459761840E-01  1.26370665030478070E+01  3.39800985174131580E+00
  3.89901968262705180E-01  2.00682269746489940E+01  8.69020554141124180E+00
  7.15011499502423580E-01  1.41623070435197270E+01  2.61791987473005960E+01
  7.60297905848187840E-01  2.49685193238567390E+01  1.95254056008173150E+01
  2.65726189967390210E-01  2.01709485606282650E+01  1.96456035876206950E+01
  4.53492046339069340E-01  2.24716832217165070E+01  2.62146179470892480E+01
  5.18725390566230620E-01  4.89237050019896100E-01  2.08903362629382800E+00
  4.24020504903543660E-01  1.07086012659059000E+01  9.48673069818308080E+00
  5.17634268500846420E-01  7.58440619210063890E+00  1.37943249463174520E+01
  4.54567147313974470E-01  8.98133326384147600E+00  8.02156644357762440E+00
  3.65965634987757580E-01  2.06039144064619180E+01  9.22067805572637060E+00
  2.96256570285591500E-01  1.99469689200976460E+01  1.14149747955875290E+01
  5.50543265074639000E-01  1.32208825916660880E+01  2.70228763869079100E+01
  4.46540105696671490E-01  2.91226828964997750E+01  1.19014677809680340E-01
  6.47236078597052340E-01  8.12217746882252990E+00  2.76603840276978730E+01
  4.82769235883485770E-01  8.18934411988358410E+00  2.37554040534463700E+01
  2.97529618718302210E-01  1.42072161856733350E+01  1.67251724257853600E+01
  4.13811620468168510E-01  1.08427382755906180E+01  1.09298774637743890E+01
  4.87785457169642190E-01  4.37585289019662940E+00  2.23723282755663820E+01
  3.41778742319800830E-01  1.78957035624487270E+01  2.38523437938797220E+01
  4.05793634226126800E-01  1.15181473868450050E+01  1.87832965752370300E+00
  7.14516279726398110E-01  2.23627219771324590E+01  1.25429469632211750E+01
  3.71799304162545760E-01  9.77976831327433690E+00  2.34627861013808530E+01
  5.77820253962530560E-01  2.39277958729653440E+01  2.63348356823136920E+01
  4.75626642073745920E-01  2.45337149851957260E+01  4.42267619724693080E+00
  5.46562010559427060E-01  1.14614370240430150E+01  2.27542441909755340E+01
  3.29506256422424390E-01  2.24322298533769780E+01  2.44086707304274530E+01
  2.62213147743524950E-01  1.22112574183596760E+01  1.64875009678107320E+01
  3.63105686475124490E-01  1.76781937702185240E+01  1.53871066442828240E+01
  7.08391389715138510E-01  1.16511356231277110E+01  1.94797003494602340E+01
  4.26578460793149810E-01  2.82001533200825080E+00  9.70697433466183670E+00
  6.08873319065221350E-01  4.97370413987674010E+00  1.30989522138312720E+01
  5.39466591144820300E-01  2.76037848794432830E+00  1.21218898467935120E+00
  4.66553963192992600E-01  1.47199031092624380E+01  2.21392913217072300E+01
  4.82771447840326400E-01  8.24861906947685950E+00  1.45412979941591000E+01
  5.13004586318856950E-01  2.45841236882247750E+00  1.05829810202332550E+01
  3.17084428049163950E-01  8.24664853718795500E+00  6.40024101847380140E+00
  3.50974061745161330E-01  4.93601135504114200E+00  1.21405566068907320E+01
  3.82382183723224410E-01  1.02209881903061160E+01  1.76621767600535580E+01
  3.77759649416993960E-01  2.53292442398950750E+01  8.94432814693593240E+00
  5.74203886104520670E-01  2.30411931034645260E+01  2.70693708735054450E+01
  4.11346310528290360E-01  4.94936736655566720E+00  9.93108069822048560E+00
  5.06367095649294540E-01  9.64300309233648000E+00  6.59707744191076720E+00
  6.01687927537542500E-01  1.90845244692031560E+01  8.57400995460068490E+00
  2.49794182180603610E-01  1.88935684088682870E+01  2.54744508410192200E+01
  6.11481049571092420E-01  1.59917889759075840E+01  1.43245680169727270E+01
  5.03927515451986880E-01  1.49188932889367100E+01  1.84031577105791620E+01
  6.35485889077753010E-01  1.30784987278126630E+01  7.30283386422255280E+00
  2.99038091422116640E-01  1.39309430668494230E+01  3.88966398858962170E+00
  4.22541054278063120E-01  1.39981620879294280E+01  2.26574878743034280E+01
  3.05466220251299840E-01  1.54515057800721230E+01  1.64970146527791570E+01
  2.62213147743524950E-01  2.08860212649004000E+01  2.18956031629337000E+01
  3.61769499680632390E-01  2.72746386178726680E+01  2.08747218057236200E+01
  2.47647088603063280E-01  2.51494032658876530E+01  2.20067722010271720E+01
  3.11155895623034430E-01  2.29053487667489220E+01  4.33052896050409330E+00
  2.66929568161810020E-01  2.31516383327156420E+01  2.59514380838121030E+01
  6.90395435464654740E-01  1.45181670702828660E+01  9.08750203906465790E+00
  2.96503602823160150E-01  1.67090877528493460E+01  1.61487591003966490E+01
  6.57722721512726150E-01  7.17038041645226000E+00  4.75022153871980100E+00
  7.24777883420223110E-01  2.14167399721251460E+01  2.56902969134756100E+01
  5.48279863025970290E-01  5.96781874919916430E+00  4.67811726324779720E+00
  6.40748513009616880E-01  2.48391401927536460E+01  2.83132124056209020E-02
  2.56092450391898300E-01  2.85732368536495540E+01  2.16798413841703130E+01
  7.17499092254363010E-01  7.08657469877892860E+00  9.61681250902578810E+00
  4.66141488621800890E-01  2.13506149608841010E+01  1.99192567562810260E+00
  6.33759023001558490E-01  2.23613518922530300E+01  1.56025775210844580E+00
  5.48279863025970290E-01  3.57325764486135620E+00  1.60619469246794250E+01
  4.19081387041561550E-01  7.45092598679935230E+00  2.29097085441342930E+01
  5.70902198024309190E-01  6.86969444540168260E+00  2.12490027323614290E+01
  3.17950877609215300E-01  2.84999316530681670E+01  2.44341486012176960E+01
  5.96963967672292380E-01  2.60741851040260750E+01  9.32157179026974530E-02
  6.18832453479690690E-01  5.89177136056320800E+00  5.84124385350523130E+00
  2.63339374245984010E-01  5.49470873908746430E+00  2.14315123151101760E+01
  3.55036581058269410E-01  3.39715264348973940E+00  2.83958364622361760E+01
  5.84913004272127690E-01  1.87378305276244180E+01  2.04453604924105190E+01
  5.77235448209733180E-01  5.68581014618411200E+00  2.62659153489599570E+01
  5.01105313190319460E-01  2.19227773011413160E+01  2.04400329047783770E+01
  3.83598938984435380E-01  1.56216563513566790E+01  1.52479822871708000E+01
  5.98360795606824340E-01  2.15038755099441800E+01  4.24295561349183980E+00
  3.41778742319800830E-01  1.90525608620152730E+01  9.51668309865823050E+00
  3.29796701345061780E-01  2.00838650457526140E+01  1.00898095236399460E+01
  3.84420431658369740E-01  6.05148665968107570E+00  9.99244794427131570E+00
  4.91872428060923640E-01  2.73824530661446990E+01  1.17471292610513790E+01
  2.93443024193560210E-01  1.90081894566886800E+01  1.32218907814428550E+01
  5.81299825206354370E-01  1.68594123939607670E+01  1.35059500356375040E+01
  5.68243553274813350E-01  1.67625072042486850E+01  2.07665032421577110E+01
  5.39001667068871980E-01  4.85364415967131450E+00  1.85788961913904590E+01
  7.01587183784351610E-01  1.90086965971805280E+01  1.17512959390455660E+01
  4.45239477383046460E-01  2.03721007938685010E+01  1.08087894274947390E+01
  5.39001667068871980E-01  9.30252668424529180E+00  1.86196129177550200E+01
  2.86134314477376340E-01  6.04226907520482740E+00  2.14708014781073370E+01
  7.70254277643880240E-01  5.79768630843475470E+00  2.04437007453732630E+01
  3.45648959319623030E-01  2.34503130229010460E+01  2.10791065867720280E+01
  3.39481361119070080E-01  1.05669225340030110E+01  2.82068692766961040E+01
  3.04461637453634990E-01  2.33932441750525870E+01  2.33916643203087700E+01
  5.20369884994360540E-01  1.96218413168644630E+00  6.20959817435450480E+00
  2.65726189967390210E-01  2.83606436009062290E+00  1.55614213668993510E+01
  6.26908127420837150E-01  1.23341710993286960E+01  2.51110189743408440E+00
  3.48480710258510130E-01  2.71063578903199660E+01  1.77000139741780990E+00
  2.96653470797716330E-01  1.89797992921453940E+01  7.68190895661171340E+00
  6.31923671661538840E-01  2.33917502103270150E+01  2.43520016536078110E+01
  4.09705559579089850E-01  1.80719318208465690E+01  2.90315216599010030E+01
  6.72499163702481620E-01  2.94708194632993250E+01  2.75414143165901670E+01
  2.84029264846615530E-01  2.85020236660128820E+01  1.56077958903840080E+01
  5.34631033075580400E-01  2.55335943646225270E+01  1.05537870912285360E+01
  6.17076625982510940E-01  6.10955655729621760E+00  7.05617316484743550E+00
  6.55074006360275090E-01  8.49084032994127290E+00  8.46170303134062780E-01
  5.46562010559427060E-01  6.93257465521854680E+00  2.77536202351958820E+01
  5.17626013175185660E-01  4.92462891412836790E+00  5.24530819936566230E+00
  5.82207618145930890E-01  1.71090623486390850E+01  8.33664997534546440E+00
  5.98268629341587580E-01  9.18191901297645610E+00  2.70073999237716010E+01
  5.34553382826858140E-01  6.16982643875002520E+00  1.17105852820985880E+01
  3.76753951196820710E-01  1.46044449149505890E+01  3.94509417588293620E+00
  7.52518120402026810E-01  8.19031112658768560E+00  1.79670082413640200E+01
  4.81368497469048420E-01  8.36824186019865300E+00  2.18343603576259080E+01
  6.47413426355271770E-01  9.36490233582484600E+00  1.47127291110980670E+01
  3.05466220251299840E-01  2.19324232997101730E+01  2.47989624903488060E+01
  4.46689977500956030E-01  3.22262101220158530E-01  1.42490750769493600E+01
  6.18566685513849460E-01  1.50858831624016500E+01  7.90900074577518450E+00
  5.36592099856838090E-01  2.57844358569950740E+01  1.26452585470391110E+01
  5.09574347305064630E-01  1.69900700547203840E+01  2.53163496182074520E+00
  4.92328788949218680E-01  2.65518141958341300E+01  1.80259105870254680E+01
  4.83351594707823830E-01  2.42702687350007270E+01  1.67294915733204340E+01
  4.40650972415989980E-01  2.91778308933807690E+01  1.16034434576704490E+01
  6.10911033360540580E-01  2.61548621009809100E+01  7.55147166967841700E+00
  4.34172467284937990E-01  8.85012755636344470E+00  1.37624363722160460E+01
  7.03188417218805210E-01  1.75445503053145910E+01  1.45387140262487110E+00
  2.92799561075502800E-01  3.51553219371832080E+00  1.56043504815577180E+00
  5.68243553274813350E-01  2.75658253942519700E+01  1.27910279415268530E+01
  4.60682082706054620E-01  2.06602153668822730E+01  1.16671869102325500E+01
  6.41715074739605920E-01  2.79749287011644580E+01  1.29565461924315770E+00
  4.55206736325743130E-01  5.75728593955737720E+00  8.06828652809715410E+00
  4.22201084465533680E-01  2.59265565818021140E+01  1.73594741205337040E+01
  3.63079661055833470E-01  7.54533476729271870E+00  2.94086770399487850E+01
  2.63055759251188670E-01  8.92328721827020390E+00  6.26068148827735720E+00
  5.32877675645020420E-01  1.34625571589921370E+01  2.23192474059735170E+00
  5.77235448209733180E-01  3.43061387396316380E+00  2.59052485801755200E+01
  4.09775903561979240E-01  6.34409319660304320E+00  2.70004681878644600E+01
  6.93187364831086050E-01  2.35349603749635960E+01  7.04007474008466970E+00
  4.30054269381220950E-01  1.71726834262840810E+01  1.67079152676266320E+01
  5.07436062422724900E-01  2.46353329193257090E+01  1.38724578704281460E+01
  2.49948351789403130E-01  4.19066536966132740E+00  2.62299301296679670E+01
  3.16022212934137680E-01  2.59990485446667100E+01  4.34535349003995460E+00
  4.72818350263822220E-01  7.13846552232077870E+00  7.40865592382311980E+00
  4.46689977500956030E-01  1.95451832227113480E+01  2.86981753024209850E+01
  4.74581552528920360E-01  5.64694171734205770E+00  2.86601435717374220E+01
  4.86590143357422540E-01  1.89798235223473280E+01  2.47433530995503470E+01
  2.73281005279713530E-01  1.46434711825798090E+01  8.57775425808810430E-01
  5.20515140446715560E-01  8.73699926112009350E+00  7.07814048290977740E+00
  4.13811620468168510E-01  2.25853432386419930E+01  5.61415320174353380E+00
  3.81419328643079860E-01  1.98775800966295260E+00  1.82859239907157480E+01
  4.05593309893122810E-01  2.02325333895760830E+01  1.70921799600399990E+01
  5.85380732291966590E-01  2.80169312172254270E+01  4.57032610759777120E+00
  4.06599624824484800E-01  5.17421393692706120E+00  1.71463696686853400E+00
  6.40456937776772590E-01  2.33770633548806190E+01  1.74655301782493170E+01
  4.75626642073745920E-01  5.73516886079307750E+00  1.03371484421887280E+00
  5.09222041678605210E-01  4.37393420773386050E+00  2.02091256854651570E-01
  5.77820253962530560E-01  2.81423222369062280E+01  2.77196287414480910E+01
  3.80273533482480450E-01  1.17927686621479850E+01  1.14238118534174070E+00
  5.01406606281285510E-01  1.39383321989920890E+01  1.01284301165319230E+01
  3.59079136884617700E-01  2.92015396332467180E+01  1.24024170213810070E+01
  5.94092381958372510E-01  8.67898474546443490E+00  1.67113859189065010E+01
  2.54611020839302520E-01  4.09076704249677550E+00  2.53999416954720980E+01
  4.99223721401470310E-01  2.43930973849106570E+01  2.86739627232828270E+01
  2.54611020839302520E-01  3.57521465389818350E+00  1.05377841567023010E-01
  3.20574425314766210E-01  2.18051683859568010E+01  1.88660651025257740E+01
  2.85767805251094040E-01  1.54616920848362830E+01  2.00076059746906020E+01
  2.54611020839302520E-01  1.56256618362026670E+01  2.05212716527206670E+01
  4.12246671516209600E-01  5.70924899007293620E-01  1.63004926041216400E+01
  4.41298336829792340E-01  2.54406574434610060E+01  1.15250611146782910E+01
  7.09985914168247060E-01  1.42661382632351260E+01  2.88442076696955780E+01
  6.80956647410425740E-01  1.30670718026543910E+01  1.09272928725636920E+01
  4.75338540515479570E-01  4.06796278579477470E-01  1.54296824247370130E+01
  7.49588614928249000E-01  1.40596993940829260E+01  4.93033960485996570E+00
  4.74033319401206570E-01  8.33835169402184210E+00  2.28106332885125700E+01
  5.20515140446715560E-01  2.85820829935067130E-01  1.71878529411085100E+01
  5.48131117613959250E-01  4.24248295772667470E+00  1.98130642428533910E+00
  3.46733456860136300E-01  3.35846749487592660E+00  1.30645097141770650E+01
  6.97384645011991290E-01  2.53965475525736610E+01  2.29672194150417610E+01
  3.78209123272245940E-01  2.79086320827005250E+01  7.92915827475886380E+00
  3.82382183723224410E-01  1.05688913665642730E+01  1.96195837098347570E+01
  4.46537248270915300E-01  8.46751139868465860E+00  2.50079975559583190E+01
  6.08690451339190200E-01  2.16633674350633570E+01  1.55733318548203470E+01
  2.59062449636064510E-01  8.60696762433509650E+00  2.11340555724848760E+01
  4.43756654693070110E-01  2.32047664193449100E+01  5.02254703746207550E+00
  3.18942867500738640E-01  1.90576432361127580E+00  7.04635706854692320E+00
  7.16535845940979770E-01  1.65844862076632960E+01  4.20322232395759080E+00
  4.62836237406567810E-01  1.24139784903695300E+01  1.34641392361111410E+01
  6.97384645011991290E-01  8.36034935817430560E+00  5.39404350305166600E+00
  2.47647088603063280E-01  4.21642202578785770E+00  1.66064956146366320E+01
  4.05793634226126800E-01  1.95206152353364290E+01  1.07677222330589050E+01
  5.37364664263313330E-01  1.65095897844208790E+01  2.18424938282306730E+01
  5.72881440675418570E-01  1.04579842346368960E+01  2.91113994119326380E+01
  5.04213456464067280E-01  1.63963746036827800E+01  2.41567090546010660E+01
  3.86557871019070410E-01  1.98182414941074930E+01  9.42469038332204430E+00
  5.62178328188990490E-01  1.55245216066088500E+01  3.43464906067913580E+00
  6.41715074739605920E-01  1.82302099410586570E+01  1.71015468687269420E+01
  4.54567147313974470E-01  2.70087174074213760E+01  2.93041958843419650E+01
  3.97011970696729720E-01  2.59145499106403750E+01  9.70399502604057320E+00
  3.99477862283745790E-01  1.72964608163602350E+00  2.30283782902770890E+01
  5.15931587153482510E-01  1.18966115999504800E+01  1.11758668512052850E+01
  5.98026541173087530E-01  1.21644991973342320E+01  2.85656174352139230E+01
  5.94917806945655060E-01  7.88540701574916620E+00  2.06775994859012010E+01
  3.86557871019070410E-01  2.11780532237530500E+01  1.91901014554746930E+01
  5.52347772924787250E-01  4.69444005324609210E-01  4.85075556495760910E+00
  4.05793634226126800E-01  2.63050180339853770E+01  2.88099992894085060E+01
  4.66753989857397040E-01  2.61940534692030020E+01  1.95617142271193070E+01
  6.77666041374141330E-01  2.68769627915718520E+01  2.78902911722423710E+01
  3.23306573977224420E-01  1.58530930996917760E+01  6.82669892891519490E+00
  6.88340418185590860E-01  9.92633204342086200E+00  1.03184966798857170E+01
  4.11696508529454960E-01  2.42687472317347290E+01  9.71040068293310200E+00
  4.03052389307286420E-01  2.46965228288585270E+01  2.38158456148096570E+01
  2.97529618718302210E-01  2.31009802893128690E+01  2.28655024882733640E+01
  3.13090147150790890E-01  2.39688597690977690E+01  4.78807338141418630E-01
  5.01435669612667030E-01  2.09607968946137010E+01  1.25804919446373270E+01
  5.26482748420329030E-01  1.45023464894248500E+01  2.02924259138340670E+00
  6.75156127532392600E-01  1.27122330802214200E+01  9.57510459265820120E+00
  7.20816873845379820E-01  1.46788930802464050E+01  1.58230406023332260E+01
  5.30006102735105960E-01  2.00978292506147180E+00  9.20127770559524730E+00
  3.43353541919950760E-01  2.82097664179476300E+01  2.50279855256166960E+01
  5.32877675645020420E-01  6.41591136318604160E+00  1.66677192123351010E+01
  6.44956217916396120E-01  1.42989805078906200E+01  6.92154580293072370E+00
  3.55036581058269410E-01  2.59052325998456010E+01  2.75411103031861800E+01
  4.30054269381220950E-01  2.36429973300111340E+01  4.26702099490403700E+00
  4.93734512940847830E-01  1.94438262821132210E+01  2.93035096825391900E+00
  3.42409596243210680E-01  1.59466575832959010E+01  1.33721683282559600E+01
  5.58952633370732950E-01  2.54342003831771240E-01  1.31937377281166870E+01
  4.49954956992444630E-01  1.41667487306036630E+01  2.43597257681455200E+01
  4.11346310528290360E-01  1.41029417320407690E+01  1.77072621492905750E+01
  4.72818350263822220E-01  1.15909602551413200E+01  9.33109259299838280E+00
  5.00672486592370710E-01  2.92955125056192540E+01  4.25232013834495250E+00
  4.15334611176110170E-01  1.30087126504846610E+01  5.43031401229100650E+00
  7.70254277643880240E-01  1.74128616144591040E+01  2.80535357124603880E+01
  5.32262962461145860E-01  1.98541010877656170E+01  2.04306699944798460E+01
  4.01880163826280960E-01  2.51981112867655130E+01  2.78109002819572950E+01
  7.41720708060832300E-01  1.59440949077650590E+01  8.96406238471495340E+00
  3.01674668393272730E-01  2.17432561023206220E+01  1.45424622361037240E+01
  2.66929568161810020E-01  2.25469112971791360E+01  7.26318757292034970E+00
  4.15334611176110170E-01  1.58576550729867630E+01  2.11483465387473930E+01
  5.20369884994360540E-01  7.74650389243849350E+00  3.72267517287267460E+00
  2.84672167568555990E-01  1.19051340201051370E+01  2.51084955398053500E+01
  5.18912146576496980E-01  2.51081735925321960E+01  3.61295266167333160E+00
  3.90540239164096370E-01  6.55156172665219040E-01  2.69396481513260820E+01
  3.63079661055833470E-01  1.60720786580443860E+01  5.15347748275628350E+00
  4.73113776075054650E-01  4.33907214549445540E+00  2.37823228279508710E+01
  5.55687039951364880E-01  1.81536144301004680E+01  7.88773415276282730E+00
  6.97384645011991290E-01  1.35725930324276740E+01  1.34293114584401660E+01
  3.54092873053847420E-01  2.71066247378129930E+01  2.17127507756040960E+01
  7.37991961479508610E-01  1.27543783171943730E+01  2.58230078448411110E+01
  5.10790949981952740E-01  3.34656542754492130E-01  2.85850263071491430E+01
  7.03918080384424090E-01  2.17870279394569710E+00  1.19139490215270850E+01
  2.69326463995374250E-01  2.08480802597035230E+00  2.93926011712511900E+01
  5.39922025342825940E-01  5.15790071398079860E+00  1.42321438481734570E+01
  5.39922025342825940E-01  1.70447040461497860E+01  2.49738993452771720E+01
  3.52682444144397330E-01  1.28820769232723900E+01  2.78600952806635930E+01
  3.17084428049163950E-01  1.72093665623617120E+01  2.40430580764579820E+01
  3.92511582998476170E-01  2.39984633993529640E+01  1.18433165482052870E+00
  2.92799561075502800E-01  5.09229133877810010E+00  3.53725272083310390E+00
  3.63105686475124490E-01  1.73271152055321170E+01  2.58301940135050780E+01
  3.25036994184950640E-01  6.98100596489638290E-01  2.04197441158087720E+01
  5.70902198024309190E-01  3.70802736951146540E+00  8.09950951408382740E+00
  6.18138908065390960E-01  1.07853977958440040E+01  8.44841086470117380E+00
  3.10705613459761840E-01  2.74592731375775050E+00  1.28258342438176350E+01
  6.99092076263204730E-01  7.17652025337339870E+00  6.13467042300402720E+00
  4.40295189098215370E-01  1.59913358483500530E+01  1.59839322107376190E+01
  6.52034765531911640E-01  9.01685663691249850E+00  1.25083682985411130E+01
  5.12628979659419230E-01  2.06360834571337860E+01  2.45606247200271500E+01
  2.68569610726517900E-01  1.77888747128535660E+01  1.63058057285295350E+01
  4.41473589537221400E-01  1.59405804282848930E+01  2.52271395459327770E+00
  7.41623060643924430E-01  1.82255288265942570E+01  2.72793263339125770E+00
  2.49794182180603610E-01  1.09794147836525560E+01  2.34097064928852920E+01
  3.44856808658559500E-01  1.67330363705635450E+00  1.09948371896775430E+01
  6.83701617051292750E-01  2.43071729749910670E+00  4.68586256993484530E+00
  7.19599311285852310E-01  1.99994688739595960E+01  6.19373918234085960E+00
  6.67521681419926690E-01  1.23062694432543650E+01  1.30615877265469750E-01
  5.40946473112310590E-01  1.71988428142161030E+01  1.76777541454574490E+01
  3.83579206291793930E-01  2.83872073818031010E+01  1.67289938156035730E+01
  5.04339573614743570E-01  4.14000913736947850E+00  1.44629702968584630E+01
  6.35523375007872900E-01  2.49386071955207950E+01  7.26189933458824830E+00
  3.44905765886116280E-01  1.34667571875688240E+01  2.95302264718103410E+01
  2.65726189967390210E-01  1.52727402114027480E+01  6.96988071666450800E+00
  4.87785457169642190E-01  4.17176245831156580E+00  1.17911747965091090E+01
  3.71299762957800540E-01  7.85350283397349800E+00  6.96369560155754290E+00
  4.13811620468168510E-01  2.39546618181575920E+00  2.25592795794292260E+01
  5.69423614487483490E-01  1.56937229199126270E+01  2.25901740131310260E+01
  5.83429036676414100E-01  2.65832718951549400E+01  2.24878678713910350E+01
  5.30006102735105960E-01  6.00526653007649710E+00  1.35801441032319130E+01
  5.16710955738981780E-01  1.44316038714701360E+01  3.06936248741903040E+00
  2.65726189967390210E-01  2.74035296352595740E+01  2.22638133653845220E+01
  3.18942867500738640E-01  2.72119154727374520E+01  1.56030782506727160E+01
  3.23881608201221470E-01  7.43772990296064050E+00  2.56451263498672010E+01
  3.54092873053847420E-01  9.18788399201430290E+00  2.13298686248258490E+01
  5.12509616084684260E-01  1.40839518248981060E+00  2.47086553668487330E-01
  4.99223721401470310E-01  1.34351650856177400E+01  3.26404666790712920E+00
  2.56092450391898300E-01  2.76857992486020240E+01  1.92126342794128990E+01
  5.45765227979075810E-01  1.53292727769004420E+01  2.57052768916625920E+01
  6.94010183176834960E-01  5.17687916828796450E+00  1.65748763863167630E+01
  3.57201130995523370E-01  2.05361909201663050E+01  2.24060000314800760E+01
  5.25895496843049500E-01  1.20745744237222180E+01  5.32591243971544430E+00
  5.10790949981952740E-01  1.13784282289645250E+01  4.55998781768531900E+00
  4.89717368181109780E-01  1.11704114354802510E+01  2.70297630501560970E+00
  4.82769235883485770E-01  1.33711428508086310E+01  2.33094431671577770E+01
  6.93278360304079300E-01  2.22295660175213180E+01  1.67444057439025080E+01
  3.35017483125717060E-01  2.94279107787404150E+01  1.69025648114461990E+00
  3.26514001167033020E-01  2.53225694630000080E+01  8.65461930678446120E-01
  4.75880684447443510E-01  1.76897389439139980E+01  2.02901552579117740E+01
  4.22354771203238230E-01  2.23515469603960710E+01  4.81142461206451880E+00
  4.11966131227655820E-01  2.09072674448475080E-01  2.19713727008396770E+01
  7.30946391186454210E-01  1.80576646655068490E+01  2.21316065343954270E+01
  4.22201084465533680E-01  2.11141246156543400E+01  5.95013212217391540E+00
  5.15931587153482510E-01  1.33580432180244780E+00  1.68235638747125730E+01
  5.52347772924787250E-01  3.26445503530954540E+00  1.12844769424194490E+01
  2.49794182180603610E-01  5.38615150142329390E+00  1.17427128743475930E+01
  4.50103975287380020E-01  1.96291537837465920E+00  1.43024285378673070E+01
  3.61769499680632390E-01  6.07125135114029830E+00  2.93840990961942230E+01
  2.77147605524350650E-01  2.43004388326252430E+01  2.43685421406463760E+01
  7.64764367446448820E-01  2.47760115984415240E+01  2.52953408006927210E+01
  5.71326189973923350E-01  1.12249026160035710E+00  1.78886787496644320E+01
  4.07877171249442140E-01  9.00314141133736000E+00  2.33945729048398690E+01
  4.46540105696671490E-01  1.27031481544265730E+00  1.52215971220585030E+00
  5.07606992315717240E-01  2.53990990419183900E+01  2.86978386024667420E+01
  3.01731430220296380E-01  2.59227834992223120E+01  3.70360068484305050E+00
  4.32382463464541460E-01  1.79556215264814230E+01  2.63147857041053830E+01
  3.25762576013666160E-01  1.73030727075109740E+01  1.59641073700288610E+01
  6.24920360555607160E-01  2.20272329171383200E+00  2.61315165522776630E+01
  7.38532964590205680E-01  4.79181266659697070E+00  7.36758075240751790E+00
  3.92511582998476170E-01  6.86212374517046890E+00  1.32408083309150780E+01
  2.97561439636419770E-01  4.89755116626189140E+00  1.14938710956369480E+01
  3.46434506905438330E-01  1.51579076693270420E+01  2.60394713386702970E+00
  5.89502618647478990E-01  2.33060147904162350E+01  2.20029136811148480E+01
  3.32399546609116130E-01  1.59420969491624650E+01  2.34560062658870900E+01
  5.77649046292645880E-01  2.52123368951864890E+01  1.48646847684055570E+01
  4.31729360191427780E-01  1.82980069113022700E+01  5.06474965936774610E+00
  3.17950877609215300E-01  1.75599435723471660E+01  4.93435055246586170E+00
  4.75880684447443510E-01  2.50725916439117460E+01  5.20529245378246410E+00
  3.91816801400439550E-01  1.44993166781330360E+01  1.40161476042382130E+01
  2.50163292655703180E-01  1.78700560429876420E+01  2.32609725066627280E+01
  3.42074681651230290E-01  2.21513190282358860E+01  6.69742780446362840E+00
  3.50974061745161330E-01  2.73890694776479970E+01  1.81210500463536060E+01
  6.18566685513849460E-01  2.16458127168047480E+01  2.86047586856239560E+01
  3.24719866931951940E-01  2.30707850712932650E+01  1.96730322290229120E+01
  3.57201130995523370E-01  1.60932355798291700E+01  2.01275178073712690E+01
  3.13090147150790890E-01  3.74117336552441950E+00  7.21633929205532710E+00
  2.58355477869490890E-01  1.16069934134515480E+01  5.95450965934730010E+00
  4.83351594707823830E-01  1.87734057241006660E+01  2.37891692423569550E+01
  5.48463672908306780E-01  6.10197426545451370E+00  1.47735156896992720E+01
  4.24351701398837560E-01  3.91724647672025040E+00  1.83573365151380730E+01
  6.80557430527969220E-01  2.69667167552666560E+01  5.27682051070396160E+00
  3.73125396709624990E-01  8.76587823113497320E+00  1.15146645155952250E+01
  6.77808113742920780E-01  3.76200993132787920E+00  4.96916763371254080E+00
  7.67512613708393760E-01  9.86988710500967590E+00  1.19223995712884070E+00
  4.76544583128828500E-01  1.68866782021731150E+01  5.35558691592541350E+00
  6.97738347479756800E-01  1.99706519516761110E+01  7.60879313188355160E+00
  4.49545157175862540E-01  3.36999761141440320E+00  1.50858882488684550E+01
  6.25336422111717830E-01  2.84411393525664020E+00  6.94090467058588430E+00
  4.99487474973056500E-01  3.57982634591450300E-01  6.88174432158292950E+00
  6.67521681419926690E-01  1.37653269732993330E+01  1.47790800388751120E+01
  3.44170209092795430E-01  1.29671421650199400E+01  2.90572226667738040E+01
  4.01880163826280960E-01  8.18162923380524280E-01  2.78113231438414170E+01
  5.95035019805102560E-01  2.93973620956343180E+00  2.92274426434378080E+01
  5.20348764567513020E-01  1.59496920296619450E+01  2.69911324418236160E+01
  7.44845164893703690E-01  1.49385302009208710E+01  1.29685905371865890E+01
  6.94010688862415210E-01  8.74781530116120360E+00  1.97201600306331140E+01
  4.00156705760987560E-01  2.92506974724581670E+01  1.38522306381996800E+01
  6.57722721512726150E-01  1.97149936200840230E+01  2.76083854531425530E+01
  3.61198882346046800E-01  4.88508626736328110E+00  2.83178926632799740E+01
  6.07167866036927160E-01  2.74221939849042220E+01  2.67131454230919640E+00
  5.81677556670477180E-01  8.81939524505692240E+00  2.03830628106839870E+00
  3.17579752081870750E-01  2.37002451783715100E+01  1.48758607118765020E+01
  2.69169509893181310E-01  7.78891576962579360E+00  2.23105785656474400E+01
  5.36592099856838090E-01  1.54803641016534390E+01  2.85678628781295000E+01
  3.01799748246536660E-01  1.99800655520484400E+01  1.20117390932842450E+01
  4.05794678723965420E-01  2.37685206832860560E+01  1.41565542077107530E+01
  3.65995101567518470E-01  1.48751276875274070E+01  1.97251430965069230E+01
  3.39481361119070080E-01  2.21388098704804650E+01  2.69334659237160740E+01
  6.97384645011991290E-01  2.31176123767642890E-01  2.37683550528479940E+01
  6.82253548551889110E-01  9.54578901468891060E+00  2.82350362689727060E+01
  5.67035311113654220E-01  2.38028088664387810E+01  1.08399969748487490E+01
  6.47236078597052340E-01  2.29428225601789040E+00  3.36235330230357700E+00
  5.92513140571182980E-01  9.87562429343390490E+00  2.55130889159342410E+00
  4.71553509741754610E-01  2.91085525653269170E+00  8.76851680850534980E+00
  6.55885333720611730E-01  2.41751020626969750E+01  2.75423090644275560E+01
  2.83840017940612550E-01  6.70458540771378790E+00  2.28148578939538140E+01
  5.65219172841477580E-01  1.57274840294202550E+00  2.72070391845944680E+01
  3.48480710258510130E-01  1.01861915743003010E+01  2.07876863726587120E+01
  6.26908127420837150E-01  1.10545602931207010E+01  4.58831154603835500E-01
  2.62213147743524950E-01  2.45837803950336560E+01  8.92884805848992970E-01
  5.08737612195334600E-01  1.39652219312243240E+01  8.02448158740922680E+00
  4.59281804788439010E-01  1.88362318884137850E+01  2.61809823137519540E+01
  2.86550378078914000E-01  2.14370699183777450E+01  9.39614122173107270E+00
  2.99038091422116640E-01  2.19525738684515480E+00  2.04092651523594770E+01
  3.62493203924014780E-01  1.87617153672550110E+00  9.86030122341162140E-01
  5.64616421781660800E-01  1.17781537160345130E+01  3.56363422024166750E+00
  3.87533216804236250E-01  2.19032244855163540E+01  7.38255801418336240E+00
  3.90540239164096370E-01  2.02379062900825030E+01  2.30908169898026610E+01
  5.44640939783434240E-01  4.16369913761996460E+00  2.88644098234871150E+01
  3.84420431658369740E-01  1.00516449215934270E+01  1.25624130164665020E+01
  4.53492046339069340E-01  2.34052442638132130E+01  5.89677660469480090E+00
  6.38023782753992030E-01  1.14050932444270480E+01  1.39016522582665760E+01
  5.00672486592370710E-01  2.83743322547114940E+01  1.20927739811593260E+01
  6.08873319065221350E-01  4.26690984035711910E+00  1.06987001756490090E+01
  3.18942867500738640E-01  2.62508817752700880E+01  1.87787946145706390E+01
  2.65726189967390210E-01  1.76006870944530500E+01  1.47633635672094440E+01
  7.10410487391814980E-01  2.25595444993127150E+01  1.11321379633758590E+01
  4.66797018098134940E-01  2.05082590349166340E+01  2.84052638617585060E+01
  3.89889811574280460E-01  1.56964001261455660E+01  1.16990895730435710E+00
  2.92456502136063850E-01  6.16882368720203990E+00  2.80989165800320250E+01
  3.63079661055833470E-01  5.47037279232518970E+00  9.35850496450873410E+00
  4.13811620468168510E-01  1.45649085612695290E+01  2.51255506547210710E+01
  2.60417758313763680E-01  1.98380523190137940E+01  1.48092680364480870E+01
  4.41940562555082740E-01  5.22596386161136550E+00  2.94733890639123570E+01
  3.08418768867630710E-01  2.85911149513449980E+01  2.11158166105778980E+01
  3.04461637453634990E-01  7.41402501940993290E+00  2.36312260988683890E+01
  4.75626642073745920E-01  2.80841006679818720E+01  2.05187414137343470E+01
  4.19693779402500590E-01  1.20213638350425440E+00  7.27029586480753040E+00
  3.26514001167033020E-01  2.27448705346031590E+01  1.50483272989069620E+01
  3.55388479881239270E-01  6.65945927633252750E+00  1.18392448540060950E+00
  5.33859136323620030E-01  2.44038656683971630E+01  2.22399156384832960E+01
  3.39481361119070080E-01  2.05484585434882090E+01  5.12112647919994140E-01
  2.51153087880769550E-01  8.80239613634893740E+00  2.06633067612241420E+01
  4.21603844523193420E-01  2.75378837555366370E+01  1.08472968627672370E+01
  5.20348764567513020E-01  1.90609102052070650E+01  1.47378426025542880E+01
  6.86210935380316480E-01  2.90986084072642940E+00  1.88228216004002000E+01
  4.41140732643827070E-01  5.95783625664822920E+00  1.57523965626439800E+01
  6.26908127420837150E-01  1.60815148556400120E+01  1.11420687297712530E+01
  5.11871480770454750E-01  1.71877540519130530E+01  1.14026056801964660E+01
  4.70990686464341570E-01  2.80090118970407720E+01  1.50366922664250190E+01
  5.20369884994360540E-01  6.97329127575520240E+00  2.96519195853638140E+00
  3.04306421741581800E-01  1.45661248750224330E+01  1.91303356406564260E+01
  5.88333222664750720E-01  5.46246392204852520E+00  2.36929376797042290E+01
  6.64541222436485860E-01  1.18598921599543130E+01  7.75068847093818650E+00
  4.24351701398837560E-01  2.60582591403606860E+01  8.61294504952500790E+00
  5.55920758830291820E-01  1.52600522610223170E+01  2.44502449992156410E+01
  2.89042915761794110E-01  1.27882062093834190E+00  2.25760786207134110E+00
  2.47647088603063280E-01  1.00454429225560280E+01  9.39023945218378840E+00
  5.88686278844574580E-01  2.31016915376634980E+01  3.40491380548867980E+00
  3.53063097104977870E-01  1.85994663465590340E+01  1.27225065226959620E+01
  4.50600139601478670E-01  2.22567412033911080E+01  2.77278387980140120E+01
  6.65634982039605120E-01  1.50900091076971990E+01  1.03154437249985540E+01
  4.69750256464274060E-01  2.70349259603300920E+01  1.88607440572772520E+01
  6.13801455222646290E-01  8.76448837745563300E-01  1.90471186977365470E+01
  5.14582826754803690E-01  1.74644375479778340E+01  3.54132614368651840E-02
  3.81419328643079860E-01  2.59132789201158860E+01  5.03738359193716970E+00
  7.28196096543639280E-01  1.69170207710828040E+01  2.30400704114240290E+01
  7.33199636544987770E-01  5.87131444223735870E+00  1.78193188345352380E+01
  2.86550378078914000E-01  6.11885223719095170E+00  9.32587505943572910E+00
  2.52169786807371790E-01  3.43107610812102410E-01  2.28260839159602040E+01
  5.01406606281285510E-01  6.61754590580857730E+00  2.57249041578577430E+01
  4.18948713530687210E-01  1.27833021696727410E+01  8.31452812926511340E+00
  3.62620749938717070E-01  9.33764316523019390E+00  4.98941155810288710E+00
  3.15231116497538320E-01  2.43914817294332740E+01  2.30886249765134790E+01
  2.83840017940612550E-01  1.14307313204131110E+01  1.75827194149255240E+01
  4.72199721516180480E-01  1.41230056631105580E+01  3.24442081715933920E-01
  4.41666133880560000E-01  2.92155875800368530E+00  1.68051659429048530E+01
  3.39073066583844400E-01  1.77702600761835510E+01  2.11009748298320830E+01
  2.54831192030272870E-01  1.70246821242490110E+01  7.50388687058321580E+00
  6.65634982039605120E-01  2.62551371050437370E+01  2.57511687396951490E+01
  2.69326463995374250E-01  1.22301221101132890E+01  2.24811178955041090E+01
  3.08418768867630710E-01  1.75412428135593000E+01  7.27942270119153360E+00
  5.63324676144028570E-01  1.23030274990635520E+01  6.39016886441086830E+00
  2.49794182180603610E-01  2.02686411734717990E+01  1.30697151077146840E+01
  6.44956217916396120E-01  1.97478479505696680E+01  1.37971391498878900E+01
  4.26043897269923290E-01  6.90712321715949070E+00  1.23250846950805780E+01
  7.44533748089133770E-01  1.81506085069846250E+01  1.38055372928828440E+01
  2.47647088603063280E-01  2.12531100290613430E+01  2.07727139863496680E+01
  3.47451934045076260E-01  2.27502776753318160E+01  6.35705059190194530E+00
  4.83182858574677270E-01  1.89973633839703740E+01  3.79862156842164730E+00
  5.38382388131525950E-01  2.73925523992679490E+01  2.53578705740941790E+01
  6.08690451339190200E-01  2.63356184581046410E+01  2.11388834413582670E+01
  3.93024383017402490E-01  2.16511021954752490E+00  1.64540188153717390E+01
  2.54611020839302520E-01  1.08116371384802720E+00  1.08430984220526200E+01
  6.82253548551889110E-01  2.07662359428167030E+01  1.46465552822040760E+01
  7.67665169660178040E-01  1.92517322683656500E+01  1.80712813407892840E+01
  3.95839252948554370E-01  9.78338003281442600E+00  8.30119942955309580E+00
  5.15379284759350490E-01  2.18233441800119190E+00  1.74115079820860570E+01
  5.09222041678605210E-01  4.07449177927454540E+00  1.92772472076109980E+01
  4.72038094207023740E-01  2.78850423538034990E+01  2.14443567310860210E+01
  6.64541222436485860E-01  2.88620978240282430E+01  2.87317692715988070E+01
  4.84167632717154460E-01  1.91163111601225000E+01  2.27306461570389470E+01
  5.39922025342825940E-01  1.87705365954339740E+01  1.25891022222222660E+00
  3.77759649416993960E-01  1.95771142907236960E+01  2.34816236723159510E+01
  5.06367095649294540E-01  1.77919465915273950E+01  1.05847238815101100E+01
  3.05466220251299840E-01  8.17540083070491620E+00  2.96316609347165670E+01
  7.55604472483241980E-01  1.46972626502928740E+01  2.09181331078623240E+01
  7.68548325332126940E-01  2.89779443463599900E+01  1.00035498538931500E+01
  3.09209541844886400E-01  2.51021499384663260E+01  2.78652268975046980E+00
  4.71553509741754610E-01  1.45146709582729020E-01  1.98470648029864880E+01
  3.65995101567518470E-01  2.27102484988903310E+00  1.96583702215050170E+01
  6.26517897412854200E-01  2.83558094129257510E+01  1.79829423176973220E+01
  3.55388479881239270E-01  2.25548954965638910E+01  2.89545625142963740E+01
  3.90423892796942250E-01  2.65602033749224130E+01  9.25427779729474760E+00
  4.92172780862642510E-01  4.75209068012473420E+00  2.57449353160055740E+01
  6.66683478841499700E-01  6.96864465040363350E+00  1.86879984626778680E+01
  6.94903868090152520E-01  2.83591482349138210E+01  6.79048753301146310E+00
  7.65642972591057180E-01  2.11087248528304880E+01  2.73294565106721060E+01
  3.52682444144397330E-01  6.57227290246393990E+00  1.96270105852361570E+01
  5.39466591144820300E-01  2.19561329793330950E+01  1.00388487047462110E+01
  4.26043897269923290E-01  2.35896285425010640E+01  2.53905998028875570E+01
  2.53364602799301860E-01  4.10581797392312260E+00  2.30930559435117470E+01
  3.83290088603488770E-01  8.42845911117046140E+00  4.31554155762397950E+00
  5.55920758830291820E-01  8.45283374222495890E+00  2.88164167787083440E+01
  4.13050329149462850E-01  2.23353267259921220E+01  1.96247078156116070E+01
  5.20369884994360540E-01  1.39183150109265360E+01  1.86200569729711740E+01
  6.99477888048091770E-01  2.48998460786018260E+01  1.80000768856859250E+00
  3.59079136884617700E-01  1.29627822545495960E+01  1.54176407525207310E+01
  3.01799748246536660E-01  1.00562348224089230E+00  1.13937301139583570E+01
  5.28731261397185740E-01  9.31451723106079400E+00  4.09956575552032380E+00
  6.80338287111455390E-01  1.99590873858778650E+01  1.57421100509713480E+01
  4.74033319401206570E-01  1.09119504719143340E+01  2.04025834972423650E+01
  3.53302408788900560E-01  2.37511950980423410E+01  2.28402125091835760E+01
  4.03052389307286420E-01  1.96170660532713330E+00  2.36730772502256270E+00
  3.33973424357718240E-01  1.80328117411557330E+01  1.14067206987291070E+01
  4.68162992243922280E-01  7.30651696384818190E+00  1.47394825858158230E+01
  4.72192289519205580E-01  2.48106706784712470E+01  1.29087911757330450E+01
  6.73658304681401180E-01  1.86093224528771870E+01  1.58428621075537280E+01
  4.61178090502161720E-01  2.26446530247970300E+01  2.10744270910627310E+01
  4.18189647978318300E-01  2.16285984947272850E+01  5.25946776681183260E+00
  5.15379284759350490E-01  2.64628984806665530E+01  2.35783725608809900E+01
  5.34553382826858140E-01  4.94486211477324120E+00  8.63107992972325810E+00
  3.70336582810533970E-01  4.93054436958482080E+00  2.17185622563581400E+01
  6.42747544188997020E-01  1.03387211661363220E+01  5.05565067392321320E+00
  4.50600139601478670E-01  1.49967152862195090E+01  1.46956904542644210E+01
  3.55036581058269410E-01  2.81190924806302470E+01  1.96754853640038550E+01
  3.54092873053847420E-01  6.07141895311908810E+00  2.29741216032318580E+01
  5.13614394364816020E-01  2.11046298724983620E+00  1.33504119928305710E+01
  3.65995101567518470E-01  2.15166026696987590E+01  1.39147108041475360E+01
  5.25383403930900440E-01  6.91786468322690420E+00  1.56531687050383810E+01
  3.83598938984435380E-01  2.83639695121703750E+01  2.36779827373098950E+00
  4.86073626967704090E-01  1.63847088787895640E+01  1.71099569779436630E+00
  5.96963967672292380E-01  1.07244033985430550E+01  2.72850654445039350E+01
  4.66553963192992600E-01  6.54701970559893100E+00  1.06841976106945610E+01
  4.15252526658189590E-01  3.62162687868119490E-01  2.61251702202012340E+01
  6.36786611163594070E-01  1.61717391028662010E+01  1.71032317778235490E+01
  6.06760633376156730E-01  2.81450594248524840E+01  8.90959811247191700E+00
  5.25895496843049500E-01  1.93532092315795840E+01  1.67833291481682780E+01
  5.05409982910693060E-01  1.01702519269137030E+01  7.48772838615807150E+00
  5.18912146576496980E-01  2.05989250054134490E+01  2.11703533194116850E+01
  5.81677556670477180E-01  1.67206049577469360E+01  1.52689727556949640E+01
  2.50625569857546320E-01  9.51505111841883360E+00  1.68309051286232180E+01
  6.67521681419926690E-01  1.76035441970367190E+01  1.25044047203160480E+01
  6.52034765531911640E-01  7.33697532924102980E+00  2.66258358614458500E+01
  3.81419328643079860E-01  2.57958519253227580E+01  2.03101585221555250E+01
  3.18942867500738640E-01  2.87863179260494740E+01  1.80782086172859310E+00
  6.63973334543257470E-01  2.61859795824160600E+01  1.34990804775365690E+00
  4.05793634226126800E-01  6.30230472515675630E-01  2.94521117014740850E+01
  2.88617724104866640E-01  8.09192593764518260E+00  9.58074538857551690E+00
  3.17587838135982990E-01  1.93456131941867890E+01  1.27128858530894820E+01
  6.94010688862415210E-01  7.39183339297923680E+00  2.46288567748728300E+01
  3.25036994184950640E-01  2.23837838292087630E+01  3.96866199929970380E+00
  4.41940562555082740E-01  1.37004514283522400E+01  2.51189934227976690E+01
  3.05466220251299840E-01  7.89267372676883030E+00  1.52439547999989280E+01
  7.22984261441823330E-01  1.53174985007428880E+01  1.24193166434800160E-01
  4.60682082706054620E-01  6.52561579752639620E+00  3.83771377492789550E+00
  4.22201084465533680E-01  2.69742812878263960E-01  2.48866941646492810E+01
  6.24824560398126750E-01  6.07755113123108700E+00  2.47377311462993390E+01
  3.63079661055833470E-01  8.92949842832619640E+00  2.41611646407588690E+01
  3.25516939164680520E-01  1.80976914026717070E+01  5.87130170109396770E-01
  4.87886881528419990E-01  2.69640670060387280E+00  2.51350955423773640E+01
  4.34172467284937990E-01  2.94157214262438340E+01  1.79585662017819450E+01
  7.04082361725448710E-01  2.61123404195902040E+01  2.71588519008457840E+00
  4.40295189098215370E-01  1.42375977887400500E+01  1.10193148645331430E+01
  4.54567147313974470E-01  2.08895206187446830E+01  2.36285315059289650E+01
  4.89717368181109780E-01  2.82932737550239640E+01  1.41062668083109700E+01
  4.82771447840326400E-01  1.87408619262662840E+01  1.03091681274821760E+01
  3.54092873053847420E-01  1.70917745428698960E+01  1.44108180589821230E+01
  7.67457697882333090E-01  2.50929530619029250E+00  2.38950025049599830E+01
  4.43129600128677660E-01  3.67029034573184100E+00  8.42027965855416480E-01
  5.61514797181737530E-01  2.31511767330958310E+01  2.81996418121515870E+01
  5.82207618145930890E-01  9.74891296940238660E+00  1.58806196792402920E+01
  5.94092381958372510E-01  2.54894625683797860E+01  1.82759935479514720E+01
  5.64318884198494160E-01  1.80959515461434140E+01  2.53116950846717050E+01
  6.16837537735261420E-01  4.47065117377951800E+00  2.08457203562443180E+01
  4.20581746236023420E-01  4.62925804756231150E+00  1.09414788214638350E+00
  3.16022212934137680E-01  2.06238878349109630E+01  2.63637011535438540E+01
  4.59502380082057990E-01  2.35672003908150460E+01  2.02832614187671930E+01
  7.48336469443998900E-01  2.26289804277634620E+01  1.39801537635121560E+01
  6.90159994875631000E-01  1.20103896925856300E+01  2.72878165612392820E+01
  4.68364091588631840E-01  1.02336324829719950E+01  1.68118786011707680E+01
  4.05593309893122810E-01  6.96157814496919690E+00  2.02773954653730120E+01
  5.55687039951364880E-01  2.34993962011064600E+01  1.19789818626268780E+01
  2.83840017940612550E-01  1.72451286456377950E+01  1.85234499185975140E+01
  5.98280766214214580E-01  2.71972611311417470E+01  1.99157544162571230E+01
  5.84913004272127690E-01  1.81617643756900120E+01  1.93412655402946500E+01
  2.83840017940612550E-01  1.15641932096235860E+01  2.07852626825849600E+01
  2.83517655556827110E-01  2.74287206158058260E+00  1.61025618644102410E+01
  5.27599340399055180E-01  2.86018690601846760E+01  2.67144755662677760E+01
  6.24824560398126750E-01  1.02299960347697870E+01  2.51494353421699800E+01
  4.84167632717154460E-01  1.77404889776382330E+01  5.79130357143294460E+00
  5.66562802601083430E-01  1.16050111251964500E+01  2.39504070130155850E+01
  5.81213412342838430E-01  1.53375413536667600E+01  4.56087435721613680E+00
  5.13285974501586400E-01  4.41644886722170150E+00  3.97500792207481090E+00
  5.29625185962053640E-01  1.45801626359847520E+00  2.00313550594683960E+01
  3.30104909316010620E-01  6.52911986925821620E+00  7.92995079967273410E+00
  5.48174971142568520E-01  2.08735217298352360E+01  2.00735288908046810E+01
  4.72192289519205580E-01  2.77384643182297630E+01  9.97743836903478790E+00
  4.53126113496558960E-01  7.46895436103474350E+00  2.85963888653739000E+01
  5.25993347610763350E-01  5.10621008817018130E+00  1.52957869706016090E+01
  4.75338540515479570E-01  2.23513028146625670E+01  2.24880831544522050E+01
  4.30858982518450690E-01  2.73084892120972210E+01  6.36151401006335520E+00
  7.09741570678139940E-01  9.43441474984410530E+00  2.23647085742595170E+01
  5.05409982910693060E-01  1.12764413259351140E+00  1.47663933735873950E+01
  5.20369884994360540E-01  2.33604057746339320E+01  1.63060961077037340E+01
  2.73281005279713530E-01  1.72074359977785390E+01  3.36125132441259920E+00
  3.09574052588245370E-01  1.15481369434002940E+01  6.82809626859748690E+00
  3.18095930761502070E-01  2.02376959366647520E+00  1.64984643554186780E+00
  4.46537248270915300E-01  1.94301752667904460E+01  1.99112146344659140E+00
  6.38830345620663920E-01  2.34810554753510130E+01  2.93528388566629700E+01
  6.68397269451762100E-01  2.95516469443736690E+01  2.09498391567575550E+01
  5.32488384254616510E-01  1.97980766465596610E+01  9.55453117925577190E-01
  3.17579752081870750E-01  1.09169187273312730E+01  1.71990851162892150E+01
  5.16710955738981780E-01  2.72649830137422560E+01  7.30797125442625180E+00
  4.49545157175862540E-01  7.46204910976098910E+00  1.07215609449520350E+01
  3.20574425314766210E-01  1.32194419815929310E+01  2.84426023332275440E+01
  4.12246671516209600E-01  1.40996892673097830E+00  5.08446739590477570E+00
  4.94550785807675550E-01  1.13766389150699570E+00  1.37676143383576780E+01
  3.59079136884617700E-01  8.28564065784699190E+00  1.32063129980288370E+01
  6.10572080928614460E-01  9.16911919945419210E+00  2.57987014592317440E+01
  4.75338540515479570E-01  7.58093139214900800E+00  1.96515967173824680E+01
  5.09574347305064630E-01  2.89831672536741570E+00  5.78308975271687760E+00
  4.18189647978318300E-01  2.90398336819955920E+01  1.71942539177234190E+01
  3.76753951196820710E-01  2.19088561373386770E+01  6.02139222209835710E+00
  3.84533934306195220E-01  2.53738583860339690E+01  8.18345676588260850E+00
  6.60767019732147710E-01  2.43405753966746150E+00  2.80780610152045540E+01
  5.64318884198494160E-01  1.49306642775609730E+01  1.71923489091377630E+01
  4.69750256464274060E-01  1.90300676492184590E+01  6.91743040662446160E+00
  6.88340418185590860E-01  1.38243391983094060E+01  1.20679227061633420E+01
  5.93150731645016190E-01  2.65451678824670980E+01  1.10494763279102100E+01
  7.17499092254363010E-01  1.24361731006482830E+01  1.22844956643184040E+01
  3.79322922295397280E-01  6.81188873908940450E+00  2.95231421424104530E+01
  3.20574425314766210E-01  1.04163357809370840E+01  2.31906407410744290E+01
  7.17953871372127320E-01  1.04967371609582080E+01  3.70468014001791260E+00
  3.42409596243210680E-01  1.10751923461163030E+01  2.19363331503447870E+01
  4.43129600128677660E-01  1.18015826862074040E+01  1.02223348756972090E+01
  3.78068289465320630E-01  1.86718975526036890E+00  1.90348172718486420E+01
  4.75338540515479570E-01  7.97822671181919500E+00  8.82556039185161010E+00
  7.38532964590205680E-01  3.33734118064183600E+00  2.17242097487641890E+01
  5.07606992315717240E-01  2.92429678758145850E+01  2.51180413403676270E+00
  2.86134314477376340E-01  2.39242780301591940E+01  3.10778354646313690E+00
  5.07437626189109900E-01  3.27221780815942510E+00  1.76859734760708350E+01
  6.15073771326759470E-01  2.80642816138779770E+01  3.95029791733279010E-02
  3.30104909316010620E-01  2.46803287904716130E+01  1.03269617112379240E+01
  6.66683478841499700E-01  2.84871743453866560E+01  3.41038306044003780E+00
  7.49545055295440930E-01  2.12388913707991950E+01  8.30472705749887470E+00
  2.54824432159977790E-01  9.41170149645421720E+00  7.45827934489091680E+00
  5.72142532162989690E-01  2.10513569859926260E+01  6.94237940566871540E+00
  2.77147605524350650E-01  9.42452191752226830E+00  1.33432535352262800E+01
  4.68364091588631840E-01  2.13244394582386130E+00  2.16979235460731350E+01
  4.82771447840326400E-01  1.01846487326150030E+01  1.39364656023113940E+01
  2.50971712925384870E-01  7.15264205342788720E+00  1.63999844161497850E+01
  5.38024295323284910E-01  2.02570912748424060E+01  2.93777288265339750E+01
  4.13050329149462850E-01  1.23044595639387970E+01  1.58189144613720010E+01
  4.86590143357422540E-01  2.66136891463293890E+01  1.32423073463417840E+01
  3.16148313226467530E-01  3.67041068546614070E+00  1.69208351086024250E+01
  3.81419328643079860E-01  9.28216914622869280E+00  2.48146774424791230E+01
  6.52911031193170470E-01  1.07570679338717670E+01  6.28034986218409670E+00
  4.49150663742554990E-01  2.16768255695902780E+01  2.40743154141424180E+01
  4.73113776075054650E-01  2.63645714511710770E+01  1.53560633832318630E+01
  3.65995101567518470E-01  2.91773540692577310E+01  2.45248276424426270E+01
  3.46028387031474870E-01  1.48736404720720050E+00  8.28990908010137770E+00
  4.23675716525973380E-01  2.09836750208955140E+00  7.76294242267476700E+00
  2.47261092463374420E-01  1.00439393678364850E+01  8.89467316295200130E+00
  2.63339374245984010E-01  2.08954381578190650E+01  2.29111264823427450E+01
  2.59062449636064510E-01  2.01845531096930450E+01  2.37379883068848090E+01
  5.77180454669814490E-01  2.55854772440169280E+01  2.42271653415936470E+01
  4.06599624824484800E-01  9.80604472259236640E+00  1.94193490012764900E+01
  4.65278877330243820E-01  2.07354822282126960E+01  1.29406240855703910E+00
  3.07263188066738420E-01  8.03659567901309300E+00  1.90154587033966640E+01
  3.88697647565240350E-01  9.39024420695016810E+00  5.73868294299453300E+00
  6.62122603690132470E-01  1.27679154088644980E+01  4.36160780186607160E+00
  3.79322922295397280E-01  1.21996705514228820E+01  2.05987726485572690E+01
  3.53063097104977870E-01  1.82034073143695210E+01  1.49008812019927000E+01
  6.88885956497308970E-01  1.06680703211376750E+01  1.50032741998921730E+01
  5.33066537704075310E-01  2.09397228548086150E+01  1.64562887742715670E+01
  3.42074681651230290E-01  9.89171601556529370E-01  2.30578176159295760E+01
  4.24351701398837560E-01  6.39577192715608510E+00  8.67231092551250880E+00
  2.92456502136063850E-01  3.63610329622802600E-01  1.83006014962535670E+01
  5.90639534364661320E-01  1.27370651652882130E+01  1.36367421765416300E+00
  4.09705559579089850E-01  1.34598640644584130E+01  8.78969861559215990E+00
  3.59079136884617700E-01  2.03559449848858700E+01  1.78470235811149750E+01
  5.27599340399055180E-01  1.05146754286915180E+01  2.40328894476068340E+01
  5.38382256471750510E-01  1.25392390621491500E+00  1.27423208590360330E+01
  5.96963967672292380E-01  2.92255991343889540E+01  1.89713595322201950E+01
  2.96503602823160150E-01  1.62484673462671660E+01  5.78876430112748610E+00
  3.64593218166308700E-01  9.43060448622061110E-02  9.21096403504551910E+00
  4.18947112612636110E-01  1.17481040117520990E+00  2.63080617834619980E+01
  5.40946473112310590E-01  2.76519216610979090E+01  2.42999467565077190E+01
  3.35017483125717060E-01  1.55461610698364080E+01  1.78467034175560040E+01
  4.75626642073745920E-01  2.78763434825718830E+01  1.60384008295761260E+01
  3.04461637453634990E-01  1.52515422352826490E+01  2.65519338198968170E+01
  4.36315933331792570E-01  2.68250251528005630E+01  1.00587692744622290E+01
  6.77666041374141330E-01  2.15164646114658390E+01  2.01337399850565650E-01
  5.67035311113654220E-01  3.74734275802898150E-01  1.20746761469639750E+01
  3.38650161839631010E-01  2.72868035180456160E+01  9.30564273762203520E+00
  6.94010183176834960E-01  1.68871476983295000E+01  1.94394022338517230E+01
  7.10410487391814980E-01  2.69171254458068740E+01  3.88713876003309410E+00
  4.54567147313974470E-01  2.64065010143026060E+01  2.68609276210331310E+01
  2.52169786807371790E-01  2.42463074570134760E+01  1.24547464474993020E+01
  3.01799748246536660E-01  3.56614153617957270E+00  2.37354259985142450E+01
  4.27719079604653450E-01  4.03478671491804870E+00  1.35375800822101220E+01
  3.87762191716535260E-01  2.78999016001790100E+01  5.79621662493880500E+00
  5.72951670348821020E-01  4.86337733731829490E+00  2.46868359143036140E+01
  5.09222041678605210E-01  4.05184060491762300E+00  3.02049077656269030E+00
  5.25993347610763350E-01  8.52484726928122430E+00  1.02704513794680640E+01
  3.12648490279368120E-01  2.22001254161881680E+01  3.35879913395940300E+00
  3.32399546609116130E-01  2.39943633617183810E+01  2.35997079969049220E+01
  4.43807889241729470E-01  1.51670314491116900E+01  2.34556257088153010E+01
  3.44170209092795430E-01  5.64854153030407690E+00  3.84593700404818510E+00
  2.54824432159977790E-01  1.84406398389271330E+01  1.09824129993253340E+01
  4.21963532045373490E-01  1.12378166018399560E+01  2.48674969493016360E+01
  4.11696508529454960E-01  1.33991870167630190E+00  2.37397910350207970E+01
  4.11346310528290360E-01  1.46111883387576300E+00  2.22643556722410740E+01
  6.16837537735261420E-01  1.85080406353304770E+01  2.72051982855890770E+01
  4.83570943621045310E-01  8.71248582398904860E+00  1.56347225276141990E+01
  4.32382463464541460E-01  2.37828256816400380E+01  1.94186363347247590E+01
  5.92513140571182980E-01  2.21639655520502000E+01  1.80272466071861750E+01
  3.55036581058269410E-01  8.18172350198158330E+00  1.10803265734414240E+01
  4.74581552528920360E-01  1.81058680568454660E+01  6.72345149707157750E+00
  3.44905765886116280E-01  1.09853310416616830E+01  7.25032607647033610E+00
  5.96963967672292380E-01  2.70553655818110210E+01  8.40015272455138270E+00
  2.68569610726517900E-01  1.93847450346356440E+00  2.09153024254913300E+01
  5.80290806494985740E-01  1.31280637205479440E+00  4.09709614857397940E+00
  6.25336422111717830E-01  2.42775893072422090E+01  1.56208875164447940E+01
  6.17452885167652710E-01  2.44548489679477680E+01  6.10705843531656620E+00
  3.29506256422424390E-01  5.12881756041078770E+00  4.42343830212673870E+00
  2.58355477869490890E-01  8.24627229874025860E+00  2.66739986609774140E+01
  4.69641390777102340E-01  6.29540493200068680E+00  2.21821483351484790E+01
  3.49095179616795370E-01  2.44454697493212020E+01  2.74498400633900320E+00
  3.27988333844876360E-01  2.94395446053994010E+01  2.65417280829550570E+01
  3.86383264228710210E-01  7.15067956555143610E+00  2.21631661535985070E+01
  4.75543307221801650E-01  2.11109593447314910E+01  1.82027470354399700E+01
  5.07815655211632320E-01  5.36499717305148140E+00  2.24813693562391030E+01
  6.08088426536500660E-01  5.47907373413418060E+00  1.08014351419230860E+01
  3.93024383017402490E-01  1.17308679126438110E+01  1.52523570971863440E+01
  7.48336469443998900E-01  1.79764055718274880E+01  9.34441541431335490E+00
  3.13454063710418570E-01  1.36453262787065910E+01  1.69640306415249500E+01
  4.43133439323318520E-01  1.42810264304644750E+01  2.34752960029890940E+01
  3.62493203924014780E-01  4.93569431107302400E+00  6.12521839426906830E+00
  5.72881440675418570E-01  1.64077264155939170E+01  2.59995013354611330E+01
  3.71299762957800540E-01  2.26544891457543360E+01  1.57613292898498120E+01
  5.13143010843963320E-01  2.70726237986570550E+01  5.76703671938771030E-01
  3.87533216804236250E-01  1.54053883916263330E+01  1.89043810094015350E+00
  3.90540239164096370E-01  1.32785855672514330E+01  5.46974094848426870E-01
  4.11696508529454960E-01  2.34558229057733240E+01  8.14161558730313390E+00
  4.19670751191123690E-01  2.55067100837655900E+01  1.35591313741021790E+01
  5.39922025342825940E-01  1.29435681181612880E+01  1.90357057270185660E+01
  3.73125396709624990E-01  1.06818540618917300E+01  1.99252665564395780E+00
  5.72628172168292430E-01  2.85286036217453540E+01  2.35443750860491970E+01
  5.63660960642019760E-01  1.63058189952548280E+01  1.83248659792409970E+01
  7.54397230300637300E-01  1.98916962658621910E+01  2.55841817375072790E+01
  4.07877171249442140E-01  2.42704189759057380E+01  8.06219205799553860E+00
  4.61178090502161720E-01  2.49804600491525690E+01  1.73518740716882290E+01
  3.50974061745161330E-01  2.58921561332011360E+00  1.49108895531953340E+01
  4.22541054278063120E-01  5.97140409781812930E+00  3.15132123340023980E+00
  3.25036994184950640E-01  6.31080682209796430E+00  1.27816171511209230E+01
  4.96042965314236020E-01  5.06653620865012750E-01  5.89802573048580840E+00
  3.04461637453634990E-01  1.04251335657210940E+01  2.17690358542858960E+01
  4.21290506291976640E-01  2.33540991921535700E+00  3.51162293560724240E-01
  4.26578460793149810E-01  8.13964842770182710E+00  2.59068476665347020E+01
  3.91816801400439550E-01  3.33135374966953710E+00  1.03444300566450150E+01
  5.32262962461145860E-01  6.58198633511353840E+00  2.36975219474621320E+01
  6.07718241283317260E-01  2.16700706916820560E+01  2.15193803186013780E+01
  5.13425754976809310E-01  9.69770464776022930E-01  9.16520779535049530E+00
  5.46829204411607870E-01  2.03142532693051800E+01  1.88422082294089110E+01
  2.99038091422116640E-01  1.83962967643751870E+01  2.31040109175630980E+01
  3.65374026971610010E-01  2.82633064895952910E+01  1.89700918940009020E+01
  3.46733456860136300E-01  1.64061835640334910E+01  3.15686594762321750E+00
  5.01833768532536340E-01  2.73168677837509120E+01  1.39361931773540170E+01
  2.88617724104866640E-01  2.01106682002788230E+01  1.71469243079779820E+00
  3.13454063710418570E-01  5.12820979675853380E+00  5.29909702632098330E-01
  4.43756654693070110E-01  3.26617297246736580E+00  1.22798298511427110E+01
  5.20369884994360540E-01  2.13411666265056680E+01  1.09611192316816730E+01
  7.41720708060832300E-01  1.47917869993287780E+01  2.74916751075271330E+01
  2.99038091422116640E-01  2.23948086263423850E+01  6.28136572523389080E-01
  3.93024383017402490E-01  1.12910663989354560E+01  2.80975440197500710E+01
  2.53364602799301860E-01  2.64293532449545480E+01  2.02822438660129760E+01
  5.48463672908306780E-01  1.87602375055864920E+01  5.93601182671612190E+00
  5.63660960642019760E-01  5.10489849909722170E+00  2.68174078002672100E+00
  4.99487474973056500E-01  3.36467255991859290E+00  2.29608197256853370E+01
  5.32488384254616510E-01  2.66253088385120480E+01  2.46124268029619880E+01
  3.62493203924014780E-01  2.25327978741185470E+01  2.96736341727113990E+01
  3.90540239164096370E-01  6.40395908756781470E+00  4.83368774385739640E-01
  6.25248164210708260E-01  1.65055324027627750E+01  2.91119495157599530E+01
  3.93024383017402490E-01  2.14913035971686740E+01  1.18610422354887570E+01
  2.83517655556827110E-01  1.76648241903920640E+01  2.44334433063084620E+01
  5.16562546778196820E-01  8.02945997740745380E+00  7.83556966976869870E+00
  5.96777348356598920E-01  1.65319370239283860E+01  6.39680920216899280E-01
  3.35017483125717060E-01  1.00531679856279050E+01  2.01179364216104800E+01
  5.69344335137112000E-01  2.88551235877483380E+01  7.95274620536922420E+00
  5.55509338843663690E-01  1.62233587386156730E+01  7.62424646179648670E+00
  4.09775903561979240E-01  1.05480803106175860E+01  2.24725051320833520E+01
  3.20574425314766210E-01  2.61248590444224650E+01  1.18596499040968890E+01
  5.39466591144820300E-01  2.74601395739424030E+01  2.32368419882448190E+01
  5.18725390566230620E-01  2.92696439212007960E+01  2.27436859119242950E+01
  3.62493203924014780E-01  1.12629364534236910E+00  6.49194032467178770E+00
  4.23675716525973380E-01  1.19747712985591300E+01  1.71310861306665170E+01
  4.13050329149462850E-01  2.12933909812117080E+01  1.73335027064436320E+01
  3.01731430220296380E-01  2.46747720029362550E+01  9.12442552229188130E+00
  3.48156346672602490E-01  1.01930113160965200E+01  1.13276479380932500E+01
  6.83531487369900860E-01  2.73822081601169600E+01  1.70869204460170640E+01
  3.27197753470684690E-01  2.81861389297146750E+00  7.97510299450412500E+00
  3.50974061745161330E-01  2.91441504942963480E+01  2.18837320762977860E+01
  5.77649046292645880E-01  2.54488387468673860E-01  1.09372126126655170E+01
  5.13614394364816020E-01  1.71430672842165420E+01  2.67987739879630630E+01
  7.17953871372127320E-01  1.89716147219398830E+01  1.79158688970701970E-02
  3.01731430220296380E-01  2.92840035381659440E+01  7.19455640238759740E+00
  6.14584822297879540E-01  2.42826420291292920E+01  1.83340130350876010E+01
  4.69641390777102340E-01  7.04174675095747830E+00  1.75540642227474920E+01
  4.49154676673646060E-01  2.08050285021673030E+01  1.35171939881006760E+01
  4.82268891960512480E-01  1.80211097875989910E+01  1.82844047235622220E+01
  6.26908127420837150E-01  3.11031574020108970E+00  2.38502564988676720E+00
  2.50971712925384870E-01  2.13830987736481080E+01  2.47151696034969460E+01
  2.62213147743524950E-01  5.38340523004873890E+00  6.56064594674583110E+00
  6.45167794061425240E-01  3.93998028762997520E+00  6.27913358094407050E+00
  5.94931591270377070E-01  1.93371457038874330E+01  1.94302060504686020E+01
  7.68548325332126940E-01  2.58380501830902180E+01  6.18477299657712900E+00
  4.36195486319121350E-01  7.66671233439253540E+00  1.69006338406959960E+01
  5.33066537704075310E-01  2.26425675801801490E+01  2.52441266538820770E+01
  5.62178328188990490E-01  5.81598058854622210E+00  1.91126459435659580E+01
  2.97561439636419770E-01  2.47910583524385150E+01  8.53704177182148700E+00
  4.82771447840326400E-01  2.77164010652318350E+01  2.86907161735369200E+01
  6.61562106526255890E-01  1.62587504576618610E+01  1.24180489156180660E+01
  5.04339573614743570E-01  1.38257304433933170E+01  1.25390476407871490E+00
  3.45648959319623030E-01  2.15346108574131420E+01  1.32035670228911000E+01
  6.95947079841625180E-01  2.50333454028494490E+01  2.10704221828615380E+01
  4.75626642073745920E-01  4.73311149991681290E+00  2.67108753023801240E+01
  2.57534358191145160E-01  2.96443286753387590E+01  2.93375883750252090E+01
  6.30423428531534040E-01  9.35364519610102010E+00  2.95864895897372900E+01
  3.25516939164680520E-01  2.12527322778274910E+01  2.23538660578230120E+01
  3.14110289759674140E-01  7.59443034199427560E-01  2.24435302162591060E+01
  3.99477862283745790E-01  2.47451457361046570E+01  1.10529375186290350E+01
  6.47236078597052340E-01  3.29292304307561730E-01  3.36365563201878980E+00
  5.28731261397185740E-01  1.35416714836896150E+00  1.57790951938137030E+01
  4.43807889241729470E-01  1.60639487699227960E+01  2.50435295422554990E+01
  4.82268891960512480E-01  1.34059845450390860E+01  6.23446372938739570E+00
  4.30858982518450690E-01  2.67341511036361150E+01  1.61806367461171800E+01
  4.18947112612636110E-01  2.44587729756474950E+01  1.18182356895670340E+01
  3.50662231740508900E-01  1.91445850675766000E+00  1.51014131702479410E+01
  2.85767805251094040E-01  5.76156731919351820E+00  2.72958183051782390E-01
  3.45648959319623030E-01  9.88283798611690050E+00  2.14106382657928440E+01
  3.45648959319623030E-01  1.15973879608341760E+01  1.29373237088496560E+01
  6.42005949159872720E-01  1.20002913062306610E+01  2.16005753675530770E+01
  2.74003615458356760E-01  2.02151550678303910E+01  2.18635555498048860E+01
  3.87653287431749970E-01  1.14137348568251940E+01  2.92030562341627800E+01
  4.18948713530687210E-01  2.50989332285201950E+01  9.70623783307316760E+00
  4.53451232343747090E-01  6.57219511137810300E+00  2.87259926604485970E+01
  4.21603844523193420E-01  1.36922750174481590E+01  2.78709313652356800E+01
  2.62213147743524950E-01  2.30064617514603430E+01  8.79989462038084720E+00
  6.94903868090152520E-01  2.90879151527519330E+01  2.55813430385371100E+01
  6.31563936872940970E-01  2.92295413368718220E+01  1.61627503023123470E+01
  7.01778375544082420E-01  4.26563636082817150E-01  8.07993603232039170E+00
  3.46434506905438330E-01  2.42438058150427840E+01  3.65356515499595200E+00
  3.50662231740508900E-01  2.27572561875484280E+01  2.02707540823061090E+01
  3.01799748246536660E-01  2.43235874058793090E+01  2.03692445260946190E+01
  4.41298336829792340E-01  1.06446906028841840E+01  1.31366978334079260E+01
  3.39481361119070080E-01  2.00431914349292840E+01  2.66672128798678190E+01
  3.83181557852844270E-01  2.80824431903287750E+01  2.59670918653800910E+01
  6.75156127532392600E-01  1.93904029894246510E+01  4.88776478010022860E+00
  2.73281005279713530E-01  1.20248888810362290E+00  1.19330852182336710E+01
  6.65634982039605120E-01  6.17958915980843140E+00  2.08443668586185730E+00
