1
  1002  2.96924426640336700E+01  2.96924426640336700E+01  1.00000000000000000E+00
        0.00000000000000000E+00  0.00000000000000000E+00  0.00000000000000000E+00
  5.13614394364816020E-01  1.80126853297333400E+01  2.66820683194558010E+01
  7.17953871372127320E-01  1.41750028841121210E+01  2.52183616548336930E+01
  3.01731430220296380E-01  2.01867552299777060E+01  2.14664129457594330E+01
  6.14584822297879540E-01  8.40154222171063300E-01  2.58927652111308720E+01
  4.69641390777102340E-01  1.37606741045165230E+01  2.63313187632065610E+01
  4.49154676673646060E-01  2.57384246635043970E+01  7.20827927827540100E+00
  4.82268891960512480E-01  1.96373361383180940E+01  6.56715407501937950E+00
  6.26908127420837150E-01  1.67520873241721300E+01  1.09790395932937330E+01
  2.50971712925384870E-01  1.30187331302498150E+01  2.77854204217486650E+01
  2.62213147743524950E-01  3.73990701679529190E-01  1.35995058041096290E+01
  6.45167794061425240E-01  2.32784776995691160E+01  5.42070274971183960E+00
  5.94931591270377070E-01  1.77107664447452460E+01  2.52347015341340750E+01
  7.68548325332126940E-01  4.51912285639852310E+00  6.42887958625764710E+00
  4.36195486319121350E-01  9.11356714844469980E+00  5.52734763534004440E+00
  5.33066537704075310E-01  2.26984390485337070E+01  3.66916267664397290E+00
  5.62178328188990490E-01  7.13810578664696840E+00  1.11656321109632570E+01
  2.97561439636419770E-01  3.61326275850118780E+00  2.74378015736521550E+01
  4.82771447840326400E-01  2.61688065725833920E+01  2.86488789135147570E+01
  6.61562106526255890E-01  1.35250350776124910E+01  7.76428317730521390E+00
  5.04339573614743570E-01  3.39359034473307290E+00  1.66155368549992880E+01
  3.45648959319623030E-01  3.08160459496346830E+00  5.10120348164935500E+00
  6.95947079841625180E-01  2.37252753338452040E+01  1.01095711307192050E+01
  4.75626642073745920E-01  2.38121081284660580E+01  2.82343328866676910E+01
  2.57534358191145160E-01  3.00673056509185210E+00  2.29591520153317720E+00
  6.30423428531534040E-01  4.44144839106774820E+00  7.82544097030276030E+00
  3.25516939164680520E-01  5.90567196428786010E+00  2.52708036201839330E+01
  3.14110289759674140E-01  2.66892959221737240E+01  2.33783157584686880E+01
  3.99477862283745790E-01  2.13894614139791560E+01  9.35730933324785850E+00
  6.47236078597052340E-01  3.81212357600657190E+00  1.50058790884998490E+01
  5.28731261397185740E-01  2.40490989674662430E+01  2.13719478895839180E+01
  4.43807889241729470E-01  2.13474557261218610E+01  2.95915646615797530E+01
  4.82268891960512480E-01  8.82423524507333920E+00  2.71358666419057140E+01
  4.30858982518450690E-01  3.97863305951193840E+00  1.75808966670946210E+01
  4.18947112612636110E-01  6.00327319828857680E+00  1.63744545777381840E+01
  3.50662231740508900E-01  1.30721422790286110E+01  1.91831973192420970E+01
  2.85767805251094040E-01  2.47600133868313750E+01  1.39042552351090120E+01
  3.45648959319623030E-01  5.01819226623376210E+00  1.86437212466045210E+01
  3.45648959319623030E-01  1.07916096065137880E+00  1.34721887494258220E+01
  6.42005949159872720E-01  2.25940320164737610E+01  2.59439086096540910E+01
  2.74003615458356760E-01  2.73480268138889290E+01  1.39771253620459620E+01
  3.87653287431749970E-01  2.50769685056915930E+00  7.58350477080673360E+00
  4.18948713530687210E-01  7.45129112471600230E-01  2.69215627592311580E+01
  4.53451232343747090E-01  1.65689588183762630E+01  2.04837954827990420E+01
  4.21603844523193420E-01  8.86404877017364610E+00  8.44760953277369000E+00
  2.62213147743524950E-01  1.60952355914047480E+01  2.45377867871349410E+01
  6.94903868090152520E-01  2.28779647939094380E+01  1.51908315250449330E+01
  6.31563936872940970E-01  2.18386845228613850E+01  1.70354539366713030E+01
  7.01778375544082420E-01  2.77452007534809870E+01  1.20076450097536790E+01
  3.46434506905438330E-01  2.67727745279873090E+01  2.93470690155906340E+01
  3.50662231740508900E-01  9.59532780365345420E+00  2.68215056764056070E+01
  3.01799748246536660E-01  1.62190451688994980E+01  5.87219115983383320E+00
  4.41298336829792340E-01  2.34099873212404150E+01  4.33479877757092600E+00
  3.39481361119070080E-01  5.58382424344811220E+00  6.73467588852878050E+00
  3.83181557852844270E-01  2.35701442906675710E+01  2.62574659652269380E+01
  6.75156127532392600E-01  1.48341020964641910E+01  1.78242147616915290E+01
  2.73281005279713530E-01  1.27005991750398830E+01  1.47922237559970750E+01
  6.65634982039605120E-01  1.80154678216912810E+01  1.63004161724774190E+01
  2.54824432159977790E-01  2.38578838696634710E+01  1.65733774439244960E+01
  2.84029264846615530E-01  1.35388966869098430E+00  1.71350262204402740E+01
  4.62836237406567810E-01  1.15580557147287200E+01  1.56303880680112690E+01
  3.33973424357718240E-01  1.23659366595824420E+01  5.10144403328459450E+00
  4.91872428060923640E-01  3.48743031709325370E+00  2.66586981407549820E+01
  5.52490392167627680E-01  1.62046795051892860E+00  1.18843186909375920E+01
  5.39466591144820300E-01  1.96485410572466680E+01  1.31494788071366010E+01
  5.65219172841477580E-01  6.36058867733386800E+00  1.03494554589568340E+01
  3.53776024442120150E-01  1.40051707863516160E+01  5.51913504043599710E+00
  5.54611473665029210E-01  3.11680242499901720E+00  3.15568024581304310E+00
  4.81368497469048420E-01  1.66924850566737780E+01  6.49572957726477360E+00
  2.84672167568555990E-01  2.85527478066556630E+01  1.87721626429356830E+01
  3.06898385793053400E-01  2.64446484713776080E+01  1.74416178742809390E+00
  4.49954956992444630E-01  2.10175261163352010E+01  2.71864964295217780E+01
  5.88686278844574580E-01  1.02891990370947290E+01  2.30179199003957000E+01
  4.36315933331792570E-01  1.12638344280115130E+01  1.94081024892435500E+01
  5.46155746035104350E-01  1.01427654689973200E+01  2.02067471139687420E+01
  4.11346310528290360E-01  2.32641201580813260E+01  2.18876727303774170E+01
  7.44650008855257360E-01  2.59177717648310660E+01  1.73073396385951420E+01
  4.68162992243922280E-01  1.00632201293582200E+01  1.79918626663898140E+01
  7.11073931023246340E-01  1.96165830526753770E+01  1.52790075818661820E+01
  3.02034441597155470E-01  6.97347613485232460E-01  2.76863578217654120E+01
  5.12509616084684260E-01  7.69729723256910430E+00  1.34381529009116600E+01
  3.40422717275118370E-01  5.40761879066338750E+00  2.48301202584251360E+01
  6.65634982039605120E-01  1.44485776376867980E+01  2.38387637942828160E+01
  3.75295693565172690E-01  2.97789509532507280E+00  2.85417338376817900E+01
  4.75626642073745920E-01  2.76420622058734620E+01  1.59166512795825950E+01
  4.72038094207023740E-01  2.41405029167681920E+01  1.34392666136794880E+01
  4.29902962432020440E-01  5.20755190133812020E+00  1.93953284617708980E+01
  5.68910711623079470E-01  2.89904690903597740E+01  1.55632414344671230E+01
  3.07263188066738420E-01  2.30895412588851950E+01  2.67529739496891640E+01
  6.10911033360540580E-01  2.53928487381467850E+01  2.78785477849890240E+01
  3.43353541919950760E-01  2.20760856292873430E+00  3.42783904277796300E+00
  3.15231116497538320E-01  1.31685580448285680E+01  1.51478796336313120E+01
  3.78068289465320630E-01  1.65948514961783720E+01  1.74534165052512190E+01
  2.54824432159977790E-01  1.83962281022570940E+01  2.93834455759731910E+01
  5.44558358435121190E-01  1.24717115463181920E+01  7.17842878300014410E+00
  3.56000803327192820E-01  2.61016230379713330E+01  6.46622587940083000E+00
  3.13454063710418570E-01  9.36492343854894930E+00  1.09833475692181870E+00
  6.12591031919131530E-01  4.19168594674090580E+00  1.96220040596669780E+01
  6.47236078597052340E-01  1.50659087994430310E+01  9.41389146771692960E+00
  2.65726189967390210E-01  2.94559863050253800E+01  1.62548283180344060E+01
  2.96653470797716330E-01  4.38228657347736930E+00  1.87330237341197300E+01
  3.45648959319623030E-01  2.49702118476500170E+01  1.13066846575519300E+01
  3.13454063710418570E-01  6.11345932270918800E+00  2.74376999924190560E+00
  3.39073066583844400E-01  2.65484418066255050E+01  7.93787983498796380E+00
  2.96256570285591500E-01  7.47993831002425490E+00  9.15194816008024500E+00
  4.19081387041561550E-01  1.40935867370152220E+01  2.79930019446235290E+01
  7.08391389715138510E-01  1.33278368563213880E+01  4.70193503433507500E+00
  7.16035261746952050E-01  4.06163313567514630E+00  2.84255617815320750E+01
  4.43133439323318520E-01  9.87374737660177000E+00  2.60788514496928730E+01
  2.73281005279713530E-01  2.13781222964250580E+01  1.93284294956565500E+01
  3.35017483125717060E-01  9.76031110767493710E+00  5.85226492142993490E-01
  5.09222041678605210E-01  1.06014758085111630E+01  1.58020977407856900E+01
  4.27719079604653450E-01  3.04015087867870280E+00  1.57534418397229030E+01
  5.81299825206354370E-01  2.30552050655853090E+01  1.87601240592503270E+01
  5.46155746035104350E-01  9.67386411084282650E+00  2.77142496922036410E+01
  3.05466220251299840E-01  9.65547413640751810E+00  2.25274180599366190E+00
  3.11838068626578210E-01  1.59678307014028960E+01  9.73908670486822280E+00
  6.27423008989955560E-01  9.76799368521109020E+00  1.11621175928181310E+01
  7.12424816007452400E-01  2.21781190591402930E+01  2.72319338406921750E+01
  4.41140732643827070E-01  1.86146156503352320E+01  1.47101239135552150E+01
  3.80273533482480450E-01  2.72036882092731600E+01  3.28511175520119410E+00
  3.29796701345061780E-01  5.03656803357427930E+00  1.09027484488257790E+01
  4.15252526658189590E-01  2.91450616222956040E+01  3.30847107210824950E-01
  2.59062449636064510E-01  9.57588036084667850E+00  1.20298056952893850E+01
  6.18419083689772810E-01  1.24702773682600160E+01  2.60504166287155920E+01
  5.04213456464067280E-01  2.11945120383328160E+00  2.83546360773373610E+01
  3.48156346672602490E-01  1.21916557727534710E+01  1.80399559513905810E+01
  2.89042915761794110E-01  1.89471313175621640E+01  1.60645703784680760E+01
  3.05466220251299840E-01  1.56120645546854040E+01  5.87457446029545950E+00
  6.49919166153384610E-01  2.33237494149557530E+01  9.68293214548347690E-01
  6.14379095469630790E-01  1.33134801941021250E+01  1.60657097732589200E+01
  7.00411917450214720E-01  9.47783617478035720E+00  1.39229639784008730E+01
  5.69344335137112000E-01  2.59162276931155090E+01  2.96694391819427740E+01
  2.57564851167384970E-01  1.31229755597252600E+01  1.44641782852534910E+01
  4.13050329149462850E-01  2.01007562745742450E+01  1.79202709919029670E+01
  6.18419083689772810E-01  7.07587781919721870E+00  1.43827374452193910E+01
  4.26523982883737140E-01  9.11782355623466680E+00  1.77524934465296270E-01
  3.78209123272245940E-01  7.30973006753865300E+00  6.47246029784831480E+00
  2.63055759251188670E-01  2.67266359245383360E+01  2.12927800873187930E+01
  5.00274833943758600E-01  1.04200899669163240E+01  2.50588915595877150E+00
  6.01687927537542500E-01  2.01121065912381880E+01  1.04896758600854360E+01
  4.86073626967704090E-01  1.99395088495294070E+01  5.64772158930874650E+00
  7.62474117278193650E-01  2.45229408328786280E+01  6.86323181725875480E+00
  4.87886881528419990E-01  1.68609669299975380E+01  1.29939644337364250E+01
  2.99038091422116640E-01  1.17159162937828310E+01  2.77498633567852910E+01
  3.50974061745161330E-01  2.48793995396509470E+01  5.80896132261637630E+00
  6.10572080928614460E-01  1.17606238770691200E+01  4.31196025644209160E-01
  3.01731430220296380E-01  2.07822921775041390E+01  1.81329632509885880E+01
  2.59062449636064510E-01  1.62878907778935830E+01  2.11384245226731300E+01
  6.99477888048091770E-01  2.29520995327778190E+01  2.08223021576218130E+01
  4.41666133880560000E-01  2.91579255963099830E+01  2.81692151589388330E+01
  6.86210935380316480E-01  1.02635471084559400E+01  1.26867860773723910E+01
  5.27425300578987690E-01  3.95017213476571790E+00  1.28293958746691490E+01
  7.54505484792745040E-01  1.28699634288190230E+01  9.01835432514366530E+00
  4.11696508529454960E-01  2.79581525760359430E+01  6.24266064107783160E+00
  6.26517897412854200E-01  1.79081064057527580E+01  1.14623528848431810E+01
  5.72142532162989690E-01  7.82481041965985200E+00  2.74767738360538840E+01
  3.47451934045076260E-01  3.61848865493977100E+00  2.40665781848056690E+00
  2.57564851167384970E-01  1.31076784925271800E+01  2.66513495853419760E+01
  5.33859136323620030E-01  1.53759893488810350E+01  2.55696563805204850E+01
  2.69169509893181310E-01  1.36435452657816380E+01  1.45511253123578520E+01
  4.24351701398837560E-01  1.07089661074660520E+01  1.16297924952624710E+01
  3.11762329988951370E-01  9.85342949535923470E-01  2.20949518456675270E+01
  3.50974061745161330E-01  1.35649536714596110E+01  2.43410459510330770E+01
  2.66929568161810020E-01  1.23891047655895540E+01  4.43841796249766050E+00
  7.20816873845379820E-01  2.31602098602101410E+01  1.14446454481413280E+01
  4.22201084465533680E-01  1.46898966626230510E+01  2.62353684147546600E+01
  3.09209541844886400E-01  2.04397076161293040E+01  2.54643796925554860E+01
  2.62213147743524950E-01  2.62046879555991770E+01  5.85677145636179560E+00
  7.60411681679863700E-01  1.13754519175870410E+01  2.06377281308879430E+01
  6.67521681419926690E-01  1.92723629003918720E+01  1.08963057034004260E+00
  4.37954134865551840E-01  1.39189772475427240E+01  1.52058882799273540E+01
  7.16654247500547470E-01  1.35035452279460560E+01  2.21281957093180570E+01
  7.12424816007452400E-01  1.86381258668463660E+01  2.08466381662237160E+01
  3.61198882346046800E-01  2.92357987703089820E+01  9.24313570700491380E+00
  3.82245446386266610E-01  7.11500463929020910E+00  1.82868194548682760E+01
  3.58737518624021320E-01  1.75644307040571570E+00  2.55646439267314460E+01
  5.81547682683179710E-01  5.13388090086069760E+00  2.57435855010811810E+01
  4.21963532045373490E-01  6.18153007296403610E+00  1.49141164061655380E+01
  3.12648490279368120E-01  2.74193466416446440E-01  1.65238430734084330E+01
  3.25036994184950640E-01  1.12468176427531790E+01  5.60087006772558650E+00
  3.83290088603488770E-01  8.98973528828184600E+00  1.05166205265680710E+01
  2.93443024193560210E-01  8.54584221882841530E+00  1.59968733518244480E+01
  2.66929568161810020E-01  2.03215378292205240E+01  9.64720826470650470E+00
  2.99038091422116640E-01  2.20244666636016040E+01  2.17341081206974970E+00
  6.00040109246873770E-01  5.92665760705678580E+00  9.26848997690369100E+00
  7.14535578675763720E-01  1.43630943099748480E+01  3.72703950025455780E+00
  3.06898385793053400E-01  1.84418029033672180E+01  5.63822517944261570E+00
  3.45648959319623030E-01  1.90985449924267880E+01  2.76596925602561970E+01
  3.87046365911375680E-01  1.71207482456671300E+01  1.56922527787053510E+01
  6.56539952722306990E-01  1.27198650832366460E+01  1.71878367702303230E+01
  5.07436062422724900E-01  1.92846173558957690E+01  7.49135903773106190E+00
  7.39270392714900380E-01  1.63102129023824110E+01  8.74606077509265840E+00
  5.38024295323284910E-01  1.23000693311644260E+01  2.40960231541460210E+01
  7.33199636544987770E-01  1.89753765570214660E+01  1.94416995408293050E+01
  6.31923671661538840E-01  2.22607817103277980E+01  1.96861403719065750E+01
  5.72951670348821020E-01  2.30827491188630810E+01  2.28540035464646640E+01
  6.40456937776772590E-01  2.41819291640603350E+01  2.54369467538050990E+01
  4.77241894706072770E-01  2.43061356823095200E+01  1.17913000657377700E+01
  7.64764367446448820E-01  1.66886111104913790E+01  2.22658293049805850E+01
  7.16535845940979770E-01  1.09044222351701720E+01  1.46144072336958910E+01
  3.10705613459761840E-01  2.14206265352580690E+01  1.49488014210786520E+01
  3.89901968262705180E-01  2.57644867065371310E+00  4.56816921139172650E+00
  7.15011499502423580E-01  1.99200933387896590E+01  2.31792998138934050E+01
  7.60297905848187840E-01  3.21747177071497470E+00  8.48504197094095320E+00
  2.65726189967390210E-01  2.60602523449744330E+01  2.58380531468796410E+01
  4.53492046339069340E-01  2.39935461318843790E+01  2.23520642351563370E+01
  5.18725390566230620E-01  4.26248468298392340E+00  1.04750294479275880E+01
  4.24020504903543660E-01  2.51279557837985120E+01  7.88364586816862900E+00
  5.17634268500846420E-01  1.82744093334480940E+01  7.66266468298185630E+00
  4.54567147313974470E-01  3.09531857095984590E+00  1.75264658504208980E+01
  3.65965634987757580E-01  1.09278244999349550E+01  2.94689237114705590E+01
  2.96256570285591500E-01  2.83715302938592230E+01  1.61675834225252790E+01
  5.50543265074639000E-01  3.72435169214765070E+00  2.43860550582021820E+01
  4.46540105696671490E-01  2.36819646879880600E+01  2.32560669513461220E+00
  6.47236078597052340E-01  1.02592026243039700E+01  5.37031838224851030E+00
  4.82769235883485770E-01  9.61894189703984810E+00  1.59370891710012120E+01
  2.97529618718302210E-01  7.87691264600517190E-01  6.99992202326413440E-01
  4.13811620468168510E-01  1.62933831317563960E+01  1.58735896924959810E+01
  4.87785457169642190E-01  7.06491828813579660E+00  2.82259878155367260E+01
  3.41778742319800830E-01  2.49131233984933400E+01  2.60917824500971850E+01
  4.05793634226126800E-01  6.89484665761185680E+00  9.53901866619303180E+00
  7.14516279726398110E-01  1.86075619553811120E+01  4.05190301778517450E+00
  3.71799304162545760E-01  1.97156748309234930E+01  8.94158339770132220E+00
  5.77820253962530560E-01  1.24438808352313350E+01  1.02792985967183860E+01
  4.75626642073745920E-01  7.52611339704345020E+00  1.99742045275027480E+00
  5.46562010559427060E-01  2.52657396698066460E+01  1.21478895174966350E+01
  3.29506256422424390E-01  1.97251817579437550E+01  9.64277333810832360E+00
  2.62213147743524950E-01  6.03176665326239720E+00  1.56938904919509740E+01
  3.63105686475124490E-01  1.19447610872963120E+01  1.49012193927489700E+01
  7.08391389715138510E-01  5.12934592664696700E+00  1.53258879766267770E+01
  4.26578460793149810E-01  2.10706623127258940E+01  1.01185406399352170E+01
  6.08873319065221350E-01  2.15613195817363600E+01  8.36487528720296680E+00
  5.39466591144820300E-01  9.98913324531617160E+00  2.18068575898964240E+01
  4.66553963192992600E-01  4.90821506929811950E+00  1.41722991300706380E+01
  4.82771447840326400E-01  1.30889534408216670E+00  1.79002072669836670E+01
  5.13004586318856950E-01  2.94380346173061050E+01  2.61637012541906560E+01
  3.17084428049163950E-01  9.72432353366873770E+00  2.85757174907362850E+01
  3.50974061745161330E-01  2.52058944490636140E+01  2.29963144718638370E+01
  3.82382183723224410E-01  5.59276500008104630E+00  6.01288648702463040E+00
  3.77759649416993960E-01  2.90918252145150300E+01  1.79606257153337620E+01
  5.74203886104520670E-01  1.22175504076669450E+01  2.60161713445423230E+00
  4.11346310528290360E-01  2.55604965184698260E+01  4.29703449759956690E+00
  5.06367095649294540E-01  2.11581990013627000E+01  1.10467945027652270E+01
  6.01687927537542500E-01  2.61029344007855220E+01  2.26760004594142970E+01
  2.49794182180603610E-01  1.82467120285129630E+01  1.72927174788981120E-01
  6.11481049571092420E-01  4.26062842197288560E-01  1.77312873668266180E+00
  5.03927515451986880E-01  3.89233707291117170E+00  1.38583313775698900E+01
  6.35485889077753010E-01  2.66987492830371770E+01  1.28395902254043420E+01
  2.99038091422116640E-01  1.47799505143435090E+00  3.96358631429588290E+00
  4.22541054278063120E-01  8.98213589888495180E+00  3.58501506841603620E+00
  3.05466220251299840E-01  5.39872884151127330E+00  2.95599526155122340E+01
  2.62213147743524950E-01  1.19278405345743030E+01  4.69738926303689830E+00
  3.61769499680632390E-01  1.84075577584932790E+01  8.53114926739669950E+00
  2.47647088603063280E-01  8.38298447770249670E+00  2.87823876678845670E+01
  3.11155895623034430E-01  2.95160540942427690E+01  1.34401576210263890E+01
  2.66929568161810020E-01  1.27497716973130630E+01  1.95073835501350940E+00
  6.90395435464654740E-01  1.11836656315947400E+01  1.82842527259313070E+01
  2.96503602823160150E-01  1.28102333829431810E+01  1.82209126422104470E+01
  6.57722721512726150E-01  9.15010777788648260E+00  9.48795935551734180E+00
  7.24777883420223110E-01  2.25173531841398750E+01  2.95477216356245900E+01
  5.48279863025970290E-01  2.57819919328840400E+01  1.38278850399926440E+01
  6.40748513009616880E-01  1.48772786904331300E+01  2.72813969525230680E+01
  2.56092450391898300E-01  2.76447272955430950E+01  5.60747425428614930E+00
  7.17499092254363010E-01  1.54931636298276910E+01  1.85771895527925310E+00
  4.66141488621800890E-01  2.80158463315397060E+01  1.42958491451407370E+01
  6.33759023001558490E-01  2.95808528399962610E+01  2.01178154816542900E+01
  5.48279863025970290E-01  2.27172157441267610E+01  8.32465390396460410E+00
  4.19081387041561550E-01  2.45949645949202420E+01  8.66997197341869890E+00
  5.70902198024309190E-01  1.02368273339079550E+01  1.00602110719908580E+01
  3.17950877609215300E-01  1.66964657429552370E+01  2.94553127790403910E+01
  5.96963967672292380E-01  3.43220019800762270E+00  2.95774264753045630E+01
  6.18832453479690690E-01  2.59249057373014900E+01  1.11732616218113420E+01
  2.63339374245984010E-01  2.73840663463477010E+01  1.93519644577316790E+01
  3.55036581058269410E-01  1.21080466710501770E+00  1.19596137917967730E+00
  5.84913004272127690E-01  4.33680077417129080E-01  8.92329609354745120E+00
  5.77235448209733180E-01  2.40272788274828280E+01  1.57590007087233840E+01
  5.01105313190319460E-01  7.28242928431916430E+00  2.99328722232161230E-01
  3.83598938984435380E-01  8.59627774119113750E+00  2.13707989435526980E+00
  5.98360795606824340E-01  1.81654896027471510E+01  1.70316021363613430E+00
  3.41778742319800830E-01  8.81644728281170660E+00  2.56043659039056910E+01
  3.29796701345061780E-01  3.86220908531980490E+00  2.27639013917200540E+01
  3.84420431658369740E-01  2.50596907437339890E+00  1.15786015753974390E+01
  4.91872428060923640E-01  1.68873969547168660E+01  1.65560340068996010E+01
  2.93443024193560210E-01  2.42594841303354580E+01  1.41952781095798470E+01
  5.81299825206354370E-01  8.10103574225212240E+00  2.63573489575929050E+01
  5.68243553274813350E-01  3.57984177681302640E-01  2.96413544983693060E+01
  5.39001667068871980E-01  1.03172990870301540E+01  7.24153833489320320E+00
  7.01587183784351610E-01  2.12558556359376960E+01  2.60605920176394680E+01
  4.45239477383046460E-01  4.06113495005071370E+00  7.15707540999076650E-01
  5.39001667068871980E-01  2.28011658758330110E+01  2.83166876969282020E+01
  2.86134314477376340E-01  1.17804005798252300E+01  5.30318402243436090E+00
  7.70254277643880240E-01  4.55814110588929110E+00  9.22117884119753480E+00
  3.45648959319623030E-01  2.61865598432366800E+01  3.87354269934895110E+00
  3.39481361119070080E-01  2.68379804309627690E+01  1.90980076973500910E+01
  3.04461637453634990E-01  2.09390130806603450E+01  2.31833197130535350E+01
  5.20369884994360540E-01  2.56735820532189830E+01  2.04356750832368040E+00
  2.65726189967390210E-01  7.63217865092930570E+00  7.66364206361529020E+00
  6.26908127420837150E-01  2.29798656123182030E+01  1.65076263215583690E+01
  3.48480710258510130E-01  2.75022079876632900E+01  4.36020626519124830E+00
  2.96653470797716330E-01  6.60097794696345550E-01  2.34047328260650720E+01
  6.31923671661538840E-01  1.02150321909226660E+00  2.86425967103006980E+01
  4.09705559579089850E-01  7.14411963315206220E+00  1.19934334006652230E+00
  6.72499163702481620E-01  1.42876206515031950E+01  1.04796348775740750E+01
  2.84029264846615530E-01  2.71102112523624260E+01  8.20709476404954330E+00
  5.34631033075580400E-01  1.34488368135493270E+01  1.99841600953756500E+01
  6.17076625982510940E-01  2.66866910930495040E+00  2.59110572950365140E+01
  6.55074006360275090E-01  2.54121870246752730E+01  3.24122344799154090E+00
  5.46562010559427060E-01  3.48620669224091050E+00  1.52294547048817800E+00
  5.17626013175185660E-01  2.46781905591826460E+01  1.79064981649754460E+01
  5.82207618145930890E-01  9.35525296749514720E+00  2.39412782405178180E+01
  5.98268629341587580E-01  8.59335364866738520E+00  1.99195793963967630E+01
  5.34553382826858140E-01  5.13231695667527530E+00  1.26489178387106660E+01
  3.76753951196820710E-01  2.66750273438948400E+01  1.18278366325732720E+01
  7.52518120402026810E-01  1.58287637412712580E+01  2.35152660030686920E+01
  4.81368497469048420E-01  1.34897386102202930E+01  1.25949303318469280E+01
  6.47413426355271770E-01  2.88981474337488320E+01  1.27077411795606330E+01
  3.05466220251299840E-01  1.76451589364443250E+01  2.79437339004383960E+01
  4.46689977500956030E-01  1.83101307072931260E+01  2.75940438082641750E+01
  6.18566685513849460E-01  2.83353403585435050E+01  1.72901213286549090E+01
  5.36592099856838090E-01  2.83335776017214940E+01  4.66367872895117230E+00
  5.09574347305064630E-01  2.34627329460456210E+00  9.40689020356398760E+00
  4.92328788949218680E-01  2.83153630553668200E+01  2.96559924870545650E+01
  4.83351594707823830E-01  6.90985678586959560E+00  2.73196696953167790E+00
  4.40650972415989980E-01  6.74836960958089630E+00  1.33455586196904080E+01
  6.10911033360540580E-01  1.05205179220853130E+01  2.41945859313605180E+01
  4.34172467284937990E-01  2.05898868735393600E+01  1.58821857778237680E+01
  7.03188417218805210E-01  9.17511251450579660E+00  1.87554364301151640E+01
  2.92799561075502800E-01  2.41043761974180800E+01  1.10449315980938700E+01
  5.68243553274813350E-01  3.35422151188844130E+00  9.80652126931517820E+00
  4.60682082706054620E-01  1.74677213885530660E+01  9.06696485367120890E-01
  6.41715074739605920E-01  1.23098473417869450E+01  1.39659955453641110E+01
  4.55206736325743130E-01  5.32865929377808720E+00  1.01741037179785230E+01
  4.22201084465533680E-01  4.76337876428792480E+00  1.72471661360919380E+01
  3.63079661055833470E-01  2.19682774987620850E+01  9.85135688703271840E+00
  2.63055759251188670E-01  1.56735388306218170E+01  2.21052672194728750E+01
  5.32877675645020420E-01  6.31188471778454210E+00  7.57892404422474630E-01
  5.77235448209733180E-01  1.70875582835811600E+01  2.72600589611278820E+01
  4.09775903561979240E-01  1.90902488308137560E+01  1.16396630875504120E+01
  6.93187364831086050E-01  1.62605148142585170E+01  6.74054054639679730E-01
  4.30054269381220950E-01  1.78780763130954590E+01  1.52134323132023220E+01
  5.07436062422724900E-01  2.07233541175533100E+00  1.16041298259714410E+00
  2.49948351789403130E-01  1.92998677215590140E+01  1.22648713963190690E+01
  3.16022212934137680E-01  2.45331669197684210E+00  1.87106910020476750E+01
  4.72818350263822220E-01  7.64499091715408420E+00  8.40167347437426670E+00
  4.46689977500956030E-01  1.33547086217631800E+01  1.31589443943906640E+00
  4.74581552528920360E-01  2.26504252862840170E+00  1.79430884459327020E+01
  4.86590143357422540E-01  2.08284146183292870E+01  2.39658291399584830E+01
  2.73281005279713530E-01  1.53056193951335670E+00  6.32857783549162710E+00
  5.20515140446715560E-01  1.63190241322117910E+00  2.43466300788646880E+01
  4.13811620468168510E-01  2.37589555548236500E+01  1.80566227210042560E+01
  3.81419328643079860E-01  2.75001714595901380E+01  2.93438772233295420E+01
  4.05593309893122810E-01  1.91621697347462710E+01  8.39602163949976440E+00
  5.85380732291966590E-01  1.20543037956799480E+01  6.12945251547305770E+00
  4.06599624824484800E-01  2.81009144188326130E+01  1.51637941848431210E+01
  6.40456937776772590E-01  2.45286238007114680E+01  1.90544595824008380E+01
  4.75626642073745920E-01  2.09977342285418940E+01  2.49126600650417170E+01
  5.09222041678605210E-01  2.09346224513981380E+01  2.11538985505817470E+01
  5.77820253962530560E-01  1.51776030697611100E+01  8.07464474999906300E+00
  3.80273533482480450E-01  1.39201462095673860E+01  7.13811478912925160E-01
  5.01406606281285510E-01  1.76587224338761750E+01  5.83686278924231770E+00
  3.59079136884617700E-01  1.51006064311603070E+01  1.88232897010404590E+01
  5.94092381958372510E-01  1.79731392561118270E+00  8.26089905684200510E+00
  2.54611020839302520E-01  1.38059533172948630E+00  2.50799147530160160E+01
  4.99223721401470310E-01  8.96504774842546580E+00  1.66693112509102410E+01
  2.54611020839302520E-01  1.78357924226942580E+01  8.30234079335783550E+00
  3.20574425314766210E-01  2.54464812012766150E+01  6.29789523191411680E+00
  2.85767805251094040E-01  2.31042410180020280E+01  1.87743121706084890E+00
  2.54611020839302520E-01  2.07200354122039560E+01  8.17035447813425720E+00
  4.12246671516209600E-01  1.24957260656585610E+01  1.54458952939890840E+01
  4.41298336829792340E-01  1.51050024411662420E-01  1.13162614629377070E+01
  7.09985914168247060E-01  1.12034498080819420E+01  2.20965933625289640E+01
  6.80956647410425740E-01  1.57457216088888380E+01  1.68212528096294780E+01
  4.75338540515479570E-01  1.42753868282873930E+01  8.61755434770424420E+00
  7.49588614928249000E-01  2.65491924669600720E+01  4.90548650797788890E+00
  4.74033319401206570E-01  1.02652705771402780E+01  9.01623350048403080E+00
  5.20515140446715560E-01  1.75175785157329710E+01  2.96195240844811320E+01
  5.48131117613959250E-01  1.90710096533500070E+01  2.67668394707194080E+01
  3.46733456860136300E-01  2.85267467038388890E+01  7.74911774543156360E-01
  6.97384645011991290E-01  1.59167790269658250E+01  4.91997862500867280E+00
  3.78209123272245940E-01  2.67079111274497020E+01  1.38530343656131340E+01
  3.82382183723224410E-01  1.90735078120824180E+01  5.91266169186155110E+00
  4.46537248270915300E-01  1.41454348619595380E+01  2.08060072354803580E+01
  6.08690451339190200E-01  1.32394598160331900E+01  2.34387461087784670E+01
  2.59062449636064510E-01  1.42523086938349830E+01  2.15032389297420040E+01
  4.43756654693070110E-01  2.70949116196560990E+01  2.86257599926603280E+01
  3.18942867500738640E-01  3.18306260478713860E+00  2.78789308891756880E+01
  7.16535845940979770E-01  1.13137030054906070E+01  1.68031267486653560E+00
  4.62836237406567810E-01  8.03916256987836420E+00  1.90152913331083300E+01
  6.97384645011991290E-01  1.34456562765042410E+01  6.40824781602592710E+00
  2.47647088603063280E-01  2.11044366251543000E+01  1.26524597984830540E+01
  4.05793634226126800E-01  2.86899544697744910E+01  2.30815326860667260E+01
  5.37364664263313330E-01  1.06307220684451290E+01  6.29043912400922880E-01
  5.72881440675418570E-01  3.24717759593320080E+00  6.00382759208583570E+00
  5.04213456464067280E-01  2.80750748607886820E+01  1.08475854362767610E+01
  3.86557871019070410E-01  1.74913583626841480E+00  2.63107345742995800E+01
  5.62178328188990490E-01  4.20765144965331480E-01  1.27771272768715530E+01
  6.41715074739605920E-01  1.59884699937524800E+01  2.79273870811719650E+01
  4.54567147313974470E-01  9.07346393145742170E+00  2.89900922121304380E+01
  3.97011970696729720E-01  2.28483870258179460E+01  2.44978902267186670E+01
  3.99477862283745790E-01  2.55979891066319000E+01  5.59412199534718810E+00
  5.15931587153482510E-01  4.86740320941427030E+00  4.37390912934048260E+00
  5.98026541173087530E-01  1.70279605949675390E+01  2.86023628132283920E+01
  5.94917806945655060E-01  2.66968605886083040E+00  2.39393975963187310E+01
  3.86557871019070410E-01  3.09741640799959490E+00  1.42592614673833040E+01
  5.52347772924787250E-01  1.45585339423676460E+01  7.12955937406269590E+00
  4.05793634226126800E-01  5.46862890046001750E+00  1.17709657295867080E+01
  4.66753989857397040E-01  5.08550967455181270E+00  5.33194176665820590E+00
  6.77666041374141330E-01  1.40706747081922980E+01  1.89402037992874850E+01
  3.23306573977224420E-01  1.47471487823248410E+01  1.27220645426213470E+01
  6.88340418185590860E-01  1.23763480282954030E+01  2.84822001104157470E+01
  4.11696508529454960E-01  2.30768419065787680E+01  1.25738941276672480E+01
  4.03052389307286420E-01  1.53619123238825260E+01  3.22635336444292610E+00
  2.97529618718302210E-01  2.07122657144806440E+01  2.82149116718949560E+00
  3.13090147150790890E-01  1.49454889792841640E+01  1.94776354829984050E+01
  5.01435669612667030E-01  6.70266309163971030E-01  1.43024109095922450E+01
  5.26482748420329030E-01  2.77734612869623160E+01  2.58084048173324470E+00
  6.75156127532392600E-01  1.63785341066776410E+01  3.62753609962774170E+00
  7.20816873845379820E-01  1.73110346554675870E+01  4.66607977311376580E+00
  5.30006102735105960E-01  1.38991668592945670E+01  1.70647000294276910E+01
  3.43353541919950760E-01  2.89068144415371080E+01  1.65169147297079030E+01
  5.32877675645020420E-01  7.52989341980666800E+00  2.20169093495057670E+01
  6.44956217916396120E-01  2.65179491818572220E+01  8.92109469708175770E+00
  3.55036581058269410E-01  9.22548608513155880E+00  1.75164716420921280E+00
  4.30054269381220950E-01  8.31471600285826540E+00  7.79750327230128890E+00
  4.93734512940847830E-01  2.76495582554107030E+01  8.76974450430284240E+00
  3.42409596243210680E-01  1.33451295044836160E+01  1.00639907366393810E+01
  5.58952633370732950E-01  5.72732764311644970E+00  2.13168952794528260E+01
  4.49954956992444630E-01  1.57404690831564280E+01  1.93178510555098950E+01
  4.11346310528290360E-01  2.87480960814888710E+01  2.55362213834862540E+01
  4.72818350263822220E-01  6.22712296439811210E+00  1.22133594836124660E+01
  5.00672486592370710E-01  1.75428589354765380E+01  3.46756956711544630E+00
  4.15334611176110170E-01  3.54590702252943930E+00  2.34376386358890800E+01
  7.70254277643880240E-01  1.94091569952720420E+00  1.42615503022555680E+01
  5.32262962461145860E-01  4.56139426801589480E+00  2.95690259860368560E+01
  4.01880163826280960E-01  5.23850791911943950E+00  2.26832348397408480E+01
  7.41720708060832300E-01  1.04997727518999450E+00  3.01559747828379890E+00
  3.01674668393272730E-01  1.80226500385900400E+01  2.89713521579155040E+01
  2.66929568161810020E-01  8.98507299883586800E-01  2.48809061078942440E+01
  4.15334611176110170E-01  1.43983479621140780E+01  1.99823415312197060E+01
  5.20369884994360540E-01  7.94586333930558110E+00  1.66568563354004200E+01
  2.84672167568555990E-01  1.91000981668611980E+01  2.59350452801067810E+01
  5.18912146576496980E-01  1.76253390618306330E+01  6.85562880217139710E+00
  3.90540239164096370E-01  8.91335434062795430E+00  6.32921420507103070E+00
  3.63079661055833470E-01  1.54067827695657030E+01  3.99103863002678860E+00
  4.73113776075054650E-01  1.66309240384045720E+01  1.95598159424984250E+01
  5.55687039951364880E-01  1.91648551930984010E+01  1.81671449114623300E+01
  6.97384645011991290E-01  2.10803531532887510E+01  1.85550231746211460E+00
  3.54092873053847420E-01  2.88589192825123750E+01  6.13692481752784410E+00
  7.37991961479508610E-01  2.17854604619602770E+01  1.84028479664675580E+01
  5.10790949981952740E-01  2.69367321512524750E+01  6.10331881436167660E+00
  7.03918080384424090E-01  1.61993629068120760E+00  2.31223837258372310E+01
  2.69326463995374250E-01  1.68434373295116870E+01  2.33985784724001040E+01
  5.39922025342825940E-01  2.36579593749602850E+01  8.87118980739039030E+00
  5.39922025342825940E-01  5.99361495870812800E+00  1.39716064376910330E+01
  3.52682444144397330E-01  5.64345945028695080E+00  7.54049767515231030E+00
  3.17084428049163950E-01  1.11407154332989400E+01  7.47459091489677000E+00
  3.92511582998476170E-01  5.97269543628161960E+00  1.30399377817898670E+01
  2.92799561075502800E-01  9.99236289416991500E-02  2.87090794716815590E+01
  3.63105686475124490E-01  2.21544062851465920E+01  2.27350454347718800E+01
  3.25036994184950640E-01  2.73281663479339230E+01  3.36405512157141470E-01
  5.70902198024309190E-01  2.78220598974922560E+01  1.32777805154590460E+01
  6.18138908065390960E-01  1.69670182629791100E+01  2.42773173795307430E+01
  3.10705613459761840E-01  2.74431043455353070E+01  6.74809315790313050E+00
  6.99092076263204730E-01  2.40678830492046740E+01  3.40369434277101930E+00
  4.40295189098215370E-01  9.91431694567634740E-01  6.90169179949855140E+00
  6.52034765531911640E-01  2.12357480196353060E+01  2.22748851996764370E+01
  5.12628979659419230E-01  1.74809309218764710E+01  1.73653285012728770E+01
  2.68569610726517900E-01  1.05699221572962600E+01  2.73364266915567630E+01
  4.41473589537221400E-01  1.51843019816659210E+00  1.93008776329950220E+00
  7.41623060643924430E-01  7.89361676803626900E+00  1.01031626864265630E+01
  2.49794182180603610E-01  5.11261041291313490E+00  7.25611267216989480E+00
  3.44856808658559500E-01  1.91527834977665950E+01  2.09432996766591110E+00
  6.83701617051292750E-01  1.99751665331025590E+01  2.04455100087669340E+01
  7.19599311285852310E-01  1.91142153257893450E+01  2.87243481419345270E+01
  6.67521681419926690E-01  2.06420693998609470E+01  1.43581764722393500E+01
  5.40946473112310590E-01  1.71995796229381060E+01  7.82565425203282230E+00
  3.83579206291793930E-01  1.47319060050998090E+01  2.66062785083467500E+00
  5.04339573614743570E-01  2.95314455286009440E+01  2.72475964581884970E+00
  6.35523375007872900E-01  1.45359194443831880E+01  1.43287642593286080E+01
  3.44905765886116280E-01  1.95451664577938190E+01  2.13890354258843730E+01
  2.65726189967390210E-01  2.24175582673554460E+01  8.40446606789718230E-01
  4.87785457169642190E-01  2.91151420105456720E+01  2.22966257982208590E+01
  3.71299762957800540E-01  2.18369676859503770E+01  1.10123866603309390E+00
  4.13811620468168510E-01  2.37294779411443100E+01  1.72295468518407770E+01
  5.69423614487483490E-01  1.23418158946641690E+01  2.26774179587617050E+01
  5.83429036676414100E-01  3.37733210731596590E+00  7.15191018690286380E+00
  5.30006102735105960E-01  1.29056951427737910E+01  3.53796340300815260E+00
  5.16710955738981780E-01  1.25444853498173930E+01  2.71826804801364010E+01
  2.65726189967390210E-01  7.54159922456669830E+00  2.28437488211541510E+01
  3.18942867500738640E-01  1.98969614158908570E-01  2.20788331411454240E+01
  3.23881608201221470E-01  5.47732088876012920E+00  2.71024306910811320E+00
  3.54092873053847420E-01  5.48919553378833140E+00  1.69731349669876970E+01
  5.12509616084684260E-01  2.22316995876099590E+00  2.57268647258851550E+00
  4.99223721401470310E-01  8.70667115886216080E+00  2.81097994273153660E+01
  2.56092450391898300E-01  2.04820202342121610E+01  1.13984611299396170E+01
  5.45765227979075810E-01  2.10248350500715940E+01  5.06827470341168680E+00
  6.94010183176834960E-01  8.10241166421786120E+00  1.78604970590818440E+01
  3.57201130995523370E-01  6.99364884367683800E+00  7.84904529823157570E+00
  5.25895496843049500E-01  2.27322042835309260E+01  9.39834317611954970E+00
  5.10790949981952740E-01  1.56815453640861970E+01  1.43410732778541640E+01
  4.89717368181109780E-01  1.35474017440341610E+01  2.72666560438549790E+01
  4.82769235883485770E-01  2.43909137446027770E+01  1.34581697533010860E+00
  6.93278360304079300E-01  2.43331043029624320E+00  2.71995057763636120E+01
  3.35017483125717060E-01  1.49328416601657390E+01  2.93461936090538060E+01
  3.26514001167033020E-01  1.98612194674186850E+01  1.21361252004520070E+01
  4.75880684447443510E-01  4.19976681100167500E+00  1.60591570391469670E+01
  4.22354771203238230E-01  2.46677001171404560E+01  9.50804084391971750E+00
  4.11966131227655820E-01  1.76319624183757780E+01  2.56045493658675300E+00
  7.30946391186454210E-01  4.64175639098294820E+00  2.06726519158814080E+00
  4.22201084465533680E-01  1.42133749044058200E+00  2.76680730330892860E+01
  5.15931587153482510E-01  3.42632034752059230E+00  4.18034170161835930E+00
  5.52347772924787250E-01  1.77086720157072900E+01  1.96608890870375780E+01
  2.49794182180603610E-01  7.25702300858128170E+00  2.11983395482713920E+01
  4.50103975287380020E-01  1.06161210973981110E+01  2.52501924758789610E+01
  3.61769499680632390E-01  1.41704028262820840E+01  1.30914220161889290E+01
  2.77147605524350650E-01  2.19101323603038410E+01  1.52733066113972380E+01
  7.64764367446448820E-01  1.13424070882291370E+01  1.68384072332963190E+01
  5.71326189973923350E-01  1.81498741595124960E+01  2.41547191040592110E+01
  4.07877171249442140E-01  2.73967060989338760E+01  2.13267068836503600E+01
  4.46540105696671490E-01  1.26658430887881900E+01  2.95789020266123120E+01
  5.07606992315717240E-01  2.35676732326402990E+01  7.69962131830773530E+00
  3.01731430220296380E-01  2.66496132712230030E+00  3.88258289118273760E+00
  4.32382463464541460E-01  7.41655727757534410E+00  4.87625099207860040E+00
  3.25762576013666160E-01  2.96104257995899120E+01  1.20459073493115730E+01
  6.24920360555607160E-01  2.69158218024540830E+01  2.63077860360770400E+01
  7.38532964590205680E-01  7.87534126400408140E+00  2.50573770704640960E+01
  3.92511582998476170E-01  9.06997340942159450E+00  4.39470253056459460E+00
  2.97561439636419770E-01  8.82421452040435210E+00  2.46422859832490500E+01
  3.46434506905438330E-01  1.06615353504661970E+01  2.60442418742886230E+01
  5.89502618647478990E-01  2.65624882722103340E+01  2.51466547566974580E+01
  3.32399546609116130E-01  1.28053830869520200E+01  5.60204900624985940E+00
  5.77649046292645880E-01  2.04129789667913430E+01  2.89415069621312280E+01
  4.31729360191427780E-01  2.02079701772136600E+01  7.28007065510087160E+00
  3.17950877609215300E-01  2.95661669791043880E+01  2.40396228145727660E+01
  4.75880684447443510E-01  8.29532808599033270E+00  2.95000740018808290E+01
  3.91816801400439550E-01  9.71197948837680340E+00  3.94454149283649040E+00
  2.50163292655703180E-01  2.54891097722545580E+01  4.95419381179531730E+00
  3.42074681651230290E-01  2.02175080200919980E+01  1.65630759537059940E+01
  3.50974061745161330E-01  5.87695989036484520E+00  2.82460628577814710E+01
  6.18566685513849460E-01  1.32119132125419300E+01  1.11960986595566860E+01
  3.24719866931951940E-01  2.37943857959179470E+01  1.24086828024415500E+01
  3.57201130995523370E-01  4.56631795478570360E+00  1.81056185485853160E+01
  3.13090147150790890E-01  2.48138482450412660E+00  6.44850389781227220E+00
  2.58355477869490890E-01  9.11706828732355130E+00  1.22702876243644830E+01
  4.83351594707823830E-01  3.10115482495749540E+00  1.97236954831838350E+01
  5.48463672908306780E-01  2.11640157357646860E+01  2.01217661228435990E+01
  4.24351701398837560E-01  2.63464361413223500E+01  1.02190605119005000E+01
  6.80557430527969220E-01  2.15883939432135320E+01  2.84934599897440110E+01
  3.73125396709624990E-01  1.31944036485509690E+01  5.12302701860625210E-01
  6.77808113742920780E-01  8.03082554880599810E+00  3.03395904307148130E+00
  7.67512613708393760E-01  8.42014007993316050E+00  1.15165763394316620E+01
  4.76544583128828500E-01  6.35525696800566740E+00  2.46080593626197980E+01
  6.97738347479756800E-01  7.31606167397929670E+00  2.01387000364643750E+01
  4.49545157175862540E-01  2.91585404976071910E+01  1.25906955007349270E+00
  6.25336422111717830E-01  2.96489192169539530E+01  2.50242444827909800E+01
  4.99487474973056500E-01  6.74797529395189510E+00  2.26904437496224780E+01
  6.67521681419926690E-01  2.72160118067880820E+01  2.02668329671262240E+01
  3.44170209092795430E-01  1.11291137611030000E+00  9.94839864389913410E+00
  4.01880163826280960E-01  2.38976900967323190E+01  1.47886853717840370E+01
  5.95035019805102560E-01  6.45971394719845640E+00  7.05963804223709610E+00
  5.20348764567513020E-01  2.81561841818825800E+01  2.18659744961223370E+01
  7.44845164893703690E-01  2.45100208198136720E+01  4.77771468596594580E+00
  6.94010688862415210E-01  7.19646657070760740E+00  2.37960315375538580E+01
  4.00156705760987560E-01  2.85109818135424260E+01  9.01049255574866410E+00
  6.57722721512726150E-01  1.88576450336392120E+01  1.05984533854634030E+01
  3.61198882346046800E-01  2.87514119958238970E+01  1.95686529598523900E+01
  6.07167866036927160E-01  2.91051438725254030E+00  1.32833619889100060E+01
  5.81677556670477180E-01  8.27560102620113370E+00  1.43665904039718680E+01
  3.17579752081870750E-01  1.04650668136500060E+01  1.36783260557666960E+01
  2.69169509893181310E-01  2.77124411601034490E+01  1.66578871051308330E+01
  5.36592099856838090E-01  8.14446733445820930E+00  6.84655789504722280E+00
  3.01799748246536660E-01  1.71220549567922300E+01  1.89611218546553710E+01
  4.05794678723965420E-01  8.37161285673927580E+00  2.40273113935924410E+01
  3.65995101567518470E-01  1.15881836687019040E+01  6.95869114671363760E+00
  3.39481361119070080E-01  2.41890636687163970E+01  5.81315927971142180E+00
  6.97384645011991290E-01  1.54208037173180090E+01  2.04194319895794860E+01
  6.82253548551889110E-01  7.26931133905299550E-01  5.81177937413177850E+00
  5.67035311113654220E-01  1.34944710838243600E+01  1.37279851002083430E+01
  6.47236078597052340E-01  2.00849159997622450E+01  2.77621538157438290E+01
  5.92513140571182980E-01  1.78941166567548500E+01  1.26810112912473830E+01
  4.71553509741754610E-01  1.97341077327851480E+01  4.86805970697972160E-02
  6.55885333720611730E-01  1.76325744573660760E+01  9.18971507429048810E+00
  2.83840017940612550E-01  2.60452748753568000E+01  1.46170277929909100E+01
  5.65219172841477580E-01  1.57034213845031050E+00  2.04118215968659840E+01
  3.48480710258510130E-01  1.83088535861503450E+01  7.67587683734987540E-01
  6.26908127420837150E-01  1.68943141131735080E+01  1.83057984656216420E+00
  2.62213147743524950E-01  1.33059688425052120E+01  2.57009782859160370E+01
  5.08737612195334600E-01  8.88543733636649690E+00  1.52702483191112110E+01
  4.59281804788439010E-01  1.12166585149628820E+01  4.81737187659597940E+00
  2.86550378078914000E-01  2.22712906286955960E+01  2.41326149851901950E+01
  2.99038091422116640E-01  4.20939377667282600E+00  2.74224706183876140E+01
  3.62493203924014780E-01  8.25748597913841030E+00  8.97869418161738510E+00
  5.64616421781660800E-01  2.95674250180296240E+01  6.72161438370028550E+00
  3.87533216804236250E-01  2.23398830224140070E+01  2.34623483940840390E+01
  3.90540239164096370E-01  6.67463921304130460E+00  1.55587943524391150E+01
  5.44640939783434240E-01  1.49321043055654900E+01  2.84667344285876850E+01
  3.84420431658369740E-01  2.79217342712815720E+01  1.89920998602872690E+01
  4.53492046339069340E-01  1.52791614604176990E+01  2.45880194992418310E+01
  6.38023782753992030E-01  2.23696336596336140E+01  6.32557657429340200E+00
  5.00672486592370710E-01  2.51200735293424590E+01  2.89556761089234090E+01
  6.08873319065221350E-01  1.89015097322479700E+01  2.50643173607523340E+01
  3.18942867500738640E-01  1.82837008835681620E+01  5.03302386255693610E+00
  2.65726189967390210E-01  9.46544255273660970E+00  4.92024088181851840E+00
  7.10410487391814980E-01  2.19633271286765850E+01  1.22287547694936940E+01
  4.66797018098134940E-01  1.69849660251729020E+01  1.20475733619292150E+01
  3.89889811574280460E-01  1.75002281496905670E+00  1.86528139528655250E+01
  2.92456502136063850E-01  1.85648338821047400E+01  1.21045093393723620E+01
  3.63079661055833470E-01  1.95462218310096250E+01  1.63500187184579000E+01
  4.13811620468168510E-01  2.20760255200298940E+01  1.11107192677802600E+01
  2.60417758313763680E-01  2.17519884906403820E+01  4.75418740610440430E-01
  4.41940562555082740E-01  2.69238065624623530E+01  2.20321657893430820E+01
  3.08418768867630710E-01  2.39864012637484370E+01  2.05371337991435400E+01
  3.04461637453634990E-01  2.89002127489272100E+01  1.06806718325602310E+01
  4.75626642073745920E-01  1.78092864867298760E+00  1.30262550895487340E+01
  4.19693779402500590E-01  2.04390038998146150E+01  1.26072556146500270E+01
  3.26514001167033020E-01  2.03387371204261240E+01  1.72204046070973610E+01
  3.55388479881239270E-01  4.62063209184961290E+00  1.34026265677006130E+01
  5.33859136323620030E-01  2.35635980740496260E+01  1.97518738704139450E+01
  3.39481361119070080E-01  9.25994402189302690E+00  1.28985650286590570E+01
  2.51153087880769550E-01  2.49197752938864880E+01  2.35258462628678870E+01
  4.21603844523193420E-01  2.81047945164121200E+01  2.08954256814178620E+01
  5.20348764567513020E-01  2.01542650648273460E+01  2.65966290483438040E+01
  6.86210935380316480E-01  1.97713407461461510E+01  3.11030944738790010E+00
  4.41140732643827070E-01  1.91559846370019960E+01  2.40461608951252220E+01
  6.26908127420837150E-01  1.57676210735445180E+01  1.32073635978210890E+01
  5.11871480770454750E-01  1.71240782435938360E+01  2.61717346489379640E+01
  4.70990686464341570E-01  1.84626253262613140E+01  1.74186294467779700E+01
  5.20369884994360540E-01  2.56011022106644110E+01  9.63859473570405180E+00
  3.04306421741581800E-01  2.45877792743382990E+01  2.83128035364497530E+01
  5.88333222664750720E-01  2.90595296853178410E+01  2.12226125535637460E+01
  6.64541222436485860E-01  6.19119074770164520E-01  2.11902255826430090E+01
  4.24351701398837560E-01  6.16395819571876920E+00  1.13186955729936830E+01
  5.55920758830291820E-01  1.85732823125852630E+01  2.78284126299155690E+00
  2.89042915761794110E-01  1.22467664129551150E-01  3.46566455379247260E+00
  2.47647088603063280E-01  5.14002914256700820E+00  2.43067822277469110E+01
  5.88686278844574580E-01  9.59022306020975360E+00  2.50876125069829000E+01
  3.53063097104977870E-01  1.54407899312621910E-01  8.47262970316141660E-01
  4.50600139601478670E-01  1.99403664767692380E+01  1.98618630197987680E+00
  6.65634982039605120E-01  2.88008832661153940E+00  2.25866016248566450E+01
  4.69750256464274060E-01  2.25962157947664190E+01  1.03968931950639940E+01
  6.13801455222646290E-01  2.74287072848322530E+01  1.81245768024253340E+01
  5.14582826754803690E-01  2.63244671470758980E+00  2.06044473456292000E+01
  3.81419328643079860E-01  1.12592547979470490E+01  2.77627248102808900E+00
  7.28196096543639280E-01  8.77953845676896270E+00  2.21826039346155920E+01
  7.33199636544987770E-01  2.03993872509388370E+01  1.90937453485932560E+01
  2.86550378078914000E-01  1.40146824444152750E+01  2.29913017023852110E+01
  2.52169786807371790E-01  2.51047111849385730E+01  1.52086932813144480E+00
  5.01406606281285510E-01  1.66150916643002020E+01  1.39518923393000480E+01
  4.18948713530687210E-01  2.50098209560634110E+01  1.32456904466965890E+01
  3.62620749938717070E-01  1.07385423223878130E+01  3.30735541092123110E+00
  3.15231116497538320E-01  2.13999510734611460E+01  1.55737002271830530E+01
  2.83840017940612550E-01  1.11952614742336110E+01  2.47995824480878540E+01
  4.72199721516180480E-01  2.76924605353661590E+01  2.70824884596360280E+01
  4.41666133880560000E-01  1.41425334471077590E+00  9.22299778598683420E+00
  3.39073066583844400E-01  2.05007201021910110E+01  1.33625541019739020E+01
  2.54831192030272870E-01  7.39662597969071190E+00  1.72039140022676560E+01
  6.65634982039605120E-01  2.73884519840443270E+01  9.89933203692484480E+00
  2.69326463995374250E-01  2.09096418481778380E+01  1.52557379252789130E+01
  3.08418768867630710E-01  2.83461762958016410E+01  1.82166606561443100E+01
  5.63324676144028570E-01  2.17173902307207810E+01  4.20287367489351650E+00
  2.49794182180603610E-01  1.91273011991462060E+01  2.18133416636602750E+01
  6.44956217916396120E-01  5.76285120482703040E+00  3.63572549697394320E+00
  4.26043897269923290E-01  4.80087922194693920E+00  2.09210078596572520E+01
  7.44533748089133770E-01  1.36124271384887780E+01  2.47770780611658430E+00
  2.47647088603063280E-01  1.47987744725485810E+01  1.51719107093817730E+01
  3.47451934045076260E-01  1.69228140459906860E+00  1.03254066388608070E+01
  4.83182858574677270E-01  1.38608170763289310E+00  1.98995821583558550E-01
  5.38382388131525950E-01  2.88861654643630030E+01  1.15226605323233020E+01
  6.08690451339190200E-01  2.94380787475601910E+01  1.88843133151866420E+01
  3.93024383017402490E-01  4.99031007674991930E+00  1.64181324981540260E+01
  2.54611020839302520E-01  2.65866001300093230E+01  3.42849911897315220E+00
  6.82253548551889110E-01  1.60126132041994890E+01  2.66044032058652570E+01
  7.67665169660178040E-01  1.08278931780630730E+01  2.83399723803290870E+01
  3.95839252948554370E-01  2.40435278214280720E+00  1.24175936737537280E+01
  5.15379284759350490E-01  2.59911054492700020E+01  1.05839702444044570E+00
  5.09222041678605210E-01  1.55345508072130050E+01  1.53493875146378580E+01
  4.72038094207023740E-01  2.85466260820558380E+01  6.90172485152833200E+00
  6.64541222436485860E-01  2.49573637674292040E+01  2.06002162096927500E+01
  4.84167632717154460E-01  1.05659280013548930E+01  4.13575076883980760E+00
  5.39922025342825940E-01  1.76214706903261270E+01  2.31777674052181690E+01
  3.77759649416993960E-01  1.98494446217055300E+01  1.14325044613274510E+01
  5.06367095649294540E-01  1.76947153161016400E+01  1.03500193564725630E+01
  3.05466220251299840E-01  2.17359141782943080E+01  1.04773449045217680E+01
  7.55604472483241980E-01  8.29808151141683940E+00  1.03846272105566780E+00
  7.68548325332126940E-01  2.58137277517144280E+01  2.40147857116849510E+01
  3.09209541844886400E-01  2.66958798363587210E+01  3.80674737887651030E-01
  4.71553509741754610E-01  2.20211971899895570E+01  5.27240631330348110E+00
  3.65995101567518470E-01  1.85796002504292980E+00  2.91857042609240300E+01
  6.26517897412854200E-01  7.31523145957426730E+00  1.23656166742985430E+01
  3.55388479881239270E-01  9.81420834883827990E+00  7.98093616545460090E+00
  3.90423892796942250E-01  9.07032007532153450E+00  2.62986283979011300E+01
  4.92172780862642510E-01  2.17753808858493800E+01  7.28598335570336180E+00
  6.66683478841499700E-01  1.48339900382102050E+01  2.25043926154273490E+01
  6.94903868090152520E-01  4.37240677938234160E+00  1.16830688781035210E+01
  7.65642972591057180E-01  1.38360071859344020E+01  2.92640239650639880E+01
  3.52682444144397330E-01  5.83039386436283550E+00  2.13270138742977840E+00
  5.39466591144820300E-01  2.20116998241379030E+01  2.49166217486443390E+01
  4.26043897269923290E-01  7.49329600809816030E+00  2.90890921941207740E+01
  2.53364602799301860E-01  7.39044050902685430E+00  2.59220398595432650E+01
  3.83290088603488770E-01  2.05754073805975180E+01  1.95533511107054640E-01
  5.55920758830291820E-01  3.92410692793732000E+00  2.18810180132824640E+01
  4.13050329149462850E-01  2.94772518989418320E-01  1.56545898271061560E+01
  5.20369884994360540E-01  2.49819452490263960E+01  5.36209462225421870E-01
  6.99477888048091770E-01  1.16974100685331470E+01  3.76382963260739570E+00
  3.59079136884617700E-01  2.08776773917375990E+01  1.67970436348225290E+01
  3.01799748246536660E-01  4.16835715980823720E+00  1.68359664176047090E+01
  5.28731261397185740E-01  2.25228207621572420E+01  1.33335322156734030E+01
  6.80338287111455390E-01  1.79635009003539570E+01  1.84555389914491950E+01
  4.74033319401206570E-01  6.53399469098995490E-01  2.41748280940264590E+01
  3.53302408788900560E-01  2.63454873955789280E+00  1.81155565296729360E+00
  4.03052389307286420E-01  2.32593654636634390E+01  2.38129722184108100E+01
  3.33973424357718240E-01  1.85922958921789250E+01  1.54846136778841110E+01
  4.68162992243922280E-01  1.74740707557659220E+01  2.06533485554950680E+01
  4.72192289519205580E-01  1.32414097207823750E+01  2.09691100774021710E+01
  6.73658304681401180E-01  9.42123739609662540E-01  1.93442142437088800E+01
  4.61178090502161720E-01  6.35825117767411820E+00  2.75926941732382150E+01
  4.18189647978318300E-01  2.03545552103463270E+01  1.00848113520738330E+00
  5.15379284759350490E-01  1.86896787284519590E+01  2.32116378676881890E+01
  5.34553382826858140E-01  2.13739586542734510E+01  1.33865577449558550E+01
  3.70336582810533970E-01  2.02229378229305040E+01  2.21372965244000430E+01
  6.42747544188997020E-01  5.97633000516330080E+00  2.01418747558919440E+01
  4.50600139601478670E-01  9.81220084204745110E+00  1.50241823896912000E+01
  3.55036581058269410E-01  2.09710546176380430E+01  1.75045557499623920E+01
  3.54092873053847420E-01  2.60446300677918000E+01  1.53881573645184380E+01
  5.13614394364816020E-01  2.61280709216480100E+01  2.07238795213770860E+01
  3.65995101567518470E-01  1.13112202170072250E+01  2.57144589282013460E+01
  5.25383403930900440E-01  1.03363134846999780E+01  1.91541388932847100E+01
  3.83598938984435380E-01  1.97951343677111280E+00  1.10200446440843220E+01
  4.86073626967704090E-01  2.91231362814747780E+01  2.91056200395894710E+01
  5.96963967672292380E-01  5.92217895244065320E+00  2.34110586247381320E+01
  4.66553963192992600E-01  1.99990900333345430E+01  8.15275541265369160E+00
  4.15252526658189590E-01  1.97401378799161160E+01  2.56520959634733290E+01
  6.36786611163594070E-01  1.49324071703808040E+01  6.25138440345939910E-01
  6.06760633376156730E-01  4.03306830740783000E+00  5.12463366001883090E+00
  5.25895496843049500E-01  6.70961422248239540E+00  2.55456518520270000E+01
  5.05409982910693060E-01  3.23995891529245840E+00  1.20807146849777620E+01
  5.18912146576496980E-01  2.23344087150564330E+01  2.18718467391185530E+01
  5.81677556670477180E-01  4.34948899313955110E-01  7.75768503589849700E+00
  2.50625569857546320E-01  9.84720654957597930E+00  4.57257371427835140E+00
  6.67521681419926690E-01  7.73016832503056510E+00  1.54892339491007970E+01
  6.52034765531911640E-01  2.50437256821774950E+01  2.20066686999364830E+01
  3.81419328643079860E-01  2.71024069914772740E+01  1.94640085711825050E+00
  3.18942867500738640E-01  1.03741611619016700E+01  2.10400632356599930E+01
  6.63973334543257470E-01  2.24168026126047160E+00  1.68049101335546600E+01
  4.05793634226126800E-01  2.08916363252226950E+01  1.19181808806071170E+01
  2.88617724104866640E-01  1.69558277154228460E+01  2.82797629773408410E+00
  3.17587838135982990E-01  9.58417205196798960E+00  8.61329057296135760E+00
  6.94010688862415210E-01  2.07326948541621190E+00  5.52790330748820490E+00
  3.25036994184950640E-01  1.63751394434555450E+01  2.62776995920333610E+00
  4.41940562555082740E-01  2.33072518690992080E+01  2.74692398976760150E+01
  3.05466220251299840E-01  1.46859697957867220E+00  2.69425359675304360E+01
  7.22984261441823330E-01  2.43786094174332280E+01  2.70124175402338270E+01
  4.60682082706054620E-01  9.22500904809195000E+00  1.75929030346418860E+01
  4.22201084465533680E-01  2.24555910695583240E+01  1.59629889935717890E+00
  6.24824560398126750E-01  1.15173330023807450E+01  1.22970109880367280E+01
  3.63079661055833470E-01  1.84023861952909340E+01  2.58975288824843060E+01
  3.25516939164680520E-01  2.29898619440092490E-01  2.81050453646885640E+01
  4.87886881528419990E-01  8.44247437146456290E+00  1.27709037943181870E+01
  4.34172467284937990E-01  6.78786626701178180E+00  8.69671497821281040E+00
  7.04082361725448710E-01  1.13842233730627400E+01  2.68044992213332880E+01
  4.40295189098215370E-01  4.91960840331685390E+00  2.19039104103274730E+01
  4.54567147313974470E-01  2.49309956105306570E+00  1.03584268619707450E+01
  4.89717368181109780E-01  3.38747731576808860E-01  1.79613307489436630E+01
  4.82771447840326400E-01  2.07963560935551400E+01  3.67206399675852160E+00
  3.54092873053847420E-01  2.57140267795283890E+01  1.29283884881982230E+01
  7.67457697882333090E-01  2.84998079326561540E+01  2.42384329793804270E+01
  4.43129600128677660E-01  1.95561948316387590E+01  1.41271435315477840E+01
  5.61514797181737530E-01  1.47606083476965520E+01  6.03488828562318070E+00
  5.82207618145930890E-01  1.88587131171203950E+01  9.35946061890024520E+00
  5.94092381958372510E-01  2.66003077510910520E+01  1.61564127521965270E+01
  5.64318884198494160E-01  2.19972133536935600E+01  1.42913231716202930E+01
  6.16837537735261420E-01  8.07119925475479330E+00  5.69596092627813460E+00
  4.20581746236023420E-01  1.49266754582521810E+01  2.14215889845181740E+01
  3.16022212934137680E-01  8.63107287454139720E+00  4.95036296297802640E+00
  4.59502380082057990E-01  1.68420781187485210E+01  1.82533706389316810E+01
  7.48336469443998900E-01  1.14073204570781480E+01  9.45263896653109010E+00
  6.90159994875631000E-01  1.88850018373794790E+00  2.16621499043988730E+01
  4.68364091588631840E-01  5.41754437479016280E+00  8.32953289166109200E+00
  4.05593309893122810E-01  5.93975892211968670E+00  2.22831016741114280E+01
  5.55687039951364880E-01  2.90633148400557100E+01  3.85124601851869390E+00
  2.83840017940612550E-01  2.76197676489099990E+01  5.06812431894850680E+00
  5.98280766214214580E-01  3.73652162758680540E+00  2.07428507104086320E+01
  5.84913004272127690E-01  2.53991838402056730E+01  2.53029641700905930E+01
  2.83840017940612550E-01  2.60959857635608400E+01  1.21455452034036070E+01
  2.83517655556827110E-01  2.69033022971146140E+01  3.91601242579718360E+00
  5.27599340399055180E-01  2.27508392235303920E+01  2.60985329781618920E+00
  6.24824560398126750E-01  1.18072667292847790E+01  8.13968324987378010E+00
  4.84167632717154460E-01  1.86130018987799740E+01  6.68035992175607520E+00
  5.66562802601083430E-01  1.11473253986812590E+01  1.07413676543626480E+01
  5.81213412342838430E-01  1.12577630626610210E+00  1.62541955555087830E+01
  5.13285974501586400E-01  1.20692815461206650E+01  1.13027606385045800E+01
  5.29625185962053640E-01  1.12723090763243580E+01  1.34241398124009660E+01
  3.30104909316010620E-01  1.81336819988362660E+01  2.83500008080444350E+01
  5.48174971142568520E-01  8.10418957986329860E+00  2.11013089631179300E+01
  4.72192289519205580E-01  1.90016539867825960E+00  6.97588924324706830E+00
  4.53126113496558960E-01  8.17084535293293080E+00  2.31930327532675880E+01
  5.25993347610763350E-01  1.00797637499664780E+01  1.53794352744523600E+00
  4.75338540515479570E-01  1.07081482024696570E+01  8.17705399231690140E+00
  4.30858982518450690E-01  2.18225379072033510E+01  2.08463930154957140E+01
  7.09741570678139940E-01  8.26686360840505690E-02  1.01682854380861340E+01
  5.05409982910693060E-01  2.37456745134602090E+00  1.94685419596442700E-01
  5.20369884994360540E-01  2.12786994978533170E+00  1.94808011018160200E+01
  2.73281005279713530E-01  1.37397674057265730E+00  7.50395458689482810E+00
  3.09574052588245370E-01  7.35828651954578740E+00  7.15830629342930540E+00
  3.18095930761502070E-01  1.68619566200938240E+01  2.11971590614318190E+01
  4.46537248270915300E-01  1.95662096683943540E+01  1.72473215617601920E+01
  6.38830345620663920E-01  2.57049237455002310E+01  2.66691447328150560E+01
  6.68397269451762100E-01  1.43375190355085830E+01  1.18192547717963040E+01
  5.32488384254616510E-01  2.46597202186854040E+01  2.32393393826132840E+00
  3.17579752081870750E-01  5.28777531849392180E+00  1.34862376795070840E+01
  5.16710955738981780E-01  1.09236914912319780E+01  6.37775333162760560E+00
  4.49545157175862540E-01  1.43668058992888700E+01  1.55238000103696330E+00
  3.20574425314766210E-01  9.38104542307234370E+00  2.30400292430596560E+01
  4.12246671516209600E-01  2.36606106673122230E+01  2.45224906350290720E+01
  4.94550785807675550E-01  1.26257538362829090E+01  1.21422139029811960E+01
  3.59079136884617700E-01  1.89401057085016010E+01  1.67406859166259780E+01
  6.10572080928614460E-01  2.77375828204475530E+01  2.53855640370881770E+01
  4.75338540515479570E-01  9.77726738435575980E+00  6.38334442740063950E+00
  5.09574347305064630E-01  2.70425863447287470E+01  1.10216155714480730E+01
  4.18189647978318300E-01  5.60595301841783480E+00  1.39521644420109240E+00
  3.76753951196820710E-01  1.53390081878858580E+01  1.15229311480498480E+01
  3.84533934306195220E-01  1.57307365842664380E+01  2.14602919521265820E+01
  6.60767019732147710E-01  3.90278740815643880E+00  2.55838225566376320E+01
  5.64318884198494160E-01  2.06200244974215340E+00  1.55902786718507360E+01
  4.69750256464274060E-01  2.71122390554830660E+01  1.70886370237169740E+01
  6.88340418185590860E-01  1.99441055287595010E+01  4.47393398436123580E+00
  5.93150731645016190E-01  2.77409691570567000E+01  7.59947281687717080E+00
  7.17499092254363010E-01  6.35618909927784690E+00  2.92008470699876700E+01
  3.79322922295397280E-01  3.00381302959195920E+00  2.49730449995139100E+01
  3.20574425314766210E-01  1.19513208809323890E+01  1.97246238759261560E+01
  7.17953871372127320E-01  2.70033364411318500E+01  1.49084420483863390E+01
  3.42409596243210680E-01  1.33802757362265310E+01  2.82550079918236820E+01
  4.43129600128677660E-01  2.54563073045279540E+01  8.68607745024311310E+00
  3.78068289465320630E-01  2.09580506553829340E+01  7.58415120281602300E+00
  4.75338540515479570E-01  2.88318439133835620E+01  1.38276168317823060E+01
  7.38532964590205680E-01  5.39777619699169970E-01  4.40457274262896980E+00
  5.07606992315717240E-01  1.58824820860176640E+01  1.83710735568733480E+01
  2.86134314477376340E-01  2.75913994098970220E+01  2.78378114514166700E+01
  5.07437626189109900E-01  2.96089788606558210E+01  2.73341790683593440E+01
  6.15073771326759470E-01  1.86102406982927240E+01  1.36542279176845600E+01
  3.30104909316010620E-01  5.00294171516908740E+00  2.01573235125114460E+01
  6.66683478841499700E-01  3.42888289914533480E+00  1.85961092459299490E+01
  7.49545055295440930E-01  2.09485698675098000E+01  6.36050086356433560E+00
  2.54824432159977790E-01  2.77937055146542920E+01  2.63626452678361960E+01
  5.72142532162989690E-01  5.73742868656497060E+00  2.67302217886147600E+01
  2.77147605524350650E-01  5.64138453345491800E+00  1.08503745105291220E+01
  4.68364091588631840E-01  2.69734639419692530E+01  1.10666546755241920E+00
  4.82771447840326400E-01  2.95641686862660650E+01  2.32391408409127750E+01
  2.50971712925384870E-01  1.32078412625542030E+01  1.85971063873069370E+01
  5.38024295323284910E-01  8.15196857153442880E+00  4.24347695607914680E+00
  4.13050329149462850E-01  1.39560439910209640E+01  9.44629961257093240E+00
  4.86590143357422540E-01  1.19039626639170400E+01  2.51015972267585640E+01
  3.16148313226467530E-01  2.83079833254270210E+01  2.61150170182491480E+01
  3.81419328643079860E-01  2.24414732755963660E+00  2.50079375185938060E+01
  6.52911031193170470E-01  1.82159698680445960E+01  2.21443395015456200E+01
  4.49150663742554990E-01  1.35097743594844210E+01  1.79629916887699790E+01
  4.73113776075054650E-01  1.67396657035985400E+01  9.87966744860132810E+00
  3.65995101567518470E-01  2.85941775332880110E+01  2.02785271084428590E+01
  3.46028387031474870E-01  1.48124461082261990E+01  1.33878332447999640E+01
  4.23675716525973380E-01  1.90308111968754650E+01  5.10811780278719850E+00
  2.47261092463374420E-01  1.58199480560753380E+01  2.76524193906348040E+00
  2.63339374245984010E-01  2.37331868202234410E+01  6.20714792414998850E+00
  2.59062449636064510E-01  2.55871374232114160E+01  2.12755189745463440E+01
  5.77180454669814490E-01  2.79452794794617740E+01  1.49151535602257720E+00
  4.06599624824484800E-01  6.64059047530022360E-01  1.71272081402320420E+01
  4.65278877330243820E-01  2.87930104630915800E+01  2.09715527006399770E+00
  3.07263188066738420E-01  1.67650040686967870E+00  4.54590760090925010E+00
  3.88697647565240350E-01  6.60483554861541310E+00  2.09594699514826640E+01
  6.62122603690132470E-01  4.61571942210445310E+00  2.35638860885464960E+01
  3.79322922295397280E-01  2.83847834750758420E+01  5.57751867692833960E+00
  3.53063097104977870E-01  3.03199972171526570E+00  7.46556785017717140E-01
  6.88885956497308970E-01  6.14071258050675970E+00  1.87802678564952930E+01
  5.33066537704075310E-01  1.22294497176149370E+01  1.89189127642259610E+01
  3.42074681651230290E-01  4.50402788235490360E+00  2.25663158720890320E+01
  4.24351701398837560E-01  9.12198578113795660E+00  2.75022644842753560E+00
  2.92456502136063850E-01  8.56165591563291000E+00  1.35412961955979850E+01
  5.90639534364661320E-01  9.18849735031222360E+00  7.27142435524475860E+00
  4.09705559579089850E-01  1.61292524008680050E+01  1.22363347060143450E+01
  3.59079136884617700E-01  1.15881433872963310E+01  2.91705215427682630E+01
  5.27599340399055180E-01  2.65276461422686440E+01  2.64958400092405320E+00
  5.38382256471750510E-01  1.46816250872260690E+01  4.93814666036688620E+00
  5.96963967672292380E-01  2.46797483167336370E+01  1.67923752740218360E+01
  2.96503602823160150E-01  2.78803236261756560E+01  6.20903662967063590E-01
  3.64593218166308700E-01  7.89710995782599840E+00  2.84101508067222570E+01
  4.18947112612636110E-01  4.89382034915898960E+00  9.45736629497294070E-01
  5.40946473112310590E-01  2.33254999125294060E+01  1.40396405077817250E+01
  3.35017483125717060E-01  2.43719429343961490E+01  7.95000763880485200E+00
  4.75626642073745920E-01  6.99458152079589720E+00  1.63628961387802040E+01
  3.04461637453634990E-01  1.14789821855876980E+01  2.42843707801518070E+01
  4.36315933331792570E-01  4.63416728295207570E+00  2.47667345597032270E+01
  6.77666041374141330E-01  1.46046253347104060E+01  1.60853405191049530E+01
  5.67035311113654220E-01  2.41185158896166560E+01  2.33642980173758370E+01
  3.38650161839631010E-01  2.58768334016596950E+01  8.02712205596963280E+00
  6.94010183176834960E-01  2.75992053146183380E+01  2.29450683180167590E+01
  7.10410487391814980E-01  6.45530916885049160E+00  1.74174659037695680E+01
  4.54567147313974470E-01  4.23248109175855890E+00  3.64009772349577570E+00
  2.52169786807371790E-01  1.20952883850776490E+00  1.25758454250969720E+01
  3.01799748246536660E-01  2.92727670952734620E+01  7.53597180569864470E+00
  4.27719079604653450E-01  6.60050377638567290E+00  2.17754826786121710E+01
  3.87762191716535260E-01  6.35976288271465680E+00  6.08222629252987620E+00
  5.72951670348821020E-01  5.12848454312060480E+00  2.76999785239481970E+01
  5.09222041678605210E-01  2.91992794517543250E+01  8.34360416842208960E+00
  5.25993347610763350E-01  4.50493070864460330E+00  2.66535125981579490E+01
  3.12648490279368120E-01  2.82664140071838470E+01  2.76176243331560120E+01
  3.32399546609116130E-01  2.86603017665675390E+01  7.69790593354360200E+00
  4.43807889241729470E-01  2.20478260690857720E+01  1.59807834303994390E+01
  3.44170209092795430E-01  1.26154212935259910E+01  1.97064757251847630E+01
  2.54824432159977790E-01  2.43318720368809810E+01  1.99274306504852490E+01
  4.21963532045373490E-01  1.62674105297473020E+01  7.58610291454563960E+00
  4.11696508529454960E-01  2.95882390814110470E+01  1.47860222437306720E+01
  4.11346310528290360E-01  2.26030168086631060E+01  4.60868098306717400E+00
  6.16837537735261420E-01  7.00957456542178110E+00  3.82757137505995450E+00
  4.83570943621045310E-01  1.09378856494018280E+00  1.51906196960839100E+01
  4.32382463464541460E-01  2.26976183430478820E+01  7.34443142084159370E+00
  5.92513140571182980E-01  1.58390439927859990E+01  2.91520698208407540E+01
  3.55036581058269410E-01  1.68283972698621480E+01  5.62747757713175820E+00
  4.74581552528920360E-01  1.24349948768261700E+01  1.28006514257249800E+00
  3.44905765886116280E-01  2.80596790947976520E+01  1.97080685437531570E+01
  5.96963967672292380E-01  1.56513121926386380E+01  6.77548757607332060E+00
  2.68569610726517900E-01  5.98565762191136660E+00  2.58728528064343170E+01
  5.80290806494985740E-01  2.71566206222715860E+01  2.41399488490905090E+01
  6.25336422111717830E-01  2.81610393144993620E+01  2.85493459832398460E+01
  6.17452885167652710E-01  2.16837535103853720E+01  3.02331883362703780E+00
  3.29506256422424390E-01  5.49095171128848310E+00  4.95301935241719970E-01
  2.58355477869490890E-01  1.96123383984631200E+01  2.19883415021543910E+01
  4.69641390777102340E-01  2.63883731388203660E+01  1.84258154360116930E+01
  3.49095179616795370E-01  1.91802652561334740E+01  2.24149996239501200E+01
  3.27988333844876360E-01  4.85899971560291630E+00  3.11299512409770780E+00
  3.86383264228710210E-01  1.88792385421377840E+01  1.12322316821046540E-01
  4.75543307221801650E-01  5.37427495763989690E+00  1.79041515589632820E+01
  5.07815655211632320E-01  2.05944568710358100E+01  8.92268649652383240E+00
  6.08088426536500660E-01  1.55652849933430950E+01  1.05653879121489640E+01
  3.93024383017402490E-01  7.18534284569425190E+00  1.90575189253599650E+01
  7.48336469443998900E-01  6.23862463960281670E+00  4.95288618677636800E+00
  3.13454063710418570E-01  2.95848852531012450E+01  1.40609210537438030E+01
  4.43133439323318520E-01  3.00722572145362350E+00  2.14854920935443690E+01
  3.62493203924014780E-01  7.05778583666513710E-01  1.18976540907455790E+01
  5.72881440675418570E-01  1.00076523077883750E+01  1.69183785608911280E+01
  3.71299762957800540E-01  1.88571680656109810E+01  1.26998763479279850E+01
  5.13143010843963320E-01  2.80112990213394790E+01  3.66514107679117670E+00
  3.87533216804236250E-01  1.23173980087690960E+01  1.62249210080745140E+01
  3.90540239164096370E-01  2.44701915348247320E+01  1.26427710234674540E+01
  4.11696508529454960E-01  6.24990907869902920E+00  8.04411916572506240E+00
  4.19670751191123690E-01  2.61487483316649620E+01  2.16563114259862890E+01
  5.39922025342825940E-01  1.05948966568238160E+00  1.09471170568131750E+01
  3.73125396709624990E-01  2.16142352335551560E+01  2.32349211049365320E+01
  5.72628172168292430E-01  1.99934337596619050E+01  2.46163623686776520E+01
  5.63660960642019760E-01  2.92847801019215230E+01  5.29746545447711000E+00
  7.54397230300637300E-01  2.50477036076561110E+01  1.49035959587167980E+01
  4.07877171249442140E-01  1.25287797219998410E+01  2.04532671250057770E+01
  4.61178090502161720E-01  1.75348773365412280E+01  1.36711472494120270E+01
  3.50974061745161330E-01  1.74717593377436200E+01  2.14717581840035120E+01
  4.22541054278063120E-01  2.86381412327199740E+01  2.97087356869454130E+00
  3.25036994184950640E-01  2.34513536412370020E+01  2.90682977296342600E+01
  4.96042965314236020E-01  5.21944726309219750E+00  2.87790748254075270E+01
  3.04461637453634990E-01  4.03617318872298190E+00  2.90703906205845810E+00
  4.21290506291976640E-01  1.73620803723568390E+01  1.45364037536387850E+01
  4.26578460793149810E-01  2.33374955755852870E+01  6.77194220967095010E+00
  3.91816801400439550E-01  1.27289283237085440E+01  1.30221201298475670E+01
  5.32262962461145860E-01  2.86755563619194230E+01  2.68786873090890520E+01
  6.07718241283317260E-01  9.24715570394686280E+00  2.09323025116415380E+01
  5.13425754976809310E-01  2.66975964613781610E+01  7.09898640535497980E+00
  5.46829204411607870E-01  2.40494688046929000E+01  1.78657823942774120E-02
  2.99038091422116640E-01  1.60141297792695630E+01  1.15373702277800160E+01
  3.65374026971610010E-01  1.03158978295637540E+01  2.67556669626418890E+01
  3.46733456860136300E-01  2.12909838286561740E+01  1.62256493582852280E+01
  5.01833768532536340E-01  2.55083574705045350E+01  1.60717512276275230E+01
  2.88617724104866640E-01  5.67395704957427420E+00  2.42606040319873130E+01
  3.13454063710418570E-01  2.07979261082779750E+00  4.07160182814601870E+00
  4.43756654693070110E-01  6.56583504160441130E+00  1.82702423630001790E+00
  5.20369884994360540E-01  1.65259499194515380E+01  1.49693332282852190E+01
  7.41720708060832300E-01  2.58358930091719220E+01  1.95031847496477580E+01
  2.99038091422116640E-01  2.34063503860372890E+01  1.32035866921841090E+01
  3.93024383017402490E-01  7.06258690065349980E+00  5.74217352328212010E+00
  2.53364602799301860E-01  7.62556019866388550E-01  2.02792491041783870E+01
  5.48463672908306780E-01  1.29317356085523580E+01  2.49793569740661280E+01
  5.63660960642019760E-01  1.00001609670778200E+01  2.94118744122167860E+01
  4.99487474973056500E-01  2.94510340422729160E+01  1.71602975488906610E+01
  5.32488384254616510E-01  2.49100063184580520E+01  1.04315857422758530E+01
  3.62493203924014780E-01  2.87590570741879330E+01  1.46617365500485430E+01
  3.90540239164096370E-01  9.82235813331068820E+00  3.16723998184263640E+00
  6.25248164210708260E-01  6.93675848524783680E+00  2.66738822598219270E+01
  3.93024383017402490E-01  1.53194474280636930E+01  1.22917799089585560E+01
  2.83517655556827110E-01  9.48860554282789260E+00  1.96918363756654670E+01
  5.16562546778196820E-01  2.45727592788720380E+01  2.43480238688572330E+01
  5.96777348356598920E-01  1.14159678042378530E+01  2.33854421385714950E+01
  3.35017483125717060E-01  2.83570538107105110E+01  8.29239408460784410E+00
  5.69344335137112000E-01  1.23639275788107580E+01  2.15320430168579550E+01
  5.55509338843663690E-01  1.64511136309220520E+01  2.53353458992630000E+01
  4.09775903561979240E-01  2.11407330132562660E+01  7.50099411150861430E-01
  3.20574425314766210E-01  2.53549084621029450E+00  2.90776491203930550E+01
  5.39466591144820300E-01  2.28269998339005370E+01  1.76633887010764110E+01
  5.18725390566230620E-01  2.85714808697218390E+01  9.92666153548297810E+00
  3.62493203924014780E-01  2.32194593980456330E+01  2.51592048620040880E+01
  4.23675716525973380E-01  2.54843915100657480E+01  1.83922106622322160E+01
  4.13050329149462850E-01  5.86314462086505730E-01  2.26994274436682420E+01
  3.01731430220296380E-01  1.20368055512949700E+01  1.30634972147386620E+01
  3.48156346672602490E-01  2.16626204821682150E+01  2.39544349400756570E+01
  6.83531487369900860E-01  2.66541953598226340E+01  2.75890315206700050E+01
  3.27197753470684690E-01  2.42970148609553720E+01  2.88730546653806390E+01
  3.50974061745161330E-01  2.79992647699617870E+00  1.49938961632399810E+01
  5.77649046292645880E-01  3.30012545498490130E+00  1.09997521696449940E+01
