1
  1002  2.96924426640336700E+01  2.96924426640336700E+01  1.00000000000000000E+00
        0.00000000000000000E+00  0.00000000000000000E+00  0.00000000000000000E+00
  6.61562106526255890E-01  1.68644827317123250E+01  1.82258004340384620E+01
  5.04339573614743570E-01  1.01834120144500970E+01  2.32140404975140410E+01
  3.45648959319623030E-01  2.20316396777746560E+01  2.22597782809929900E+01
  6.95947079841625180E-01  9.65465756100322100E+00  2.64905050687816300E+01
  4.75626642073745920E-01  1.71652084531010480E+01  2.49661003162638230E+01
  2.57534358191145160E-01  2.60891243529647600E+01  1.05911384501835850E+01
  6.30423428531534040E-01  1.82683163191111750E+01  6.07301662489226500E+00
  3.25516939164680520E-01  1.41627860001774390E+01  7.03550494633044110E+00
  3.14110289759674140E-01  1.40518624243042360E+01  1.73993843087152180E+00
  3.99477862283745790E-01  2.92940298315669310E+01  1.22956960680222490E+01
  6.47236078597052340E-01  1.97641883209509930E+01  8.72556742233948770E+00
  5.28731261397185740E-01  1.23414165224756050E+01  2.53240511815809270E+01
  4.43807889241729470E-01  8.90915489306487630E+00  2.75742893974159280E+01
  4.82268891960512480E-01  5.20517240984768390E+00  6.07716860275444580E+00
  4.30858982518450690E-01  2.40519254887025510E+01  1.43012843451039480E+00
  4.18947112612636110E-01  2.89378139601464920E+01  8.79842674639272460E+00
  3.50662231740508900E-01  2.46191563062825300E+00  2.21489963722600970E+01
  2.85767805251094040E-01  9.80666205249610100E-01  1.12809287276410750E+00
  3.45648959319623030E-01  1.72929439516927670E+01  6.03628871472921790E+00
  3.45648959319623030E-01  6.95436805532741960E+00  1.72143217946928430E+01
  6.42005949159872720E-01  1.87067482032865090E+00  5.00533605460870400E+00
  2.74003615458356760E-01  1.98984923582227610E+01  1.36235074391323040E+01
  3.87653287431749970E-01  1.82562876502895720E+01  3.83533561322363210E+00
  4.18948713530687210E-01  2.96836981342707630E+01  8.41898928837059300E+00
  4.53451232343747090E-01  4.74792308709380520E-01  3.70166751937152720E+00
  4.21603844523193420E-01  8.63103391515545050E+00  2.39829927718113320E+01
  2.62213147743524950E-01  2.47313779791327000E+00  2.47857365042001380E+01
  6.94903868090152520E-01  2.73521657559342340E+01  7.52845013193852000E+00
  6.31563936872940970E-01  8.74934578445253490E+00  1.52574790832756600E+01
  7.01778375544082420E-01  1.94494167165465330E+01  1.82348831321475870E+01
  3.46434506905438330E-01  1.85327483494875520E+01  2.79149897039133870E+00
  3.50662231740508900E-01  8.82658226145938580E+00  2.94444588440597740E+01
  3.01799748246536660E-01  1.34419473828028210E-01  2.03647454276190980E+01
  4.41298336829792340E-01  8.12510182650169990E-01  2.00514832755232430E+01
  3.39481361119070080E-01  5.10540464827169500E+00  1.91660466845605270E+01
  3.83181557852844270E-01  2.57694487736897100E+01  1.38383815399636880E+01
  6.75156127532392600E-01  5.89906779890330490E+00  1.22806361339455530E+01
  2.73281005279713530E-01  4.98802793283115790E+00  1.25386902995472230E+01
  6.65634982039605120E-01  2.11492205194348980E+01  2.38627163360997660E+01
  2.54824432159977790E-01  3.48549790956705370E+00  1.55003141881544750E+01
  2.84029264846615530E-01  1.49200021381829620E+00  1.77096185507842490E+01
  4.62836237406567810E-01  3.72831993694681430E+00  2.52671820842024390E+01
  3.33973424357718240E-01  1.96355071054346910E+01  2.31597626406208300E+01
  4.91872428060923640E-01  1.54331469046082890E+01  5.90965362442226550E+00
  5.52490392167627680E-01  1.66104216735548180E+01  2.08814833219434100E+01
  5.39466591144820300E-01  2.09982961954331020E+01  6.70878060661417310E+00
  5.65219172841477580E-01  1.70693781412341930E+01  1.52689168120504150E+01
  3.53776024442120150E-01  2.85575531262513320E+01  1.21396421392235020E+01
  5.54611473665029210E-01  2.03177540018718900E+01  4.91543133380831070E-01
  4.81368497469048420E-01  1.31531817903938710E+01  2.59232251641987300E+01
  2.84672167568555990E-01  2.00392925264865230E+01  1.07480235016712730E+01
  3.06898385793053400E-01  2.79023147157483890E+01  1.20567736762606670E+01
  4.49954956992444630E-01  2.84429754654731250E+01  2.43951501635780940E-01
  5.88686278844574580E-01  2.46192203237601780E+01  2.92813862409675670E+01
  4.36315933331792570E-01  9.14933090149129310E+00  2.03970937585407160E+01
  5.46155746035104350E-01  1.48458907335504940E+01  1.76519369278143010E+01
  4.11346310528290360E-01  1.41937973752428750E+01  1.69519999893565480E+01
  7.44650008855257360E-01  2.05944122177666490E+01  9.84092254457437580E+00
  4.68162992243922280E-01  4.59358812682247210E+00  2.30708517567711480E+01
  7.11073931023246340E-01  1.40550921046147670E+01  1.44251402099439560E+01
  3.02034441597155470E-01  1.72259229913495630E+01  8.36681468738907700E+00
  5.12509616084684260E-01  1.37456047597287620E+01  2.40685270889947170E+01
  3.40422717275118370E-01  1.76203928269772890E+00  1.05459944258422010E+01
  6.65634982039605120E-01  2.03753554718508700E+01  2.11036051744959540E+01
  3.75295693565172690E-01  1.39116004247633660E+00  9.93465256947866670E+00
  4.75626642073745920E-01  1.63982767515867530E+01  5.84323440011867310E+00
  4.72038094207023740E-01  2.93090844098419580E+01  2.95916563923188750E+01
  4.29902962432020440E-01  1.33141749544772220E+01  1.00545173067160750E+01
  5.68910711623079470E-01  4.28721395626279640E+00  1.38498398040956410E+01
  3.07263188066738420E-01  2.80312027000369780E+01  2.04578653530910380E+00
  6.10911033360540580E-01  1.99476334060146210E+01  2.83486935525381370E+01
  3.43353541919950760E-01  9.37971514340001280E+00  1.96522692805843560E+01
  3.15231116497538320E-01  1.34944268865152320E+01  1.89079540537622040E+01
  3.78068289465320630E-01  3.73565257206949800E+00  2.04616681155514860E+01
  2.54824432159977790E-01  2.11742899653532350E+01  1.98622206959927250E+01
  5.44558358435121190E-01  2.38968335763531710E+01  1.13606282505069170E+01
  3.56000803327192820E-01  7.44488661313140020E+00  1.77146156274725220E+01
  3.13454063710418570E-01  1.48805416435550500E+01  1.56338651143153290E+01
  6.12591031919131530E-01  2.73881569911467690E+01  3.71379428862483610E-01
  6.47236078597052340E-01  3.29214319680306120E+00  1.15682115355889210E+01
  2.65726189967390210E-01  6.20523238849018990E+00  2.47135903215352530E+00
  2.96653470797716330E-01  1.53103875383895430E+01  2.73097328288652470E+01
  3.45648959319623030E-01  9.93706556406796260E-01  2.71268916929775940E+01
  3.13454063710418570E-01  2.42219254215271180E+01  1.64646151304269990E+01
  3.39073066583844400E-01  1.89018220781212210E+01  1.02834657529099630E+01
  2.96256570285591500E-01  1.09894511830320330E+01  1.60114215730162360E+01
  4.19081387041561550E-01  2.54625814186884900E+01  1.66413162361817230E+01
  7.08391389715138510E-01  1.74555914984516500E+01  1.99476876322486020E+01
  7.16035261746952050E-01  2.54021548473246100E+01  2.73321486262155240E+01
  4.43133439323318520E-01  8.18914388156649590E+00  2.80911711155456380E+01
  2.73281005279713530E-01  1.33714440534970790E+01  5.23964007704234190E+00
  3.35017483125717060E-01  2.41389210844495600E+01  1.34280716596404180E+01
  5.09222041678605210E-01  1.55822286462025450E+01  2.80679668060179600E+01
  4.27719079604653450E-01  1.39578652200964600E+01  5.62322300236381520E+00
  5.81299825206354370E-01  2.26626436799825160E+01  5.44620832190915300E+00
  5.46155746035104350E-01  1.14381876069283200E+01  1.85676494535391100E+00
  3.05466220251299840E-01  8.04893334642332190E+00  1.74464729045139390E+01
  3.11838068626578210E-01  1.37718506326319850E+01  6.50959616127090170E+00
  6.27423008989955560E-01  2.93432094943627600E+01  2.27174634861659150E+01
  7.12424816007452400E-01  7.49111751278620460E+00  2.14524602514784560E+01
  4.41140732643827070E-01  2.25896229424294470E+01  1.55202861679358840E+01
  3.80273533482480450E-01  2.91161874440169800E+01  7.29319110651361060E-01
  3.29796701345061780E-01  2.33838575484385310E+01  1.25216817884127260E+01
  4.15252526658189590E-01  4.65995071585596500E+00  1.08994460737713920E+01
  2.59062449636064510E-01  1.17272105325600240E+01  5.05359133584485230E-01
  6.18419083689772810E-01  9.86826986895949960E+00  9.72724409704112070E-01
  5.04213456464067280E-01  8.98707208573953760E-01  2.79698050278412570E+01
  3.48156346672602490E-01  1.04829713798025280E+01  2.71474886586251180E+01
  2.89042915761794110E-01  2.07879568193236540E+01  2.02437113220461240E+01
  3.05466220251299840E-01  3.90896136901031710E+00  2.43740200191507410E+01
  6.49919166153384610E-01  1.75761078116309300E+01  1.29705904738729050E+01
  6.14379095469630790E-01  1.24852210063885920E+00  1.60294814159386970E+01
  7.00411917450214720E-01  1.81339410523299450E+01  1.87164887777556570E+01
  5.69344335137112000E-01  4.58549484424365520E+00  2.84385969512032200E+01
  2.57564851167384970E-01  1.17726895280022280E+01  2.58710305625686980E+00
  4.13050329149462850E-01  1.74911563445313120E+01  4.06937302445205430E+00
  6.18419083689772810E-01  8.07259756072500780E+00  1.18742114029269230E+01
  4.26523982883737140E-01  2.78938898529695650E+01  2.12628388720472150E+01
  3.78209123272245940E-01  1.46162234910602140E+01  2.03401422269723540E+01
  2.63055759251188670E-01  3.00307933988221040E+00  2.52475532700523400E+01
  5.00274833943758600E-01  5.98387144296038630E+00  1.40402642881135550E+01
  6.01687927537542500E-01  2.98921208699814720E+00  1.13185010720370060E+00
  4.86073626967704090E-01  1.45469811722698950E+01  6.32132066463635310E+00
  7.62474117278193650E-01  8.99418780658965740E+00  2.51906262442712150E+01
  4.87886881528419990E-01  4.88636882440261110E+00  2.74268016595495650E+01
  2.99038091422116640E-01  9.42859897676125060E+00  2.10784425737043860E+01
  3.50974061745161330E-01  2.39893313356206190E+01  1.73070028679714130E+01
  6.10572080928614460E-01  2.80785658821615340E+01  1.02523696706841270E+01
  3.01731430220296380E-01  2.44145976117561750E+01  2.52848623701613880E+01
  2.59062449636064510E-01  1.67491334959089680E+01  2.16796045431550650E+01
  6.99477888048091770E-01  1.09245700724700580E+01  9.11074809734432020E+00
  4.41666133880560000E-01  2.71582419074726610E+01  3.27919527444591450E+00
  6.86210935380316480E-01  1.00139730532927920E+01  1.58948569185072510E+01
  5.27425300578987690E-01  1.43067546766301900E+01  2.12290965980297270E+01
  7.54505484792745040E-01  8.46801028158329490E+00  1.90406894261584650E+01
  4.11696508529454960E-01  9.31818875011656370E+00  2.35117912008979670E+01
  6.26517897412854200E-01  1.22846135560516890E+00  6.36237697391380850E+00
  5.72142532162989690E-01  5.41250074352050700E-02  1.64455848858094100E+01
  3.47451934045076260E-01  5.59970007674983350E+00  2.86663628097995550E+01
  2.57564851167384970E-01  1.66867900088003260E+01  1.12343019868758860E+01
  5.33859136323620030E-01  2.27445517570035420E+01  7.98071262601643470E+00
  2.69169509893181310E-01  6.54991622050560540E+00  6.18607776291862520E+00
  4.24351701398837560E-01  2.31825521728401180E+01  1.47320945638215990E+01
  3.11762329988951370E-01  1.63045443800188070E+01  4.31092893010225000E+00
  3.50974061745161330E-01  2.58067042821549850E+01  3.31072022692352430E+00
  2.66929568161810020E-01  5.39158745374232670E+00  2.80883024365409530E+01
  7.20816873845379820E-01  2.21485405732641820E+01  1.98203757235045190E+01
  4.22201084465533680E-01  1.44371886464498220E+01  2.32029760649498730E+01
  3.09209541844886400E-01  2.56938506009179690E+01  2.42794359872201220E+01
  2.62213147743524950E-01  4.59186615937812270E+00  4.57371922318373600E+00
  7.60411681679863700E-01  1.11189638571257860E+01  1.49630074512021840E+01
  6.67521681419926690E-01  8.73669979753765170E+00  1.39588102522680180E+01
  4.37954134865551840E-01  1.03999299466556820E+01  5.48855599869828840E+00
  7.16654247500547470E-01  2.39885292673137440E+01  7.85941521550291090E+00
  7.12424816007452400E-01  2.15034407844136520E+01  1.51331409026278150E+01
  3.61198882346046800E-01  7.87547120265193800E+00  2.35982798818021880E+01
  3.82245446386266610E-01  4.01717094172725360E+00  2.36956812432927430E+01
  3.58737518624021320E-01  6.41622425057346570E+00  2.79686237209759200E+01
  5.81547682683179710E-01  1.04015248392750800E+01  2.19625728928938460E+01
  4.21963532045373490E-01  1.84100822599887300E+01  1.36438760146747220E+01
  3.12648490279368120E-01  1.03876407056482240E+01  1.15763220512686190E+01
  3.25036994184950640E-01  2.95332241531743880E+01  2.41494937517954820E+01
  3.83290088603488770E-01  1.31256288807566720E+01  2.32538267168684560E+01
  2.93443024193560210E-01  1.17033652738821510E+01  2.34922123149008260E+01
  2.66929568161810020E-01  2.05886998328650530E+01  1.08516672224703790E+01
  2.99038091422116640E-01  9.57576772341100830E+00  2.16574991368970620E+01
  6.00040109246873770E-01  1.84194195227093470E+01  4.80199915257426560E-01
  7.14535578675763720E-01  2.40597465049890110E+01  2.57503891765676900E+00
  3.06898385793053400E-01  1.39007124002530150E+01  2.56745757148623570E+01
  3.45648959319623030E-01  2.08648869927312650E+01  2.66946210621932920E+01
  3.87046365911375680E-01  1.29361380741861220E+01  1.45140307227256890E+01
  6.56539952722306990E-01  1.74990078003423650E+01  1.64118393956220280E+01
  5.07436062422724900E-01  1.98634259488572940E+01  2.23502183510386420E+01
  7.39270392714900380E-01  1.05595475752951720E+00  8.87236617469869770E+00
  5.38024295323284910E-01  5.25074966670471350E+00  1.33058055585413690E+01
  7.33199636544987770E-01  5.15915255182498100E+00  2.69009636381680380E+00
  6.31923671661538840E-01  1.54284801778823210E+01  2.09387861453075140E+01
  5.72951670348821020E-01  9.19552703533321390E+00  1.79307173642392680E+01
  6.40456937776772590E-01  2.89948282111323540E+01  1.97174615778247070E+01
  4.77241894706072770E-01  1.26627966741739740E+01  6.99325855029450590E+00
  7.64764367446448820E-01  1.24259035691229260E+01  1.23197368391062780E+01
  7.16535845940979770E-01  5.99947486531879020E+00  1.52563880369222660E+01
  3.10705613459761840E-01  2.32345884162182980E+01  1.18996417243185240E+01
  3.89901968262705180E-01  2.16306873867143070E+01  2.89262036607505560E+01
  7.15011499502423580E-01  3.80798801394784190E+00  8.36033459866155580E+00
  7.60297905848187840E-01  1.80633450790510930E+01  1.79133406853351320E+00
  2.65726189967390210E-01  1.68671389699456680E+01  9.61721670800169730E+00
  4.53492046339069340E-01  1.98950160120619620E+01  3.46788611878364470E+00
  5.18725390566230620E-01  1.26796144505484920E+01  1.86462539667100170E+01
  4.24020504903543660E-01  1.15150023788614780E+01  2.08123991880870100E+01
  5.17634268500846420E-01  1.38512876093845300E+01  4.61151745963686910E+00
  4.54567147313974470E-01  1.59854502622376130E+01  6.67613076889793520E+00
  3.65965634987757580E-01  1.21227471271192740E+01  1.94586282098395850E+01
  2.96256570285591500E-01  1.95660253609670390E+01  2.05717490987597390E+01
  5.50543265074639000E-01  2.47001200454169840E+01  1.79918908673744440E+01
  4.46540105696671490E-01  2.31329601803141110E+01  2.35513129727548470E+01
  6.47236078597052340E-01  1.33812536035715830E+00  2.45344272237242540E+01
  4.82769235883485770E-01  2.18158604934124330E+01  9.72804320290611810E+00
  2.97529618718302210E-01  1.71826147104842950E+01  2.62307207286800620E+01
  4.13811620468168510E-01  8.90507790226549820E+00  8.47986051619407990E+00
  4.87785457169642190E-01  1.90302002615818720E+01  1.55502927954854510E+01
  3.41778742319800830E-01  1.07066893419194710E+01  2.91658440178947590E+01
  4.05793634226126800E-01  2.03641969681885370E+01  2.45911395645843740E+01
  7.14516279726398110E-01  1.08892120264846020E+01  2.99201242484266580E+00
  3.71799304162545760E-01  2.68452854955036920E+01  2.61146621807552250E+01
  5.77820253962530560E-01  2.48760153992458300E+01  1.58353807717687880E+01
  4.75626642073745920E-01  7.51913277974690520E+00  1.09310791653808830E+01
  5.46562010559427060E-01  2.16252739299978320E+01  4.86094874482250730E+00
  3.29506256422424390E-01  1.99902143022639400E+01  2.68559784424356310E+00
  2.62213147743524950E-01  2.98348035081606260E+00  1.63944155029850260E+01
  3.63105686475124490E-01  8.64192133372240970E+00  2.87565421327546710E+01
  7.08391389715138510E-01  2.19181847025425070E+00  1.69558963346491790E+01
  4.26578460793149810E-01  2.79502634649379620E+01  2.52363686160192310E+01
  6.08873319065221350E-01  2.75266365520461310E+01  4.26233264408657850E+00
  5.39466591144820300E-01  3.11332812679886220E+00  1.33904399480486320E+01
  4.66553963192992600E-01  7.35860200005206710E+00  1.85318302279936340E+01
  4.82771447840326400E-01  1.09324984586645060E+00  1.88754709632851650E+00
  5.13004586318856950E-01  2.33820657373687200E+01  1.98395562790401210E+01
  3.17084428049163950E-01  3.71541475597693350E+00  5.70611296467827600E-01
  3.50974061745161330E-01  2.59837580231827090E+01  2.64345308881043270E+01
  3.82382183723224410E-01  1.17900166300199100E+01  1.87892000193944110E+01
  3.77759649416993960E-01  1.90006538390409110E+01  5.38114155851479660E+00
  5.74203886104520670E-01  1.50330020893486600E+01  9.89104495004639620E+00
  4.11346310528290360E-01  1.62756159418678370E+01  1.19003946323356120E+01
  5.06367095649294540E-01  5.21629844495678710E+00  5.02173876349556550E+00
  6.01687927537542500E-01  2.68774254358058080E+01  1.00943801064999850E+01
  2.49794182180603610E-01  1.47529836086509400E+01  1.50853522127082670E+01
  6.11481049571092420E-01  1.30849444670375590E+01  1.35270428881957740E+01
  5.03927515451986880E-01  1.10291018164335150E+01  1.68103332621070010E+01
  6.35485889077753010E-01  3.30643880179120500E+00  1.45481386384753010E+01
  2.99038091422116640E-01  1.89229283640854680E+01  9.63310179900996030E+00
  4.22541054278063120E-01  1.93201413247976070E+01  6.11286920031568750E+00
  3.05466220251299840E-01  1.43032421598892690E+01  1.54107400007959010E+01
  2.62213147743524950E-01  3.26463536393909190E+00  1.93965781002997030E+01
  3.61769499680632390E-01  3.94464039158881530E+00  1.68454379168950580E+01
  2.47647088603063280E-01  2.94907642275336740E+01  2.35791499736386710E+01
  3.11155895623034430E-01  1.18268488959925260E+01  2.59881449480900170E+01
  2.66929568161810020E-01  2.25091422734214780E+01  2.65939306624805350E+01
  6.90395435464654740E-01  8.01423912412022150E+00  7.66881673331378000E+00
  2.96503602823160150E-01  3.22726408963610420E+00  1.83597740265219260E+01
  6.57722721512726150E-01  8.61591418356143630E+00  7.36647642710778870E-01
  7.24777883420223110E-01  2.39157344423546230E+01  2.73580212447619790E+01
  5.48279863025970290E-01  1.76259439242424380E+01  7.05981169499760060E+00
  6.40748513009616880E-01  2.53564154647527150E+01  2.33936348004016640E+01
  2.56092450391898300E-01  1.97717649487243890E+01  2.12541691508777490E+00
  7.17499092254363010E-01  2.79697001071224310E+01  2.88695371731331140E+01
  4.66141488621800890E-01  2.23555589190499320E+00  1.42909847268269290E+01
  6.33759023001558490E-01  2.79988276869530140E+01  5.41108651529362470E+00
  5.48279863025970290E-01  2.95646903130182180E+00  5.49182215534556040E+00
  4.19081387041561550E-01  1.13007469312739490E+01  2.96407995815902720E+01
  5.70902198024309190E-01  5.31848304448417150E-01  3.99242587810367620E-01
  3.17950877609215300E-01  2.76665832100969930E+00  6.33649853958264850E+00
  5.96963967672292380E-01  1.92622727665818660E+01  1.11668447029185010E+01
  6.18832453479690690E-01  5.52758649058536910E+00  2.65263613772428220E+01
  2.63339374245984010E-01  3.50897018653513460E+00  1.63945397485442360E+01
  3.55036581058269410E-01  1.00834385750384180E+01  2.88544171883625080E+01
  5.84913004272127690E-01  1.30447881349313040E+01  1.96868134463293280E+01
  5.77235448209733180E-01  1.02359397608872180E+01  1.93141822395731810E+01
  5.01105313190319460E-01  6.93777120365228230E+00  1.44689719806828200E+01
  3.83598938984435380E-01  1.93728306083385430E+01  2.38449709744465820E-01
  5.98360795606824340E-01  2.63145671318729410E+01  1.17298712030215950E+01
  3.41778742319800830E-01  2.31813643687902730E+01  2.57401555674245510E+01
  3.29796701345061780E-01  2.89738195383600110E+01  1.05389801584534550E+01
  3.84420431658369740E-01  1.04357598574213210E+01  1.46487969229447400E-01
  4.91872428060923640E-01  2.70608430713852610E+01  1.95382344028207630E+01
  2.93443024193560210E-01  5.53788453936693160E-01  2.25370590959490720E+01
  5.81299825206354370E-01  2.61688367325286890E+01  6.14202578539882180E+00
  5.68243553274813350E-01  2.54778293528306210E+01  1.47434909939420730E+01
  5.39001667068871980E-01  1.20720322380861610E+01  1.40807267555091170E+01
  7.01587183784351610E-01  1.77239725428925960E+01  2.89060783874068610E+01
  4.45239477383046460E-01  2.25251317532627970E+00  3.33713185307186230E+00
  5.39001667068871980E-01  2.77066683600276140E+01  1.81461948250941560E+01
  2.86134314477376340E-01  2.71720305861275370E+01  1.19463692123302980E+01
  7.70254277643880240E-01  2.91439395293289430E+01  2.51726719501287550E+01
  3.45648959319623030E-01  6.03626952653985070E+00  8.41341628048753170E+00
  3.39481361119070080E-01  2.23132648732287220E+01  1.77861246484934840E+01
  3.04461637453634990E-01  6.35395636604715990E+00  4.17860171386817480E+00
  5.20369884994360540E-01  7.75312711119115150E+00  9.88680181436941650E+00
  2.65726189967390210E-01  1.37172070509969140E+01  1.26712865784395910E+00
  6.26908127420837150E-01  6.63488111732925030E-01  2.34552531264749930E+01
  3.48480710258510130E-01  3.08451413253301920E+00  2.27035163154142590E+01
  2.96653470797716330E-01  8.06627119444200960E-02  7.17819633196023690E+00
  6.31923671661538840E-01  1.81199335448014440E+01  1.46569797908444560E+01
  4.09705559579089850E-01  2.29194127792294080E+01  1.84048028127702490E+01
  6.72499163702481620E-01  6.70425280223041220E+00  2.89586796900521150E+01
  2.84029264846615530E-01  2.87867868208567010E+01  2.61789520579499780E+01
  5.34631033075580400E-01  8.13940165226939530E+00  6.15503544589263820E+00
  6.17076625982510940E-01  1.92971793692995380E+01  2.48802556525097490E+01
  6.55074006360275090E-01  8.33926433162903000E+00  3.85255234700992770E+00
  5.46562010559427060E-01  2.40191372100639630E+01  2.60347798473123680E+01
  5.17626013175185660E-01  1.66918051255598170E+01  2.95889805625662310E+01
  5.82207618145930890E-01  8.47753502353035060E+00  5.09083507612839090E+00
  5.98268629341587580E-01  2.48284290185668300E+01  7.55987338897986390E-01
  5.34553382826858140E-01  2.72784333918134150E+01  2.34535940950168500E+01
  3.76753951196820710E-01  1.66236199575621380E+01  2.23019956357063020E+01
  7.52518120402026810E-01  2.07210465940176470E+01  1.77892779112386030E+00
  4.81368497469048420E-01  1.27565705573520840E+01  4.18143451878670640E+00
  6.47413426355271770E-01  2.60997980023844430E+01  1.57872715905640870E+01
  3.05466220251299840E-01  2.39110609079872650E+00  7.47581456538869560E+00
  4.46689977500956030E-01  2.70520345404014970E+01  2.80402441711414030E+01
  6.18566685513849460E-01  2.56664122953183660E+01  2.86545222356276170E+01
  5.36592099856838090E-01  1.10165980693256140E+01  8.60615333122916760E-01
  5.09574347305064630E-01  1.71912805378748390E+01  1.18117468299161120E+01
  4.92328788949218680E-01  2.08421399417547090E+00  1.33447238928363170E+01
  4.83351594707823830E-01  5.54564965484481660E+00  1.66347464791725340E+01
  4.40650972415989980E-01  7.81531431997360390E+00  2.88915203532639280E+01
  6.10911033360540580E-01  2.27184827949265080E+01  2.88689473593015470E+01
  4.34172467284937990E-01  4.79183262560050500E+00  2.39503018239467060E+01
  7.03188417218805210E-01  2.52752450467064520E+01  2.07748743265362560E+01
  2.92799561075502800E-01  9.38739481571864150E+00  2.42120912700391670E+01
  5.68243553274813350E-01  1.11764084660988540E+01  2.28111574606173090E+01
  4.60682082706054620E-01  9.68680698221329100E-01  1.06545359803143590E+01
  6.41715074739605920E-01  2.67889545823171320E+01  1.37383698609026440E+01
  4.55206736325743130E-01  1.01794162181016820E+01  2.54670970331730580E+01
  4.22201084465533680E-01  1.22997093478364260E+01  1.50135796958079460E+01
  3.63079661055833470E-01  2.21354278868890650E+00  1.92146608460883360E+01
  2.63055759251188670E-01  1.24333616534792470E+01  2.61094329896429540E+01
  5.32877675645020420E-01  1.43150226777548590E+01  2.49450487907761630E+01
  5.77235448209733180E-01  2.88051900172798770E+01  1.79493076520641920E+01
  4.09775903561979240E-01  2.49194544738672620E+00  4.15728033110469840E+00
  6.93187364831086050E-01  2.47710057874685940E+00  1.55843948752653430E+01
  4.30054269381220950E-01  3.88460933224203590E+00  1.64321578073559650E+00
  5.07436062422724900E-01  5.14975661340177470E+00  7.06456268587082280E+00
  2.49948351789403130E-01  1.01245880476595360E+01  1.21006333977866780E+01
  3.16022212934137680E-01  1.22431999412763210E+01  2.16123678908752700E+00
  4.72818350263822220E-01  2.30864751848642730E+01  1.75388202706206790E+01
  4.46689977500956030E-01  1.21936822778755810E+01  2.02680122050187210E+01
  4.74581552528920360E-01  2.55348890682972250E+01  9.26547894194392360E+00
  4.86590143357422540E-01  4.29941927102528790E-01  1.19835390906462570E+01
  2.73281005279713530E-01  1.60927708822635540E+01  4.12960102261617750E-01
  5.20515140446715560E-01  8.50331943327381620E+00  1.07916915391565600E+01
  4.13811620468168510E-01  1.20995125374923430E+01  6.30335060431126240E+00
  3.81419328643079860E-01  8.27432880642509970E+00  1.30179861413480820E+01
  4.05593309893122810E-01  2.25642393862529860E+01  1.02920890156347280E+01
  5.85380732291966590E-01  2.27686997799112840E+01  1.65309764393217160E+01
  4.06599624824484800E-01  7.17801404815138340E+00  2.59736190855372410E+01
  6.40456937776772590E-01  1.12008817030013590E+01  2.50740851867321550E+01
  4.75626642073745920E-01  2.01435251407337500E+01  1.29164361590148110E+01
  5.09222041678605210E-01  2.16795358782694900E+01  5.91437626202120990E+00
  5.77820253962530560E-01  1.69807147239952800E+01  1.04525163138091380E+01
  3.80273533482480450E-01  2.75797077763174020E+01  2.59530809602023920E+01
  5.01406606281285510E-01  2.24630009295370950E+01  1.21491610751035960E+01
  3.59079136884617700E-01  6.26611268368164960E+00  1.70682786132102750E+01
  5.94092381958372510E-01  6.81006421060330510E+00  1.62859750760578410E+01
  2.54611020839302520E-01  1.00450312257197400E+01  2.51659450714646080E+00
  4.99223721401470310E-01  1.01188324752136440E+01  2.45149532053831470E+01
  2.54611020839302520E-01  2.71111195308876880E+01  2.42246128606146060E+01
  3.20574425314766210E-01  7.58622990808693310E+00  2.96170286726091770E+01
  2.85767805251094040E-01  2.29427425762716300E+01  2.51604698019551130E+01
  2.54611020839302520E-01  2.13211424596596610E+01  2.03493835578886720E+01
  4.12246671516209600E-01  2.31788445077221570E+01  2.64936486291789990E+01
  4.41298336829792340E-01  2.16167544605892350E+01  2.56747287645101970E+00
  7.09985914168247060E-01  1.20742770516945990E+01  8.29687923164745560E+00
  6.80956647410425740E-01  2.53591460053159350E+01  8.12463545845831630E+00
  4.75338540515479570E-01  2.54983633040979460E+01  1.86356388093119740E+01
  7.49588614928249000E-01  1.92202235610097640E+01  2.71990700033820230E+01
  4.74033319401206570E-01  2.33592047069020450E+01  2.18337167306751500E+01
  5.20515140446715560E-01  2.28180054880747640E+01  1.31548779236973900E+01
  5.48131117613959250E-01  1.30436874860365870E+01  2.69953715695963190E+01
  3.46733456860136300E-01  1.03142259395827550E+01  4.70979731240174450E+00
  6.97384645011991290E-01  1.22171909886869020E+01  1.75223584770245110E+01
  3.78209123272245940E-01  2.81015449865566040E+01  1.27119803419523850E+01
  3.82382183723224410E-01  6.73707607509452710E-01  2.64743651417496720E+01
  4.46537248270915300E-01  7.10837770641663540E+00  2.03278017133427830E+01
  6.08690451339190200E-01  1.81118217311648560E+01  1.08084199447469280E+01
  2.59062449636064510E-01  3.67688492855550030E+00  5.12877615490507210E+00
  4.43756654693070110E-01  2.48446022515138690E+01  3.42644986550391770E+00
  3.18942867500738640E-01  1.87804251840150760E+01  8.05636731483887130E+00
  7.16535845940979770E-01  1.20358606581567800E+01  1.61207149917103540E+01
  4.62836237406567810E-01  6.85338583482177910E-02  1.04484120321805900E+01
  6.97384645011991290E-01  1.50352894223536160E+01  2.59414432423928930E+01
  2.47647088603063280E-01  9.46868605518763570E+00  1.90138476784653530E+01
  4.05793634226126800E-01  1.56284904179263840E+01  9.11398315761755380E+00
  5.37364664263313330E-01  2.16522486530208800E+01  3.66245876906069160E+00
  5.72881440675418570E-01  1.11195872814157810E+01  6.19680213761844280E+00
  5.04213456464067280E-01  1.39625808752838800E+01  2.64827636499439370E+01
  3.86557871019070410E-01  1.81082445307313870E+01  2.78560452899517410E+01
  5.62178328188990490E-01  2.23042367526118000E+01  7.74074320822647180E-01
  6.41715074739605920E-01  1.94070085103310000E+01  4.44803490272914100E+00
  4.54567147313974470E-01  2.15079102271697700E+01  1.21501108321638180E+01
  3.97011970696729720E-01  2.31401802843990230E+01  7.13819218171074340E+00
  3.99477862283745790E-01  1.22830758960708110E+01  2.11089911930832980E+01
  5.15931587153482510E-01  7.89274248538464460E+00  2.71802974442256660E+01
  5.98026541173087530E-01  1.51045310733697990E+01  1.65172922645996470E+01
  5.94917806945655060E-01  2.69465422850385540E+01  2.50577948756309500E+01
  3.86557871019070410E-01  7.12821562593226870E+00  2.36172701050768840E+01
  5.52347772924787250E-01  1.29896736663704430E+01  2.60184025114064350E+00
  4.05793634226126800E-01  7.62157798534506090E+00  1.68697591324332560E+01
  4.66753989857397040E-01  1.61595593014072630E+01  9.80599405892912660E+00
  6.77666041374141330E-01  1.65555925966094400E+01  7.65239610215413530E+00
  3.23306573977224420E-01  2.47001932602755650E+01  2.26874195916353050E+01
  6.88340418185590860E-01  1.21935192060550400E+01  2.78931434215176320E+01
  4.11696508529454960E-01  2.82361108942995020E+00  2.69890831211506610E+00
  4.03052389307286420E-01  4.28795996888616940E+00  9.36967583107595740E+00
  2.97529618718302210E-01  4.05062394739722720E+00  4.71634586007613250E+00
  3.13090147150790890E-01  6.71583926611618590E+00  1.36865954503245570E+01
  5.01435669612667030E-01  1.67372462115230010E+01  2.68928500361700460E+01
  5.26482748420329030E-01  1.64896932440822080E+01  2.85658315172681550E+01
  6.75156127532392600E-01  1.89146092398331550E+01  1.98476711642935830E+01
  7.20816873845379820E-01  2.45677162549746800E+01  4.55641589427673390E+00
  5.30006102735105960E-01  4.33442554948537500E+00  5.56252361649903640E+00
  3.43353541919950760E-01  1.48100134135114130E+01  2.77076870720217840E+01
  5.32877675645020420E-01  2.82009488781643790E+01  2.29175450268915920E+01
  6.44956217916396120E-01  5.17027234719278090E+00  9.97109722237142650E+00
  3.55036581058269410E-01  1.15005212078263330E+01  5.35076257186898370E+00
  4.30054269381220950E-01  2.67281860660597770E+01  1.26699375482930330E+01
  4.93734512940847830E-01  3.16968413451967730E+00  3.53530258714267290E+00
  3.42409596243210680E-01  1.61679591431826710E+01  1.54173632252068650E+01
  5.58952633370732950E-01  1.92998285490320320E+01  1.23204383160499520E+01
  4.49954956992444630E-01  1.50298145570029330E+01  7.22217353807722340E-01
  4.11346310528290360E-01  2.48858083796350230E+01  9.86681787349551520E+00
  4.72818350263822220E-01  2.12124367004670480E+01  2.96800934519211630E+01
  5.00672486592370710E-01  2.37899942159109230E+01  2.85762468955081520E+01
  4.15334611176110170E-01  1.36088594773435770E+01  5.95555998861357150E-01
  7.70254277643880240E-01  2.81957473303452770E+01  1.38560137266584140E+01
  5.32262962461145860E-01  2.64356030644275070E+01  3.92936108362419740E+00
  4.01880163826280960E-01  2.48180833231516650E+01  1.75574930322767810E+00
  7.41720708060832300E-01  1.41761251420403270E+01  2.85866426616281830E+01
  3.01674668393272730E-01  1.88244577251676400E+01  2.08190422918917120E+01
  2.66929568161810020E-01  1.52025685657355990E+00  1.38505186799186240E+01
  4.15334611176110170E-01  1.46713702487144120E+01  1.86287904783463110E+01
  5.20369884994360540E-01  2.61721646028614780E+01  7.24230851132340540E+00
  2.84672167568555990E-01  1.26636140113876490E+01  3.37201690370113650E+00
  5.18912146576496980E-01  1.16771831975427960E+01  7.13465653942967750E+00
  3.90540239164096370E-01  3.41522448647950630E+00  9.39349091295929210E+00
  3.63079661055833470E-01  1.30032639984072380E+01  7.76098417818320830E+00
  4.73113776075054650E-01  6.92125357336904390E+00  2.44513588289587920E+01
  5.55687039951364880E-01  1.61767612536442620E+01  2.31185436927855830E+01
  6.97384645011991290E-01  2.57111037696005590E+01  2.21048488359777050E+01
  3.54092873053847420E-01  5.62306069480105020E+00  1.96274114637774490E+01
  7.37991961479508610E-01  1.57151740089355570E+01  2.60595723249359960E+00
  5.10790949981952740E-01  1.51884053203968250E-01  2.72832654937497490E+01
  7.03918080384424090E-01  2.78091151272062430E+00  1.03189598915311150E+01
  2.69326463995374250E-01  7.70085723485382530E+00  5.90461465981214140E-01
  5.39922025342825940E-01  1.15847038879856010E+01  2.17818641636313540E+01
  5.39922025342825940E-01  2.84920314536324110E+01  2.79903222700772720E+00
  3.52682444144397330E-01  1.33876375121677340E+01  1.78994720670953790E+00
  3.17084428049163950E-01  2.46517635850793720E+01  2.66225679493996630E+01
  3.92511582998476170E-01  1.47067047509893210E+01  2.69800215158127510E+01
  2.92799561075502800E-01  3.09944518532931030E+00  2.20632356875404980E+01
  3.63105686475124490E-01  2.37875253578861960E+01  1.79918808395483860E+01
  3.25036994184950640E-01  1.40496434713041440E+01  3.79280504754463040E+00
  5.70902198024309190E-01  1.30403843411863160E+01  6.01578457879065280E+00
  6.18138908065390960E-01  2.06469226317318900E+01  4.23074276908641700E+00
  3.10705613459761840E-01  1.74639569570073800E+01  2.56925628317345770E+01
  6.99092076263204730E-01  2.08286629812117960E+01  1.79937760613541970E+01
  4.40295189098215370E-01  2.55553247512834820E+01  1.46629142874332220E-02
  6.52034765531911640E-01  2.58431659450365070E+01  1.48410459611146760E+00
  5.12628979659419230E-01  1.88258009864217610E+01  2.83967014834748670E+01
  2.68569610726517900E-01  2.25245849381034060E+01  9.48103504076078350E+00
  4.41473589537221400E-01  2.39825692571522140E+01  2.08417668192937380E+01
  7.41623060643924430E-01  1.81172919966224160E+01  2.42081443227970220E+01
  2.49794182180603610E-01  2.37499834493029100E+01  6.92371825617323470E+00
  3.44856808658559500E-01  3.24484793516619870E+00  1.69422416765809630E+01
  6.83701617051292750E-01  1.17504069750278540E+00  1.47345921428198050E+01
  7.19599311285852310E-01  9.86767777996786320E+00  6.51570164405660180E+00
  6.67521681419926690E-01  4.05402004503837610E+00  1.26371704155131020E+01
  5.40946473112310590E-01  2.11531357790379990E+00  1.86528258504882810E+00
  3.83579206291793930E-01  2.62808287838559240E+01  2.11866908715714220E+01
  5.04339573614743570E-01  2.78650098740472170E+01  2.43102341180894650E+01
  6.35523375007872900E-01  2.82507812593643840E+01  1.52599959250330970E+01
  3.44905765886116280E-01  9.41364119451317900E+00  1.24027788518212390E-01
  2.65726189967390210E-01  3.25786321417643080E-01  6.67232107006538300E+00
  4.87785457169642190E-01  2.27046313420597840E+01  2.73288123775448110E+01
  3.71299762957800540E-01  2.89864780211046980E+01  5.58486923717080690E+00
  4.13811620468168510E-01  2.09406467052671170E+01  2.80973148473311300E+01
  5.69423614487483490E-01  1.56503664917127650E+01  1.84234406520914330E+01
  5.83429036676414100E-01  2.91756354882554060E+00  2.96430951965071190E+01
  5.30006102735105960E-01  7.40932234015493570E-01  5.31467418477900560E+00
  5.16710955738981780E-01  8.06241165313610080E+00  8.87362106746297920E+00
  2.65726189967390210E-01  3.69212734052010920E+00  9.98816764996531960E+00
  3.18942867500738640E-01  1.79083139723129210E+01  2.52469621641810740E+01
  3.23881608201221470E-01  2.44027759925167480E+01  2.32622068111118590E+01
  3.54092873053847420E-01  1.80975427594511020E+01  2.58920621856759040E+01
  5.12509616084684260E-01  2.40827084619240210E+01  1.03214580001800730E+01
  4.99223721401470310E-01  1.79624459892558900E+01  8.05172110889037640E+00
  2.56092450391898300E-01  1.09560169731292700E+01  5.07366492539778240E+00
  5.45765227979075810E-01  2.53193193385875190E+01  2.55941571122244180E+00
  6.94010183176834960E-01  1.52769944853817280E+01  1.23725783760429150E+01
  3.57201130995523370E-01  1.91475505472682710E+01  2.18675283012025300E+01
  5.25895496843049500E-01  2.07814717106258440E+01  3.05467162082542030E+00
  5.10790949981952740E-01  2.86707387244465900E+01  1.63258391800184480E+01
  4.89717368181109780E-01  1.32931505475531610E+01  2.49625940994165810E+01
  4.82769235883485770E-01  2.11657026159886500E+01  1.91258983494715520E+01
  6.93278360304079300E-01  1.51219405553251480E+01  2.22465148231786500E+01
  3.35017483125717060E-01  7.69840345432863590E+00  4.60703353382299600E+00
  3.26514001167033020E-01  1.26585442367173290E+01  1.04280215897675370E+01
  4.75880684447443510E-01  1.25882140852096980E+01  2.19288724376057900E+01
  4.22354771203238230E-01  6.42089837048511040E+00  2.18272738529922710E+01
  4.11966131227655820E-01  3.05171633318764360E+00  1.76737684466653600E+01
  7.30946391186454210E-01  5.93921213668197720E+00  2.37560232133614840E+01
  4.22201084465533680E-01  9.80652515151621880E+00  1.36155745237039450E+01
  5.15931587153482510E-01  2.92674857966111470E+01  6.42584340277319650E+00
  5.52347772924787250E-01  7.68042378654548940E+00  2.51412723073615860E+01
  2.49794182180603610E-01  1.76894299760656430E+01  1.00255349769284250E+01
  4.50103975287380020E-01  1.89933360937744560E+01  3.43895162395172620E+00
  3.61769499680632390E-01  2.87236434169977920E+00  1.89134511054535750E+01
  2.77147605524350650E-01  9.75229189005023400E+00  1.85728127237861250E+01
  7.64764367446448820E-01  2.51575723020487810E+01  1.10107962250253560E+01
  5.71326189973923350E-01  1.50480811749214620E+01  1.36160414244971890E+01
  4.07877171249442140E-01  9.28813721672356070E+00  2.83369472496335500E+01
  4.46540105696671490E-01  2.59086220583245430E+01  2.50018978084289860E+01
  5.07606992315717240E-01  8.52819926202192850E+00  2.52864252663606460E+00
  3.01731430220296380E-01  1.63836002042182760E+01  2.77448213773419250E+01
  4.32382463464541460E-01  1.40859048313646530E+01  1.61155640055220600E+01
  3.25762576013666160E-01  2.43805699516969910E+00  2.62925330151910120E+01
  6.24920360555607160E-01  1.44737437024434360E+00  1.24281721719341880E+01
  7.38532964590205680E-01  1.54671854501094120E+01  2.93101604227307570E+01
  3.92511582998476170E-01  5.00310478157204400E+00  2.93038179957794750E+01
  2.97561439636419770E-01  4.58609283405145260E+00  1.83435146528648580E+00
  3.46434506905438330E-01  9.41962110429156850E+00  2.90794127406714470E+01
  5.89502618647478990E-01  2.17241510647293370E+01  1.70684118050637390E+01
  3.32399546609116130E-01  5.80123251061119840E+00  1.89645217065372050E+01
  5.77649046292645880E-01  1.59828874577091520E+01  2.50885391730969190E+01
  4.31729360191427780E-01  1.65285604684537790E+01  1.27033084542987480E+01
  3.17950877609215300E-01  2.36495122150704340E+01  1.67309042812591390E+01
  4.75880684447443510E-01  1.43451753935251760E+01  9.09767117773317760E+00
  3.91816801400439550E-01  2.00690218645168200E+01  2.38511068785285720E+01
  2.50163292655703180E-01  1.42366869628040500E+00  2.30198368997447500E+01
  3.42074681651230290E-01  8.67304813367659300E+00  2.68252073493254600E+01
  3.50974061745161330E-01  1.93985257594857860E+01  7.79870064608699650E+00
  6.18566685513849460E-01  6.71207401536826340E-02  1.49291540182342920E+00
  3.24719866931951940E-01  3.15562077007409950E+00  2.04223613834699420E+00
  3.57201130995523370E-01  2.59233936097949280E+01  9.99997259927385150E+00
  3.13090147150790890E-01  2.62870549135286850E+01  2.79294994129503920E+01
  2.58355477869490890E-01  8.22084286998396150E+00  2.45251201061566310E+01
  4.83351594707823830E-01  6.10177164047636380E+00  6.79036621278434180E+00
  5.48463672908306780E-01  1.09728614829428540E+01  2.39087508764419890E+01
  4.24351701398837560E-01  1.33590274247955760E+01  3.50541935708155710E+00
  6.80557430527969220E-01  2.21529843982929220E+01  2.57164474155198700E+01
  3.73125396709624990E-01  1.82845316202566510E+01  9.84213754549650410E+00
  6.77808113742920780E-01  2.37211929697490080E+01  2.45936863367518940E+01
  7.67512613708393760E-01  2.39241588073761340E+01  5.92238621003770230E+00
  4.76544583128828500E-01  2.91442439784630380E+01  2.86576170200866220E+01
  6.97738347479756800E-01  4.69185855729631030E+00  8.45261274534933980E-01
  4.49545157175862540E-01  1.55670333022619490E+01  4.12272814116653400E+00
  6.25336422111717830E-01  2.49210204116789310E+01  6.89479292122396890E+00
  4.99487474973056500E-01  2.38048982051617380E+01  2.26983374577470440E+01
  6.67521681419926690E-01  6.72581694146416800E+00  2.69902686958730060E+01
  3.44170209092795430E-01  9.73440905649782270E+00  1.16365480591290190E+01
  4.01880163826280960E-01  1.57020552538036460E+01  8.31056394253540810E+00
  5.95035019805102560E-01  9.80436696006559320E+00  1.46320229368969930E+01
  5.20348764567513020E-01  2.72687028257754630E+01  1.11458657105642180E+01
  7.44845164893703690E-01  9.05176688015338550E+00  9.65275033818799600E+00
  6.94010688862415210E-01  7.43748859733787700E-01  1.83392166188499920E+01
  4.00156705760987560E-01  1.52475354522024520E+01  2.33323945566103570E+01
  6.57722721512726150E-01  2.71377773738386450E+01  8.86287061363257500E+00
  3.61198882346046800E-01  1.87248906798330630E+01  2.92630840473985070E+01
  6.07167866036927160E-01  1.59278973408740270E+01  1.27809963466692820E+00
  5.81677556670477180E-01  4.20551872896737060E+00  3.82350653561705030E+00
  3.17579752081870750E-01  1.14459887928938550E+01  1.81805433912175900E+01
  2.69169509893181310E-01  9.90847202239551090E+00  2.94533079031911880E+01
  5.36592099856838090E-01  1.58829608731982860E+01  1.73424923478424800E+01
  3.01799748246536660E-01  8.55177083946014530E+00  1.71957913741805110E+00
  4.05794678723965420E-01  2.94219532563389310E+01  1.87626481818549920E+01
  3.65995101567518470E-01  7.51068264156965350E+00  1.96220613505591070E+01
  3.39481361119070080E-01  2.44836992696704920E+01  2.39204186971334560E+01
  6.97384645011991290E-01  2.95031425674271620E+01  1.45225037712678980E+01
  6.82253548551889110E-01  1.94160468354521960E+01  1.44476622287658070E+01
  5.67035311113654220E-01  7.19346576672559030E+00  6.71748445349149480E+00
  6.47236078597052340E-01  2.51934009356963780E+01  2.58264059800611110E+01
  5.92513140571182980E-01  2.26005490125167650E+01  4.27413239349835370E+00
  4.71553509741754610E-01  2.34936763047532260E+00  2.40625461814222990E+01
  6.55885333720611730E-01  2.43669250954845250E+01  1.24642039973376770E+01
  2.83840017940612550E-01  2.27748057905653210E+01  1.41532001005174500E+01
  5.65219172841477580E-01  2.88197911754231590E+01  2.09097048715185460E+01
  3.48480710258510130E-01  5.15424739068418260E+00  1.59033529680819240E+01
  6.26908127420837150E-01  1.32371938134295140E+01  1.54819648323372570E+01
  2.62213147743524950E-01  1.74382142867204490E+01  1.74452432240751780E+01
  5.08737612195334600E-01  2.32675302940743620E+01  9.70780915223828700E+00
  4.59281804788439010E-01  6.04796972244724530E+00  5.66041875170141840E+00
  2.86550378078914000E-01  2.13061187373064380E+01  2.61822381548977710E+01
  2.99038091422116640E-01  5.25090909983026770E+00  2.45218369834835780E+01
  3.62493203924014780E-01  1.21943342005390920E+01  5.53306759434259110E+00
  5.64616421781660800E-01  1.87305942618791550E+01  7.17438050981607490E+00
  3.87533216804236250E-01  1.63610973970106000E+01  1.99756222368942320E+01
  3.90540239164096370E-01  5.12220974391144600E-01  7.80026446831400390E+00
  5.44640939783434240E-01  1.65474854549105470E+01  8.87309271567684730E+00
  3.84420431658369740E-01  2.75945727039932260E+01  2.58031151825832520E+00
  4.53492046339069340E-01  1.92269319493885540E+01  1.33291072042255720E+01
  6.38023782753992030E-01  1.78755184130546460E+01  2.68586861159370540E+01
  5.00672486592370710E-01  1.58729958301821150E+01  5.02093669640543890E+00
  6.08873319065221350E-01  2.70442452300270130E+01  1.49610199524164160E+01
  3.18942867500738640E-01  3.55234033991909690E+00  1.88823475283365450E+01
  2.65726189967390210E-01  1.55318417250439250E+01  2.67901171694179820E+01
  7.10410487391814980E-01  2.26931666708029880E+01  2.97548308717801080E+00
  4.66797018098134940E-01  9.81670719039037460E+00  2.76408499981049400E+01
  3.89889811574280460E-01  1.05355656865984070E+01  1.39725961360850520E+01
  2.92456502136063850E-01  8.19747756598240150E+00  2.95760727375954850E+01
  3.63079661055833470E-01  2.62042692246905840E+01  2.57554669260582510E+01
  4.13811620468168510E-01  5.78242474460388590E+00  2.75270254880528390E+01
  2.60417758313763680E-01  1.11851174556620540E+01  1.39287859829259090E+01
  4.41940562555082740E-01  2.81811626173558810E+01  9.20596015960638960E+00
  3.08418768867630710E-01  2.38838718729633580E+01  2.36216605239151640E+01
  3.04461637453634990E-01  6.09819506821143080E+00  1.32436899504360590E+01
  4.75626642073745920E-01  1.43475860608463270E+01  9.84244923094870220E-02
  4.19693779402500590E-01  3.00003180532791540E-01  1.93601340457769450E+01
  3.26514001167033020E-01  1.86508914922532510E+01  2.62866314625304620E+01
  3.55388479881239270E-01  1.34864353796415520E+01  7.11249477195763900E+00
  5.33859136323620030E-01  2.64034415780107390E+01  2.62304858013385630E+00
  3.39481361119070080E-01  6.71516539939411320E+00  2.30205811409141920E+01
  2.51153087880769550E-01  1.75855092140626400E+01  5.51615883243601600E+00
  4.21603844523193420E-01  9.54348937333894120E+00  5.42206689420417390E+00
  5.20348764567513020E-01  1.86069401894425890E+01  8.87725462868160880E+00
  6.86210935380316480E-01  2.04258790078190170E+01  1.17899674177459350E+01
  4.41140732643827070E-01  1.18546746044206760E-02  1.74716306913822590E+01
  6.26908127420837150E-01  2.19130974159556370E+01  1.38590409992509080E+01
  5.11871480770454750E-01  2.79887629277575800E+01  1.91566588345557740E+01
  4.70990686464341570E-01  2.68962424274176150E+01  5.38220608736923900E+00
  5.20369884994360540E-01  1.72034722439447700E+01  2.78012683511756720E+01
  3.04306421741581800E-01  2.80844152060487000E+01  2.64827508043365080E+01
  5.88333222664750720E-01  2.29528216408992630E+01  2.08527933262794960E+01
  6.64541222436485860E-01  2.56427868349802530E+01  1.27987201747362430E+01
  4.24351701398837560E-01  3.85638584255571710E+00  1.06582717630270750E+01
  5.55920758830291820E-01  1.82444338680023040E+01  1.19652138584676350E+01
  2.89042915761794110E-01  1.96353245491195490E+01  1.92079209887536240E+01
  2.47647088603063280E-01  1.22195426907382490E+01  1.33094582639228540E+01
  5.88686278844574580E-01  2.78735829466287260E+01  2.02495955080175100E+01
  3.53063097104977870E-01  3.94391167439827580E+00  1.59580012852449680E+01
  4.50600139601478670E-01  2.52357649040143850E+01  1.96231290244202480E+01
  6.65634982039605120E-01  1.83390723828886570E-01  2.15401755631553660E+01
  4.69750256464274060E-01  1.47437217565557650E+01  2.40402081555346850E+01
  6.13801455222646290E-01  1.81756647692631220E+01  4.83306179905400500E+00
  5.14582826754803690E-01  2.11659669723637800E+01  2.50428005586239520E+01
  3.81419328643079860E-01  2.06882636858454630E+01  1.58699684988994870E+01
  7.28196096543639280E-01  1.42586396728268530E+01  2.76101745906913100E+00
  7.33199636544987770E-01  1.86233320368783770E+01  2.28231132173879420E+01
  2.86550378078914000E-01  2.33044915363170590E+01  1.05020516996008910E+01
  2.52169786807371790E-01  2.77409234050775450E+01  2.79282383254394870E+01
  5.01406606281285510E-01  2.85295729975772510E+01  2.19369367859214250E+01
  4.18948713530687210E-01  4.25477387728038800E+00  1.91082254258412720E+01
  3.62620749938717070E-01  4.74911758841963220E+00  7.83617767496920780E+00
  3.15231116497538320E-01  1.86970859094987030E+01  2.55937721634321950E+01
  2.83840017940612550E-01  2.40391030352892090E+01  9.52687593643294580E+00
  4.72199721516180480E-01  3.16896274282167400E+00  2.35989012731413260E+01
  4.41666133880560000E-01  6.46112253479690950E+00  2.09357199906533290E+01
  3.39073066583844400E-01  2.94134972753940500E+01  5.01748872092500870E+00
  2.54831192030272870E-01  2.11450882370332100E+01  2.74610891825324790E+01
  6.65634982039605120E-01  6.31460916770639000E+00  1.80909807157004220E+01
  2.69326463995374250E-01  2.65227442769104870E+01  1.08888099830952840E+01
  3.08418768867630710E-01  2.82661517286846230E+01  2.58984477878994210E+01
  5.63324676144028570E-01  2.23613542980354870E+00  2.30346180690399650E+01
  2.49794182180603610E-01  7.77298361750236480E+00  2.58127514918205140E+00
  6.44956217916396120E-01  9.46373077773360900E+00  3.20154937083056850E+00
  4.26043897269923290E-01  2.46571184626369340E+01  1.89665380596116860E+01
  7.44533748089133770E-01  1.25084015920157640E+01  1.13465137345447700E+00
  2.47647088603063280E-01  2.26182337069765470E+01  2.83919242183117150E-02
  3.47451934045076260E-01  1.95978923401877020E+01  1.02858092455254390E+01
  4.83182858574677270E-01  2.46105777274758920E+01  9.01571487121986340E+00
  5.38382388131525950E-01  7.14816883396368490E+00  3.90028460464093740E+00
  6.08690451339190200E-01  1.70146470819600780E+01  1.40968237226154650E+01
  3.93024383017402490E-01  6.74867968395702270E+00  2.52991825765621600E+01
  2.54611020839302520E-01  2.65253179821179150E+01  2.85018022976852700E+01
  6.82253548551889110E-01  2.41580755890974030E+00  8.46084185771610820E+00
  7.67665169660178040E-01  1.07811339180449350E+01  1.05705434922536930E+01
  3.95839252948554370E-01  1.41218539850010920E+01  1.02209642724700490E+01
  5.15379284759350490E-01  2.28553610372707790E+01  1.11660863453991190E+01
  5.09222041678605210E-01  1.54820174966849360E+01  1.48749836769282290E+01
  4.72038094207023740E-01  2.95208532561393430E+01  2.63559191916165860E+01
  6.64541222436485860E-01  1.93938219407851450E+01  1.28593761966733270E+00
  4.84167632717154460E-01  2.02267312490741700E+01  2.54692953737341230E+01
  5.39922025342825940E-01  1.44732555408427800E+00  3.90309612039674290E+00
  3.77759649416993960E-01  3.75327924964207100E+00  2.29838525349959570E+01
  5.06367095649294540E-01  9.80799384209234580E+00  8.65600148208582710E+00
  3.05466220251299840E-01  1.41940089006397890E+01  1.34184141122843420E+01
  7.55604472483241980E-01  4.18955987877876800E+00  1.79355508392797450E+01
  7.68548325332126940E-01  1.86647989610314260E+00  2.87945110199513580E+01
  3.09209541844886400E-01  6.83464599052051190E-01  7.12223976311709080E+00
  4.71553509741754610E-01  2.61162411270112070E+01  1.93526776690409010E+01
  3.65995101567518470E-01  7.58599220711850290E+00  1.27290633488415940E+01
  6.26517897412854200E-01  2.21266263374055970E+01  6.99903038922715130E+00
  3.55388479881239270E-01  1.59576535313755820E+01  2.72451262317608990E+01
  3.90423892796942250E-01  1.32719666332796710E+01  2.79056614531450010E+01
  4.92172780862642510E-01  4.84167887458165590E+00  1.17875338250069940E+01
  6.66683478841499700E-01  2.71526016027592900E+01  1.62766263268888150E+00
  6.94903868090152520E-01  1.57927083177304690E+01  1.09068668349863330E+01
  7.65642972591057180E-01  2.88084528567755210E+01  7.62156612994736720E+00
  3.52682444144397330E-01  1.93616500710482630E+01  2.11912801404670110E+01
  5.39466591144820300E-01  1.10930431956744560E+01  4.29022392560465530E+00
  4.26043897269923290E-01  2.18198988910297200E+01  2.30016190916183340E+01
  2.53364602799301860E-01  1.38500501900516490E+01  9.63184776985412050E+00
  3.83290088603488770E-01  9.01467111983715160E+00  1.15357447322039570E+01
  5.55920758830291820E-01  1.75893879507700710E+01  9.22610792980755080E+00
  4.13050329149462850E-01  1.61065984800410400E+01  2.62312945423413740E+01
  5.20369884994360540E-01  2.87589505900502510E+01  2.38105368029555930E+01
  6.99477888048091770E-01  1.80600019695802810E+00  5.90576892962011260E-01
  3.59079136884617700E-01  2.20346468356637890E+01  2.95567248468481520E+01
  3.01799748246536660E-01  1.59741872375627160E+00  2.36188319365902540E+01
  5.28731261397185740E-01  9.37025898692566270E+00  7.66039179418198920E+00
  6.80338287111455390E-01  1.06532141736816110E+01  1.29096401334913790E+01
  4.74033319401206570E-01  1.20541268552538680E+01  2.67397598884505960E+01
  3.53302408788900560E-01  2.28523027138205810E+01  8.95309977159262620E+00
  4.03052389307286420E-01  1.60901128145144060E+01  2.17337444336004780E+01
  3.33973424357718240E-01  4.48864801947937050E+00  6.46701636355903100E+00
  4.68162992243922280E-01  1.04261407780349930E+01  1.90382528556887910E+00
  4.72192289519205580E-01  6.94242294950225250E+00  4.88941320964194310E+00
  6.73658304681401180E-01  2.23827267317471450E+01  2.43822347696925060E+01
  4.61178090502161720E-01  3.93751059640243820E+00  2.74092543393778100E+01
  4.18189647978318300E-01  5.28654181704455170E+00  2.25205387332565510E+01
  5.15379284759350490E-01  1.48778571991444850E+01  1.67469338330819910E+00
  5.34553382826858140E-01  3.29511925134778360E+00  2.12602559996800090E+01
  3.70336582810533970E-01  2.88237169354454000E+01  1.29041607443269440E+01
  6.42747544188997020E-01  2.58690540574129950E+01  4.95633333008585990E+00
  4.50600139601478670E-01  1.19893018064246350E+01  4.71038792009800210E+00
  3.55036581058269410E-01  1.81740005691626970E+01  2.07308432767846680E+01
  3.54092873053847420E-01  5.12972448102130500E+00  1.42268168082051880E+01
  5.13614394364816020E-01  2.11237438089973570E+01  1.30371042181489900E+01
  3.65995101567518470E-01  1.81825534506010160E+01  1.56520014837892540E+01
  5.25383403930900440E-01  1.41929675520529090E+00  2.83984228286794330E+00
  3.83598938984435380E-01  3.51311215291047900E+00  2.66526971202777790E+01
  4.86073626967704090E-01  1.94007626469820700E+01  2.59771741879566670E+01
  5.96963967672292380E-01  1.05326641833850050E+01  1.81799735516521150E+01
  4.66553963192992600E-01  2.06939613805232090E+01  1.68361662150056050E+01
  4.15252526658189590E-01  1.63521100923458360E+01  1.91728928859346190E+01
  6.36786611163594070E-01  4.15489844623332690E+00  2.20541256398075620E+01
  6.06760633376156730E-01  5.81763464817253520E+00  1.87554697959483630E-01
  5.25895496843049500E-01  2.49465901738604790E+01  2.46513958268319230E+01
  5.05409982910693060E-01  2.00947449054961280E+01  1.98564564947732690E+01
  5.18912146576496980E-01  2.20098337387734980E+01  1.85885229598350070E+01
  5.81677556670477180E-01  1.73123448787061780E+01  2.31595847616912670E+01
  2.50625569857546320E-01  5.58292063736182960E+00  2.03860998497220260E+01
  6.67521681419926690E-01  4.71373700012179420E+00  2.00929008703560750E+01
  6.52034765531911640E-01  1.95768518932923570E+01  1.68879743936800890E+01
  3.81419328643079860E-01  2.25127499433702170E+01  2.17161346524463500E+01
  3.18942867500738640E-01  2.29285495093065780E+01  1.91332790907582900E+01
  6.63973334543257470E-01  1.53715701488305780E+01  1.96237356966866620E+01
  4.05793634226126800E-01  6.10625816239219520E+00  2.25927147632394600E+01
  2.88617724104866640E-01  4.24157563474402900E+00  1.00592374461888380E+01
  3.17587838135982990E-01  4.11587559992869250E-01  2.58258564322623700E+01
  6.94010688862415210E-01  1.24728802676729580E+01  2.41096547152905390E+01
  3.25036994184950640E-01  1.67550790985772410E+01  2.82302615130355510E+00
  4.41940562555082740E-01  1.92363550490334560E+01  2.38243511111108220E+01
  3.05466220251299840E-01  1.75567814436939960E+01  2.05973013420699180E-01
  7.22984261441823330E-01  6.00216160981807970E+00  1.50372767925903150E+00
  4.60682082706054620E-01  4.84255252050526950E+00  2.56937982150581870E+01
  4.22201084465533680E-01  8.78127305828300390E+00  6.86403938433892780E+00
  6.24824560398126750E-01  2.16807091572278060E+01  2.11512181598308760E+01
  3.63079661055833470E-01  2.19830487648885650E+01  1.28676511802432730E+01
  3.25516939164680520E-01  6.88627850599869080E+00  5.68514419724696300E+00
  4.87886881528419990E-01  6.70567879724518080E+00  1.14449278344573030E+01
  4.34172467284937990E-01  1.84691177642867150E+01  2.14622779301788640E+01
  7.04082361725448710E-01  2.90305741413194940E+01  3.91995153582958760E+00
  4.40295189098215370E-01  1.39506173445038220E+01  2.74267454703173210E+01
  4.54567147313974470E-01  5.33537328206479610E+00  1.75475210882913440E+01
  4.89717368181109780E-01  2.43723996905182540E+01  1.99953829609782080E+01
  4.82771447840326400E-01  1.67123648883487410E+01  3.62913796975997990E+00
  3.54092873053847420E-01  7.09342931207558000E+00  1.21923095397033060E+01
  7.67457697882333090E-01  7.48857596143888490E+00  1.60527063477101480E+00
  4.43129600128677660E-01  2.19341456781395790E+01  1.72053668525445500E+00
  5.61514797181737530E-01  2.17444853274474640E+01  2.69076033204709400E+01
  5.82207618145930890E-01  5.77609584114250300E+00  2.52291564226236500E+01
  5.94092381958372510E-01  2.66846083605084270E+01  2.70670341528799590E+01
  5.64318884198494160E-01  7.56773782638218330E+00  2.27259236615697840E+01
  6.16837537735261420E-01  2.30390691789726180E+01  1.69501345683734470E+00
  4.20581746236023420E-01  5.93933556323190710E+00  9.23475450650093420E+00
  3.16022212934137680E-01  1.36179180303300690E+01  2.94845638457561560E+01
  4.59502380082057990E-01  2.63229148449249060E+01  4.82497787849020290E-01
  7.48336469443998900E-01  5.34960866458324970E+00  2.13567276427367640E+01
  6.90159994875631000E-01  4.51669975669825160E+00  1.50862932631354490E+01
  4.68364091588631840E-01  7.28548606902927180E+00  2.79777888945846660E+01
  4.05593309893122810E-01  6.18804658010951410E+00  2.01349370191076740E+01
  5.55687039951364880E-01  5.33361690092930110E+00  3.96677325450675900E+00
  2.83840017940612550E-01  7.42106997682087590E-01  2.07728123188155610E+01
  5.98280766214214580E-01  1.69679257105193740E+01  4.93367607556948950E+00
  5.84913004272127690E-01  7.35241555294593760E-01  1.35217748760993250E+01
  2.83840017940612550E-01  3.82881167876827570E+00  2.60067676183704000E+01
  2.83517655556827110E-01  2.36211169344893360E+01  1.30891111288807420E+01
  5.27599340399055180E-01  1.47761355558428560E+01  5.13164379380247130E+00
  6.24824560398126750E-01  1.39690588838380220E+01  7.96533908196477560E+00
  4.84167632717154460E-01  2.49157067224132120E+01  1.36870683964100850E+01
  5.66562802601083430E-01  1.20226589595482170E+01  1.10523863442713250E+01
  5.81213412342838430E-01  9.43223031463031520E+00  4.42652592793622280E+00
  5.13285974501586400E-01  1.32404178872746830E+01  2.11866965669713710E+01
  5.29625185962053640E-01  6.23002785227763130E+00  3.35560872810278890E+00
  3.30104909316010620E-01  1.55627176824190010E+01  1.57103248945922760E+01
  5.48174971142568520E-01  1.12132880551240750E+01  1.18172833044780690E+01
  4.72192289519205580E-01  2.28973007727177170E+00  2.13070535158729440E+01
  4.53126113496558960E-01  6.96496381332328160E+00  2.70588523158889150E+00
  5.25993347610763350E-01  6.91935268697976370E+00  4.44973996527971850E-01
  4.75338540515479570E-01  2.82529831404310340E+01  6.49681278574474860E+00
  4.30858982518450690E-01  2.04130212112615720E+01  7.86570770955204070E+00
  7.09741570678139940E-01  2.68581791548047600E+00  2.01767990750513100E+01
  5.05409982910693060E-01  2.66158619247249000E+01  2.92559054545829400E+01
  5.20369884994360540E-01  2.96105339267456880E+01  9.45313466528725680E+00
  2.73281005279713530E-01  2.93201515781117300E+01  2.98624427714502050E+00
  3.09574052588245370E-01  3.31863389980304560E-01  6.09740312924870410E+00
  3.18095930761502070E-01  1.01104671742583550E+01  9.71849161868381370E+00
  4.46537248270915300E-01  2.12645266898657610E+01  7.65727010477760040E+00
  6.38830345620663920E-01  1.32310280268661150E+01  8.98969508576407610E+00
  6.68397269451762100E-01  1.02419351335284750E+01  2.05579350361479990E+01
  5.32488384254616510E-01  7.55947242481726890E+00  1.36292718222374330E+01
  3.17579752081870750E-01  8.01773444677159650E+00  1.80683767713902480E+01
  5.16710955738981780E-01  1.68024913754385280E+01  1.98323346629648220E+00
  4.49545157175862540E-01  1.37922994078078500E+01  2.03992096496054530E+01
  3.20574425314766210E-01  2.63601198095460450E+01  8.06608051819868520E+00
  4.12246671516209600E-01  4.57299063586806030E+00  1.63937831447658840E+01
  4.94550785807675550E-01  1.22139507722926520E+01  2.96238774200961640E+01
  3.59079136884617700E-01  1.16128404014827690E+01  1.33089335484514240E+01
  6.10572080928614460E-01  2.44421948341862430E+01  2.17899118328598330E+01
  4.75338540515479570E-01  2.20394594833637920E+01  8.79698407483624760E+00
  5.09574347305064630E-01  4.40028657402409000E+00  2.65564858258833780E+01
  4.18189647978318300E-01  3.71006745569963850E-01  1.54869743982834010E+01
  3.76753951196820710E-01  1.12827510676573620E+00  1.14764504491825840E+01
  3.84533934306195220E-01  1.68197915515484450E+01  6.59237695124223850E+00
  6.60767019732147710E-01  2.10270950014130560E+01  2.22578467664186270E+01
  5.64318884198494160E-01  1.62819728181483330E+01  1.63166746019800750E+01
  4.69750256464274060E-01  2.04252915638781370E+01  2.73801215603270230E+01
  6.88340418185590860E-01  1.36405650475548640E+01  1.79160283166315040E+01
  5.93150731645016190E-01  1.76372966788430180E+01  3.07490574579156920E+00
  7.17499092254363010E-01  9.29023788416963650E+00  1.26005552601192290E+01
  3.79322922295397280E-01  1.27499220331829320E+01  5.04189930882063390E+00
  3.20574425314766210E-01  1.42830094802414960E+01  9.56819950649084210E-01
  7.17953871372127320E-01  1.37135004273228930E+01  2.23232617806941210E+01
  3.42409596243210680E-01  1.63244273364885760E+01  1.47509326168266010E+01
  4.43129600128677660E-01  7.86498338061189630E+00  1.46469756473491730E+01
  3.78068289465320630E-01  1.59159499654093890E+01  1.32326242035161490E+01
  4.75338540515479570E-01  2.64212134721627090E+01  2.39868383966257960E+01
  7.38532964590205680E-01  6.52839793792688640E+00  1.02317998300007710E+01
  5.07606992315717240E-01  3.18575261767486100E+00  7.30878104759813580E+00
  2.86134314477376340E-01  1.22101963529000410E+01  2.90908042828460690E+00
  5.07437626189109900E-01  9.53009402495058390E+00  1.08098773547564860E+01
  6.15073771326759470E-01  1.75644658169317860E+01  2.19909203763651430E+01
  3.30104909316010620E-01  4.27933503792769090E+00  2.10495617370900130E+01
  6.66683478841499700E-01  2.73472746220138990E+01  1.61997754446177250E+01
  7.49545055295440930E-01  2.71552749291528740E+01  2.21759423927552750E+01
  2.54824432159977790E-01  2.32983066003314820E+01  8.54144905402785600E+00
  5.72142532162989690E-01  6.74594068348131600E+00  7.76403605127067390E+00
  2.77147605524350650E-01  9.26022382411585450E-01  4.53027817757860160E+00
  4.68364091588631840E-01  4.54262923062769630E+00  2.48164124751628490E+01
  4.82771447840326400E-01  8.66801464202946730E+00  2.12518277830268330E+01
  2.50971712925384870E-01  2.62821469148609810E+01  1.45617812148072950E+01
  5.38024295323284910E-01  1.22788830728192020E+01  2.28932105428686830E+01
  4.13050329149462850E-01  2.03770294929835360E+00  9.48668633184064090E+00
  4.86590143357422540E-01  2.36082290126832250E+01  3.76891527912923510E+00
  3.16148313226467530E-01  2.74480168890226220E+01  1.24814536645942000E+01
  3.81419328643079860E-01  2.16280037845150640E+00  5.98494832355835890E+00
  6.52911031193170470E-01  1.83717730868015070E+01  1.73871712863744890E+01
  4.49150663742554990E-01  2.46806856805815760E+01  2.82465171603070290E+01
  4.73113776075054650E-01  2.31349784124665890E+00  2.55034518118538360E+01
  3.65995101567518470E-01  2.19067791428266890E+01  1.61314638423918560E+01
  3.46028387031474870E-01  3.76566187632510950E+00  1.97385980194736060E+01
  4.23675716525973380E-01  5.27418769942622400E+00  1.84226652903557420E+01
  2.47261092463374420E-01  2.16738286974156850E+00  2.65067063226656960E+00
  2.63339374245984010E-01  1.17262258851335900E+00  2.95579150704677750E+01
  2.59062449636064510E-01  2.83326150928241990E+01  4.58321848752379960E+00
  5.77180454669814490E-01  2.07933079568278600E+00  1.14062775577181540E+01
  4.06599624824484800E-01  2.07992434929222510E+01  2.89047812361203040E+01
  4.65278877330243820E-01  3.15648503506522540E+00  2.45362550072792800E+01
  3.07263188066738420E-01  1.09287796137186000E+01  2.12482406908589820E+01
  3.88697647565240350E-01  6.08549076820836810E+00  4.81504890489003930E+00
  6.62122603690132470E-01  1.51043027679416180E+01  7.36071112743127820E+00
  3.79322922295397280E-01  1.13464563964241480E+01  2.72145931551050890E+01
  3.53063097104977870E-01  5.73690960181465930E-01  2.51766307357552140E+01
  6.88885956497308970E-01  1.42475263617137480E+00  2.20813125909810990E+01
  5.33066537704075310E-01  1.66844978501326510E+01  2.40805594680867580E+01
  3.42074681651230290E-01  1.10818128637530510E+01  1.89415449708521000E+01
  4.24351701398837560E-01  2.47086902946277930E+01  1.70179504128361680E+01
  2.92456502136063850E-01  2.24064470376181180E+01  2.34164471576335770E+01
  5.90639534364661320E-01  1.31705105229756950E+01  1.11881037680206530E+01
  4.09705559579089850E-01  1.92415122246520980E+01  2.52805705173571040E+00
  3.59079136884617700E-01  1.50654535947228660E+01  3.48905636794340030E+00
  5.27599340399055180E-01  2.72645697241010510E+01  6.31000285768713990E+00
  5.38382256471750510E-01  2.57021423238605490E+01  1.75677705846423540E+01
  5.96963967672292380E-01  3.83089324164006730E+00  2.66867158161354910E+00
  2.96503602823160150E-01  2.87224806245216300E+01  1.88188962999169260E+01
  3.64593218166308700E-01  2.92759381128276030E+01  2.34872713579987070E+00
  4.18947112612636110E-01  2.18303238206435160E+00  6.78433535447010970E+00
  5.40946473112310590E-01  8.10910843948289180E+00  2.61464758837050870E+01
  3.35017483125717060E-01  1.56502408540266100E+00  1.89578503538897360E+01
  4.75626642073745920E-01  2.51621637288304040E+01  5.82136063414091430E+00
  3.04461637453634990E-01  1.81322866017028200E+00  2.77154551746370710E+01
  4.36315933331792570E-01  3.11225148319173070E+00  2.59379065936515860E+01
  6.77666041374141330E-01  1.38574073430104040E+01  1.24950471978867040E+01
  5.67035311113654220E-01  6.64422280251104170E+00  1.92776960239251660E+01
  3.38650161839631010E-01  8.98349459262666630E+00  5.93511461717381740E+00
  6.94010183176834960E-01  1.44510256454846730E+01  1.12588881677997500E+01
  7.10410487391814980E-01  1.06069154941589900E+01  7.73839151686852130E+00
  4.54567147313974470E-01  2.03378714379049120E+01  1.51111254459219030E+01
  2.52169786807371790E-01  1.59818981805685320E+01  3.55832827555467500E+00
  3.01799748246536660E-01  2.96572371010994580E+01  5.60985639660661480E+00
  4.27719079604653450E-01  1.46927611712945940E+01  4.18124694086257430E+00
  3.87762191716535260E-01  1.67922090681517280E+01  1.71794753656302530E+01
  5.72951670348821020E-01  4.58712870809436350E-01  2.89516518465176350E+01
  5.09222041678605210E-01  1.19211060783607560E+01  3.64943707418696930E+00
  5.25993347610763350E-01  9.43389306962474810E+00  2.03111745147119200E+00
  3.12648490279368120E-01  2.63139153118791850E+01  9.37503428836560640E+00
  3.32399546609116130E-01  2.61552119516285090E+01  8.75003470697521020E+00
  4.43807889241729470E-01  6.80437433324564720E+00  1.29360115863916580E+01
  3.44170209092795430E-01  1.30344650685866700E+01  9.98044716961281610E-02
  2.54824432159977790E-01  1.04486250637858880E+00  2.12180953202668230E+01
  4.21963532045373490E-01  1.98850631457134740E+01  1.58603368835010610E+01
  4.11696508529454960E-01  2.03788600046795310E+01  2.31106712217795760E+01
  4.11346310528290360E-01  2.62958042785558240E+01  1.68270582556617430E+01
  6.16837537735261420E-01  2.43019201049878500E+01  1.46001815856543190E+01
  4.83570943621045310E-01  7.81106045341664150E+00  1.58600000082838120E+01
  4.32382463464541460E-01  2.81564412809898600E+01  1.07832646387178070E+00
  5.92513140571182980E-01  5.05799859955853130E+00  8.73908925527009120E+00
  3.55036581058269410E-01  5.83664958373551550E+00  7.58558125346414690E+00
  4.74581552528920360E-01  8.53908069233368930E+00  2.30915868122783330E+01
  3.44905765886116280E-01  7.62303395797422210E+00  3.15606410928525220E+00
  5.96963967672292380E-01  2.71626507397433280E+00  2.72228654082928370E+01
  2.68569610726517900E-01  2.75794611956699010E+00  9.34730896888894950E+00
  5.80290806494985740E-01  8.13511876862898480E+00  2.03324922364303300E+01
  6.25336422111717830E-01  2.65615581744571830E+01  1.83511669154530960E+01
  6.17452885167652710E-01  6.93215010477410410E+00  8.93795909939028200E+00
  3.29506256422424390E-01  2.24323610537292420E+01  1.46619910032020080E+01
  2.58355477869490890E-01  1.37645461903356170E+01  2.32981911881175530E+01
  4.69641390777102340E-01  2.34805413573295250E+01  1.38897479197020710E+01
  3.49095179616795370E-01  2.01527030618787930E+01  2.92956192847007340E+01
  3.27988333844876360E-01  2.90446261810204260E+01  1.70764450500672140E+01
  3.86383264228710210E-01  2.55182534975550580E+01  3.98901425136159950E+00
  4.75543307221801650E-01  3.31038888432459370E+00  4.49347424665510080E+00
  5.07815655211632320E-01  2.57900358296096630E+00  1.24761236319065440E+01
  6.08088426536500660E-01  1.98842503517955470E+01  6.97294506562032800E+00
  3.93024383017402490E-01  1.67246442746291710E+01  2.57143158238697220E+01
  7.48336469443998900E-01  2.03688829035690520E+01  5.58469070433678550E+00
  3.13454063710418570E-01  1.51476087691254570E+01  2.47265799403586680E+01
  4.43133439323318520E-01  2.70771910282142620E+01  2.09659192058539570E+01
  3.62493203924014780E-01  2.28841081597696850E+01  6.36356525299323920E+00
  5.72881440675418570E-01  1.29843921561953550E+00  2.57526824959716980E+01
  3.71299762957800540E-01  2.91375145262786750E+01  2.78101509194394230E+01
  5.13143010843963320E-01  1.55776845509230770E+00  2.06476732787778980E+01
  3.87533216804236250E-01  2.13573917052993390E+01  8.34617934542699300E-01
  3.90540239164096370E-01  6.38151266839054280E+00  2.59902848022424530E+01
  4.11696508529454960E-01  2.01377051470581490E+01  2.64879128036035210E+01
  4.19670751191123690E-01  2.94300018618713500E+01  1.34088921762670190E+01
  5.39922025342825940E-01  1.29284832775007810E+01  2.88767488811499580E+01
  3.73125396709624990E-01  7.58674137248887260E+00  5.43563036818590550E+00
  5.72628172168292430E-01  1.70526317741255300E+01  9.23992827249258040E-01
  5.63660960642019760E-01  9.39103421098692340E+00  2.24996673403912160E+01
  7.54397230300637300E-01  2.16054858097560540E+01  1.09464156715552810E+01
  4.07877171249442140E-01  1.48998255307673620E+01  8.41079874636199600E+00
  4.61178090502161720E-01  8.42415225652060510E+00  2.21631508402062560E+01
  3.50974061745161330E-01  6.66814092620512790E-01  9.89742874522290710E+00
  4.22541054278063120E-01  1.60735611950149670E+00  1.97138309036231260E+01
  3.25036994184950640E-01  3.66186621045770270E-01  2.45314034071244010E+01
  4.96042965314236020E-01  2.82652619900563130E+01  1.13419144643478390E+01
  3.04461637453634990E-01  1.12185380835861590E+01  1.75958786978098090E+01
  4.21290506291976640E-01  1.85738627607805110E+01  1.63343910740909270E+01
  4.26578460793149810E-01  2.34549758549962490E+01  4.82548468341939780E+00
  3.91816801400439550E-01  7.10391157069764030E+00  1.53453717785870010E+01
  5.32262962461145860E-01  9.21897922236162510E-01  1.71270680129152100E+01
  6.07718241283317260E-01  1.48322885089565970E+00  7.56998826136383050E+00
  5.13425754976809310E-01  2.63939652060056670E+01  2.02970677524281910E+01
  5.46829204411607870E-01  2.93067110004338320E+01  1.13497757822038570E+01
  2.99038091422116640E-01  2.07333034775102480E+01  2.60645735798529540E+01
  3.65374026971610010E-01  1.94468886370032550E+01  2.91860499462245070E+01
  3.46733456860136300E-01  2.80438061558489480E+01  8.42936584927100620E+00
  5.01833768532536340E-01  2.70528858260990540E+01  1.73367712067105550E+01
  2.88617724104866640E-01  4.76873505387371570E+00  1.70667036305455080E+01
  3.13454063710418570E-01  2.12453389488591460E+01  1.62849255318996630E+01
  4.43756654693070110E-01  1.59636405269081260E+01  1.40528560137718910E+01
  5.20369884994360540E-01  3.79802675430355000E-01  2.73279481565803820E+00
  7.41720708060832300E-01  2.35448249338178290E+01  3.73140763508991170E-01
  2.99038091422116640E-01  2.87850326563344720E+01  4.90947797794157110E+00
  3.93024383017402490E-01  2.56635625100404500E-01  4.51928909114381840E+00
  2.53364602799301860E-01  1.65272662657642860E+01  1.33874551474737840E+01
  5.48463672908306780E-01  2.10310157196692630E+01  8.62439622030187540E+00
  5.63660960642019760E-01  1.00149909275487320E+01  1.71433285179240510E+01
  4.99487474973056500E-01  1.73840479425581160E+00  2.67295752060138940E+01
  5.32488384254616510E-01  5.58891238345486840E+00  1.10871329020698810E+01
  3.62493203924014780E-01  2.37685820076014630E+01  8.94035260334694470E+00
  3.90540239164096370E-01  2.83768632525956410E+01  2.78399833441949730E+01
  6.25248164210708260E-01  1.21418732226877030E+01  9.63015663033185550E+00
  3.93024383017402490E-01  1.02484886418844640E+01  3.89513967704827470E+00
  2.83517655556827110E-01  2.74414417653274750E+01  1.30817371484489250E+01
  5.16562546778196820E-01  2.37206715183566460E+01  1.88682549217278680E+01
  5.96777348356598920E-01  1.32175628786106110E+01  1.67035240582031220E+01
  3.35017483125717060E-01  7.49369118134325960E-02  2.81290136387815860E+01
  5.69344335137112000E-01  4.05231448595850190E+00  2.94439912819699640E+01
  5.55509338843663690E-01  1.41630992096377570E+01  1.94651393284895420E+01
  4.09775903561979240E-01  2.02891070849028910E+01  1.89623523179688720E+01
  3.20574425314766210E-01  2.87951296259835950E+01  9.65799892576976760E+00
  5.39466591144820300E-01  3.62236965748982650E+00  6.35810913527157240E+00
  5.18725390566230620E-01  2.80559028115552350E+01  1.71495512874441010E+01
  3.62493203924014780E-01  1.75154838727344500E+01  2.10157445892167520E+01
  4.23675716525973380E-01  1.16792479696218480E+01  2.88787963749064250E+01
  4.13050329149462850E-01  2.92412580501952350E+01  1.56006400177729350E+01
  3.01731430220296380E-01  1.95231786286451480E+01  9.64215024816892100E+00
  3.48156346672602490E-01  1.73317104817598990E-01  1.27772594282932830E+01
  6.83531487369900860E-01  1.08463867220418420E+01  2.81508278163648880E+01
  3.27197753470684690E-01  7.69815266467637920E+00  2.42624253560587700E+01
  3.50974061745161330E-01  1.85707604858264650E+01  1.28642263739021670E+01
  5.77649046292645880E-01  1.12619061554594780E+01  1.98433455547606850E+01
  5.13614394364816020E-01  2.27937588020153400E+01  2.26537282925990550E+01
  7.17953871372127320E-01  3.29941762290169830E+00  2.84001840619854420E+01
  3.01731430220296380E-01  2.19113669592706830E+01  8.03118153916913260E+00
  6.14584822297879540E-01  1.09513347559912970E+01  2.63033488789987370E+01
  4.69641390777102340E-01  1.56819371380751190E+01  2.40856610124168180E+01
  4.49154676673646060E-01  2.87254352382446210E+01  1.75034851162559400E+00
  4.82268891960512480E-01  2.77522362871984640E+01  2.71948827215694640E+01
  6.26908127420837150E-01  2.06728869125977570E+01  1.40833956644144540E+01
  2.50971712925384870E-01  5.35206318938045200E+00  7.94883370073326120E+00
  2.62213147743524950E-01  2.31111352820805220E+01  2.80409213860005340E+01
  6.45167794061425240E-01  2.36626327241615040E+01  1.56870693482559350E+01
  5.94931591270377070E-01  2.17728647088115950E+00  1.82580880878545240E+01
  7.68548325332126940E-01  8.77582363342530240E+00  1.66569142832888130E+01
  4.36195486319121350E-01  2.63845540098242070E+01  2.30761296324406760E+01
  5.33066537704075310E-01  2.87468464051032310E+01  2.69947966941160760E+01
  5.62178328188990490E-01  2.19127580417735250E+01  2.80175677859003290E+01
  2.97561439636419770E-01  4.44355771318350530E-01  1.12003508171299640E+01
  4.82771447840326400E-01  4.17182974596178990E+00  7.21946213014868390E+00
