1
  1002  2.96924426640336700E+01  2.96924426640336700E+01  1.00000000000000000E+00
        0.00000000000000000E+00  0.00000000000000000E+00  0.00000000000000000E+00
  5.39466591144820300E-01  1.46513046757262550E+01  2.24902325998566080E+01
  5.18725390566230620E-01  1.41179841365038770E+01  2.50900812269281590E+01
  3.62493203924014780E-01  2.38993109579771430E+01  2.09847915088929470E+01
  4.23675716525973380E-01  3.23829676346265450E+00  2.74264095311694690E+01
  4.13050329149462850E-01  1.34852599165459250E+01  2.44065902858107650E+01
  3.01731430220296380E-01  2.49534895764577380E+01  8.63398240939705990E+00
  3.48156346672602490E-01  1.79965764644429630E+01  3.60730437375038270E+00
  6.83531487369900860E-01  1.55248025010163850E+01  8.54284908836766550E+00
  3.27197753470684690E-01  1.16252783441357930E+01  2.53112739146959100E+01
  3.50974061745161330E-01  1.20192643371466870E+00  1.40405791313626910E+01
  5.77649046292645880E-01  2.00513480641304260E+01  1.06981928573661840E+01
  5.13614394364816020E-01  1.03962725039182600E+01  2.03429157413029100E+01
  7.17953871372127320E-01  1.72217552578168950E+00  4.16060403446585700E+00
  3.01731430220296380E-01  7.32702080444744560E+00  1.99628576160773880E+00
  6.14584822297879540E-01  2.44150011628392000E+01  6.93372950235538270E+00
  4.69641390777102340E-01  2.59444170731340620E+01  6.07501670339414360E+00
  4.49154676673646060E-01  1.26493102289138900E-01  2.34966610462825760E+01
  4.82268891960512480E-01  2.93642836537317750E+01  2.91538727975038440E+01
  6.26908127420837150E-01  1.42218303208753390E+01  8.42027571669559900E+00
  2.50971712925384870E-01  5.80874595122065070E+00  1.50284707400514750E+01
  2.62213147743524950E-01  3.05272778953715560E+00  5.40107288058663930E+00
  6.45167794061425240E-01  2.61759256804948170E+01  1.46490686098229100E+01
  5.94931591270377070E-01  1.95281094117437240E+01  2.76756402926226710E+01
  7.68548325332126940E-01  2.34011975500546800E+00  2.76240860294959360E+00
  4.36195486319121350E-01  3.91790280475597270E+00  3.90371146501557930E+00
  5.33066537704075310E-01  9.17223730456259290E+00  2.54383618919857140E+01
  5.62178328188990490E-01  9.06215500216000080E-01  2.41373581106954550E+01
  2.97561439636419770E-01  2.67103488406242210E+01  6.04008634286946310E+00
  4.82771447840326400E-01  7.01934704669480870E+00  1.34782637726093650E+01
  6.61562106526255890E-01  2.20655942517192760E+01  1.72657186053734190E+01
  5.04339573614743570E-01  1.90052418774286100E+01  7.71217356984454480E-01
  3.45648959319623030E-01  7.35508955504798760E+00  2.60864884253317650E+01
  6.95947079841625180E-01  5.83871240328530930E+00  1.85499111109896230E+01
  4.75626642073745920E-01  2.61293595670522280E+00  1.52033439513866140E+01
  2.57534358191145160E-01  1.14371386921857920E+01  1.70011561479921730E+01
  6.30423428531534040E-01  2.54250087692777560E+01  1.90455900942779690E+01
  3.25516939164680520E-01  2.91617074807158580E+01  1.51845066022870000E+01
  3.14110289759674140E-01  3.45683287871245470E+00  1.05872438541793570E+01
  3.99477862283745790E-01  1.67921919428466740E+01  2.59942681020577740E+01
  6.47236078597052340E-01  2.69701105715312010E+01  1.36304078790444140E+01
  5.28731261397185740E-01  4.14740456608547350E+00  1.18733941178158420E+01
  4.43807889241729470E-01  4.33458289393314900E+00  2.33738230387227760E+01
  4.82268891960512480E-01  1.86795791319980220E+01  2.18906454879952360E+01
  4.30858982518450690E-01  1.38250118954571220E+01  9.42729211822386760E+00
  4.18947112612636110E-01  1.67437964495566160E+01  2.05712170104109370E+01
  3.50662231740508900E-01  2.52366431515942690E+01  1.43220274475046950E+01
  2.85767805251094040E-01  1.66583022054394900E+01  1.33060972490128190E+01
  3.45648959319623030E-01  2.40467236939993930E+01  1.08824495113654670E+01
  3.45648959319623030E-01  2.29337975326790370E+01  2.83107959828843470E+01
  6.42005949159872720E-01  1.03218174177672280E+01  1.02691287820548640E+00
  2.74003615458356760E-01  1.72580284466359650E+01  9.79938134939639300E+00
  3.87653287431749970E-01  2.51094162030431890E+01  1.61802882866010440E+01
  4.18948713530687210E-01  2.80353756889442030E+01  2.36601261350753860E+00
  4.53451232343747090E-01  1.98141032149921980E+01  2.39532089919993750E-01
  4.21603844523193420E-01  1.59387378530194040E+01  1.34112315440885230E+01
  2.62213147743524950E-01  1.51156118488343370E+01  1.63512201170502860E+01
  6.94903868090152520E-01  1.40492089927006670E+01  1.60187905835168540E+01
  6.31563936872940970E-01  2.01556301712481560E+01  9.05850132841586490E+00
  7.01778375544082420E-01  4.17479055355314090E+00  2.11384532527174220E+01
  3.46434506905438330E-01  1.58584942822927180E+01  1.77611334166664780E+01
  3.50662231740508900E-01  1.12538301314677330E+01  6.26134878439002400E+00
  3.01799748246536660E-01  7.43985979722618660E+00  1.69678703011517520E+01
  4.41298336829792340E-01  1.67291460854680030E+00  8.26747337289682700E+00
  3.39481361119070080E-01  1.52107437636693690E+01  1.79849325793586350E+01
  3.83181557852844270E-01  3.33928451909227380E+00  1.47451201046383830E+01
  6.75156127532392600E-01  1.37418421702871320E+01  6.15455776891506370E+00
  2.73281005279713530E-01  7.30247671582749190E-01  2.94428876969298760E+01
  6.65634982039605120E-01  1.62492817547141580E+01  1.23699839825983860E+01
  2.54824432159977790E-01  6.62734463476450660E-01  1.26224363274955240E+01
  2.84029264846615530E-01  3.32727984963781600E+00  1.92669841880224230E+00
  4.62836237406567810E-01  1.72415656108922630E+01  2.73726547739568180E+01
  3.33973424357718240E-01  1.00432883194833310E+01  2.35334363617932780E+01
  4.91872428060923640E-01  1.52789352318896830E+01  1.71569398330139720E+01
  5.52490392167627680E-01  4.62334754882597030E+00  1.60361150407877420E+01
  5.39466591144820300E-01  2.60819747456490280E+01  2.46843656838039780E+01
  5.65219172841477580E-01  2.93483010951201210E+01  2.05496241831746470E+01
  3.53776024442120150E-01  6.87567142194021840E+00  1.87072939027316780E+01
  5.54611473665029210E-01  1.89264021105270040E+01  1.08243592760124570E+01
  4.81368497469048420E-01  2.93952031796553110E+01  2.74679756605161960E+01
  2.84672167568555990E-01  2.76790663510734490E+00  1.67358537830726450E+01
  3.06898385793053400E-01  1.74860455921573640E+00  2.81975845394653570E+01
  4.49954956992444630E-01  1.21979339593547000E+01  2.02130085790744620E+01
  5.88686278844574580E-01  9.80928744146277330E-01  2.66397105646109400E+01
  4.36315933331792570E-01  2.96613518967806550E+01  1.84626670511464470E+01
  5.46155746035104350E-01  2.19875056075514340E+01  1.28429816232745840E+01
  4.11346310528290360E-01  1.11675465820635850E+01  1.36300885571967500E+01
  7.44650008855257360E-01  2.31359357456431810E+01  1.34294274988216330E+01
  4.68162992243922280E-01  2.13746380917329230E+01  2.29501293718911190E+01
  7.11073931023246340E-01  2.46748228257224900E+01  2.65420264664093180E+01
  3.02034441597155470E-01  6.32953898844674880E+00  2.75289573952390110E+01
  5.12509616084684260E-01  9.93450381892840180E+00  1.59379878199293330E+01
  3.40422717275118370E-01  2.19994985923087540E+01  1.51283378987822520E+01
  6.65634982039605120E-01  2.13186389848826110E+01  2.52354740290891670E+00
  3.75295693565172690E-01  1.64484677103721420E+01  4.65328696753934780E+00
  4.75626642073745920E-01  2.32653516385405900E+01  1.11332538129195060E+01
  4.72038094207023740E-01  1.19544107472305360E+01  6.69161511172153570E+00
  4.29902962432020440E-01  6.61115349762703270E+00  1.53391294660989740E+01
  5.68910711623079470E-01  1.20899152263106870E+01  9.29117345274056380E+00
  3.07263188066738420E-01  2.30084884955303510E+01  2.24285867235860010E+01
  6.10911033360540580E-01  6.39776114946386710E+00  2.17807436577778400E+01
  3.43353541919950760E-01  2.29885061796770960E+01  1.66861099582856870E+01
  3.15231116497538320E-01  2.18821736280782280E-01  4.12362949017460690E-02
  3.78068289465320630E-01  2.79952602002676300E+01  1.45865452785688830E+01
  2.54824432159977790E-01  3.01196313708784170E+00  5.91528821916248670E+00
  5.44558358435121190E-01  1.45513472086431750E+01  2.78471545602177600E+01
  3.56000803327192820E-01  1.26907943606656680E+01  1.31051457513145350E+00
  3.13454063710418570E-01  8.82157950126020470E-01  2.32780791982517780E+00
  6.12591031919131530E-01  1.14880315445225540E+01  2.43778027192878280E+01
  6.47236078597052340E-01  2.11269384666957730E+01  1.91518660264731690E+01
  2.65726189967390210E-01  4.28759355869695910E-01  2.72932842513478170E+01
  2.96653470797716330E-01  1.30718084560153400E+01  1.15029793670327790E+01
  3.45648959319623030E-01  2.13399559961388710E+00  2.19818168018790130E+01
  3.13454063710418570E-01  2.43204415452424630E+01  1.61489339853734000E+01
  3.39073066583844400E-01  4.66911547240905730E+00  2.40810761986627600E+01
  2.96256570285591500E-01  4.44379177519406720E+00  4.53769947421335120E+00
  4.19081387041561550E-01  1.97914605365448680E+01  8.07337227137695200E+00
  7.08391389715138510E-01  1.14622622178838490E+01  1.04029606075671130E+01
  7.16035261746952050E-01  2.81233850973728710E+01  2.09200321150676200E+01
  4.43133439323318520E-01  1.75400810568518250E+01  2.56067816381750500E+01
  2.73281005279713530E-01  4.11261149855454900E-01  2.90004491277915330E+01
  3.35017483125717060E-01  4.71387732563830400E+00  1.04673328522539070E+01
  5.09222041678605210E-01  2.96673405216573190E+01  1.62103529098549240E+00
  4.27719079604653450E-01  9.81134579110352690E+00  1.13988186423208850E+01
  5.81299825206354370E-01  1.76104479634249600E+01  2.28908845398967960E+01
  5.46155746035104350E-01  4.06946833206053160E+00  2.47318608626970860E+01
  3.05466220251299840E-01  6.82260507124354110E+00  2.25916193961627240E+01
  3.11838068626578210E-01  2.84369765932122010E+01  1.73821508816844560E+01
  6.27423008989955560E-01  2.11924151876290240E+01  5.10485742842748190E+00
  7.12424816007452400E-01  2.15310507514304600E+01  2.50283394542258040E+01
  4.41140732643827070E-01  1.31105434795499730E+01  1.36164339841210150E+01
  3.80273533482480450E-01  8.05555674729680500E+00  1.73483280852753090E+01
  3.29796701345061780E-01  2.83008714727508350E+01  4.69754360162381350E+00
  4.15252526658189590E-01  7.55105187407243860E+00  1.27562857221569850E+01
  2.59062449636064510E-01  1.55093758382721220E+01  2.35072795747519440E+01
  6.18419083689772810E-01  9.46408289856788800E+00  1.97021162528764790E+01
  5.04213456464067280E-01  8.15131764071242420E+00  2.81695390652073240E+01
  3.48156346672602490E-01  9.00656654414042810E-01  6.93433421563513000E+00
  2.89042915761794110E-01  2.92602792305501930E+01  1.90668991787456900E+01
  3.05466220251299840E-01  4.11129974427432730E+00  5.89836231733630620E+00
  6.49919166153384610E-01  1.83116697398000130E+01  8.05528352257709020E+00
  6.14379095469630790E-01  2.50091327211137330E+01  1.12555659062704990E+01
  7.00411917450214720E-01  2.64712336322639350E+01  7.11788287620511450E+00
  5.69344335137112000E-01  1.41711902105847630E+01  1.38686931933928540E+01
  2.57564851167384970E-01  1.65530741457647750E+01  6.55569601036631870E-03
  4.13050329149462850E-01  2.26671345013240180E+01  4.91985648061609200E+00
  6.18419083689772810E-01  1.09576029363943910E+01  2.32674920205743160E+01
  4.26523982883737140E-01  1.47269722520098370E+01  1.90469266054217630E+01
  3.78209123272245940E-01  1.56044889542255680E+01  2.09776940799954410E+01
  2.63055759251188670E-01  2.85198716018049080E+01  2.29365370211043750E+01
  5.00274833943758600E-01  2.91497010150219570E+01  4.02676792027155630E+00
  6.01687927537542500E-01  7.79129247556114720E+00  1.17696483054827570E+01
  4.86073626967704090E-01  9.50727932504976180E+00  1.68666478793333710E+01
  7.62474117278193650E-01  6.83643357904796640E+00  6.42239416049287200E+00
  4.87886881528419990E-01  2.88678803082136710E+01  7.60822990650724500E+00
  2.99038091422116640E-01  1.85530380047872040E+01  1.25040739182746210E+01
  3.50974061745161330E-01  6.53854593893119770E+00  2.59847872275979450E+01
  6.10572080928614460E-01  2.86868943616679740E+01  2.82973080166649530E+01
  3.01731430220296380E-01  1.33456044219621810E+01  1.79976136286608050E+01
  2.59062449636064510E-01  1.28428128517840590E+01  2.41364230892329420E+01
  6.99477888048091770E-01  1.68591019893814900E+01  1.74601579794820300E+01
  4.41666133880560000E-01  1.30148625587108860E+01  7.01338121948403610E+00
  6.86210935380316480E-01  7.95083386718960660E-01  2.53787936395670000E+01
  5.27425300578987690E-01  1.47248825053231410E+01  2.07679590744389380E+01
  7.54505484792745040E-01  1.17192752887087370E+01  2.81915040685201350E+01
  4.11696508529454960E-01  2.28634004700574960E+01  1.45529756047867680E+01
  6.26517897412854200E-01  8.24130911916710400E+00  2.46686710357733290E+01
  5.72142532162989690E-01  1.81821556129445410E+01  2.48096332114533810E+01
  3.47451934045076260E-01  2.71629932312132670E+01  7.90449484373316750E+00
  2.57564851167384970E-01  1.23263530591020490E+01  2.41448888556741640E+01
  5.33859136323620030E-01  1.75382961097379350E+01  1.55768270984546740E+00
  2.69169509893181310E-01  1.78742436982891240E+01  1.46579570608587490E+01
  4.24351701398837560E-01  1.39852955066272320E+01  1.97102850231601890E+01
  3.11762329988951370E-01  1.28931113353226760E+01  2.05279335563130370E+01
  3.50974061745161330E-01  2.65294476044348000E+01  9.95519794961269260E+00
  2.66929568161810020E-01  6.88320170462881810E+00  1.42149758322504150E+01
  7.20816873845379820E-01  4.97690240792116700E+00  2.95953746625170030E+01
  4.22201084465533680E-01  1.05091668181684210E+01  2.20675724744123980E+01
  3.09209541844886400E-01  7.40544704687567370E+00  1.75776056466762430E+01
  2.62213147743524950E-01  2.45945197883498420E+01  1.20311278872388780E+01
  7.60411681679863700E-01  1.00324128934813790E+01  1.00688333826190490E+01
  6.67521681419926690E-01  1.37840819624661680E+01  1.08535579427510810E+01
  4.37954134865551840E-01  5.56685200810418030E+00  1.63352094902037380E+01
  7.16654247500547470E-01  2.54519015225169230E+01  3.07238353202403090E+00
  7.12424816007452400E-01  2.18636976118292520E+01  2.83976979282471580E+01
  3.61198882346046800E-01  9.23779169429155540E+00  1.08594340308416340E+01
  3.82245446386266610E-01  1.26893835065315980E+01  6.25627070875574900E+00
  3.58737518624021320E-01  2.35897603521404840E+01  6.41766814988938620E+00
  5.81547682683179710E-01  1.93097924946663570E+01  2.65213051894328620E+01
  4.21963532045373490E-01  2.02407519307433650E+01  1.56628628537642530E+01
  3.12648490279368120E-01  1.87979842179929620E+01  1.75612732095125600E+01
  3.25036994184950640E-01  1.26808330999489160E+01  8.62108052052671600E+00
  3.83290088603488770E-01  1.28966976298713030E+01  5.51936613225770770E+00
  2.93443024193560210E-01  6.99977773715735730E+00  1.80726580928321280E+01
  2.66929568161810020E-01  2.12901641869760920E+01  1.67555918658254370E+01
  2.99038091422116640E-01  2.43157279386697920E+01  2.04712982860551800E+01
  6.00040109246873770E-01  2.33915205188336940E+01  1.54869676483069970E+01
  7.14535578675763720E-01  2.66952832865039480E+01  2.08498026157012220E+01
  3.06898385793053400E-01  2.24616336132941510E+01  7.31734331598742840E+00
  3.45648959319623030E-01  1.85794569966831560E+01  1.87504424811359200E+01
  3.87046365911375680E-01  8.53914311966022410E+00  1.11246743849202940E+01
  6.56539952722306990E-01  1.79518969818014720E+01  1.66577835183628800E+01
  5.07436062422724900E-01  6.66427775669532710E+00  2.91577194966808900E+01
  7.39270392714900380E-01  2.32624523166477670E+01  2.62195292886827860E+01
  5.38024295323284910E-01  7.58000935496685460E+00  5.35613133265146320E+00
  7.33199636544987770E-01  2.61000494997107710E+01  2.63212839425879390E+01
  6.31923671661538840E-01  2.39649114581227780E+01  1.74151545757801960E+01
  5.72951670348821020E-01  5.84043271779732540E+00  9.34479248646981910E+00
  6.40456937776772590E-01  2.58315922886549170E+01  8.29484171174095760E+00
  4.77241894706072770E-01  1.60059282455856580E+01  3.01703084580476060E+00
  7.64764367446448820E-01  6.39970863432718050E+00  1.72022919190894750E+01
  7.16535845940979770E-01  1.01744683395347820E+01  2.61843003530592920E+01
  3.10705613459761840E-01  2.56234633235746000E+00  1.44191666970888190E+01
  3.89901968262705180E-01  6.09383762072495290E+00  2.08276297842966360E+01
  7.15011499502423580E-01  2.66372661937254800E+01  2.27169090199683410E+00
  7.60297905848187840E-01  9.11458847984079770E+00  1.49645973953029150E+01
  2.65726189967390210E-01  6.96625081201132980E+00  1.47410334847559630E+01
  4.53492046339069340E-01  2.45802415790798930E+00  6.35550437528907430E+00
  5.18725390566230620E-01  1.76844417850429000E+01  2.17945630497806350E+01
  4.24020504903543660E-01  4.73513342911657720E+00  2.55090157543302600E+01
  5.17634268500846420E-01  2.00104483150982300E+01  1.88234491373549200E+01
  4.54567147313974470E-01  7.57719270470141120E+00  1.51224731676447950E+01
  3.65965634987757580E-01  1.90655029741258130E+01  2.52572669014871480E+00
  2.96256570285591500E-01  2.12750253980630010E+01  7.88963137435695570E+00
  5.50543265074639000E-01  2.16276889507723770E+01  7.12046737342686690E+00
  4.46540105696671490E-01  5.80332040086483580E+00  1.42955638720968550E+00
  6.47236078597052340E-01  2.45107399055052720E+01  1.36389733505452520E+01
  4.82769235883485770E-01  1.68679363876242230E+01  1.56267672916630130E+01
  2.97529618718302210E-01  6.45346435764291120E+00  1.29414297771278100E+01
  4.13811620468168510E-01  1.26330128475702320E+01  1.80612695537443280E+01
  4.87785457169642190E-01  8.31207793663453390E+00  1.59183517273802320E+01
  3.41778742319800830E-01  1.86518183402071070E+01  8.98487317780126200E+00
  4.05793634226126800E-01  1.73587270879037230E+01  7.60318955422342490E+00
  7.14516279726398110E-01  9.03303389060782890E+00  2.32538603205482840E+01
  3.71799304162545760E-01  8.66619851962416020E+00  1.67011229330121370E+01
  5.77820253962530560E-01  7.26423828087003630E+00  1.61061269095696960E+01
  4.75626642073745920E-01  2.04544787609805210E-01  2.82817054330163490E+01
  5.46562010559427060E-01  1.52482302619559640E+01  1.15034189742248440E+00
  3.29506256422424390E-01  2.08728916264881010E+01  2.87195982060955080E+01
  2.62213147743524950E-01  4.26617174205835600E+00  3.29896319890775080E+00
  3.63105686475124490E-01  2.33805575883213960E+00  1.72199474107884070E+01
  7.08391389715138510E-01  1.28848390345528190E+01  3.41199158701301730E+00
  4.26578460793149810E-01  2.41022313201976890E+01  4.15638051838209500E+00
  6.08873319065221350E-01  1.78140614129774520E+01  1.04841289336093360E+01
  5.39466591144820300E-01  2.83698199786555350E+01  2.21490336697731780E+01
  4.66553963192992600E-01  2.55897416595045930E+01  6.74974545817083890E-02
  4.82771447840326400E-01  2.38519343216250590E+00  2.77311098966805610E+01
  5.13004586318856950E-01  2.94219728855996930E+01  1.13382267679587690E+01
  3.17084428049163950E-01  5.34882196973543420E-01  7.48916941785218700E+00
  3.50974061745161330E-01  1.25832791407439440E+00  7.47807317087691900E-01
  3.82382183723224410E-01  1.18312675248131660E+01  3.13119952537798700E+00
  3.77759649416993960E-01  8.29312108206755920E+00  2.72991053684265030E+01
  5.74203886104520670E-01  6.42181666171959530E+00  3.94775600686558690E+00
  4.11346310528290360E-01  2.05996908355070370E+01  1.15198797043630580E+01
  5.06367095649294540E-01  7.98262173796511210E+00  1.52399028544189540E+00
  6.01687927537542500E-01  3.79421174474444190E+00  8.98055725433708220E+00
  2.49794182180603610E-01  1.19474060665132740E+01  4.81747190721847310E+00
  6.11481049571092420E-01  1.19852118420625080E+01  1.91747438351485010E+01
  5.03927515451986880E-01  5.62546307258970120E+00  2.71374096949084920E+01
  6.35485889077753010E-01  2.86866236920742570E+00  1.35246026014223070E+01
  2.99038091422116640E-01  2.03403739937119850E+01  2.70844722712644880E+00
  4.22541054278063120E-01  2.53481960695362250E+01  9.24083021570790210E+00
  3.05466220251299840E-01  1.64804826214705110E+01  2.71896264893443740E+01
  2.62213147743524950E-01  2.50839628922736930E+01  7.78919918739338790E+00
  3.61769499680632390E-01  1.63913751529972200E+01  5.53810416328224340E+00
  2.47647088603063280E-01  2.61382909946249310E+01  1.73679966803834840E+01
  3.11155895623034430E-01  2.69067458516394990E+01  1.82886175493704820E+01
  2.66929568161810020E-01  2.80058925989933700E+01  1.33299491916816670E+01
  6.90395435464654740E-01  2.78358555561848210E+01  5.60590253444080130E+00
  2.96503602823160150E-01  1.42550727095934420E+01  1.00129408757143370E+01
  6.57722721512726150E-01  1.17821004920501200E+01  2.96010285379835060E+01
  7.24777883420223110E-01  5.72750917205480550E+00  2.83603991447760540E+01
  5.48279863025970290E-01  2.87564906470130910E+01  1.30135362962458830E+01
  6.40748513009616880E-01  2.66536739046984150E+01  1.66447175391502390E+01
  2.56092450391898300E-01  2.52969258477411460E+01  2.45580376759323360E+01
  7.17499092254363010E-01  2.51223356601119140E+00  1.10016170816069590E+01
  4.66141488621800890E-01  2.37378910226109740E+01  1.44788657667316340E+01
  6.33759023001558490E-01  7.60533882126322420E+00  4.18537465616705970E+00
  5.48279863025970290E-01  8.79167916412277610E+00  7.68238009354329600E+00
  4.19081387041561550E-01  1.35348638765627460E+01  2.49178488881925460E+00
  5.70902198024309190E-01  3.97317138672725980E+00  2.23942770192771330E+01
  3.17950877609215300E-01  4.34524514139359130E-01  2.27942491976768440E+01
  5.96963967672292380E-01  2.70887334702482360E+01  1.14443174937294940E+01
  6.18832453479690690E-01  1.60246428290230010E+01  1.63346063578258020E+01
  2.63339374245984010E-01  2.04341405569845450E+01  1.50067039180156740E+01
  3.55036581058269410E-01  7.54018821465696210E+00  2.53549379477832700E+01
  5.84913004272127690E-01  2.75179650496401610E+01  3.22586325852386760E+00
  5.77235448209733180E-01  1.19459608250298340E+01  5.64389855963363910E+00
  5.01105313190319460E-01  2.26356251928239270E+01  2.45284287072832680E+01
  3.83598938984435380E-01  5.09333562753195950E+00  1.00070912409598050E+00
  5.98360795606824340E-01  2.02035042583748240E+01  2.47471543783495880E+01
  3.41778742319800830E-01  1.73400299317532860E+01  8.35427266717068310E+00
  3.29796701345061780E-01  1.46603729292512470E+01  2.07009815014257550E+00
  3.84420431658369740E-01  2.60233411525936730E+01  4.01250189443319890E+00
  4.91872428060923640E-01  6.06397447517494650E+00  1.36662350852734850E+01
  2.93443024193560210E-01  1.74165221054015260E+01  2.03376917517977420E+01
  5.81299825206354370E-01  2.53967663147900280E+01  1.77597234928706800E+00
  5.68243553274813350E-01  4.91654262775438870E+00  3.81448572688177910E+00
  5.39001667068871980E-01  2.87284239617529450E+01  1.81814372484210760E+01
  7.01587183784351610E-01  4.03584360910080520E+00  1.24183323107546430E+00
  4.45239477383046460E-01  3.85215245072825320E+00  2.92890849019926980E+01
  5.39001667068871980E-01  2.55931691227811060E+01  2.14432321996933940E+01
  2.86134314477376340E-01  1.09434495704397660E+01  3.39170798446723150E-01
  7.70254277643880240E-01  1.48697561399782200E+01  1.19743528365910980E+01
  3.45648959319623030E-01  5.28253474954168830E+00  1.00873862500117560E+01
  3.39481361119070080E-01  9.10792086661511390E+00  1.61437520694876360E+01
  3.04461637453634990E-01  6.88685424417729660E+00  2.54310498941454490E+01
  5.20369884994360540E-01  2.44801527475687660E+01  5.59716605356911150E-01
  2.65726189967390210E-01  4.06357078265791660E+00  2.75218808948722420E-01
  6.26908127420837150E-01  2.29698661321220360E+01  1.81821542289704330E+01
  3.48480710258510130E-01  9.59506066501023900E+00  2.06593332161924470E+01
  2.96653470797716330E-01  1.33097309222575770E+01  2.12929670201382990E+01
  6.31923671661538840E-01  1.36305123082825900E+00  1.70261605989437540E+01
  4.09705559579089850E-01  2.76851210510070910E+01  1.53088846628108740E+01
  6.72499163702481620E-01  1.43214099909164180E+01  3.60996642458637500E-01
  2.84029264846615530E-01  1.25784287802924410E+01  1.18085413367744640E+01
  5.34631033075580400E-01  2.92665578768933800E+01  1.72197511476277900E+01
  6.17076625982510940E-01  1.40584555169646670E+01  4.10592607022545050E+00
  6.55074006360275090E-01  1.50292372584606630E+01  2.61535278177958150E+01
  5.46562010559427060E-01  2.57015711512452430E+01  1.35564636909875190E+01
  5.17626013175185660E-01  1.17533233849058980E+00  2.87899086503092820E+01
  5.82207618145930890E-01  6.64219257219297350E+00  7.75193740076677780E+00
  5.98268629341587580E-01  4.40689727571525220E+00  2.84062449992251660E+01
  5.34553382826858140E-01  2.94911209868461730E+00  3.91253052435756960E+00
  3.76753951196820710E-01  8.09223326239389710E+00  1.44701040342294650E+01
  7.52518120402026810E-01  1.34680303871667630E+01  2.61809120175085290E+01
  4.81368497469048420E-01  2.55656455052044080E+01  1.69186617873843160E+01
  6.47413426355271770E-01  1.06506986723829570E+01  1.90226068829495320E+01
  3.05466220251299840E-01  1.74092376493300340E+01  2.44357323158626110E+00
  4.46689977500956030E-01  2.90795031957208610E+01  8.51847580533758550E+00
  6.18566685513849460E-01  1.36524958938982210E+01  1.46279426939449440E+00
  5.36592099856838090E-01  1.10230680960223320E+01  1.45652230525779180E+01
  5.09574347305064630E-01  4.57904311180469390E+00  8.19705374995774250E+00
  4.92328788949218680E-01  1.14380187739648260E+01  1.62519824358557340E+01
  4.83351594707823830E-01  1.72131362321774080E+01  5.73310102280081240E+00
  4.40650972415989980E-01  1.48051956563324350E+01  2.44226544619752630E+01
  6.10911033360540580E-01  7.03814270154896440E+00  2.81040696225085330E+01
  4.34172467284937990E-01  1.32271053072551140E+01  2.20408515691481280E+01
  7.03188417218805210E-01  2.22326849192540410E+01  1.00253012913614010E+01
  2.92799561075502800E-01  1.49370947010126520E+01  4.34051732101696430E+00
  5.68243553274813350E-01  2.43581198127882490E+01  9.26737017035258860E+00
  4.60682082706054620E-01  2.87163905789120690E+01  1.80970211267271390E+00
  6.41715074739605920E-01  2.14045663048223030E+01  8.81843592873303090E+00
  4.55206736325743130E-01  6.55660703756886050E+00  1.94496128691713860E+01
  4.22201084465533680E-01  6.28382138056634790E+00  1.45529010861797570E+01
  3.63079661055833470E-01  1.21236741423413490E+01  8.69222844581241110E-01
  2.63055759251188670E-01  4.48853341925303970E+00  1.94142060193333780E+01
  5.32877675645020420E-01  1.94675659584052810E+01  2.12525158556084400E+01
  5.77235448209733180E-01  7.67720216784380940E+00  2.80218530265667990E+00
  4.09775903561979240E-01  3.63541382071273930E+00  2.66938498431007820E+01
  6.93187364831086050E-01  2.63039709587831470E+01  2.24470141324230500E+01
  4.30054269381220950E-01  2.36619801037812930E+01  2.43860309948465710E+01
  5.07436062422724900E-01  1.26094018637802050E+01  1.08453140326706840E+01
  2.49948351789403130E-01  7.86586340941198970E+00  9.37258559823219170E+00
  3.16022212934137680E-01  2.78941725267999630E+01  1.39010223320397870E+01
  4.72818350263822220E-01  1.14934701027319860E+00  2.31321754603635310E+01
  4.46689977500956030E-01  2.02523987264148000E+01  2.69289186616598430E+01
  4.74581552528920360E-01  1.90014401089891610E+01  2.94855634321440300E+01
  4.86590143357422540E-01  1.86770830575885400E+01  9.81243896909990280E+00
  2.73281005279713530E-01  1.42430612883418330E+01  2.50547951139144940E+00
  5.20515140446715560E-01  1.29968203105649240E+01  9.89392144215531210E+00
  4.13811620468168510E-01  1.32163294137227410E+01  1.67473790597613750E+01
  3.81419328643079860E-01  2.64757969270706010E+01  1.06846650501002610E+01
  4.05593309893122810E-01  2.91648418303782360E+01  2.65843631331258730E+01
  5.85380732291966590E-01  4.34555849547397880E+00  1.49332054770357610E+01
  4.06599624824484800E-01  2.06151180765903130E+01  8.12912106447882370E+00
  6.40456937776772590E-01  2.30586432344823070E+01  3.93712281917731880E+00
  4.75626642073745920E-01  1.87090790691055030E+01  4.01915824847435670E+00
  5.09222041678605210E-01  1.39641033338215570E+01  7.31551455711632670E+00
  5.77820253962530560E-01  1.28798349552799150E+01  1.26155461002597630E+01
  3.80273533482480450E-01  1.88890166546593810E+00  1.37907134452142160E+01
  5.01406606281285510E-01  1.44367168292010110E+01  2.88864056063168530E+01
  3.59079136884617700E-01  1.17052646727235920E+01  1.54436988600242170E+01
  5.94092381958372510E-01  1.21522252788068780E+01  1.46022304349400930E+01
  2.54611020839302520E-01  3.05716154460740210E+00  1.46094218288824210E+00
  4.99223721401470310E-01  9.83163149789383080E+00  5.59550480107593540E+00
  2.54611020839302520E-01  1.45255026256934290E+01  1.50146507341720570E+00
  3.20574425314766210E-01  1.96873571110455110E+01  2.04282418398345380E+01
  2.85767805251094040E-01  1.28357840654746980E-01  2.68318109519619590E+01
  2.54611020839302520E-01  2.21330928100590650E+01  5.35422952693496690E+00
  4.12246671516209600E-01  2.03512626380304160E+01  1.29242842009079060E+01
  4.41298336829792340E-01  2.24960628963074110E+01  8.06471723604863660E+00
  7.09985914168247060E-01  1.23057034888201570E+01  2.13657849076151790E+01
  6.80956647410425740E-01  1.25967694930928320E+01  2.50432916295033440E+01
  4.75338540515479570E-01  1.43615348296241600E+01  1.48941577700709620E+01
  7.49588614928249000E-01  2.14445381413818940E+01  2.69989366434638780E+01
  4.74033319401206570E-01  1.86609654799931230E+00  2.37504674773567150E+01
  5.20515140446715560E-01  6.76853153539195770E+00  1.39318104343099190E+00
  5.48131117613959250E-01  8.10275943531740770E+00  1.35453955225421240E+01
  3.46733456860136300E-01  1.83082771992657810E+01  1.40786313957865090E+01
  6.97384645011991290E-01  1.65108960221975070E+01  1.04191236591518240E+01
  3.78209123272245940E-01  2.85036299105748120E+01  2.61636017506287860E+01
  3.82382183723224410E-01  1.12371521684069190E+01  2.59050918683588310E+01
  4.46537248270915300E-01  4.19448625512362750E-01  7.75691221262117740E-01
  6.08690451339190200E-01  2.95197874112317930E+01  9.47750236584351310E+00
  2.59062449636064510E-01  7.70759344518747100E+00  2.75493262310676140E+01
  4.43756654693070110E-01  3.80353101992374400E+00  1.40607944564522570E+01
  3.18942867500738640E-01  2.07120728597107050E+01  2.33729369878751290E+01
  7.16535845940979770E-01  7.47353766162133050E+00  3.80590201393977700E-01
  4.62836237406567810E-01  1.93498685786671740E+01  2.54780451249733950E+01
  6.97384645011991290E-01  2.76715621367862600E+01  1.31075563174895350E+00
  2.47647088603063280E-01  3.30862085039823790E+00  2.45773483483083540E+00
  4.05793634226126800E-01  1.80861172405255390E+01  2.79196985845258540E+01
  5.37364664263313330E-01  2.74592772768243950E+01  1.98596643335428670E+01
  5.72881440675418570E-01  7.44273217021537550E+00  1.06488253959013550E+01
  5.04213456464067280E-01  1.31876275096600480E+01  7.96544040642703250E+00
  3.86557871019070410E-01  2.43270390951829220E+01  1.26219188715790180E+01
  5.62178328188990490E-01  8.58093875279077340E+00  3.49541120590128160E+00
  6.41715074739605920E-01  1.62101345629751740E+01  1.86835868853270950E+01
  4.54567147313974470E-01  1.61063344926289070E+01  1.50823235123227520E+01
  3.97011970696729720E-01  1.28060541691032200E+01  2.78128282904209310E+01
  3.99477862283745790E-01  2.72202811846489680E+01  1.46466944232097270E+01
  5.15931587153482510E-01  1.79133366956604650E+01  2.90542810544615050E+01
  5.98026541173087530E-01  2.35203293075475810E+01  2.03288465639859160E+00
  5.94917806945655060E-01  7.55238726317633620E+00  1.97817987716599150E+01
  3.86557871019070410E-01  2.71417200333726360E+01  1.75482432699992470E+01
  5.52347772924787250E-01  2.84067386739085990E+01  2.71690770808390670E+01
  4.05793634226126800E-01  2.44535035240524860E+01  1.48518502112101600E+00
  4.66753989857397040E-01  2.20810234615183100E+01  3.36047315810184480E+00
  6.77666041374141330E-01  1.58419102108653540E+01  1.99495410939785030E+01
  3.23306573977224420E-01  2.18949816898917330E+00  1.65506631613547200E+01
  6.88340418185590860E-01  9.41968918855639000E+00  1.83974712444454700E+01
  4.11696508529454960E-01  2.85857961052530030E+01  6.41342654203823770E+00
  4.03052389307286420E-01  1.13578355771940500E+01  8.89861253863319310E-01
  2.97529618718302210E-01  9.43125766520464380E+00  4.90674668041821520E+00
  3.13090147150790890E-01  5.42844460935763170E-01  1.12011135502959630E+01
  5.01435669612667030E-01  1.13807792122439280E+01  8.33717092967826190E+00
  5.26482748420329030E-01  5.73472726943157430E+00  1.99849676238207150E+01
  6.75156127532392600E-01  1.63659442004014400E+01  2.30619024443552010E+01
  7.20816873845379820E-01  2.75522595395571840E+01  2.31067181622145310E+01
  5.30006102735105960E-01  3.57089196334677220E+00  7.87281710012603140E+00
  3.43353541919950760E-01  1.10292093714252850E+01  1.71217596376804120E+00
  5.32877675645020420E-01  5.25607657497224690E+00  2.17324818424134850E+01
  6.44956217916396120E-01  3.03881786504033660E+00  1.22563084171904020E+01
  3.55036581058269410E-01  9.00568017382615340E+00  2.74934488877945430E+01
  4.30054269381220950E-01  1.04472979763968630E+01  2.41817376202637960E+01
  4.93734512940847830E-01  1.64001858359452000E+00  2.96879921370098500E+01
  3.42409596243210680E-01  1.66154185895519680E+01  2.90944038969774010E+01
  5.58952633370732950E-01  2.31994482147353520E+01  2.15836736301494410E+01
  4.49954956992444630E-01  1.68294743943298220E+01  2.50686131482787080E+01
  4.11346310528290360E-01  8.83829563378511730E+00  1.74647136029620820E+01
  4.72818350263822220E-01  2.06796752253592300E+01  1.43139937991376090E+01
  5.00672486592370710E-01  1.67629423330528270E+01  6.75230685533075010E+00
  4.15334611176110170E-01  1.04892638673016930E+01  6.22900904332307090E+00
  7.70254277643880240E-01  1.80570083502565490E+01  6.65912934353704600E+00
  5.32262962461145860E-01  1.21161158302944860E+01  2.61562054245963830E+01
  4.01880163826280960E-01  2.11271584761011760E+01  1.32392412149857270E+01
  7.41720708060832300E-01  2.65305601985280080E+01  5.01689924273610900E+00
  3.01674668393272730E-01  1.46845405824739660E+00  2.14195526415884090E+00
  2.66929568161810020E-01  2.10177399050769330E+01  2.10262590960781350E+01
  4.15334611176110170E-01  2.65339244067680400E+01  3.39704374868498960E+00
  5.20369884994360540E-01  2.88258605762163210E+00  2.24166275597330940E+01
  2.84672167568555990E-01  1.08678927365236200E+01  2.75968697837630120E+01
  5.18912146576496980E-01  1.92247607283443710E+01  7.32646823156843220E+00
  3.90540239164096370E-01  4.75304524748973560E+00  1.85633575765496490E+01
  3.63079661055833470E-01  2.47658525086589610E-01  1.20446320732851330E+01
  4.73113776075054650E-01  1.18852163225919250E+01  1.15052128102755410E+01
  5.55687039951364880E-01  3.01903213932296090E+00  9.83585875842092430E+00
  6.97384645011991290E-01  2.53790495081253820E+00  2.65522249208083990E+01
  3.54092873053847420E-01  2.32443925996140310E+01  2.51271084810240880E+01
  7.37991961479508610E-01  2.39211383683411790E+01  2.77784218454057170E+01
  5.10790949981952740E-01  3.24927023314159720E-01  1.36700194302990020E+01
  7.03918080384424090E-01  1.61641113027326600E+01  2.81473764787037370E+01
  2.69326463995374250E-01  1.30408366320681220E+00  2.72804814415833350E+00
  5.39922025342825940E-01  2.07228855867847980E+01  6.38845107353362080E-01
  5.39922025342825940E-01  2.81159111194521180E+01  8.30788601025092180E+00
  3.52682444144397330E-01  2.21824607457930440E+01  2.28060576359791120E+01
  3.17084428049163950E-01  1.30441865804350670E+01  1.74573352554077490E+01
  3.92511582998476170E-01  1.09142067256518390E+01  2.52019058265274230E+01
  2.92799561075502800E-01  2.91023777660003020E+01  5.93712362029967180E+00
  3.63105686475124490E-01  5.79890892775068870E+00  1.28543087158869780E+01
  3.25036994184950640E-01  7.47048261508135610E+00  1.41474520912927360E+01
  5.70902198024309190E-01  2.02874275807277020E+01  2.59125080124211420E+01
  6.18138908065390960E-01  2.04079113681510900E+01  1.66888312874353310E+01
  3.10705613459761840E-01  1.68553804628962820E+01  2.67013736949158580E+01
  6.99092076263204730E-01  2.46563501886266610E+01  1.51943564923578370E+01
  4.40295189098215370E-01  2.18966241601902670E+01  1.18616553698885830E+01
  6.52034765531911640E-01  1.64206342573070290E+01  9.05902316823655700E-01
  5.12628979659419230E-01  8.24949225801795550E-01  5.00188423935068020E+00
  2.68569610726517900E-01  1.21443237159804820E+01  1.21992186430119830E+01
  4.41473589537221400E-01  2.13238921160621900E+01  1.80819442135859310E+01
  7.41623060643924430E-01  2.70284888789021200E+01  8.98461315223736710E+00
  2.49794182180603610E-01  2.23873117410435680E+01  2.66749613143270890E+01
  3.44856808658559500E-01  1.39056481441868270E+01  3.15757318972594620E+00
  6.83701617051292750E-01  2.19637737799245190E+01  2.11069956462767830E+01
  7.19599311285852310E-01  1.64533724402827490E+01  2.16714025391753500E+01
  6.67521681419926690E-01  3.52971425865920850E+00  6.67753599341097550E+00
  5.40946473112310590E-01  1.21849613880381610E+01  7.67607991995857650E+00
  3.83579206291793930E-01  1.51882540001618370E+01  2.16254452257642380E+01
  5.04339573614743570E-01  1.37072776761899320E+01  2.05975910280120370E+01
  6.35523375007872900E-01  3.15143414223317820E-01  1.63142880775025990E+01
  3.44905765886116280E-01  3.45310210669586940E+00  2.77463899707358900E-01
  2.65726189967390210E-01  8.78052225959138610E+00  1.39951242462925920E+01
  4.87785457169642190E-01  9.66935973199521830E-01  1.53258096322095020E+00
  3.71299762957800540E-01  9.81530499917625580E+00  1.90372336557148800E+00
  4.13811620468168510E-01  1.59492269468663360E+01  7.37014620930863360E+00
  5.69423614487483490E-01  1.57404519878778450E+01  4.02905414957534540E+00
  5.83429036676414100E-01  3.65355022304125180E+00  1.79877932322443820E+01
  5.30006102735105960E-01  5.66034872352397670E+00  5.88763814282027550E+00
  5.16710955738981780E-01  2.10601702678187480E+01  1.23243590977291020E+01
  2.65726189967390210E-01  9.04390320728545480E+00  1.35339531608322550E+01
  3.18942867500738640E-01  1.53791862948046260E+01  2.29443517943855360E+01
  3.23881608201221470E-01  1.97952943844757780E+01  1.01564638942041820E+00
  3.54092873053847420E-01  1.72483835248787050E+00  2.72179574412200580E+01
  5.12509616084684260E-01  1.27437676622686310E+01  2.89354716674884390E+01
  4.99223721401470310E-01  1.39336761008004300E+01  1.28290124683783500E+01
  2.56092450391898300E-01  6.87677021809491330E+00  2.37722395412204790E+01
  5.45765227979075810E-01  5.63104951030805270E+00  8.24693824107373890E+00
  6.94010183176834960E-01  1.69587601108570820E+01  3.69717528062396420E+00
  3.57201130995523370E-01  1.50540656664006220E+00  2.00665625708953500E+01
  5.25895496843049500E-01  2.81518421396351820E+01  2.92988097140588660E+01
  5.10790949981952740E-01  5.70299036153311700E+00  7.07269964354266010E+00
  4.89717368181109780E-01  2.22573151257730720E+01  1.90397770690021770E+01
  4.82769235883485770E-01  4.97820951390699480E+00  2.27083385178447230E+01
  6.93278360304079300E-01  1.59344019836425460E+01  2.43592477148382650E+01
  3.35017483125717060E-01  1.69861109527529700E+01  1.64346873114688210E+01
  3.26514001167033020E-01  1.78926224906271190E+01  1.76430012502702100E+01
  4.75880684447443510E-01  1.49856137485339410E+01  1.32139526532152820E+01
  4.22354771203238230E-01  1.82375279672659400E+01  2.37053965034081490E+01
  4.11966131227655820E-01  1.98133945821952470E+00  2.27238394407250870E+01
  7.30946391186454210E-01  1.55940534673719390E+01  2.94640703413769460E+01
  4.22201084465533680E-01  2.23685541602433100E+01  1.11413396000602030E+01
  5.15931587153482510E-01  9.46776521471394620E+00  2.45556568489604390E-01
  5.52347772924787250E-01  3.65787842571250810E+00  4.85677959943950910E+00
  2.49794182180603610E-01  2.93439437960946070E+01  1.57293172326578750E+01
  4.50103975287380020E-01  2.46022418447368980E+01  2.44334635804769920E+01
  3.61769499680632390E-01  4.86958586656624260E+00  2.75606422446419120E+01
  2.77147605524350650E-01  7.09713643812612100E+00  3.42941934383780420E+00
  7.64764367446448820E-01  7.97159661410901150E+00  1.84895205008090540E+01
  5.71326189973923350E-01  1.04004569676599790E+01  2.83125389801607450E+01
  4.07877171249442140E-01  2.72290838250152090E+01  2.91639865073436120E+01
  4.46540105696671490E-01  9.77953901042718420E+00  7.79736330597465170E+00
  5.07606992315717240E-01  2.06002436639907420E+01  2.79290223450055390E+01
  3.01731430220296380E-01  2.38603442553874810E+01  1.09963773731627910E+00
  4.32382463464541460E-01  2.67705303267896180E+01  2.53696534870423030E+01
  3.25762576013666160E-01  8.98097037493750960E+00  2.81730276061576320E+01
  6.24920360555607160E-01  1.29776397494187760E+01  3.73028022186218780E-01
  7.38532964590205680E-01  1.83828104429817460E+01  5.18746996127486960E+00
  3.92511582998476170E-01  2.23956915210057340E+01  2.20922426191496760E+01
  2.97561439636419770E-01  5.70280257766298430E+00  3.45663064826196200E+00
  3.46434506905438330E-01  8.29064346146458670E+00  1.25752639504132590E+01
  5.89502618647478990E-01  2.33429089709187490E+01  7.47820031600380460E+00
  3.32399546609116130E-01  1.05271104272967850E+01  1.16510972740317320E+01
  5.77649046292645880E-01  2.87951335601258260E+01  1.04163974498692550E+01
  4.31729360191427780E-01  1.64667560554628340E+00  6.70784882505789780E+00
  3.17950877609215300E-01  2.83179601226237840E+01  2.52561947934676280E+01
  4.75880684447443510E-01  1.92138989293065090E+01  1.82311494890915530E+01
  3.91816801400439550E-01  2.53830661884568190E+01  7.20771482957066390E+00
  2.50163292655703180E-01  2.28228034587907440E+01  1.09238749597883360E+00
  3.42074681651230290E-01  1.51732535255002200E+01  2.84777262493196690E+01
  3.50974061745161330E-01  3.04298647613783310E+00  2.94077907324979290E+01
  6.18566685513849460E-01  7.01493654432000910E+00  9.53685330284852920E+00
  3.24719866931951940E-01  6.72512245941359410E+00  2.32130765484364970E+01
  3.57201130995523370E-01  1.45799355799275500E+01  1.82789275668483990E+01
  3.13090147150790890E-01  6.06858766492717820E+00  2.64524008382783330E+01
  2.58355477869490890E-01  2.25960099182284960E+01  1.51670175190565890E+01
  4.83351594707823830E-01  9.32154766246027930E+00  2.44158844142350590E+01
  5.48463672908306780E-01  2.76490016369059470E+01  2.58055488489366990E+01
  4.24351701398837560E-01  4.88290227245853180E+00  1.12689954695321150E+01
  6.80557430527969220E-01  1.89064927079489320E+01  1.57219356032038410E+01
  3.73125396709624990E-01  4.31705179541621220E+00  7.35601075749558580E+00
  6.77808113742920780E-01  2.30146793889286020E+01  2.34133337751290750E+01
  7.67512613708393760E-01  1.98340897519148170E+01  4.78884703531161810E+00
  4.76544583128828500E-01  3.42043201662267520E+00  2.32832536465554330E+01
  6.97738347479756800E-01  2.62973909116978570E+01  1.24662113659356850E+01
  4.49545157175862540E-01  1.89478820230637130E+01  1.18281766380665690E+01
  6.25336422111717830E-01  1.61711401068869120E+00  1.57952733847789020E+01
  4.99487474973056500E-01  5.11534765135294390E+00  1.33791932822419920E+01
  6.67521681419926690E-01  1.40922193405206770E+01  1.73796955642715820E+01
  3.44170209092795430E-01  1.84006485375110810E+01  1.80842178048782960E+01
  4.01880163826280960E-01  2.52206639615017600E+01  1.22491017065180170E+01
  5.95035019805102560E-01  6.47529891459790190E+00  5.11428216837407930E+00
  5.20348764567513020E-01  1.87957122390713810E+01  2.85136686379366320E+01
  7.44845164893703690E-01  7.77975860351611730E+00  2.21608115904685090E+01
  6.94010688862415210E-01  1.75448324688166760E+01  1.86718515982944280E+01
  4.00156705760987560E-01  2.35800538751594400E+01  1.23755877059313930E+01
  6.57722721512726150E-01  1.53211293416342740E+01  1.42957025797450830E+01
  3.61198882346046800E-01  6.50620706313541940E+00  8.68603651879280570E+00
  6.07167866036927160E-01  9.84677887784176240E+00  1.24324127372614170E+01
  5.81677556670477180E-01  2.03789180086125440E+01  1.70573212292787700E+00
  3.17579752081870750E-01  1.94123592858997610E+01  1.65815029125441140E+01
  2.69169509893181310E-01  1.50004077384489310E+01  2.71561950519705880E+01
  5.36592099856838090E-01  1.50015842291171710E+01  7.44148807055134220E+00
  3.01799748246536660E-01  4.55073294793214170E+00  1.40451957599095800E+01
  4.05794678723965420E-01  1.61919751635499070E+00  1.91383608717520740E+01
  3.65995101567518470E-01  1.43949462713873970E+01  2.69509759327102220E+01
  3.39481361119070080E-01  1.97551677220915850E+01  2.38134268720998770E+00
  6.97384645011991290E-01  1.15276667271202410E+01  1.79509901122088460E+01
  6.82253548551889110E-01  1.26981175776289420E+01  1.57557377931836730E+01
  5.67035311113654220E-01  9.43670140210633690E+00  2.76086958655919410E+00
  6.47236078597052340E-01  2.52478105065442940E+01  2.03097595088009510E+01
  5.92513140571182980E-01  6.16724665038576700E+00  4.56580824986391320E-01
  4.71553509741754610E-01  1.74935576900902100E+01  1.40232982175808440E+01
  6.55885333720611730E-01  2.96092110151774970E+01  6.73801686698784240E+00
  2.83840017940612550E-01  2.86878056487476560E+01  2.47820388222604250E+01
  5.65219172841477580E-01  1.22553428956141190E+01  1.69214355082949730E+01
  3.48480710258510130E-01  1.41351259616020800E+01  2.40108669313674100E+01
  6.26908127420837150E-01  1.03051664171607050E+00  1.82392196182742160E+01
  2.62213147743524950E-01  1.38618836668084240E+01  2.23520492638122900E+01
  5.08737612195334600E-01  1.54922316278369150E+01  2.17569564478101580E+00
  4.59281804788439010E-01  2.28573227101942140E+01  2.85607764536348410E+00
  2.86550378078914000E-01  7.68325443713964250E+00  2.70051307559427830E+01
  2.99038091422116640E-01  1.92803906544953030E+01  8.63390811418308250E+00
  3.62493203924014780E-01  1.57054018440809830E+01  9.59461833341337210E+00
  5.64616421781660800E-01  1.97166529114957110E+01  1.36850751227467920E+01
  3.87533216804236250E-01  1.95481839836933060E+01  9.87609526129062590E+00
  3.90540239164096370E-01  5.23895335597683780E+00  1.53222805577829750E+01
  5.44640939783434240E-01  1.79756150784694850E+01  1.16244802345683490E+01
  3.84420431658369740E-01  1.71660028792382490E+01  1.48132665096413570E+01
  4.53492046339069340E-01  2.04988266385069830E+01  5.93292296165888540E+00
  6.38023782753992030E-01  1.99138197970831320E+01  2.88459569515701200E+01
  5.00672486592370710E-01  2.58891383173662320E+01  1.57579404634453970E+01
  6.08873319065221350E-01  2.39210400800550290E+01  2.25018316491060840E+01
  3.18942867500738640E-01  2.84787635673208830E+01  1.21931227594689080E+01
  2.65726189967390210E-01  5.26839142346243610E+00  1.06979159316366510E+01
  7.10410487391814980E-01  2.18410498128498780E+01  1.40908210176009480E+01
  4.66797018098134940E-01  1.95507813387904860E+01  1.73525010164466520E+01
  3.89889811574280460E-01  8.95846860376734530E+00  1.28843116876933550E+01
  2.92456502136063850E-01  3.84536901685298850E+00  2.39239643294883390E+01
  3.63079661055833470E-01  6.32528142109074490E+00  1.60785476228050190E+01
  4.13811620468168510E-01  2.09499437786509440E+01  2.40646831782609640E+01
  2.60417758313763680E-01  8.97710823904356480E-01  2.55677040906571660E-01
  4.41940562555082740E-01  2.03399855134259330E+01  2.08212135098075850E+01
  3.08418768867630710E-01  2.45682793486800580E+01  3.58951182637770310E+00
  3.04461637453634990E-01  2.20437141530183740E+01  1.82751036575266640E+01
  4.75626642073745920E-01  2.28062050508435660E+01  1.19662152795040090E+01
  4.19693779402500590E-01  1.28065592431003190E+01  2.07721782518031970E+00
  3.26514001167033020E-01  1.73324399081936460E+01  2.10269935887421970E+01
  3.55388479881239270E-01  2.82448977487200850E+01  1.62083148455481800E+01
  5.33859136323620030E-01  2.51678019952116510E+01  2.80340168260239900E+01
  3.39481361119070080E-01  2.89881320305404100E+01  2.15248163214749440E+01
  2.51153087880769550E-01  8.03234238675256410E+00  2.11980641499560430E+01
  4.21603844523193420E-01  4.11068477915765130E+00  1.09240374655536210E+01
  5.20348764567513020E-01  2.27000161554404370E+01  2.93026063412499520E+01
  6.86210935380316480E-01  1.21636333629940060E+00  1.04642455377750390E+01
  4.41140732643827070E-01  5.52327235501872420E+00  2.59319773705238920E+01
  6.26908127420837150E-01  6.01837028727097590E+00  2.39745023861044650E+01
  5.11871480770454750E-01  4.94994620498381900E-01  4.03388370730989630E+00
  4.70990686464341570E-01  1.60952802790385160E+01  2.65157590633476690E+01
  5.20369884994360540E-01  5.97326141199061760E+00  2.28285910454792500E+01
  3.04306421741581800E-01  2.60727842581208550E+01  9.43975845165014430E+00
  5.88333222664750720E-01  2.77739212938111320E+01  1.87809007000348630E+01
  6.64541222436485860E-01  2.81267753527473200E+00  2.12340686867641390E+01
  4.24351701398837560E-01  7.64141563518893020E+00  2.89451017275230240E+01
  5.55920758830291820E-01  4.11039457919756490E+00  2.49664217780156590E+00
  2.89042915761794110E-01  2.25982065727626060E+01  2.53743167725784600E+01
  2.47647088603063280E-01  1.09251339040135120E+01  2.95478462841526980E+00
  5.88686278844574580E-01  2.36570575015395260E+01  5.06765684930041790E+00
  3.53063097104977870E-01  1.28695989812658200E+01  1.87904312975102420E+01
  4.50600139601478670E-01  2.80968572756874800E+01  1.11685485034572170E+01
  6.65634982039605120E-01  9.73464936119234810E+00  3.99266157361689620E+00
  4.69750256464274060E-01  1.69698374924191950E+01  1.14925437843281660E+01
  6.13801455222646290E-01  8.88839834620164560E+00  2.13110454740376380E+01
  5.14582826754803690E-01  2.33198530191655950E+01  4.38065968804601710E-01
  3.81419328643079860E-01  1.02208101370856410E+00  3.31353424713506680E+00
  7.28196096543639280E-01  1.75645701373047340E+01  1.28273415872549010E+01
  7.33199636544987770E-01  1.11856969674028320E+01  1.24873100924688190E+01
  2.86550378078914000E-01  2.86762383903778720E+01  1.16222391910634680E+01
  2.52169786807371790E-01  1.54003366600818730E+01  1.91314299184583160E+01
  5.01406606281285510E-01  2.41816732116754660E+01  2.35805862816987360E+01
  4.18948713530687210E-01  1.74489636918429230E+01  6.09672278682254640E-01
  3.62620749938717070E-01  2.04121755044955510E+01  2.27618389105103240E+01
  3.15231116497538320E-01  2.48859750638178800E+00  5.57946793239816690E+00
  2.83840017940612550E-01  2.20222482762335540E+00  2.56313197590223470E+01
  4.72199721516180480E-01  1.08863332595435340E+01  3.67211414612653900E+00
  4.41666133880560000E-01  1.23639964738484030E+01  2.25155958390500000E+01
  3.39073066583844400E-01  2.91398041088902280E+01  1.21934647247007550E+01
  2.54831192030272870E-01  1.73518961065505060E+00  2.53648200998732880E+01
  6.65634982039605120E-01  2.44409788845967850E+00  7.47382956556693050E+00
  2.69326463995374250E-01  2.30722204359582290E+01  1.72924008439582050E+01
  3.08418768867630710E-01  2.98426066948251610E+00  1.73994449528921570E+01
  5.63324676144028570E-01  2.28407595108676380E+01  5.87991116274003730E+00
  2.49794182180603610E-01  1.80597889224687480E+01  9.39553573946421850E-01
  6.44956217916396120E-01  1.48935882516488040E+01  3.16036950683805170E+00
  4.26043897269923290E-01  2.10855196329503420E+00  1.27850712888685190E+01
  7.44533748089133770E-01  2.89305583076103690E+01  6.08536827485986540E-01
  2.47647088603063280E-01  1.47015613237292760E+01  1.66971338300548170E+01
  3.47451934045076260E-01  2.12931689727667360E+00  9.98227573925370850E+00
  4.83182858574677270E-01  2.10888122099776330E+01  2.02805140592417030E+01
  5.38382388131525950E-01  1.03888412125736970E+01  2.94220451304692650E+01
  6.08690451339190200E-01  2.06566982762254590E+01  2.18226416728785000E+01
  3.93024383017402490E-01  1.02586486421945100E+01  1.50924762628602750E+01
  2.54611020839302520E-01  1.21234565284722960E+01  8.46871224931674680E+00
  6.82253548551889110E-01  2.03967461605866910E+01  7.06358162998305610E+00
  7.67665169660178040E-01  1.33352149468345950E+01  2.32359347030541910E+01
  3.95839252948554370E-01  2.74780802985603640E+01  2.35262941501716980E-01
  5.15379284759350490E-01  1.04993673235519760E+00  2.77651232651800440E+01
  5.09222041678605210E-01  2.17861588099791920E+01  6.07322482126966180E+00
  4.72038094207023740E-01  2.96476755572594120E+01  2.45427912595198200E+01
  6.64541222436485860E-01  5.81667283682164270E+00  1.18281543132779310E+01
  4.84167632717154460E-01  1.04080384540876360E+01  8.48338946380563460E+00
  5.39922025342825940E-01  6.09646376451409560E+00  2.51374460041781800E+01
  3.77759649416993960E-01  2.51134160033655220E+01  6.23129274006470090E+00
  5.06367095649294540E-01  1.84557677117887840E+01  2.58512651697563310E+01
  3.05466220251299840E-01  5.88460130942893760E+00  1.55786062632720930E+01
  7.55604472483241980E-01  1.55487393004628560E+01  6.27160782566414010E+00
  7.68548325332126940E-01  6.34568294588285920E+00  2.60821097785329580E+00
  3.09209541844886400E-01  2.11638603159101740E+01  2.59798485673454670E+01
  4.71553509741754610E-01  1.00750788071356180E+01  2.50012501284198550E+01
  3.65995101567518470E-01  5.12529992767236030E+00  2.35437235725430900E+01
  6.26517897412854200E-01  1.46339376952504170E+01  5.20803485393652640E+00
  3.55388479881239270E-01  3.41056744272126580E+00  2.04087234161773950E+01
  3.90423892796942250E-01  2.70872545277610270E+00  1.60634794891288880E+01
  4.92172780862642510E-01  2.52817768622676090E+01  5.37843145256882770E+00
  6.66683478841499700E-01  1.94012952114399050E+01  6.15477519519883030E+00
  6.94903868090152520E-01  2.30873382713264130E+01  2.03108817459410500E+01
  7.65642972591057180E-01  5.28962687151318440E-01  1.49299483637528460E+01
  3.52682444144397330E-01  2.02045611965299120E+01  1.21737099994095920E+01
  5.39466591144820300E-01  1.30236758385305280E+01  1.96693679624550020E+01
  4.26043897269923290E-01  4.08694385057581040E+00  2.74343617705796530E+01
  2.53364602799301860E-01  5.91417060640202940E+00  2.93297457048008430E+01
  3.83290088603488770E-01  2.39669164352768150E+01  2.95088883969907520E+01
  5.55920758830291820E-01  1.51903127508541260E+01  1.55077184486459580E+01
  4.13050329149462850E-01  2.31442249070153850E+01  1.92058027503626930E+01
  5.20369884994360540E-01  1.87115639206757510E+01  2.28920175833393990E+01
  6.99477888048091770E-01  2.88968941486031210E+00  2.43323533107802310E+01
  3.59079136884617700E-01  5.27423050509777540E+00  2.95927486308657970E+00
  3.01799748246536660E-01  2.54280866121589110E+01  2.72359740819741130E+01
  5.28731261397185740E-01  2.41128314484378240E+01  2.52802754294422910E+01
  6.80338287111455390E-01  2.41965980342115440E+01  1.94994677243201730E+01
  4.74033319401206570E-01  1.47764254727893860E+01  2.34959359654954590E+01
  3.53302408788900560E-01  6.57059739454974070E+00  2.02575529469412920E+01
  4.03052389307286420E-01  5.28409890683441310E+00  2.07975266108885180E+01
  3.33973424357718240E-01  2.46299287860627380E+01  1.67171079060621790E+01
  4.68162992243922280E-01  2.19811753753142870E+01  1.99555925199743630E+01
  4.72192289519205580E-01  2.68377020529517550E+01  1.55477200878640570E+01
  6.73658304681401180E-01  1.91193248333630810E+01  1.96133371267699030E+01
  4.61178090502161720E-01  1.13107173431475370E+01  2.00080506477965370E+01
  4.18189647978318300E-01  6.82694971638271310E+00  1.14391980336112300E+01
  5.15379284759350490E-01  2.45491700619382020E+01  2.15716380578358300E+01
  5.34553382826858140E-01  9.45863185980768150E+00  2.88879775112334580E+01
  3.70336582810533970E-01  1.85960661901504980E+01  3.15005744407292320E+00
  6.42747544188997020E-01  1.72326987338222820E+01  2.40538911252232240E+01
  4.50600139601478670E-01  1.72598615107224450E+01  4.80074883940404450E+00
  3.55036581058269410E-01  3.05449494501477760E+00  8.51477139735851200E-01
  3.54092873053847420E-01  1.91395723334820090E+00  2.06483573082938360E+01
  5.13614394364816020E-01  7.73559717786179220E+00  7.78867614450655220E+00
  3.65995101567518470E-01  1.88705077089686060E+01  2.41736117824523160E+01
  5.25383403930900440E-01  2.43486310805042160E+01  8.07088970058159380E+00
  3.83598938984435380E-01  7.23519312631690690E+00  8.53338243088244400E+00
  4.86073626967704090E-01  4.78565194056983500E+00  9.42210787837776920E+00
  5.96963967672292380E-01  1.82026894363139110E+01  2.69245696573619820E+01
  4.66553963192992600E-01  2.43586665592644390E+01  5.85449617015843590E+00
  4.15252526658189590E-01  1.00533166705126590E+01  2.27705218901840710E+01
  6.36786611163594070E-01  3.68789014597571270E+00  1.67688800717833790E+01
  6.06760633376156730E-01  2.23100878574116200E+01  1.60219149934317110E+01
  5.25895496843049500E-01  1.27005048235261030E+01  4.63204941227613180E+00
  5.05409982910693060E-01  1.10162092241043310E+01  9.27441074184215350E+00
  5.18912146576496980E-01  5.10757199960352540E+00  2.09759891984208210E+00
  5.81677556670477180E-01  1.65807481434288990E+01  2.12859169481021080E+00
  2.50625569857546320E-01  2.46551885488585860E+01  2.29478452460317400E+01
  6.67521681419926690E-01  8.50572017293690760E-01  2.09284162923903770E+01
  6.52034765531911640E-01  2.74366418619475780E+01  2.81267395322993470E+01
  3.81419328643079860E-01  2.56480056263519530E+00  2.32600508590311710E+01
  3.18942867500738640E-01  2.72111625374571520E+01  6.39846351186307420E+00
  6.63973334543257470E-01  9.52419209234150440E+00  6.71684211765343340E+00
  4.05793634226126800E-01  1.36056867489033420E+01  2.92492528386785370E+01
  2.88617724104866640E-01  1.49444284720690890E+00  5.43849924593290360E+00
  3.17587838135982990E-01  8.83872025308712850E+00  2.22407212749714420E+01
  6.94010688862415210E-01  9.28186300342509620E+00  8.82344873186604950E+00
  3.25036994184950640E-01  7.99331600569133900E+00  2.64790112629695610E+01
  4.41940562555082740E-01  3.87610802476279930E+00  1.97624611671429480E+01
  3.05466220251299840E-01  3.53194920630012900E+00  5.70495875751320460E+00
  7.22984261441823330E-01  2.37863178903528730E+00  1.83042137315110550E+01
  4.60682082706054620E-01  2.45274746397524130E+01  2.34815004370191540E+00
  4.22201084465533680E-01  8.20551703474947660E-03  1.27924804394169800E+01
  6.24824560398126750E-01  4.66001099836933990E+00  2.65549978962534470E+01
  3.63079661055833470E-01  1.84973972218108610E+01  1.47624924585146320E+01
  3.25516939164680520E-01  1.77030845050924410E+01  3.00150972615903380E+00
  4.87886881528419990E-01  1.65718262587154110E+01  8.02213355090939830E+00
  4.34172467284937990E-01  2.40066199644219220E+01  1.16599178441491100E+01
  7.04082361725448710E-01  1.51150096771284200E+01  1.05231623510314560E+01
  4.40295189098215370E-01  8.55107587810210920E+00  2.28094708131603550E+00
  4.54567147313974470E-01  1.00133960507531530E+01  2.13443507875529830E+01
  4.89717368181109780E-01  2.17950772021869010E+00  2.88669824488027800E+01
  4.82771447840326400E-01  1.69745787443715170E+01  1.97000358557387400E+01
  3.54092873053847420E-01  1.33277893689908640E+01  8.82152827697207800E+00
  7.67457697882333090E-01  5.15518115059016680E-01  1.95338201492842000E+01
  4.43129600128677660E-01  6.82393115519118080E+00  1.23002935417529930E+01
  5.61514797181737530E-01  6.85162968027241350E+00  2.68415517299518490E+01
  5.82207618145930890E-01  2.50971022302452940E+01  4.32095707217541760E+00
  5.94092381958372510E-01  2.72962436641401180E+01  2.68906955624923790E+01
  5.64318884198494160E-01  1.23215991376888060E+00  2.20992968832337840E+01
  6.16837537735261420E-01  2.62564095103381380E+01  2.76611409683735840E+01
  4.20581746236023420E-01  2.24598073095165770E+01  8.92538254372204070E+00
  3.16022212934137680E-01  2.48507769504703480E+01  2.95025328022390210E+01
  4.59502380082057990E-01  2.13724461186354160E+01  1.39745959413557100E+00
  7.48336469443998900E-01  1.08573031212380790E+01  4.89056727230089110E+00
  6.90159994875631000E-01  2.09182292482345530E+01  3.81674246333600530E+00
  4.68364091588631840E-01  8.89405215562474890E+00  1.19249472638587650E+01
  4.05593309893122810E-01  8.18199698723819500E+00  2.05589799697812230E+01
  5.55687039951364880E-01  1.21177201210682850E+01  1.34534787560506840E+01
  2.83840017940612550E-01  9.87921964032777570E+00  1.75407548692128370E+01
  5.98280766214214580E-01  2.23505066273567400E+01  1.79703540012246950E+00
  5.84913004272127690E-01  1.33289252277979300E+01  1.46570942471452260E+01
  2.83840017940612550E-01  9.36651474788033770E-01  8.69864854842143310E+00
  2.83517655556827110E-01  8.67531421747454350E+00  1.92657233575499520E+01
  5.27599340399055180E-01  1.35799961118038970E+01  2.83176500933809800E+01
  6.24824560398126750E-01  4.05034794510242070E+00  1.30221541045964810E+01
  4.84167632717154460E-01  2.51284029607568730E+01  2.23858038362940660E+01
  5.66562802601083430E-01  2.82676611063031480E+01  9.40263535887796030E+00
  5.81213412342838430E-01  2.91857444479634790E+01  2.54889256643905250E+01
  5.13285974501586400E-01  3.50247294618538210E+00  1.56345818379683500E+01
  5.29625185962053640E-01  1.23155342267915020E+00  1.31620307677633170E+01
  3.30104909316010620E-01  1.06084562151814480E+01  1.09939823495874960E+01
  5.48174971142568520E-01  1.96146429229019290E+01  2.23228524506778500E+01
  4.72192289519205580E-01  2.02425318717462800E+01  1.98379126658851770E+01
  4.53126113496558960E-01  2.44646354505050530E+01  2.88374522602244810E+01
  5.25993347610763350E-01  1.40753145545863580E+01  2.15942447743944930E+01
  4.75338540515479570E-01  1.93016153758359610E+01  1.70475956080892030E+00
  4.30858982518450690E-01  1.36505260015939210E+01  1.19435120356731370E+01
  7.09741570678139940E-01  8.56395401238007100E+00  1.00286009386778140E+01
  5.05409982910693060E-01  1.82137773009219900E+01  2.34703610205581990E+00
  5.20369884994360540E-01  1.14374555939519400E+01  2.22361182787144750E+01
  2.73281005279713530E-01  2.05466337837560790E+01  1.35809207590467800E+01
  3.09574052588245370E-01  1.11121133571700440E+01  1.13876470456737580E+01
  3.18095930761502070E-01  1.88853862175486070E+01  1.69366857406159210E+01
  4.46537248270915300E-01  1.76496361874341560E+00  2.46647202452786660E+01
  6.38830345620663920E-01  8.70199848934466050E+00  5.70270891899313880E+00
  6.68397269451762100E-01  2.89705133567773670E+01  1.42102626617022650E+01
  5.32488384254616510E-01  8.54639931827600210E+00  2.94377438703355310E+01
  3.17579752081870750E-01  1.45673712524997630E+01  6.70592471428150550E+00
  5.16710955738981780E-01  2.03916304818284610E+01  1.78620151838601940E+01
  4.49545157175862540E-01  8.24073387999797900E+00  2.57458857983785800E+01
  3.20574425314766210E-01  2.64885456706649120E+01  1.78139422855447800E+01
  4.12246671516209600E-01  2.84877386415256520E+01  1.54810084842267270E+01
  4.94550785807675550E-01  2.19902869393824930E+01  4.31713390231714820E+00
  3.59079136884617700E-01  9.00844600942175160E-01  8.05716422457937930E+00
  6.10572080928614460E-01  3.20023460895964180E+00  2.84592920411430230E+01
  4.75338540515479570E-01  5.17045056291153140E+00  2.47222867525530390E+01
  5.09574347305064630E-01  1.20733285408708750E+01  2.34210267652081150E+01
  4.18189647978318300E-01  4.02621891372537810E+00  1.89159966969323320E+01
  3.76753951196820710E-01  1.52007949127487800E+01  2.51372031923241080E+01
  3.84533934306195220E-01  2.89893157206265780E+01  1.62547492894724750E+01
  6.60767019732147710E-01  1.96430939126993850E+01  3.37400804912972820E+00
  5.64318884198494160E-01  1.56605827113526660E+00  9.26588913196537330E+00
  4.69750256464274060E-01  5.51198578466944510E+00  4.66339553732564130E+00
  6.88340418185590860E-01  1.97222614779836400E+01  2.35542417233637420E+01
  5.93150731645016190E-01  2.62724681603672150E+01  2.88699867542077620E+01
  7.17499092254363010E-01  2.75678869812504210E+01  2.45430733004449630E+01
  3.79322922295397280E-01  1.97453844022872180E+01  1.16043127880364900E+01
  3.20574425314766210E-01  7.97612765693046020E+00  1.66528486626657790E+01
  7.17953871372127320E-01  2.54136874741276090E+00  1.97798381282222240E+01
  3.42409596243210680E-01  2.96660384487159340E+01  7.83426617019445980E+00
  4.43129600128677660E-01  2.91174017931063570E+00  2.54747359156742630E+01
  3.78068289465320630E-01  3.42561066688043960E+00  3.13178495343906830E+00
  4.75338540515479570E-01  4.03134403464457590E+00  1.00308367936230920E+01
  7.38532964590205680E-01  2.54214338374289850E+01  2.35726263750660860E+01
  5.07606992315717240E-01  2.73594694152659590E+01  2.18755492127140340E+01
  2.86134314477376340E-01  1.52859449903655290E+01  1.86055636170856080E+01
  5.07437626189109900E-01  8.70628897017547660E+00  4.55704061189915780E+00
  6.15073771326759470E-01  1.66871131874615770E+01  9.11879185105564720E+00
  3.30104909316010620E-01  1.03928959297135390E+01  2.72075193623875330E+01
  6.66683478841499700E-01  2.87562651174561840E+01  2.38346670635586090E+01
  7.49545055295440930E-01  4.90376159923585140E+00  1.74336574416088230E+01
  2.54824432159977790E-01  1.86797416906384900E+01  2.76301356246766370E+01
  5.72142532162989690E-01  1.10323441394583990E+01  2.12219928994345820E+01
  2.77147605524350650E-01  2.37832621290191070E+01  1.85791049215471560E+01
  4.68364091588631840E-01  2.66022649952699340E+01  2.38215082633863170E+01
  4.82771447840326400E-01  1.47372481805071160E+01  9.40094719967879300E+00
  2.50971712925384870E-01  2.18057106570250740E+01  8.02106747311372280E+00
  5.38024295323284910E-01  1.19094449719861690E+01  1.74338745321936430E+00
  4.13050329149462850E-01  2.75781683494285550E+01  4.53304911219708910E+00
  4.86590143357422540E-01  2.45278232778093570E+01  1.83809233056118760E+01
  3.16148313226467530E-01  2.02444245075002010E+00  5.14949035863188790E+00
  3.81419328643079860E-01  2.75052481511669670E+01  1.60782219501741150E+01
  6.52911031193170470E-01  2.78225819120582220E+01  7.15300163993264530E+00
  4.49150663742554990E-01  6.13817691244688920E-02  5.58488605163562380E+00
  4.73113776075054650E-01  1.05268285179037480E+01  2.35528168310063050E+00
  3.65995101567518470E-01  1.79058941989903660E+00  2.13569666193609680E+01
  3.46028387031474870E-01  2.67047130744599950E+01  1.02029528013504040E-02
  4.23675716525973380E-01  2.51232181963116470E+00  2.79585429817935660E-01
  2.47261092463374420E-01  8.70648483653643620E+00  2.86753742860907900E+01
  2.63339374245984010E-01  1.06878899884115360E+01  1.61222754904098660E+01
  2.59062449636064510E-01  2.31799123636673880E+00  2.51013551781448430E+01
  5.77180454669814490E-01  8.12891639945853230E+00  6.77307204816290390E+00
  4.06599624824484800E-01  1.09426578432557730E+01  1.55036807973039870E+01
  4.65278877330243820E-01  1.57151305487394060E+01  5.06275958327602280E+00
  3.07263188066738420E-01  1.92399641718031160E+01  9.25420680882539060E+00
  3.88697647565240350E-01  9.67544207765691060E+00  2.71703446775831270E+01
  6.62122603690132470E-01  2.63110481184770460E+01  9.35426919537769840E-01
  3.79322922295397280E-01  1.71719686159302040E+01  2.95539148359795970E+01
  3.53063097104977870E-01  1.89875793047171870E+01  1.42408322975527960E+01
  6.88885956497308970E-01  2.12404642936240680E+00  1.32212471685526060E+00
  5.33066537704075310E-01  1.18189783977115080E+01  4.04581109131459990E+00
  3.42074681651230290E-01  9.58810016437294800E+00  2.78956034143280360E+01
  4.24351701398837560E-01  2.60432120709742460E+01  1.13644718270241080E+01
  2.92456502136063850E-01  2.51354924222723530E+01  1.29376233361310630E+01
  5.90639534364661320E-01  7.23798928650750110E+00  2.09239005429654870E+01
  4.09705559579089850E-01  9.30969541385741910E+00  1.31102607886811810E+00
  3.59079136884617700E-01  1.65459654677699670E+00  2.59732628640054730E+01
  5.27599340399055180E-01  1.96746675897502070E+01  1.47900188824089400E+01
  5.38382256471750510E-01  2.18709496915243730E+01  2.38250001279434040E+01
  5.96963967672292380E-01  2.35306984182139520E+01  1.00942223649227250E+01
  2.96503602823160150E-01  2.48845375977953970E+01  1.72933319716174690E+01
  3.64593218166308700E-01  3.24588041120766490E+00  1.89589812045912500E+01
  4.18947112612636110E-01  2.52137202572378970E-01  8.54223943739893170E+00
  5.40946473112310590E-01  5.33388018759327660E+00  1.43956614716606350E+01
  3.35017483125717060E-01  2.23873522938313340E+01  6.66571393065344960E+00
  4.75626642073745920E-01  4.74084608214199840E+00  2.01072601710584920E+01
  3.04461637453634990E-01  5.00410523961426270E+00  7.49245721437884620E+00
  4.36315933331792570E-01  1.22293719314384860E+01  2.71171154438274900E+01
  6.77666041374141330E-01  6.19808851254658680E+00  1.05423898167811050E+01
  5.67035311113654220E-01  7.04994140210379780E+00  2.45754046318696740E+01
  3.38650161839631010E-01  2.96539767522498610E+01  2.13987865348909270E+01
  6.94010183176834960E-01  1.08019401863431350E+01  7.29233555952062760E+00
  7.10410487391814980E-01  1.83312037118905420E+01  2.07500147571831910E+01
  4.54567147313974470E-01  1.73121111049389500E+01  2.82933293409012630E+01
  2.52169786807371790E-01  1.97482418647793200E+01  1.61220219646209840E+01
  3.01799748246536660E-01  2.18853034073944490E+01  2.94101745668229700E+01
  4.27719079604653450E-01  1.04505855069824350E-01  1.04759048940112360E+01
  3.87762191716535260E-01  2.52961893949154340E+01  2.89577441338892850E+01
  5.72951670348821020E-01  4.75928503786283750E+00  6.52075690018459220E+00
  5.09222041678605210E-01  1.78317159347031210E+00  1.46736350511517180E+01
  5.25993347610763350E-01  1.78216212319950460E+01  9.23258664964072470E+00
  3.12648490279368120E-01  1.29762633007856000E+01  2.71244477334992310E+01
  3.32399546609116130E-01  1.78336960249644140E+01  4.26805011637552840E+00
  4.43807889241729470E-01  1.36949867741555200E+01  2.73548335890194990E+01
  3.44170209092795430E-01  2.61203871666874080E+01  1.83650139149169260E+01
  2.54824432159977790E-01  2.33142868342592460E+01  1.20647278728986770E+00
  4.21963532045373490E-01  2.85201921621073000E+01  3.14991202182591580E+00
  4.11696508529454960E-01  2.58102547772856060E-01  2.20864121552261810E+01
  4.11346310528290360E-01  2.21252148450499670E+01  2.60392184274352340E+01
  6.16837537735261420E-01  2.21040055713844800E+01  6.08329888676337300E-01
  4.83570943621045310E-01  8.61042063776205420E+00  7.58706062309905600E-01
  4.32382463464541460E-01  1.82229477504240160E+01  2.57497668067340870E-01
  5.92513140571182980E-01  2.56235136870419530E+01  1.02168903084984600E+01
  3.55036581058269410E-01  1.55562504510983430E+01  2.22938415805176500E+01
  4.74581552528920360E-01  8.12150924724273790E+00  8.69641635468911290E+00
  3.44905765886116280E-01  1.74300149080688560E+01  2.63866536935631330E+01
  5.96963967672292380E-01  8.91263472124894560E+00  2.65467362994043480E+01
  2.68569610726517900E-01  2.29898398247199080E+01  6.69732768112379690E+00
  5.80290806494985740E-01  2.09514674155632750E+01  9.97079730679347520E+00
  6.25336422111717830E-01  7.72289019655881770E+00  2.35294766517683700E+01
  6.17452885167652710E-01  2.76099717462548500E+01  1.25401196909741600E+01
  3.29506256422424390E-01  4.35313350651410060E-01  1.72713861709286680E+01
  2.58355477869490890E-01  2.47068415016282250E-01  1.78272178080373290E+01
  4.69641390777102340E-01  2.89215605365517840E+01  5.19786524297227000E+00
  3.49095179616795370E-01  8.49207041623768430E+00  1.98710204099629100E+01
  3.27988333844876360E-01  2.10803770763226050E+01  1.73528925302243910E+01
  3.86383264228710210E-01  2.96535428213341310E+01  4.75564211549387930E+00
  4.75543307221801650E-01  1.77976016522292790E+01  1.53982203024700300E+01
  5.07815655211632320E-01  2.54023360160369830E+01  1.79077638153087690E+01
  6.08088426536500660E-01  2.61096829519548730E+00  8.73618162007506530E+00
  3.93024383017402490E-01  2.78758030005897340E+01  1.78068581098004190E+01
  7.48336469443998900E-01  1.34838368446136500E+00  1.18910619747893060E+01
  3.13454063710418570E-01  1.92931799260413260E+01  2.47044842433445630E+01
  4.43133439323318520E-01  2.11418015413921550E+01  2.94429985699279260E+01
  3.62493203924014780E-01  2.69997022896961420E+01  4.01826747557638790E+00
  5.72881440675418570E-01  2.66248922995946980E+01  1.91294752804066060E+01
  3.71299762957800540E-01  5.11676640098362420E+00  1.93347004776145330E+01
  5.13143010843963320E-01  1.87046792337818320E+01  1.33161902944712300E+01
  3.87533216804236250E-01  1.47823987689895380E+01  1.98570057845409630E+01
  3.90540239164096370E-01  1.38812719329646540E+00  7.48766245825972640E+00
  4.11696508529454960E-01  2.35166159913984880E+01  2.88540977607655580E+01
  4.19670751191123690E-01  2.68512619085150470E+00  4.82802756237386000E+00
  5.39922025342825940E-01  9.33666635523577430E-01  6.04817666498468840E+00
  3.73125396709624990E-01  1.79907752705544330E+01  1.97072797997364760E+01
  5.72628172168292430E-01  2.34087934268606440E+01  8.63699813695379250E+00
  5.63660960642019760E-01  1.37847970092996020E+01  1.87430334051988580E+01
  7.54397230300637300E-01  2.96638407577518710E+01  2.88280420320944140E+00
  4.07877171249442140E-01  1.04246962040171200E+01  1.79661049099791480E+01
  4.61178090502161720E-01  2.45730072586642980E+01  1.02728123794454050E+01
  3.50974061745161330E-01  2.53019280376451900E+01  8.48603759100441480E-01
  4.22541054278063120E-01  1.58834660424364350E+01  1.13461076407684040E+01
  3.25036994184950640E-01  1.22277329288488780E+01  2.54555070403886140E+00
  4.96042965314236020E-01  2.11673332102595100E+01  1.52001721135167940E+01
  3.04461637453634990E-01  2.14163748562971850E+01  1.61984696854939510E+01
  4.21290506291976640E-01  9.56269090688231490E+00  2.20948161060981650E+01
  4.26578460793149810E-01  2.82269275600618280E+01  3.94581832475686060E+00
  3.91816801400439550E-01  1.13780292467720960E+01  2.50461099296480950E+00
  5.32262962461145860E-01  1.65038191337225480E+01  1.41794250863027520E+01
  6.07718241283317260E-01  2.85863648472556340E+01  1.96583110713796470E+01
  5.13425754976809310E-01  1.94721923746193680E+01  1.26352965449303640E+01
  5.46829204411607870E-01  4.74183884039020230E+00  5.32605271310251900E+00
  2.99038091422116640E-01  2.85566731408314250E+01  1.67834094799510220E+01
  3.65374026971610010E-01  1.56319202259045760E+01  2.72181426831986180E+01
  3.46733456860136300E-01  1.02702590898420110E+01  3.13365978741375880E+00
  5.01833768532536340E-01  2.77679531901760370E+01  1.69197498912150590E+01
  2.88617724104866640E-01  2.29941165725779050E+01  9.39083969192095220E+00
  3.13454063710418570E-01  3.48526984825210470E+00  1.13488593108219360E+01
  4.43756654693070110E-01  1.35757396571685010E+01  5.04890543312664870E+00
  5.20369884994360540E-01  3.82766913437785040E+00  2.57701516933315170E+01
  7.41720708060832300E-01  1.00232492784803280E+01  1.37692135056927490E+01
  2.99038091422116640E-01  8.86793936448882820E+00  2.03988612067283410E+01
  3.93024383017402490E-01  2.16114575742047950E+01  2.21234077373514350E+01
  2.53364602799301860E-01  9.17736251391318270E+00  1.97879096446573910E+00
  5.48463672908306780E-01  2.14079833173337870E+01  1.10025621368279790E+01
  5.63660960642019760E-01  1.12671914285247810E+01  2.68497027890136340E+01
  4.99487474973056500E-01  1.60115587266961760E+01  2.55490494841345420E+01
  5.32488384254616510E-01  2.38827553928534720E+01  3.10324861110703540E+00
  3.62493203924014780E-01  1.28197005307636330E-01  2.61856004813171880E+01
  3.90540239164096370E-01  2.36775165910748240E+01  1.64346530771878390E+01
  6.25248164210708260E-01  2.74621004821456760E+01  1.02807693329069320E+01
  3.93024383017402490E-01  1.84618207280979480E+01  1.48421838115992790E+00
  2.83517655556827110E-01  2.08936779246162520E+01  1.59296858501346620E+01
  5.16562546778196820E-01  2.92639885818674020E+01  2.27085086545130320E+01
  5.96777348356598920E-01  1.05839701435073330E+01  1.69751533599305410E+01
  3.35017483125717060E-01  2.61600890852802510E+01  1.99417374574242710E+01
  5.69344335137112000E-01  2.52053903484031030E+01  2.53769868899099330E+01
  5.55509338843663690E-01  2.26774313821954050E+01  2.74257905439339420E+01
  4.09775903561979240E-01  4.93820306740042270E+00  1.24480237380464340E+01
  3.20574425314766210E-01  1.78954708216053970E+00  5.96953272411473450E+00
