1
  1002  2.96924426640336700E+01  2.96924426640336700E+01  1.00000000000000000E+00
        0.00000000000000000E+00  0.00000000000000000E+00  0.00000000000000000E+00
  3.62493203924014780E-01  1.78559129008315940E+01  2.42591819266024300E+01
  3.90540239164096370E-01  1.84912600658555170E+01  2.29820284447714190E+01
  6.25248164210708260E-01  1.90963527109809340E+01  2.54558717860034560E+01
  3.93024383017402490E-01  2.11945655039908850E+00  7.57209259236940470E-01
  2.83517655556827110E-01  9.24273905313383360E+00  2.93737677186217390E+01
  5.16562546778196820E-01  2.51244904296609770E+01  1.07875135884580280E+01
  5.96777348356598920E-01  2.26302742505363350E+01  6.83597849592515950E+00
  3.35017483125717060E-01  1.37994172732895940E+01  9.71592217858789730E+00
  5.69344335137112000E-01  1.24390433625051530E+01  1.77384659821603630E+00
  5.55509338843663690E-01  2.85688895667369560E+01  1.39370713575223670E+01
  4.09775903561979240E-01  2.28596202763841240E+01  5.85650595943602430E+00
  3.20574425314766210E-01  1.12203927174064240E+01  2.34642052948190740E+01
  5.39466591144820300E-01  6.98837517577034810E+00  2.95287866592390920E+01
  5.18725390566230620E-01  5.44238277641120230E+00  1.18841429798758580E+00
  3.62493203924014780E-01  2.02843708693099390E+01  5.37566189220835430E+00
  4.23675716525973380E-01  6.91077147775439120E-01  9.94494368581927010E+00
  4.13050329149462850E-01  1.60082854914615650E+00  2.23397579484758810E+01
  3.01731430220296380E-01  2.53659727540118600E+01  2.87246978514515410E+01
  3.48156346672602490E-01  1.14990093778441760E+01  7.76548090589948000E-01
  6.83531487369900860E-01  5.71116543252068710E+00  1.20962793119933230E+01
  3.27197753470684690E-01  7.14949772593975740E+00  1.59651957315634220E+00
  3.50974061745161330E-01  2.44401928813923450E+01  9.05674952689305000E+00
  5.77649046292645880E-01  2.15643632032343750E+01  2.85887421780406610E+01
  5.13614394364816020E-01  8.52899096098654040E-01  7.26156334370413430E+00
  7.17953871372127320E-01  4.81336370708186050E+00  4.51553153065032650E+00
  3.01731430220296380E-01  1.10645707548682480E+01  2.14711028095723790E+01
  6.14584822297879540E-01  3.46803102604703460E-01  2.62075973870407420E+01
  4.69641390777102340E-01  2.58471461219208790E+01  7.49121904931018620E+00
  4.49154676673646060E-01  1.60394126421522090E+00  1.30521060204853950E+01
  4.82268891960512480E-01  2.01546921043939480E+01  2.08788271343877090E+01
  6.26908127420837150E-01  2.04367147020784650E+01  2.90123432524985820E+01
  2.50971712925384870E-01  1.04095416057694480E+01  2.85522192344107420E+01
  2.62213147743524950E-01  2.65440168614881330E+00  1.57433685141391460E+01
  6.45167794061425240E-01  2.60747057622278660E+00  1.98098171418341560E+01
  5.94931591270377070E-01  9.18415425667059710E+00  1.74361362319797240E+01
  7.68548325332126940E-01  4.24993481104716770E-01  2.22385376323791450E+01
  4.36195486319121350E-01  2.32107587323526140E+00  1.11895175893672030E+01
  5.33066537704075310E-01  5.80664425055684230E+00  1.36328920905859550E+01
  5.62178328188990490E-01  2.02814675864095120E+01  2.55032317443318100E+01
  2.97561439636419770E-01  2.00892113200890710E+01  1.91106762273780610E+01
  4.82771447840326400E-01  4.56076858875182190E+00  1.22823017230998150E+01
  6.61562106526255890E-01  3.20749741667923690E+00  2.74263568929042840E+01
  5.04339573614743570E-01  2.11134898257956460E+01  2.32200730141363570E+01
  3.45648959319623030E-01  1.50078142871251410E+01  8.18802779829092490E+00
  6.95947079841625180E-01  1.57042084469467780E+01  2.43991383825687290E+01
  4.75626642073745920E-01  2.09732214167696680E+01  1.42150998754948520E+01
  2.57534358191145160E-01  2.52206592666764000E+01  1.96887827263252360E+01
  6.30423428531534040E-01  2.87971422743618320E+01  1.58769028961134780E+01
  3.25516939164680520E-01  2.80395478832230440E+01  2.83950883400132310E+01
  3.14110289759674140E-01  1.00035489999507640E+01  2.74141171590824260E+01
  3.99477862283745790E-01  2.11336471961335840E+01  9.11924591007216460E+00
  6.47236078597052340E-01  2.41320331081479900E+01  1.13929559175795350E+01
  5.28731261397185740E-01  4.61240518520752740E+00  2.91744212230302540E+01
  4.43807889241729470E-01  2.26730404189090040E+01  2.12220989396974510E+00
  4.82268891960512480E-01  1.43666633586843540E+01  1.81362431412645750E+01
  4.30858982518450690E-01  1.60642085501159570E+01  1.30374627879948260E+01
  4.18947112612636110E-01  1.17732563501808760E+01  1.91908091057568980E+01
  3.50662231740508900E-01  2.37786440330409510E+01  9.36116307544801350E+00
  2.85767805251094040E-01  1.67691121302914930E+00  1.98362818720788740E+01
  3.45648959319623030E-01  1.78607612010617270E+01  1.79201129163498010E+01
  3.45648959319623030E-01  1.19161636748409500E+01  7.54933956179841290E+00
  6.42005949159872720E-01  1.29507215410726850E+01  2.59607190820392620E+01
  2.74003615458356760E-01  1.38867265381928750E+00  9.93455507912679890E+00
  3.87653287431749970E-01  1.23848959447175240E+01  2.14275293518829560E+01
  4.18948713530687210E-01  2.95480066029328160E+01  9.83790277309832110E+00
  4.53451232343747090E-01  1.26549980405209850E+01  6.93988169401684200E+00
  4.21603844523193420E-01  2.48420455629469840E+00  2.82312188025545260E+01
  2.62213147743524950E-01  1.87553430704085680E+01  7.51348529659550040E+00
  6.94903868090152520E-01  5.03003280208695180E+00  1.77591793550659960E+01
  6.31563936872940970E-01  2.34204469757753130E+01  4.42941081289826940E-01
  7.01778375544082420E-01  1.65942305592925020E+01  2.89757626302542910E+01
  3.46434506905438330E-01  8.27752522095001100E+00  1.68399739559888030E+01
  3.50662231740508900E-01  1.04737367265815810E+01  1.47775462042333650E+01
  3.01799748246536660E-01  6.57434296862584940E+00  2.02928309969063140E+01
  4.41298336829792340E-01  2.18871217333791710E+01  4.26107845568709820E-01
  3.39481361119070080E-01  2.50374839469040000E+01  1.79942611304192680E+01
  3.83181557852844270E-01  6.14782168149773160E+00  2.09749473263205000E+01
  6.75156127532392600E-01  1.81977472682655690E+01  1.45704193627627400E+01
  2.73281005279713530E-01  6.27133992153459550E+00  2.30848045062408320E+01
  6.65634982039605120E-01  4.69998072277957220E+00  9.08527626260216970E+00
  2.54824432159977790E-01  2.30430582881906430E+00  2.47144404417205890E+00
  2.84029264846615530E-01  1.19938970242725650E+01  2.91358930317469810E+01
  4.62836237406567810E-01  1.07279039681528960E+00  2.85510717025285600E+01
  3.33973424357718240E-01  2.93865691176317620E+01  1.79752259177369780E+01
  4.91872428060923640E-01  2.60326303052435290E+01  1.21225946463988890E+01
  5.52490392167627680E-01  9.12940032175437640E+00  1.34960358010756280E+01
  5.39466591144820300E-01  2.42149870577514970E+01  1.34382921779139610E+01
  5.65219172841477580E-01  2.68277086461192770E+01  2.35354312217260850E+01
  3.53776024442120150E-01  2.39519195426293870E+01  2.72901403797896370E+01
  5.54611473665029210E-01  6.07630867044774800E+00  2.39887571699985390E+01
  4.81368497469048420E-01  1.15435351716182130E+01  1.09344721273652150E+01
  2.84672167568555990E-01  1.76124369973571360E+01  1.53303167315741450E+01
  3.06898385793053400E-01  1.74397203008586030E+01  2.83207330883630990E+01
  4.49954956992444630E-01  1.41460666299392380E+01  1.04200077041066400E+01
  5.88686278844574580E-01  2.66823461041790750E+01  2.73827224601121790E+00
  4.36315933331792570E-01  8.03079237788329440E+00  2.51558108726546440E+01
  5.46155746035104350E-01  7.49006510393007740E+00  2.22062757797275550E+01
  4.11346310528290360E-01  1.57716003338753450E+01  1.06818223340639380E+01
  7.44650008855257360E-01  5.71683825028504340E-01  2.07338990798447970E+01
  4.68162992243922280E-01  9.46688512209081170E-01  1.95811119227272140E+01
  7.11073931023246340E-01  2.21635993687760230E+01  1.18717065305502540E+01
  3.02034441597155470E-01  2.87489145581545530E+01  8.95140677285303180E-01
  5.12509616084684260E-01  2.76686292835657710E+01  1.14529373947737450E+01
  3.40422717275118370E-01  1.96848101100435730E+00  1.04979125373574330E+01
  6.65634982039605120E-01  1.42545697474425420E+01  2.60337124821875570E+01
  3.75295693565172690E-01  1.11574285066488150E+01  3.03781402370740450E+00
  4.75626642073745920E-01  2.69899962776859010E+01  2.94953421924241290E+01
  4.72038094207023740E-01  1.13433783279005240E+01  2.70053643927915490E+01
  4.29902962432020440E-01  2.87071017553419100E+01  1.76266470427861570E+01
  5.68910711623079470E-01  4.54419041216206670E+00  5.77331471818806730E-01
  3.07263188066738420E-01  1.37294999688311240E+01  1.44948818682148790E+01
  6.10911033360540580E-01  3.01262890092872840E+00  1.80233716161048960E+01
  3.43353541919950760E-01  2.39543311754195440E+01  1.74357271329296250E+01
  3.15231116497538320E-01  5.34635337599989580E+00  2.57777613578262970E+01
  3.78068289465320630E-01  9.35580267077174990E+00  3.02008387013463290E+00
  2.54824432159977790E-01  1.67985454704635980E+01  8.54312307302031120E+00
  5.44558358435121190E-01  8.64568616117183100E+00  7.87351108222143470E+00
  3.56000803327192820E-01  2.52665446965061880E+01  2.80571764367467580E+01
  3.13454063710418570E-01  2.15240750623861140E+01  2.00636957066181440E+01
  6.12591031919131530E-01  4.27792831861786560E+00  2.67380388620403980E+01
  6.47236078597052340E-01  7.61960295713367850E+00  1.22349046378498600E+01
  2.65726189967390210E-01  1.93192518108895240E+00  2.83490383600323440E+00
  2.96653470797716330E-01  1.43690439442622040E+01  8.25447228316442510E+00
  3.45648959319623030E-01  1.13203637534042480E+01  2.08777505845059390E+01
  3.13454063710418570E-01  2.11291409541950030E+00  2.45686603801332630E+01
  3.39073066583844400E-01  1.31907583430133000E+01  1.99548605738355460E+01
  2.96256570285591500E-01  1.89973468934566370E+01  9.52116947631201780E+00
  4.19081387041561550E-01  2.15858391186427840E+01  1.28418601753085240E+01
  7.08391389715138510E-01  1.97124668276715380E+01  2.66376076720746370E+01
  7.16035261746952050E-01  1.68178512970078450E+01  1.92981311090430760E+01
  4.43133439323318520E-01  1.09113853930761580E+01  1.32021724605848370E+01
  2.73281005279713530E-01  1.39414190514556750E+00  2.80912950414779380E+00
  3.35017483125717060E-01  1.16382721908479250E+01  1.29262743305041990E+01
  5.09222041678605210E-01  1.70542865465746520E+01  1.58939284847713470E+01
  4.27719079604653450E-01  1.28588894067315280E+01  1.63525810938802710E+01
  5.81299825206354370E-01  5.19236182818936240E+00  2.11029691431847760E+01
  5.46155746035104350E-01  5.94468287703327110E+00  7.34352484769346780E+00
  3.05466220251299840E-01  2.83120389903331140E+01  1.83562163396937020E+01
  3.11838068626578210E-01  9.12296811676430330E+00  3.66871873782859170E+00
  6.27423008989955560E-01  1.76267185041864420E+01  1.13571827647117360E+01
  7.12424816007452400E-01  2.00171460025189100E+01  8.78474976311434650E+00
  4.41140732643827070E-01  2.92804740055983430E+01  2.99400322704863340E+00
  3.80273533482480450E-01  1.30835151838637780E+01  1.25106145398703620E+01
  3.29796701345061780E-01  1.10735330395063110E+01  2.49537569849834460E-01
  4.15252526658189590E-01  2.81162054976211730E+01  5.02936922388071480E+00
  2.59062449636064510E-01  9.75065615276180250E+00  2.91832746370861220E+01
  6.18419083689772810E-01  2.14036319457624630E+01  2.51403782729970860E+01
  5.04213456464067280E-01  1.26921056521683810E+01  1.92742669732012040E+01
  3.48156346672602490E-01  2.70102778091258100E+01  2.59490757080642350E+01
  2.89042915761794110E-01  3.86289021923427270E+00  1.87043222820393580E+00
  3.05466220251299840E-01  9.98501252454419940E+00  1.34546576337547390E+01
  6.49919166153384610E-01  5.24707296717207330E+00  1.60023398050232330E+01
  6.14379095469630790E-01  6.92202554625830220E+00  6.71926177742371690E+00
  7.00411917450214720E-01  2.92069646567149910E+01  6.27307209770385650E+00
  5.69344335137112000E-01  2.04491339886187440E+01  1.17596621700730410E+01
  2.57564851167384970E-01  9.42255398956888430E+00  2.63044273643498630E+01
  4.13050329149462850E-01  2.29790474886527330E-01  2.83171577171657770E+01
  6.18419083689772810E-01  3.78056951229961680E+00  2.36811273403296630E+01
  4.26523982883737140E-01  9.01182337621399650E+00  2.57582785862693630E+01
  3.78209123272245940E-01  1.27233981086273150E+01  1.76303787453944060E+01
  2.63055759251188670E-01  6.10114505368621090E+00  9.96764482138952880E+00
  5.00274833943758600E-01  1.33323723007744380E+00  2.43335152120802430E+01
  6.01687927537542500E-01  1.57120459798193540E+01  2.01503878154243560E+01
  4.86073626967704090E-01  1.11953365908576710E+01  3.89686298198087220E+00
  7.62474117278193650E-01  2.71056094353398580E+01  1.54309078499799050E+01
  4.87886881528419990E-01  1.38151493212909460E+01  2.18771927555532850E+01
  2.99038091422116640E-01  2.32903296218487660E+01  2.46392965625130240E+01
  3.50974061745161330E-01  2.45923133173655230E+01  6.33224975173239280E+00
  6.10572080928614460E-01  1.28144543344891030E+01  2.23283413631709600E+01
  3.01731430220296380E-01  1.96382256866326510E+01  2.76444947032046930E+01
  2.59062449636064510E-01  1.14270401516582790E+01  1.16654722155393920E+01
  6.99477888048091770E-01  1.78258553594906780E+01  1.68767951047421610E+01
  4.41666133880560000E-01  1.65625251812521950E+01  2.36539751610735820E+01
  6.86210935380316480E-01  1.62219570272497310E+00  6.31293748260627470E+00
  5.27425300578987690E-01  5.75867821280873220E+00  2.01517975390420040E+01
  7.54505484792745040E-01  6.99299470640640040E+00  2.82356127996349180E+01
  4.11696508529454960E-01  1.05143324826100920E+01  2.19238688776670290E+01
  6.26517897412854200E-01  1.00809169490036390E+01  1.25293909736253380E+01
  5.72142532162989690E-01  2.41449015952832800E+01  1.55826127571982220E+01
  3.47451934045076260E-01  8.48638796223354850E+00  6.99647912534709260E+00
  2.57564851167384970E-01  8.92247302487302640E+00  1.53844584241383710E+01
  5.33859136323620030E-01  9.33889169675734720E+00  1.16401896948948130E+01
  2.69169509893181310E-01  2.33955967009678930E+01  7.27136721507145720E+00
  4.24351701398837560E-01  2.46906245173796430E+01  2.75319593946789140E+01
  3.11762329988951370E-01  5.11254271318797300E+00  7.54871125009857200E+00
  3.50974061745161330E-01  1.89807771930559750E+01  5.11380588421580120E+00
  2.66929568161810020E-01  1.76408840036013790E+01  2.05820305353564240E+00
  7.20816873845379820E-01  2.04224118047510890E+01  2.42296766400706110E+01
  4.22201084465533680E-01  1.59972079119927470E+01  1.70334360837662620E+01
  3.09209541844886400E-01  1.57257572907054490E+01  2.17051256541770460E+01
  2.62213147743524950E-01  1.22263423043991360E+01  1.12280145643190870E+01
  7.60411681679863700E-01  1.55262270096376320E+01  6.40557608544739930E+00
  6.67521681419926690E-01  1.03087522422190330E+01  2.08646306703657980E+01
  4.37954134865551840E-01  1.95776750478895810E+01  1.85039098101270550E+01
  7.16654247500547470E-01  2.77439478359504610E+01  2.09624379351256460E+01
  7.12424816007452400E-01  2.58714956148971180E+01  2.26901921974332200E+01
  3.61198882346046800E-01  2.59098085171282550E+01  1.80483836203332790E+01
  3.82245446386266610E-01  2.68370079993894350E+01  6.78227919553184130E+00
  3.58737518624021320E-01  1.80574823894903030E+01  3.32254125018586420E-01
  5.81547682683179710E-01  8.74674283012248030E+00  1.45625300719922350E+01
  4.21963532045373490E-01  1.42547988709622670E+01  1.39891890618027330E+01
  3.12648490279368120E-01  8.88517925135328030E+00  2.64927309915645100E+01
  3.25036994184950640E-01  2.09162382724457460E+01  2.11446242950459220E+01
  3.83290088603488770E-01  7.58709048348836390E+00  5.93784077371829520E+00
  2.93443024193560210E-01  1.94692942864183640E+01  1.18031822763185690E+00
  2.66929568161810020E-01  2.45450329783127370E+01  1.76410650652405640E+01
  2.99038091422116640E-01  6.69170906453993730E+00  1.20553370700300920E+01
  6.00040109246873770E-01  2.25483279433944330E+01  3.30668164827048950E+00
  7.14535578675763720E-01  2.55285531268930510E+01  3.36880626279859370E+00
  3.06898385793053400E-01  1.29438714626424960E+00  1.88891017675831390E+01
  3.45648959319623030E-01  9.17412926235478920E+00  2.87496502980680440E+01
  3.87046365911375680E-01  2.19016142229970260E+00  1.52905434046412430E+01
  6.56539952722306990E-01  4.21016317883907650E+00  2.18530765966564790E+01
  5.07436062422724900E-01  2.72201174328526430E+01  2.85406902638898220E+01
  7.39270392714900380E-01  5.75428255704187560E+00  6.03583925351564150E+00
  5.38024295323284910E-01  1.11414740268898540E+01  1.76585189304073570E+01
  7.33199636544987770E-01  3.21243925775223230E+00  1.02727782506361700E+00
  6.31923671661538840E-01  1.75031629828299660E+01  2.04587302550535740E+01
  5.72951670348821020E-01  5.92753401136157090E+00  3.86468976959573350E+00
  6.40456937776772590E-01  2.37488082007970080E+01  2.38152664311668540E+01
  4.77241894706072770E-01  9.85552425870075940E+00  1.42257418447698590E+01
  7.64764367446448820E-01  1.78308185788944260E+01  8.19293413572964370E+00
  7.16535845940979770E-01  1.36701107527867670E+01  7.52159223622889520E+00
  3.10705613459761840E-01  1.60112256907635770E+01  9.08251917710758510E+00
  3.89901968262705180E-01  5.87560701601692070E+00  4.82573227001157080E+00
  7.15011499502423580E-01  2.57816841955535420E+01  1.39850259634451320E+01
  7.60297905848187840E-01  1.71707838817344790E+01  1.34776588309001540E+01
  2.65726189967390210E-01  1.17470696480681710E+01  1.48793553275797790E+01
  4.53492046339069340E-01  1.11390636740975530E+01  1.23170296279864400E+01
  5.18725390566230620E-01  1.03242020471994420E+00  2.53060600456529810E+01
  4.24020504903543660E-01  1.48079989355855140E+01  7.44510631951747110E+00
  5.17634268500846420E-01  2.18420324362353530E+01  7.71497349603601280E+00
  4.54567147313974470E-01  6.66804325322196250E+00  2.16363740771467230E+01
  3.65965634987757580E-01  6.54998639171357770E+00  1.79531136461505410E+01
  2.96256570285591500E-01  3.25382906279645480E+00  2.23133927147797490E+01
  5.50543265074639000E-01  2.23110823650207770E+01  2.64294408154775870E+01
  4.46540105696671490E-01  1.06553852957491590E+01  1.02606789822446020E+00
  6.47236078597052340E-01  2.27399876321731930E+01  2.82457760785049850E+01
  4.82769235883485770E-01  6.41287497750685450E+00  8.25944859955721710E+00
  2.97529618718302210E-01  2.55798544120630700E+00  1.88095644436607370E+01
  4.13811620468168510E-01  1.08333657303695090E+01  2.32036927671899250E+00
  4.87785457169642190E-01  2.64612921491467470E+01  4.12582779632212840E+00
  3.41778742319800830E-01  1.71237150623964960E+01  9.04321117024382380E+00
  4.05793634226126800E-01  2.20189309095540470E+01  2.31445599823269820E+01
  7.14516279726398110E-01  1.91776316612728510E+01  2.85497551012336390E+01
  3.71799304162545760E-01  1.71941458754861910E+00  2.80246101078793900E+01
  5.77820253962530560E-01  4.06069382613896130E+00  1.85831471023120970E+01
  4.75626642073745920E-01  2.86257606938320100E+01  1.12076802507832130E+01
  5.46562010559427060E-01  4.50349993680600490E+00  5.74027459890845910E+00
  3.29506256422424390E-01  9.83175993359976630E+00  2.86003325107258170E+01
  2.62213147743524950E-01  2.89786875186812140E-01  3.03088823865409560E+00
  3.63105686475124490E-01  2.92265201333068700E+01  8.03397239258771910E+00
  7.08391389715138510E-01  1.94018782709844790E+01  1.52513343745912980E+01
  4.26578460793149810E-01  1.00442421311191430E+01  2.60622539255723760E+00
  6.08873319065221350E-01  3.12253581081254070E+00  1.34003081926611250E+01
  5.39466591144820300E-01  1.33993303434004980E+01  3.20424693327866630E+00
  4.66553963192992600E-01  9.17755489272419030E+00  2.08162330776242750E+01
  4.82771447840326400E-01  1.02363865928950840E+01  1.81294036689259600E+01
  5.13004586318856950E-01  8.74742701789727130E+00  1.25026586883843840E+01
  3.17084428049163950E-01  2.57974087975348570E+01  2.75804429012518320E+01
  3.50974061745161330E-01  2.85573922822016290E+01  1.68604453280914650E+01
  3.82382183723224410E-01  1.61707028317486810E+01  5.22021067928770410E+00
  3.77759649416993960E-01  2.87494129787664220E+01  7.26214995893772390E+00
  5.74203886104520670E-01  1.39913812534724880E+01  1.05958217202176860E+00
  4.11346310528290360E-01  2.60988428271635370E+01  2.08079429930645180E+01
  5.06367095649294540E-01  2.76966026962404860E+01  1.88856606602329970E+01
  6.01687927537542500E-01  2.68816736380388800E+01  7.76492471066946700E+00
  2.49794182180603610E-01  2.79009649329942700E+01  4.38165403973316000E+00
  6.11481049571092420E-01  1.21812380471941140E+01  1.21001433797083600E+01
  5.03927515451986880E-01  1.84820983773511290E+01  2.64035980312394930E+01
  6.35485889077753010E-01  2.54461234311678150E+00  2.95132541306119190E+01
  2.99038091422116640E-01  2.60951095501419740E+01  1.29110335111808840E+01
  4.22541054278063120E-01  2.00873774967453970E+01  1.43530972987864730E+01
  3.05466220251299840E-01  2.47945177320549770E+01  2.85200164341191530E+01
  2.62213147743524950E-01  1.81930213511011200E+00  9.61541941424135520E+00
  3.61769499680632390E-01  2.25246500317107130E+01  1.59648851057051890E+01
  2.47647088603063280E-01  1.20299556189966510E+01  1.04833069874055270E+00
  3.11155895623034430E-01  5.83642782041999550E+00  1.04768553786392730E+01
  2.66929568161810020E-01  1.71086508359010200E+01  2.05210909879556390E+00
  6.90395435464654740E-01  8.55534523550347710E-01  2.74085485059251330E+01
  2.96503602823160150E-01  6.81348670315216070E+00  2.08405682230592540E+01
  6.57722721512726150E-01  4.99764114516182280E+00  1.09608758313700370E+01
  7.24777883420223110E-01  1.67937021345466670E+01  1.78575424987311990E+01
  5.48279863025970290E-01  1.97142384601588960E+01  1.26002168521183600E+01
  6.40748513009616880E-01  8.34776882711225100E+00  2.72797364851897160E+01
  2.56092450391898300E-01  2.73997615077502700E+01  7.08262970437372100E+00
  7.17499092254363010E-01  8.26425136327530470E+00  3.10165745425490070E+00
  4.66141488621800890E-01  2.14736197286195850E+01  2.23205989503541990E+01
  6.33759023001558490E-01  4.39976774043453300E+00  2.79930530615667160E+01
  5.48279863025970290E-01  2.55685103278393480E+01  2.51456521333050380E+01
  4.19081387041561550E-01  2.02343964378109110E+01  3.83915548195261900E+00
  5.70902198024309190E-01  8.01348357835053450E+00  1.83917097618035450E+00
  3.17950877609215300E-01  1.95566319987378990E+01  7.86366267154794050E+00
  5.96963967672292380E-01  1.78964619059803010E+00  1.61880328694254590E+01
  6.18832453479690690E-01  1.78728365762895830E+01  2.52398928441696170E+01
  2.63339374245984010E-01  1.91651799583096500E+00  3.36374485594675710E+00
  3.55036581058269410E-01  1.16143127674137800E+01  2.42629241734924370E+00
  5.84913004272127690E-01  2.70775468314912790E+01  1.23772426289187930E+01
  5.77235448209733180E-01  5.56164274596384800E+00  4.99558917400833020E-02
  5.01105313190319460E-01  1.38046488196077520E+00  2.94637959129037840E+01
  3.83598938984435380E-01  2.63250956364403240E+01  2.56921882153097240E+01
  5.98360795606824340E-01  1.11204670890312920E+01  2.90154511321636300E+01
  3.41778742319800830E-01  1.55184999849900080E+01  8.65478361589471850E+00
  3.29796701345061780E-01  5.97331105615798650E+00  1.11133432798924510E+01
  3.84420431658369740E-01  5.92327798609886090E+00  1.83648277460308480E+01
  4.91872428060923640E-01  2.08417959290537260E+00  2.36867975205257760E+01
  2.93443024193560210E-01  2.41495819054391280E+01  2.91654698066801150E+01
  5.81299825206354370E-01  3.12859438481841720E+00  2.33750038389740440E+00
  5.68243553274813350E-01  2.44193743461280730E+01  1.94932626135830060E+01
  5.39001667068871980E-01  1.69261671018519420E+01  2.45741291427841660E+01
  7.01587183784351610E-01  1.03741388602003110E+01  2.40365454141032160E+01
  4.45239477383046460E-01  6.11793327447180600E+00  1.48713056890441260E+01
  5.39001667068871980E-01  2.30256914363605000E+01  1.09679732107103070E+01
  2.86134314477376340E-01  7.69968844231275100E+00  2.91100549580645270E+01
  7.70254277643880240E-01  1.48659208854136470E+01  1.29662181406741230E+01
  3.45648959319623030E-01  6.72846199669866780E+00  2.26682519205602980E+01
  3.39481361119070080E-01  1.73303373486649120E+01  2.37944126071839830E+01
  3.04461637453634990E-01  7.26985344406097860E+00  2.58390703826373700E+01
  5.20369884994360540E-01  2.41137591373780320E+01  1.44919993305478640E+01
  2.65726189967390210E-01  2.82473638444657200E+01  6.29306017211403020E-01
  6.26908127420837150E-01  2.43759019080820850E+00  1.23717631227983520E+01
  3.48480710258510130E-01  2.86975211384173830E+01  2.85376633087552600E+01
  2.96653470797716330E-01  3.61918731245844730E-01  7.90503307392021700E+00
  6.31923671661538840E-01  1.32306372585771420E+01  1.53612294041803710E+01
  4.09705559579089850E-01  8.14787927536436210E+00  2.28986260575402870E+01
  6.72499163702481620E-01  2.46658510972040690E+01  1.67106780832722000E+01
  2.84029264846615530E-01  1.19923891885773890E+01  2.19750445715821310E+01
  5.34631033075580400E-01  2.11015579779092910E+01  5.00791090811686960E+00
  6.17076625982510940E-01  2.86553243716625300E+01  3.84743314898934730E+00
  6.55074006360275090E-01  1.28443714692953980E+01  6.19025230434526640E-01
  5.46562010559427060E-01  1.35896042371357630E+01  1.32863849218299300E+01
  5.17626013175185660E-01  4.15974521092979540E+00  1.01370208467252730E+01
  5.82207618145930890E-01  7.67833052409044560E+00  1.87195374976299790E+01
  5.98268629341587580E-01  2.18270401427592770E+01  9.83661656884194890E+00
  5.34553382826858140E-01  1.51057254237220670E+01  2.33254305658526530E+01
  3.76753951196820710E-01  5.10856786580251750E+00  2.72740165775706980E+01
  7.52518120402026810E-01  1.25331278176300280E+01  2.72907026231533900E+01
  4.81368497469048420E-01  1.76149912178461320E+01  5.82572984722647910E+00
  6.47413426355271770E-01  1.66245523226073610E+01  3.31795836939360770E+00
  3.05466220251299840E-01  1.82302850557683590E+01  1.35907787306520810E+01
  4.46689977500956030E-01  1.11969985596868790E+00  5.29843467803866370E+00
  6.18566685513849460E-01  2.72546450809447160E+01  5.87292276543318790E+00
  5.36592099856838090E-01  6.41769394024044270E+00  1.58052646590436790E+01
  5.09574347305064630E-01  3.57391760331911000E+00  1.23780961888056830E+01
  4.92328788949218680E-01  1.13913803401878490E+01  1.60866210410874170E+00
  4.83351594707823830E-01  3.87024925725050650E+00  1.96261016297826000E+01
  4.40650972415989980E-01  2.28623018219732900E+01  2.31972504870237910E+01
  6.10911033360540580E-01  4.41359455850289080E+00  3.24885922959644580E+00
  4.34172467284937990E-01  2.79153292920304570E+01  2.76461164638002120E+01
  7.03188417218805210E-01  2.50012010511269340E+01  2.06232246603167050E+01
  2.92799561075502800E-01  1.83122398375919100E+00  2.19818695339805630E+00
  5.68243553274813350E-01  1.88209536535334930E+01  1.13150997649481900E+01
  4.60682082706054620E-01  9.77709976594544190E+00  9.83943190797423560E+00
  6.41715074739605920E-01  2.53621569743108920E+01  8.48986296671845860E+00
  4.55206736325743130E-01  2.75427114319501460E+01  2.43891706926318680E+01
  4.22201084465533680E-01  1.80083517346506420E+01  1.47656785980578360E+00
  3.63079661055833470E-01  1.93757527446914640E+01  2.45080466821410280E+01
  2.63055759251188670E-01  1.89349029431684140E+01  1.28239644117124950E+01
  5.32877675645020420E-01  1.02169956509587810E+01  1.50401326837101940E-01
  5.77235448209733180E-01  1.24758024448449290E+01  1.04268294292538410E+01
  4.09775903561979240E-01  1.11397790750579000E+01  1.51748526672353690E+01
  6.93187364831086050E-01  2.72600076403343220E+01  9.61480255651279240E+00
  4.30054269381220950E-01  2.34283923245466320E+01  2.90742405683553000E+01
  5.07436062422724900E-01  6.71780086806932180E+00  1.41321943879466210E+01
  2.49948351789403130E-01  1.66625443793639820E+01  8.05709610621264010E+00
  3.16022212934137680E-01  6.96134275055542510E-01  5.93238492167412620E+00
  4.72818350263822220E-01  2.32173135410565620E+01  5.05031892025101390E+00
  4.46689977500956030E-01  2.10587822280956410E+01  8.27675684107444280E+00
  4.74581552528920360E-01  1.65592805052161330E+01  1.10857349384208060E+01
  4.86590143357422540E-01  2.81475657239681570E+01  1.23532599798276280E+01
  2.73281005279713530E-01  1.48520070209836970E+01  2.04066613070009310E+01
  5.20515140446715560E-01  1.18326722056576550E+01  2.28882628246166070E+01
  4.13811620468168510E-01  1.22307998080706890E+01  9.33482817073263860E+00
  3.81419328643079860E-01  2.73409751206530380E+01  2.02616597015507650E+00
  4.05593309893122810E-01  1.30094099633736880E+01  9.60189536072804370E+00
  5.85380732291966590E-01  1.78744253751196500E+01  2.90986412803982790E+01
  4.06599624824484800E-01  1.69065140044873980E+01  2.55776135767227440E+01
  6.40456937776772590E-01  2.36094975088039330E+01  2.66794271176847890E+00
  4.75626642073745920E-01  1.66634110615365000E+01  5.92218405872973810E+00
  5.09222041678605210E-01  2.18321947403794710E+01  1.37352936129936440E+01
  5.77820253962530560E-01  1.98387324170418610E+01  1.07900930465698290E+01
  3.80273533482480450E-01  1.74509559879153430E+01  2.61448653767970110E+01
  5.01406606281285510E-01  1.36982862142086560E+01  2.50084124020608310E+01
  3.59079136884617700E-01  1.18287228732683170E+01  2.37670878264192390E+01
  5.94092381958372510E-01  2.91642469024961390E+01  1.76474959296788960E+00
  2.54611020839302520E-01  1.20915243514219140E+00  2.63147822928273210E+01
  4.99223721401470310E-01  9.99147394191448690E+00  5.17765558360236080E+00
  2.54611020839302520E-01  6.87729028312414940E+00  1.84795588545946890E+01
  3.20574425314766210E-01  1.74474735819275110E+01  1.04263930653461860E+01
  2.85767805251094040E-01  1.46958799611502510E+01  8.73604410521830490E+00
  2.54611020839302520E-01  2.66832606110599140E+01  2.64540317263199580E+01
  4.12246671516209600E-01  9.42648268671552000E+00  2.69739810738804810E+01
  4.41298336829792340E-01  9.20171958877867270E-01  3.34302858884453300E+00
  7.09985914168247060E-01  2.27027865567407930E+00  8.69137603155310680E+00
  6.80956647410425740E-01  6.86819122923666470E+00  3.03638218179881040E+00
  4.75338540515479570E-01  4.18001491155651460E+00  1.31613045747286000E+01
  7.49588614928249000E-01  2.03918651899525830E+01  6.94960263033876480E-01
  4.74033319401206570E-01  1.07188428528538860E+01  2.52471258875781180E+01
  5.20515140446715560E-01  1.87452388544315300E+01  2.73936685570918610E+01
  5.48131117613959250E-01  2.28801923759327720E+01  7.95176471730939750E+00
  3.46733456860136300E-01  3.39733256489575640E+00  7.22961267374903030E+00
  6.97384645011991290E-01  1.91054299007169700E+01  2.72638440708840250E+00
  3.78209123272245940E-01  2.79422109215136560E+01  2.20389107976755700E+01
  3.82382183723224410E-01  5.35010030041235310E+00  9.97656007169198840E+00
  4.46537248270915300E-01  1.39995612674147730E+01  8.96080676012543260E+00
  6.08690451339190200E-01  2.51742440482560250E+01  1.28097834871282890E+01
  2.59062449636064510E-01  7.91013099624198990E+00  4.01101094014423690E+00
  4.43756654693070110E-01  1.50987129315039240E+01  1.87011046236780270E+01
  3.18942867500738640E-01  1.48926222622562070E+01  1.18743006263064590E+01
  7.16535845940979770E-01  1.51469266438124240E+01  2.91139980505410950E+01
  4.62836237406567810E-01  2.59129102536053110E+01  1.51546371098600600E+01
  6.97384645011991290E-01  1.53314828877109760E+01  8.22363206353502460E-01
  2.47647088603063280E-01  2.44759355553273680E+01  8.43285887487363970E+00
  4.05793634226126800E-01  9.85359326310413590E+00  2.24032886648021230E+01
  5.37364664263313330E-01  1.87264545609930370E+00  7.50998293363778920E+00
  5.72881440675418570E-01  2.47723797917012870E+01  2.32735177822343430E+00
  5.04213456464067280E-01  1.94976488986019940E+01  5.83886769842977320E+00
  3.86557871019070410E-01  1.06883910809892410E+01  2.75588404500864610E+01
  5.62178328188990490E-01  1.33149837215266430E+01  2.09562490706880420E+01
  6.41715074739605920E-01  9.87208222475546120E-01  1.39748078817700740E+01
  4.54567147313974470E-01  7.46841145352393450E+00  2.12062805663341150E+01
  3.97011970696729720E-01  1.50160091861486930E-01  3.67355082979260890E+00
  3.99477862283745790E-01  1.43112919081387650E+01  2.98245351049020700E+00
  5.15931587153482510E-01  1.34229282618269360E+01  6.31461397712311270E+00
  5.98026541173087530E-01  4.28528426015623510E+00  1.51628343907550090E+01
  5.94917806945655060E-01  1.23816793131610630E+01  5.92780340629291120E+00
  3.86557871019070410E-01  7.38707847997969490E+00  2.31329805178379930E+01
  5.52347772924787250E-01  1.53167346130429750E+01  1.77295215087440140E+01
  4.05793634226126800E-01  1.37704526374062960E+00  2.15527378281366390E+01
  4.66753989857397040E-01  4.01541997307751150E+00  1.15074890804069570E+01
  6.77666041374141330E-01  1.57729857100818000E+01  2.78695015130272100E+01
  3.23306573977224420E-01  1.58929331837697420E-01  2.32968486312791080E+01
  6.88340418185590860E-01  8.62209247817496840E-01  1.52987272125981860E+01
  4.11696508529454960E-01  6.50083400589106300E+00  2.59123069625446400E+01
  4.03052389307286420E-01  1.13011404678356260E+01  2.21341820330714650E+01
  2.97529618718302210E-01  4.00032693628083540E+00  2.44062574459955070E+00
  3.13090147150790890E-01  1.05350081974578840E+01  4.34584862899657940E+00
  5.01435669612667030E-01  2.85511578018983950E+01  2.44865673328085230E+01
  5.26482748420329030E-01  1.49261160822579020E+01  2.70165496212763220E+01
  6.75156127532392600E-01  6.16106232128242230E+00  1.69882161652776200E+01
  7.20816873845379820E-01  2.29784933527213230E+01  1.79447090587443330E+01
  5.30006102735105960E-01  1.58524965052083700E+01  4.20681854089333300E+00
  3.43353541919950760E-01  9.39824462833487220E+00  4.26259214886844170E+00
  5.32877675645020420E-01  2.03613256849739130E+01  7.58932480210939710E+00
  6.44956217916396120E-01  1.73472157621026990E+01  2.20035948370948480E+01
  3.55036581058269410E-01  2.10370916258460600E+01  1.33872190500278200E+01
  4.30054269381220950E-01  2.46368314383993830E+01  4.08594515895434900E+00
  4.93734512940847830E-01  2.60647112187961980E+01  2.83457518164454320E+01
  3.42409596243210680E-01  1.94514093758704260E+01  2.14058926062916970E+01
  5.58952633370732950E-01  2.36841502890233360E+01  6.36323509948507930E+00
  4.49954956992444630E-01  3.29754044758217240E-02  1.96699061597324660E+01
  4.11346310528290360E-01  1.18967824861916330E+01  1.30834524184701740E-01
  4.72818350263822220E-01  2.77003692755814260E+01  8.52522579294513960E+00
  5.00672486592370710E-01  1.07965121162969520E-01  1.87239106447319440E+01
  4.15334611176110170E-01  3.49921813986985470E+00  1.07947060643988380E+01
  7.70254277643880240E-01  1.12596743839245160E+01  5.15067177805327070E+00
  5.32262962461145860E-01  5.20904693105244920E+00  1.45137973689080140E+01
  4.01880163826280960E-01  2.27461647453348540E+00  1.66462616946732610E+00
  7.41720708060832300E-01  2.02875606960598840E+01  2.20949689310166590E+01
  3.01674668393272730E-01  2.70903748846003230E+01  2.53055101172574620E+01
  2.66929568161810020E-01  2.88817347224040190E+01  1.83006861647675120E+01
  4.15334611176110170E-01  1.68639172603262930E+01  2.78870669060125070E+01
  5.20369884994360540E-01  2.54201531214501200E+01  6.59970084830410380E+00
  2.84672167568555990E-01  2.39031311524573770E+01  4.32649875539778870E+00
  5.18912146576496980E-01  2.80583622200750330E+01  6.67646278635559650E+00
  3.90540239164096370E-01  1.84432157795559850E+01  2.37884309894033060E+01
  3.63079661055833470E-01  1.55788540055503370E+01  1.56094976016887940E+01
  4.73113776075054650E-01  5.03588560821534600E+00  2.50343981178315220E+01
  5.55687039951364880E-01  8.39626391499976420E-01  4.33637310537487420E+00
  6.97384645011991290E-01  8.57084574149227580E+00  9.73630356560634520E+00
  3.54092873053847420E-01  7.01739535294793540E+00  7.68203140445180390E+00
  7.37991961479508610E-01  1.71597096986027820E+01  4.69486581738600250E+00
  5.10790949981952740E-01  2.19241810533200940E+01  2.14548526189505930E+01
  7.03918080384424090E-01  2.06421753503632810E+01  2.76991661595852210E+01
  2.69326463995374250E-01  1.95725380259777350E+01  1.17198977102485230E+01
  5.39922025342825940E-01  2.14659554603863610E+01  1.71873134891391820E+01
  5.39922025342825940E-01  1.43696275617370870E+01  5.81461219976450750E+00
  3.52682444144397330E-01  2.51458672545979440E+00  3.04062918210414730E+00
  3.17084428049163950E-01  1.57514988721949310E+01  1.23370965778841150E+01
  3.92511582998476170E-01  2.36321484853655550E+01  2.54931241139960640E+01
  2.92799561075502800E-01  2.24774757329736020E+01  5.26770128712475480E+00
  3.63105686475124490E-01  2.48020637068922800E+01  2.25985542768316070E+01
  3.25036994184950640E-01  1.62487020203987380E+01  2.52612733302847480E+01
  5.70902198024309190E-01  2.33217206244299010E+01  1.91899103507330400E+01
  6.18138908065390960E-01  1.26205898674198970E+01  2.47073789382850220E+01
  3.10705613459761840E-01  3.62324624162205570E-01  1.91654878722442690E+00
  6.99092076263204730E-01  1.06975160643129290E+01  8.07205356809338070E+00
  4.40295189098215370E-01  1.43078435259122350E+01  2.10906604565245170E+01
  6.52034765531911640E-01  9.67270199237004040E+00  1.62897870940496500E+01
  5.12628979659419230E-01  2.28107407676865040E+00  2.17033419099177250E+01
  2.68569610726517900E-01  2.92445988860425640E+01  2.82547958933201110E+01
  4.41473589537221400E-01  1.11405227515787700E+00  8.29577892981601470E+00
  7.41623060643924430E-01  2.91541802885387820E+00  5.70813146768634460E+00
  2.49794182180603610E-01  1.07560226651738770E+01  2.81913449141722520E+01
  3.44856808658559500E-01  1.89354603028009340E+01  8.09245092554690970E+00
  6.83701617051292750E-01  1.79410569425915720E+01  3.50785275400212140E+00
  7.19599311285852310E-01  7.55582080014458230E+00  2.00145318931918370E+01
  6.67521681419926690E-01  9.50781680753333980E+00  8.74392033061247890E+00
  5.40946473112310590E-01  2.31881107313064800E+01  1.29619824964531270E+01
  3.83579206291793930E-01  1.23901516298077860E+01  1.47932124903921420E+01
  5.04339573614743570E-01  1.14772040059251190E+01  2.79721568991632740E+01
  6.35523375007872900E-01  2.44644787934626220E+01  1.15952182566263720E+00
  3.44905765886116280E-01  1.19577025554280360E+00  2.22420920734123810E+00
  2.65726189967390210E-01  1.65738292219976200E+01  2.02489114875038400E+01
  4.87785457169642190E-01  1.30153488092272610E+01  1.41464494323381800E+01
  3.71299762957800540E-01  3.20262917022720470E+00  1.89868014935809090E+01
  4.13811620468168510E-01  2.88403724020554930E+01  1.03446976995185870E+01
  5.69423614487483490E-01  1.52259486711792370E+01  5.11015233689264470E+00
  5.83429036676414100E-01  3.21885490510823000E+00  2.61824343681386940E+01
  5.30006102735105960E-01  2.93301389115207450E+01  2.91470048530882660E+01
  5.16710955738981780E-01  8.75144557690883570E+00  1.04141474153956000E+00
  2.65726189967390210E-01  1.78824191850964420E+01  2.27389415391444490E+01
  3.18942867500738640E-01  8.12295796917682720E+00  2.16179800196068110E+01
  3.23881608201221470E-01  1.27871032465263710E+01  2.59592587937796400E+00
  3.54092873053847420E-01  2.16557803436309230E+01  1.58320054486706460E+01
  5.12509616084684260E-01  2.30983712413061930E+01  1.53069418922919360E+01
  4.99223721401470310E-01  1.41469565434232760E+01  1.15053176200760030E+01
  2.56092450391898300E-01  2.11851030795741270E+01  2.16591362075994670E+01
  5.45765227979075810E-01  3.50805422196591940E+00  2.05883932460037540E+01
  6.94010183176834960E-01  1.34326114452190330E+01  2.84234482674019020E+01
  3.57201130995523370E-01  2.58333809572821590E+01  1.12980819521971100E+01
  5.25895496843049500E-01  1.00093419608957430E+01  3.64450189987843840E+00
  5.10790949981952740E-01  4.68898814287018610E+00  2.01899103871687970E+00
  4.89717368181109780E-01  2.90776456866372830E+01  1.20595856530111260E+01
  4.82769235883485770E-01  2.89566381533182810E+01  2.60340009185242670E+01
  6.93278360304079300E-01  6.93231345287529520E+00  2.48957876742437030E+01
  3.35017483125717060E-01  3.88050556321115710E+00  4.03010080126181250E+00
  3.26514001167033020E-01  8.75355405572322280E+00  2.14845017819707170E+01
  4.75880684447443510E-01  1.36927727877733130E+01  2.95638560006950860E+01
  4.22354771203238230E-01  2.48623493788926950E+01  2.92442854034158760E+01
  4.11966131227655820E-01  1.88139570128595790E+01  8.83847747095273210E+00
  7.30946391186454210E-01  1.61131747428426770E+01  2.01733203015342920E+00
  4.22201084465533680E-01  2.02603066402302830E+01  1.34023896547224800E+01
  5.15931587153482510E-01  2.47342673594001640E+01  2.44196542544758230E+01
  5.52347772924787250E-01  6.42909030303802090E+00  7.73243973375717000E-01
  2.49794182180603610E-01  1.05335496606282870E+01  3.07296876799952700E+00
  4.50103975287380020E-01  1.85450127085366110E+01  5.78396132650836850E+00
  3.61769499680632390E-01  2.39311270630375610E+01  2.48006829977945320E+01
  2.77147605524350650E-01  5.83991119727937580E+00  2.61051142900811120E+01
  7.64764367446448820E-01  7.52149717999755120E+00  1.51172032560902510E+01
  5.71326189973923350E-01  2.05986688922071010E+01  9.92865186975879150E+00
  4.07877171249442140E-01  1.08296992657254310E+01  6.94677285005577790E+00
  4.46540105696671490E-01  2.88438537591772430E+01  1.29738863833038990E+01
  5.07606992315717240E-01  3.41686326295328910E+00  1.58459215964555980E+01
  3.01731430220296380E-01  2.67856533912733280E+01  2.06184486629071380E+01
  4.32382463464541460E-01  1.97460971240394900E+01  1.76504026516379610E+01
  3.25762576013666160E-01  2.11450237636176190E+01  7.24124838313950560E+00
  6.24920360555607160E-01  2.26350221659564390E+01  2.53010116708397630E+01
  7.38532964590205680E-01  1.43744370575140260E+01  4.11801676420280490E+00
  3.92511582998476170E-01  1.19979543962977500E+01  4.25272990754925930E+00
  2.97561439636419770E-01  6.43747126297051690E+00  1.05715513246535620E+01
  3.46434506905438330E-01  5.91218013319796660E+00  2.54357374036688350E+01
  5.89502618647478990E-01  1.33261399110794550E+01  1.83860599608990010E+01
  3.32399546609116130E-01  5.87252669829873760E-01  2.51808229031585820E+00
  5.77649046292645880E-01  2.39640350450162280E+01  2.82212369579236300E+01
  4.31729360191427780E-01  9.37819418098207440E+00  1.84437886110296850E+01
  3.17950877609215300E-01  2.86684188498175720E+00  2.34807159512177070E+01
  4.75880684447443510E-01  2.18982800141924550E+00  1.39535597992938470E+01
  3.91816801400439550E-01  2.12409543578139970E+01  1.52128761921269890E+01
  2.50163292655703180E-01  1.13453496743219550E+01  7.37900859171270080E+00
  3.42074681651230290E-01  2.40148729721086870E+01  2.61194221166446920E+01
  3.50974061745161330E-01  1.80865923133245690E+01  2.48416977987710250E+00
  6.18566685513849460E-01  6.46039965353991800E+00  1.92462655750752210E+01
  3.24719866931951940E-01  5.88470215565273240E-02  1.59141779402712180E+01
  3.57201130995523370E-01  1.87433774657442700E+01  1.22358072639489080E+01
  3.13090147150790890E-01  2.85474768399514750E+01  1.48049668690525420E+01
  2.58355477869490890E-01  3.28607632035792060E+00  6.63593639701193010E+00
  4.83351594707823830E-01  1.10341023022662750E+01  1.86740287982858110E+01
  5.48463672908306780E-01  1.69924807001826390E+01  1.47739288453392220E+01
  4.24351701398837560E-01  2.67015083556345090E+01  1.33132989076024570E+01
  6.80557430527969220E-01  8.64947357787851520E+00  5.98224936853963830E+00
  3.73125396709624990E-01  1.58796361567780110E+01  1.84629939133702510E+01
  6.77808113742920780E-01  7.11663001254861700E+00  2.68096465796293830E+01
  7.67512613708393760E-01  1.51251922420238110E+01  9.69679733733524430E+00
  4.76544583128828500E-01  2.28920749680810830E+01  8.97553418979529560E+00
  6.97738347479756800E-01  1.81773669434794560E+01  1.89126533955186850E+01
  4.49545157175862540E-01  2.61577373926284020E+00  6.86077164284356300E+00
  6.25336422111717830E-01  1.09467532421544900E+01  1.63792944464610920E+01
  4.99487474973056500E-01  1.99214691207169810E+01  1.85145873002716930E+00
  6.67521681419926690E-01  1.91649654800834490E+01  1.66062995040570770E+01
  3.44170209092795430E-01  1.62025108634591250E+01  2.52251318605623000E-01
  4.01880163826280960E-01  1.82942681714100530E+01  4.80478671424160540E+00
  5.95035019805102560E-01  2.53983579227033830E+01  1.88557960566814630E+01
  5.20348764567513020E-01  3.38135608259109820E+00  1.68721269155418980E+01
  7.44845164893703690E-01  1.62766070566203250E+01  2.65402166657574630E+01
  6.94010688862415210E-01  2.05915745022167940E+01  6.38520441500308960E+00
  4.00156705760987560E-01  1.34629160825340650E+01  2.41356093637011110E+01
  6.57722721512726150E-01  8.75397389476406930E+00  1.93361371408043500E+01
  3.61198882346046800E-01  6.50541833253806520E+00  5.23241748274312800E+00
  6.07167866036927160E-01  2.65941082365401440E+01  1.87324030591048970E+01
  5.81677556670477180E-01  5.51310305226715780E+00  2.78753357369138270E+00
  3.17579752081870750E-01  8.52315588028399600E+00  8.72475811610840250E+00
  2.69169509893181310E-01  3.94910625009094400E+00  6.95648883651970440E+00
  5.36592099856838090E-01  2.26157752008792840E+01  2.41412365168454140E+01
  3.01799748246536660E-01  8.50631983145209600E+00  1.17119533218764700E+01
  4.05794678723965420E-01  1.55764671418395560E+01  2.55456487141301770E+01
  3.65995101567518470E-01  3.90323141234780020E-01  1.79066456238402130E+01
  3.39481361119070080E-01  1.52435169908342840E+01  2.62115935659909100E+01
  6.97384645011991290E-01  2.13493863961400690E+01  3.80197250165635300E+00
  6.82253548551889110E-01  2.82205032760715680E+01  2.62354592651395000E+00
  5.67035311113654220E-01  1.27198760167254970E+01  2.35168725931833970E+01
  6.47236078597052340E-01  1.47362824393964720E+01  2.02684293752085680E+00
  5.92513140571182980E-01  1.12162299315245640E+01  9.25410523439168030E+00
  4.71553509741754610E-01  1.88723438347391660E+01  1.02776783134556130E+01
  6.55885333720611730E-01  1.84567751168643000E+01  2.13256605209399480E+01
  2.83840017940612550E-01  1.04732070053810650E+01  1.37819313095412190E+01
  5.65219172841477580E-01  1.07149044338904050E+01  1.02957789863847040E+01
  3.48480710258510130E-01  2.24136567122501940E+01  1.70372250810357960E+01
  6.26908127420837150E-01  2.18251881785889420E+01  5.91551174148270140E+00
  2.62213147743524950E-01  1.93972026434241760E+01  5.11032185139877980E-01
  5.08737612195334600E-01  1.15128527507543630E+00  2.33194941145418790E+01
  4.59281804788439010E-01  2.51684530588400930E+01  1.56968737922237110E+01
  2.86550378078914000E-01  2.81367529788265180E+01  1.52412144273691490E+01
  2.99038091422116640E-01  2.80339941149736700E+00  1.06352796846142970E+01
  3.62493203924014780E-01  2.19984348431208940E+01  1.64605816571563470E+01
  5.64616421781660800E-01  1.87572644529963420E+01  1.77689684701437470E+01
  3.87533216804236250E-01  1.04197293480682540E+01  1.55155118991108160E+01
  3.90540239164096370E-01  2.80766435421947380E+01  1.98985213680164320E+01
  5.44640939783434240E-01  1.85964499866286170E+00  2.07341291290089980E+01
  3.84420431658369740E-01  2.41910768522171540E+01  2.13465404352841900E+01
  4.53492046339069340E-01  2.49480181859255550E+01  2.17950843763679990E+01
  6.38023782753992030E-01  1.76138579800248640E+01  2.71490039108071460E+01
  5.00672486592370710E-01  2.14937551330407540E+01  1.28053312002789020E+00
  6.08873319065221350E-01  2.23703064623690300E+01  2.04290035646772490E+01
  3.18942867500738640E-01  1.81347495895011050E+01  1.05599850985272960E+01
  2.65726189967390210E-01  1.02569282205030420E+01  2.90455232638734770E+01
  7.10410487391814980E-01  1.49946339853248710E+01  1.65093041378358690E+01
  4.66797018098134940E-01  2.79783606772005340E+01  1.05241424383371080E+01
  3.89889811574280460E-01  2.44271515027347950E+01  3.29369945700850940E+00
  2.92456502136063850E-01  2.87044243437550790E+01  2.12716955758318880E+01
  3.63079661055833470E-01  1.94369613720867830E+00  1.90514506331938730E+01
  4.13811620468168510E-01  2.80294556877537780E+00  7.70258794346961120E+00
  2.60417758313763680E-01  1.77264138642565680E+01  8.55277317343386300E-01
  4.41940562555082740E-01  2.89632435916867660E+01  5.15758929283166530E+00
  3.08418768867630710E-01  2.87532287485945690E+01  2.52702530022945560E+01
  3.04461637453634990E-01  5.91004000861703730E+00  2.16199995787794920E+01
  4.75626642073745920E-01  2.74605440900739030E+01  6.27951423622961880E-01
  4.19693779402500590E-01  1.81336466962346070E+01  2.81072646365064140E+01
  3.26514001167033020E-01  2.70711042095428310E+00  2.09327337386843980E+01
  3.55388479881239270E-01  2.62533951368192540E+01  6.33213320313529500E+00
  5.33859136323620030E-01  2.46019250195952480E+00  2.27332561823198630E+01
  3.39481361119070080E-01  8.69159810762024600E-01  1.63876970195603030E+01
  2.51153087880769550E-01  5.44747213979733140E+00  1.95777495902480790E+00
  4.21603844523193420E-01  8.85659557067814870E+00  2.49252116391391000E+01
  5.20348764567513020E-01  2.88396615912620260E+01  2.20729954229475960E+01
  6.86210935380316480E-01  1.61531272881134700E+01  2.26035141098721120E+01
  4.41140732643827070E-01  2.57812805875745000E+01  2.24160057390921040E+00
  6.26908127420837150E-01  1.66813516435061690E+01  1.21798370793351620E+01
  5.11871480770454750E-01  2.71071348347205470E+01  1.41567899814005610E+01
  4.70990686464341570E-01  1.04492702457572370E+01  6.08921139966946880E+00
  5.20369884994360540E-01  2.05167842302173430E+01  1.57668466599778490E+01
  3.04306421741581800E-01  1.01051745723833190E+01  2.30673026817650250E+01
  5.88333222664750720E-01  2.58452049238258650E+01  2.65373867131626260E+01
  6.64541222436485860E-01  4.18773154300709740E+00  7.85895472755311710E+00
  4.24351701398837560E-01  1.61061573438124270E+01  1.61942459222114290E+01
  5.55920758830291820E-01  6.69505341887831930E+00  1.30040334778127720E+01
  2.89042915761794110E-01  3.29437970761109880E+00  1.01231072318430280E+01
  2.47647088603063280E-01  1.85191809417582260E+01  1.31196793679383120E+01
  5.88686278844574580E-01  1.86693390409944260E+01  2.00999894953385340E+01
  3.53063097104977870E-01  1.90575494983141280E+01  1.67815380279798010E+00
  4.50600139601478670E-01  1.91194311178300720E+01  2.23339297951121230E+01
  6.65634982039605120E-01  7.05857692522438640E+00  4.36873817352678450E+00
  4.69750256464274060E-01  2.31839293180528690E+00  2.67281282884047720E+01
  6.13801455222646290E-01  1.21214642188772270E+01  3.25477795142374850E+00
  5.14582826754803690E-01  1.82887308619247160E+01  1.57558819480922100E+01
  3.81419328643079860E-01  2.78857812232836220E+01  1.45943851681129790E+01
  7.28196096543639280E-01  3.83465545400259790E+00  2.50254072925475870E+01
  7.33199636544987770E-01  1.16100089729944660E-01  1.09592300793528050E+01
  2.86550378078914000E-01  2.47816461462784230E+01  1.40392532411210380E+01
  2.52169786807371790E-01  8.84764281887450290E+00  1.66587902515798700E+01
  5.01406606281285510E-01  2.56215169870538410E+01  5.59883556587316810E+00
  4.18948713530687210E-01  1.26872877909004740E+01  2.92493909886087590E+01
  3.62620749938717070E-01  1.44453536993410230E+01  2.40754411136517630E-01
  3.15231116497538320E-01  2.95513648133721920E+01  1.53074036754346120E+01
  2.83840017940612550E-01  2.72771676466592790E+01  1.36418156901740200E+00
  4.72199721516180480E-01  1.49210696742862830E+01  1.09193682677243980E+01
  4.41666133880560000E-01  3.13864855541911150E-01  1.21161189702204250E+01
  3.39073066583844400E-01  1.93468538135412690E+01  2.07328524907084740E+01
  2.54831192030272870E-01  9.97331441643131990E+00  4.42427284749220020E+00
  6.65634982039605120E-01  2.36434484771260290E+01  2.04514712054005590E+01
  2.69326463995374250E-01  1.81331494472888510E+01  1.20967999128482160E+01
  3.08418768867630710E-01  1.03160873483709920E+01  9.29082365131821670E+00
  5.63324676144028570E-01  2.41746084748159830E+01  1.01841050338364700E+01
  2.49794182180603610E-01  1.00651306684379000E+01  2.49363453687198560E+01
  6.44956217916396120E-01  2.96332109583865200E+01  2.49054452381094930E+01
  4.26043897269923290E-01  2.91683544684683830E+01  2.29603256529815130E+01
  7.44533748089133770E-01  2.91225144348648470E+01  2.72497251400421380E+01
  2.47647088603063280E-01  1.77042693290005800E+00  2.50285625402209640E+01
  3.47451934045076260E-01  1.16079811888843100E+01  1.01082742854613700E+01
  4.83182858574677270E-01  9.62753754747410720E+00  1.51573199921623820E+01
  5.38382388131525950E-01  8.11931739697732270E+00  2.61241163717434440E+01
  6.08690451339190200E-01  1.94174373828435410E+01  6.94814935416692330E+00
  3.93024383017402490E-01  1.95886553288487730E+01  2.95770967748986070E+01
  2.54611020839302520E-01  2.90883985473821060E+01  1.49758164293743970E+01
  6.82253548551889110E-01  1.33679901940775350E+01  5.11809329266745380E+00
  7.67665169660178040E-01  9.65667235010020340E+00  7.03944814828822360E+00
  3.95839252948554370E-01  1.86189889957331400E+01  2.45537862149614800E+01
  5.15379284759350490E-01  1.18684705714241560E+01  2.55553288556359810E+01
  5.09222041678605210E-01  4.62865654186777500E+00  2.29396271211118300E+01
  4.72038094207023740E-01  1.17134529389839770E+01  6.75827327266472630E+00
  6.64541222436485860E-01  5.18478496095043710E+00  1.91090644395726340E+01
  4.84167632717154460E-01  2.78361906426329570E+01  1.64401536583812170E+01
  5.39922025342825940E-01  1.18758808705998220E+00  7.92593085999781710E-01
  3.77759649416993960E-01  1.26048847934903510E+01  7.76955336577240980E+00
  5.06367095649294540E-01  2.29390291178779440E+01  2.13880735979198810E+01
  3.05466220251299840E-01  2.95447052681255930E+01  1.27023236386614290E+01
  7.55604472483241980E-01  2.44515739433095620E+01  7.43014672928736350E+00
  7.68548325332126940E-01  1.58042999540323470E+01  1.42074191760209170E+01
  3.09209541844886400E-01  2.93568437329561610E+01  8.33485687119010880E-01
  4.71553509741754610E-01  3.72397626051432610E+00  2.96317632662847960E+01
  3.65995101567518470E-01  2.32179523633684150E+01  2.61605351355353900E+01
  6.26517897412854200E-01  7.36671912747471680E+00  1.64989173902880670E+01
  3.55388479881239270E-01  2.14536918567222090E+01  2.07281468146810290E+01
  3.90423892796942250E-01  9.53206894119971790E+00  2.00379811954625390E+01
  4.92172780862642510E-01  4.69005197908947660E+00  2.01545193408427930E+01
  6.66683478841499700E-01  5.59744163811506200E+00  2.84991570758340660E+01
  6.94903868090152520E-01  2.78838806420058210E+01  2.65179438910261670E+01
  7.65642972591057180E-01  2.07611829807746100E+01  1.82855997102733840E+01
  3.52682444144397330E-01  2.11704966915237270E+01  1.63452942073072660E+01
  5.39466591144820300E-01  1.47108837664218210E+01  1.96038004843860030E+01
  4.26043897269923290E-01  8.28992953856896440E+00  2.08923360700620860E+01
  2.53364602799301860E-01  9.44535272627639170E+00  2.29197085920017050E+01
  3.83290088603488770E-01  2.18770447561693510E+01  1.80123717969360230E+01
  5.55920758830291820E-01  2.07858018143125530E+01  1.96062350117754640E+01
  4.13050329149462850E-01  2.21742336989215620E+01  1.52672041261897070E+01
  5.20369884994360540E-01  1.97682365643146910E+01  1.99545583852294110E+01
  6.99477888048091770E-01  1.39007124077347280E+01  2.30603239679431160E+01
  3.59079136884617700E-01  3.82698565778879140E+00  6.34051731992298340E+00
  3.01799748246536660E-01  2.52093911738199240E+01  2.59156850260545110E+01
  5.28731261397185740E-01  2.59874318074457730E+00  2.52597257719239710E+01
  6.80338287111455390E-01  1.91676320629539630E+01  4.10092220946439310E+00
  4.74033319401206570E-01  1.52214440941695980E+01  2.11064038115557970E+01
  3.53302408788900560E-01  2.07691301973718620E+01  1.75807101854924870E+00
  4.03052389307286420E-01  2.45664563678168290E+00  3.79314545801930110E+00
  3.33973424357718240E-01  2.21700504892619770E+00  2.75247949842437620E+01
  4.68162992243922280E-01  5.46208730264814510E+00  8.24587851570204760E+00
  4.72192289519205580E-01  2.47938783085521840E+01  2.34335473653691370E+01
  6.73658304681401180E-01  2.81340328119358710E+01  2.93895844614234960E+01
  4.61178090502161720E-01  7.77267413171642830E+00  7.37604568224344350E+00
  4.18189647978318300E-01  5.09214188640866540E+00  1.30074795531684760E+01
  5.15379284759350490E-01  2.24541563330661620E+01  2.23329669476717360E+01
  5.34553382826858140E-01  2.80930127607598660E+01  1.41424837616678120E+00
  3.70336582810533970E-01  9.76212111029344780E+00  2.54793308532210360E+01
  6.42747544188997020E-01  1.59358195692626550E-01  8.82121361500448130E+00
  4.50600139601478670E-01  2.63507256538999320E+01  1.73670842405846740E+01
  3.55036581058269410E-01  1.61969398087658550E+01  8.44330670133538770E+00
  3.54092873053847420E-01  1.23555617677278490E+01  4.90706535596131130E+00
  5.13614394364816020E-01  3.29333646904115930E+00  3.41894422675754490E+00
  3.65995101567518470E-01  1.73677036844159640E+01  2.62910171303743610E+00
  5.25383403930900440E-01  2.25296752667829630E+01  2.93980518860613000E+01
  3.83598938984435380E-01  5.17740264874109890E+00  2.22353771789413130E+01
  4.86073626967704090E-01  2.59026269600998840E+01  2.93116839516240620E+01
  5.96963967672292380E-01  1.20268619814763850E+01  1.69494991176985290E+01
  4.66553963192992600E-01  2.61548261594398780E+01  9.26414566602764290E+00
  4.15252526658189590E-01  8.92714446586771260E+00  1.07877293312842750E+01
  6.36786611163594070E-01  1.53520305728858000E+01  3.15281777941038620E+00
  6.06760633376156730E-01  2.74481686416674750E+01  3.65456283558671610E+00
  5.25895496843049500E-01  7.38851365674929730E+00  1.76505318051297450E+01
  5.05409982910693060E-01  2.54056587103383880E+00  9.87554379865282610E+00
  5.18912146576496980E-01  9.32690142491982140E+00  2.78995180949124480E+01
  5.81677556670477180E-01  4.94086466498574060E+00  2.39844811468533550E+01
  2.50625569857546320E-01  2.27949013218191170E+00  1.32337766382342220E+01
  6.67521681419926690E-01  1.24477586655104840E+00  1.73278994981201930E+01
  6.52034765531911640E-01  1.81644595889994740E+01  6.81672617960277800E+00
  3.81419328643079860E-01  1.73087334371830300E+00  1.46761528023554360E+01
  3.18942867500738640E-01  4.31993209821094570E+00  2.08838660351120740E+01
  6.63973334543257470E-01  1.92174955141890680E+01  1.37052711527699210E+01
  4.05793634226126800E-01  1.96267022940018410E+01  9.83097799708968090E+00
  2.88617724104866640E-01  1.27659687802213210E+01  1.13372924379914010E+01
  3.17587838135982990E-01  2.23212437390028420E+01  1.28886287271544210E+01
  6.94010688862415210E-01  1.65697685928237420E+01  9.91760011125888320E+00
  3.25036994184950640E-01  7.85260287554335080E+00  6.59439954033099700E+00
  4.41940562555082740E-01  1.08098307822425370E+01  2.28216586835491530E+01
  3.05466220251299840E-01  7.30384118835507220E+00  5.30812041735617420E+00
  7.22984261441823330E-01  1.37043776509486450E+01  1.71303857294898270E+01
  4.60682082706054620E-01  9.80158382162917440E+00  1.07603737197109410E+01
  4.22201084465533680E-01  3.19211317878891300E+00  2.15025303919435550E+01
  6.24824560398126750E-01  7.62211163843390960E+00  8.45100984126644760E+00
  3.63079661055833470E-01  2.67126934696712620E+01  2.12782596094105510E+01
  3.25516939164680520E-01  9.20675891664473060E-01  1.61416777066061990E+00
  4.87886881528419990E-01  2.55727470322591120E+01  1.33667874849254510E+00
  4.34172467284937990E-01  4.33684483907676380E+00  1.68684449803825910E+01
  7.04082361725448710E-01  2.68031312513429930E+01  2.74042807321497750E+01
  4.40295189098215370E-01  2.40398140718732200E+01  1.24753742663151530E+01
  4.54567147313974470E-01  2.95300154864649760E+01  4.46374770902991540E+00
  4.89717368181109780E-01  2.37453435779702960E+01  8.52236146124691270E+00
  4.82771447840326400E-01  6.76908753302241540E+00  1.12776390013371280E+01
  3.54092873053847420E-01  1.96758969652040850E+01  5.00002474512051260E+00
  7.67457697882333090E-01  7.10676702874267540E+00  9.74342113724044980E+00
  4.43129600128677660E-01  5.55794138525572110E+00  2.31378419827917910E+01
  5.61514797181737530E-01  1.30458030095350600E+01  8.63603367594273590E+00
  5.82207618145930890E-01  1.05954966104037640E+01  1.14361864649079140E+01
  5.94092381958372510E-01  2.03911342145243530E+01  2.83880468459174210E+00
  5.64318884198494160E-01  1.24809036214997490E+01  1.32369829702903980E+01
  6.16837537735261420E-01  2.00059405689859250E+00  4.70438209885153570E+00
  4.20581746236023420E-01  8.55336650973744380E+00  1.82314571115936630E+01
  3.16022212934137680E-01  1.13700747078792190E+01  2.62188605242464480E+01
  4.59502380082057990E-01  1.33871945577645800E+01  1.09206633664234970E+01
  7.48336469443998900E-01  2.37160450908849790E+01  2.23728385909038930E+01
  6.90159994875631000E-01  2.85973186315215070E+01  9.26816826208769840E+00
  4.68364091588631840E-01  1.95097034544435300E+00  1.82175767637099920E+01
  4.05593309893122810E-01  3.94051003531822950E+00  1.76084222127787560E+01
  5.55687039951364880E-01  5.91618475659121760E+00  9.17030612846004440E+00
  2.83840017940612550E-01  1.33878901731572580E+01  1.01777765590404600E+01
  5.98280766214214580E-01  1.93670317181199500E+01  2.34393502704022230E+01
  5.84913004272127690E-01  2.03897906326752010E+01  1.68639900722783550E+01
  2.83840017940612550E-01  2.37501758289737810E+01  2.66857234224954600E+01
  2.83517655556827110E-01  9.55011768733865550E+00  2.47978471038216530E+01
  5.27599340399055180E-01  2.25140458544132760E+01  1.16419879709359630E+00
  6.24824560398126750E-01  1.20132983056600210E+01  1.57281837630079750E+01
  4.84167632717154460E-01  1.28553700643939130E+01  4.07097602125600580E+00
  5.66562802601083430E-01  1.35261112259055720E+01  2.10087135195034860E+00
  5.81213412342838430E-01  1.44401918731330260E+01  2.42205872486690370E+01
  5.13285974501586400E-01  2.25935352563461440E+01  1.44160747068090610E+01
  5.29625185962053640E-01  1.57286695497212140E+01  7.69283357613829910E+00
  3.30104909316010620E-01  2.05819986041663650E+01  1.49193483187614290E+01
  5.48174971142568520E-01  2.18647198390529240E+01  2.74326173559449450E+01
  4.72192289519205580E-01  9.73895256858000380E+00  1.08974103465344730E+00
  4.53126113496558960E-01  7.12225829542444800E-01  1.29160921140750310E+01
  5.25993347610763350E-01  1.45787700693737590E+01  2.80095633371026370E+01
  4.75338540515479570E-01  1.56229785391938730E+01  1.15556239970360050E+01
  4.30858982518450690E-01  1.39288674762713800E+01  2.01769015425544000E+01
  7.09741570678139940E-01  8.04186583802487930E+00  2.40118358597791830E+01
  5.05409982910693060E-01  2.96322850942468250E+01  1.35072547715187720E+01
  5.20369884994360540E-01  2.45417185678841390E+01  2.54372806267783460E+01
  2.73281005279713530E-01  1.85016075652995050E+01  1.96661312804698730E+00
  3.09574052588245370E-01  4.92265878952624010E-01  6.52288121698739510E+00
  3.18095930761502070E-01  1.56202516109724880E+00  1.56449926938403560E+00
  4.46537248270915300E-01  5.99725075301013890E+00  2.23650502351577490E+01
  6.38830345620663920E-01  1.49011059858934570E+01  2.21713749236007020E+01
  6.68397269451762100E-01  1.33721731493966490E+00  1.16897220369096840E+01
  5.32488384254616510E-01  1.14771892645117410E+01  2.45853174614798960E+01
  3.17579752081870750E-01  2.68728316943881860E+01  8.68289805684623240E+00
  5.16710955738981780E-01  2.65285187648637720E+01  1.64407156284388600E+00
  4.49545157175862540E-01  2.51674055412808430E+01  1.17523564055390640E+01
  3.20574425314766210E-01  6.90037450728353100E+00  5.78614286884859560E+00
  4.12246671516209600E-01  1.71589335322494350E+01  2.30434673666798350E+01
  4.94550785807675550E-01  2.52734756105091560E+01  3.71141949031844830E-01
  3.59079136884617700E-01  2.89893064988871250E+01  2.75623346133941280E-01
  6.10572080928614460E-01  2.12625149884881920E+01  1.09055378192149860E+01
  4.75338540515479570E-01  4.08981133722978820E+00  1.41075343314353570E+01
  5.09574347305064630E-01  8.46471372740374230E+00  1.60000550021678050E+01
  4.18189647978318300E-01  2.34624092805148940E+01  3.75528874441065550E+00
  3.76753951196820710E-01  5.42649439049864050E-01  2.92020745814420440E+01
  3.84533934306195220E-01  9.32065778897315230E+00  3.43517974037513870E-01
  6.60767019732147710E-01  7.86505603738417670E+00  1.09517625095073700E+01
  5.64318884198494160E-01  2.65521917643161630E+01  2.46291392804862600E+01
  4.69750256464274060E-01  2.92817894890525600E+01  2.38480900290066810E+01
  6.88340418185590860E-01  1.22157340108381990E+01  2.03651351536320600E+01
  5.93150731645016190E-01  9.18003282046147010E+00  2.06502209615088230E+00
  7.17499092254363010E-01  1.68269458859616140E+01  7.10382806402510880E+00
  3.79322922295397280E-01  1.64047062699207020E+01  9.46400403046144590E-01
  3.20574425314766210E-01  2.65878985486548560E+01  2.19483548890201270E+01
  7.17953871372127320E-01  2.80969189287136910E+01  2.33556795247673640E+01
  3.42409596243210680E-01  2.02691399138091840E+01  2.31780129052847070E+01
  4.43129600128677660E-01  1.37710038301065940E+01  1.93175759029762590E+01
  3.78068289465320630E-01  2.17259273211690600E+01  1.46159096463511860E+01
  4.75338540515479570E-01  2.16070819623918910E+01  2.40659392975152540E+01
  7.38532964590205680E-01  7.84346767667987520E+00  1.36012264099474440E+01
  5.07606992315717240E-01  2.31348838758501890E+01  9.92821589614968940E+00
  2.86134314477376340E-01  1.11968612977074750E+01  6.20461002471725020E+00
  5.07437626189109900E-01  2.72381109536533220E+01  4.74774766617844520E+00
  6.15073771326759470E-01  2.89485274450256580E+01  2.03977703545417770E+01
  3.30104909316010620E-01  1.58290416549958660E+00  3.85453782978964470E+00
  6.66683478841499700E-01  2.33311607757127530E+01  1.66028393441065030E+01
  7.49545055295440930E-01  2.44227227812950720E+01  5.24535156330388470E+00
  2.54824432159977790E-01  2.65538571713909450E+01  2.89108354976363840E+01
  5.72142532162989690E-01  7.55303802888670980E+00  7.93445176824457920E-01
  2.77147605524350650E-01  2.53210880056521790E+01  2.72255449395269590E+01
  4.68364091588631840E-01  2.29527607471425020E-01  2.95579558326503020E-01
  4.82771447840326400E-01  1.82743557143499320E+00  2.59132272174984410E+01
  2.50971712925384870E-01  6.76346150695028660E+00  2.32633977544138660E+01
  5.38024295323284910E-01  1.20675923803232020E+01  1.82704641632045580E+01
  4.13050329149462850E-01  5.27593562270024650E+00  2.65024601847836330E+01
  4.86590143357422540E-01  8.03015630172495780E+00  4.99323303187445780E+00
  3.16148313226467530E-01  1.16811797746834320E+01  2.14325313671262340E+01
  3.81419328643079860E-01  1.44327849298201410E+01  6.73291327438251130E+00
  6.52911031193170470E-01  1.79671780497309970E+01  9.60333429946461160E+00
  4.49150663742554990E-01  1.22912942539390850E+01  2.84670754857744160E+01
  4.73113776075054650E-01  2.54844908171323110E+01  4.55890892248682710E+00
  3.65995101567518470E-01  2.02882777512102700E+01  4.62197963398767970E+00
  3.46028387031474870E-01  1.39747122534416160E+01  1.60194407057416510E+01
  4.23675716525973380E-01  3.07490350110530390E-01  1.18421897697691180E+00
  2.47261092463374420E-01  1.41700926973379140E+01  2.90144345549690530E+01
  2.63339374245984010E-01  6.18015050284187590E+00  2.65687636266765280E+01
  2.59062449636064510E-01  2.25036232229131340E+01  1.03630978325703720E+01
  5.77180454669814490E-01  2.52054420047011090E+01  9.69748812932578200E+00
  4.06599624824484800E-01  1.38559582142103290E+01  1.23628254095452060E+01
  4.65278877330243820E-01  9.21115598867299030E+00  2.41132991204370340E+01
  3.07263188066738420E-01  5.77861996147298740E+00  2.47965891108664000E+01
  3.88697647565240350E-01  1.63013265812418560E+01  1.54052711525554070E+01
  6.62122603690132470E-01  2.10994767295182230E+01  2.64127816051102190E+01
  3.79322922295397280E-01  2.85043509673456940E+01  8.20354067622385940E+00
  3.53063097104977870E-01  2.93820047771962330E+01  2.13872253081321060E+01
  6.88885956497308970E-01  3.08624695285361690E+00  1.46967103685950140E+01
  5.33066537704075310E-01  3.12204328603230200E+00  4.45114535113930110E+00
  3.42074681651230290E-01  4.22735225439856950E+00  1.61005779845973400E+01
  4.24351701398837560E-01  2.63508702633527710E+01  5.03026631049040860E+00
  2.92456502136063850E-01  9.57385950820519760E+00  2.34488489957557180E+01
  5.90639534364661320E-01  6.28676528228249510E+00  1.90687982468606610E+00
  4.09705559579089850E-01  8.89160416794579330E+00  2.32840138392499830E+01
  3.59079136884617700E-01  3.27206448017171510E+00  8.31492956548794380E+00
  5.27599340399055180E-01  2.79184269953531580E+01  2.52969582571946780E+01
  5.38382256471750510E-01  2.59960064623730320E+01  1.98640763992769460E+01
  5.96963967672292380E-01  3.44988037755375250E+00  9.25272801923873980E+00
  2.96503602823160150E-01  1.75984895157241250E+01  1.22805685628659060E+01
  3.64593218166308700E-01  1.57436637514874620E+01  1.91866156838061850E+01
  4.18947112612636110E-01  2.69504556409827560E+01  1.66144223803046490E+01
  5.40946473112310590E-01  2.24114219344663180E+01  4.43738844242991970E+00
  3.35017483125717060E-01  2.71424011383416590E+00  1.63371340518349050E+01
  4.75626642073745920E-01  2.34317092418754490E+01  1.56691066903635330E+00
  3.04461637453634990E-01  4.18965864524262430E+00  1.37511962188482380E+00
  4.36315933331792570E-01  3.11373811837328680E+00  1.15525948806610530E+01
  6.77666041374141330E-01  2.16012927523423350E+01  2.45141239265494670E+00
  5.67035311113654220E-01  1.38482750279892690E+01  2.71971347669374740E+01
  3.38650161839631010E-01  2.16960684134890620E+01  6.87157899002975460E+00
  6.94010183176834960E-01  1.03711735116773500E+01  2.63622244578931340E+01
  7.10410487391814980E-01  2.96155706072396610E+01  1.69386616292053280E+01
  4.54567147313974470E-01  1.71438751175330420E+01  1.33183624590551200E+00
  2.52169786807371790E-01  6.23282644501803240E+00  2.92547352039825660E+01
  3.01799748246536660E-01  3.27446649785503170E+00  2.29136019268665370E+01
  4.27719079604653450E-01  4.77217047973939220E-01  2.39767167349683990E+01
  3.87762191716535260E-01  2.13138766326402550E+01  2.95208294581885720E+01
  5.72951670348821020E-01  3.38629838492741260E+00  2.86462859153313470E+01
  5.09222041678605210E-01  1.71307111817063990E+01  3.68420036214224920E-01
  5.25993347610763350E-01  2.76943190514539130E+01  1.33010521152433190E+01
  3.12648490279368120E-01  1.19771726301671000E+01  2.63821358708431260E+01
  3.32399546609116130E-01  9.66058751011785160E+00  5.93985974422974920E+00
  4.43807889241729470E-01  1.87549525249382580E+01  2.96278292260524340E+01
  3.44170209092795430E-01  8.24988840214162700E+00  1.75297723321626680E+01
  2.54824432159977790E-01  2.18898402061182620E+01  5.03698259839014730E+00
  4.21963532045373490E-01  2.33760918868075190E+01  1.39060290029600310E+01
  4.11696508529454960E-01  9.53616375728810080E+00  2.16179163351015400E+01
  4.11346310528290360E-01  2.32762099620151940E+01  1.20144108751046230E+01
  6.16837537735261420E-01  2.87798951378892800E+01  1.91778995548555000E+01
  4.83570943621045310E-01  2.85703727630168470E+00  2.42817142690539680E+01
  4.32382463464541460E-01  2.96024163775924300E+01  7.33359114167211250E+00
  5.92513140571182980E-01  1.12522618421538000E+01  1.41794675429374040E+01
  3.55036581058269410E-01  1.80306833433066060E+01  1.27675100707595690E+01
  4.74581552528920360E-01  1.20570240059291200E+00  9.20896387335668010E+00
  3.44905765886116280E-01  1.21847214759349200E+01  1.40953614840882530E+01
  5.96963967672292380E-01  2.59587775913703920E+01  1.63962034297352060E+01
  2.68569610726517900E-01  2.63810905395257790E+01  5.72195164638821830E+00
  5.80290806494985740E-01  2.71119158205740550E+01  1.98003885936701210E+01
  6.25336422111717830E-01  2.61919078785939090E+01  1.03845058931196130E+01
  6.17452885167652710E-01  1.64452863923950830E+01  2.11225200156257780E+01
  3.29506256422424390E-01  1.82780734235249580E+01  2.22944370807816380E+01
  2.58355477869490890E-01  3.11928423594852240E-03  2.43114257066277920E+00
  4.69641390777102340E-01  2.66578990560862220E+01  1.13753787230842070E+01
  3.49095179616795370E-01  4.81903533195663680E+00  1.37238713710458880E+01
  3.27988333844876360E-01  2.06726697249210860E+01  1.26738242528764700E+01
  3.86383264228710210E-01  1.92098034280659920E+01  1.92411284476253500E+01
  4.75543307221801650E-01  1.98627818365999080E-01  5.31836898385062900E+00
  5.07815655211632320E-01  1.87246284025889690E+01  8.85168939161425960E-01
  6.08088426536500660E-01  8.40036636764936870E+00  2.96655658374484470E+01
  3.93024383017402490E-01  3.83553704561660510E+00  5.04300697850352900E+00
  7.48336469443998900E-01  1.45866497034494260E+01  1.51102807945371820E+01
  3.13454063710418570E-01  2.21836215517388310E+01  1.08377061132305760E+01
  4.43133439323318520E-01  1.02710749812145520E+01  1.72057618447314620E+01
  3.62493203924014780E-01  2.43746537100937670E+01  1.65941250652242190E-01
  5.72881440675418570E-01  1.10551194041662980E+01  1.98745282917820920E+01
  3.71299762957800540E-01  2.82426156386853360E+01  5.80560552489843040E+00
  5.13143010843963320E-01  2.30982487202681700E+01  2.71431632042793930E+01
  3.87533216804236250E-01  1.67490137908717110E+01  1.67363978012656280E+01
  3.90540239164096370E-01  1.02150483273493280E+01  1.80760497872219650E+00
  4.11696508529454960E-01  2.57833032589182560E+01  2.15695357568282660E+01
  4.19670751191123690E-01  2.49982504908535330E+01  1.48104168941978590E+01
  5.39922025342825940E-01  8.91075301604075420E+00  2.23349191226100350E+01
  3.73125396709624990E-01  1.88436606931744530E+00  2.87508281168456390E+01
  5.72628172168292430E-01  8.29427072960551110E+00  2.84906689848731210E+01
  5.63660960642019760E-01  2.41833658425138120E+01  1.83875584473396150E+01
  7.54397230300637300E-01  2.75237292887972270E+01  1.76379428777744710E+01
  4.07877171249442140E-01  2.54937302582261010E+01  1.74026293888304690E+01
  4.61178090502161720E-01  8.59467548759650950E+00  4.23248528898312060E+00
  3.50974061745161330E-01  9.81431672463156880E-01  1.83113554205875280E+01
  4.22541054278063120E-01  1.48599225664300590E+01  2.51312684748849660E+01
  3.25036994184950640E-01  1.01594559203493940E+01  2.80338972522839000E+01
  4.96042965314236020E-01  2.96742028246830070E+01  1.45066661711100160E+01
  3.04461637453634990E-01  2.26341069048877910E+01  1.35997417490355820E+01
  4.21290506291976640E-01  1.21515894018493210E+00  1.06074196610964350E+01
  4.26578460793149810E-01  9.09049596028793870E+00  4.96786218923423470E+00
  3.91816801400439550E-01  4.64026223196234790E+00  2.58026168103038920E+01
  5.32262962461145860E-01  1.19735088928095760E+01  8.42441109118355590E+00
  6.07718241283317260E-01  1.00825140423708590E+01  1.92073986985494360E+01
  5.13425754976809310E-01  2.71927039489500120E+01  2.25209758000354190E+01
  5.46829204411607870E-01  6.02648070128110810E+00  2.73646387008463240E+01
  2.99038091422116640E-01  2.63013122082237420E+01  8.45325754300974450E+00
  3.65374026971610010E-01  6.98253687419198780E+00  2.38386019125122960E+01
  3.46733456860136300E-01  1.78523536102631050E+01  2.33498455695756560E+01
  5.01833768532536340E-01  2.19456585853211940E+01  8.72891452516886980E+00
  2.88617724104866640E-01  1.56022275235024230E+00  2.67291473624404290E+01
  3.13454063710418570E-01  2.12007730799251950E+01  1.22200043820340290E+01
  4.43756654693070110E-01  2.79173083137741290E+01  7.62796144123630880E+00
  5.20369884994360540E-01  2.47378876399179470E+01  2.65888745900367170E+01
  7.41720708060832300E-01  2.20108659478560400E+01  1.91281028362167080E+01
  2.99038091422116640E-01  3.84732614007027960E+00  2.27364014251384920E+01
  3.93024383017402490E-01  1.32944439413033160E+01  1.17675203236100840E+01
  2.53364602799301860E-01  2.71421762956078860E+01  2.17527206175034740E+01
  5.48463672908306780E-01  2.56820628733364840E+01  2.39362756053676690E+01
  5.63660960642019760E-01  2.63091636559456460E+01  5.86829450333542370E-01
  4.99487474973056500E-01  2.38930487083455660E+00  1.71054111742270580E+01
  5.32488384254616510E-01  4.73395672216339940E+00  6.79422610345087640E+00
