1
  1002  2.96924426640336700E+01  2.96924426640336700E+01  1.00000000000000000E+00
        0.00000000000000000E+00  0.00000000000000000E+00  0.00000000000000000E+00
  3.25516939164680520E-01  1.98574260595538340E+01  2.46413639884635960E+01
  3.14110289759674140E-01  1.34913992579884120E+01  2.58743495600770710E+01
  3.99477862283745790E-01  2.58986875818742630E+01  1.77550654321048640E+01
  6.47236078597052340E-01  4.33498887905496750E+00  2.74043740650092570E+01
  5.28731261397185740E-01  1.13333562610627060E+01  2.70920782554949180E+01
  4.43807889241729470E-01  2.95045537086578700E+01  1.11850488475654930E+01
  4.82268891960512480E-01  2.13667260373385620E+01  6.84026195224296880E+00
  4.30858982518450690E-01  1.23772900140126540E+01  1.67892286669701600E+01
  4.18947112612636110E-01  9.80917977283895580E+00  2.67149881113495620E+01
  3.50662231740508900E-01  9.39872625741167770E-01  1.51978888016699260E+01
  2.85767805251094040E-01  2.67297859314138150E+01  1.04266347313437380E+01
  3.45648959319623030E-01  1.16432286435184340E+01  1.65366407001300320E+01
  3.45648959319623030E-01  6.95611455176067660E+00  6.52928044301093810E-01
  6.42005949159872720E-01  8.36952095572857320E+00  2.34358480508182600E+00
  2.74003615458356760E-01  1.95374251835770960E+01  4.44244130737087680E+00
  3.87653287431749970E-01  2.85369524648491930E+01  1.11451457897755240E+01
  4.18948713530687210E-01  9.97744539696493860E-01  1.98057613394388130E+01
  4.53451232343747090E-01  6.46409389696493970E-02  1.65426032998759840E+00
  4.21603844523193420E-01  1.75796202265176080E+01  8.82017173453218110E+00
  2.62213147743524950E-01  3.43437718388228810E+00  1.18723423850120500E+01
  6.94903868090152520E-01  2.95310046321804090E+01  2.80372687422194820E+01
  6.31563936872940970E-01  2.23809764421593730E+01  1.74921960234974670E+01
  7.01778375544082420E-01  1.93454830561024100E+01  1.19496753445633350E+00
  3.46434506905438330E-01  5.19836916348416440E-01  4.33511389757471650E+00
  3.50662231740508900E-01  3.78625348313281980E+00  2.53778284354510130E+00
  3.01799748246536660E-01  8.90075174770714740E+00  2.17460120429464680E+01
  4.41298336829792340E-01  2.99648250764366430E-01  2.69989929806843850E+01
  3.39481361119070080E-01  2.36927238371769350E+01  4.74963821389472860E+00
  3.83181557852844270E-01  1.37327200459832440E+00  1.46058392381640780E+01
  6.75156127532392600E-01  2.31396485476789660E+01  1.64288957313327480E+01
  2.73281005279713530E-01  2.03920822502096860E+01  7.48491327607187880E+00
  6.65634982039605120E-01  1.03514986763808530E+01  2.32595244192342500E+01
  2.54824432159977790E-01  3.98454572855795450E+00  1.76981310154321250E+01
  2.84029264846615530E-01  2.52551262302823010E+01  1.79850682545199380E+01
  4.62836237406567810E-01  5.68033502856176310E+00  2.16714476693475220E+01
  3.33973424357718240E-01  2.57105009061971400E+01  1.97358392736038760E+01
  4.91872428060923640E-01  5.91895741425641560E+00  1.46334291845267350E+01
  5.52490392167627680E-01  1.97321085288102260E+00  1.36691480665485670E+01
  5.39466591144820300E-01  1.35974348539983540E+01  2.80787681187590470E+01
  5.65219172841477580E-01  1.88375854149113380E+00  1.70639567165604190E+01
  3.53776024442120150E-01  9.38533575009747700E+00  1.27341178411731980E+01
  5.54611473665029210E-01  2.69264618859998750E+00  2.30874434170604770E+01
  4.81368497469048420E-01  1.51723149069483160E+01  2.45329468193428330E+01
  2.84672167568555990E-01  1.40717079146022200E+01  5.66800496545703860E+00
  3.06898385793053400E-01  1.85480783811064040E+01  2.12854988033962510E+01
  4.49954956992444630E-01  2.00334198402225500E+01  1.77982297190247460E+01
  5.88686278844574580E-01  2.22250921919495570E+01  1.87018739305710540E+01
  4.36315933331792570E-01  2.94555564750292010E+01  1.64335070641415340E+01
  5.46155746035104350E-01  2.31612973739388120E+01  1.89848492045903350E+00
  4.11346310528290360E-01  8.63720472294855130E+00  2.86709484513322050E+01
  7.44650008855257360E-01  1.72682291186972530E+01  7.02092018481438450E+00
  4.68162992243922280E-01  2.31085488161643160E+01  1.30383508071018480E+01
  7.11073931023246340E-01  4.26626489163552240E+00  2.88333417915079730E+01
  3.02034441597155470E-01  1.62035891516410050E+01  2.64284224238994520E+01
  5.12509616084684260E-01  1.43675333410236500E+01  2.05662997592271780E+01
  3.40422717275118370E-01  1.48160290667079440E+01  2.13681054052162120E+01
  6.65634982039605120E-01  1.64148691908155120E+01  1.61491349167524730E+01
  3.75295693565172690E-01  1.67538049106560650E+01  1.31249424589196830E+01
  4.75626642073745920E-01  3.77253755287060160E+00  1.91761730718289700E+01
  4.72038094207023740E-01  1.62936483349902910E+01  1.42442847680065640E+01
  4.29902962432020440E-01  9.40379820558728420E+00  9.18801353706268740E+00
  5.68910711623079470E-01  1.17586667197585780E+01  1.75744193071434050E+01
  3.07263188066738420E-01  8.31263281906430680E-01  7.81181590139259720E+00
  6.10911033360540580E-01  1.48321132462371640E+01  1.95438172313519870E+01
  3.43353541919950760E-01  2.59962692727472700E+00  1.04640460940771300E+01
  3.15231116497538320E-01  1.36512577691114830E+01  9.68564861809290890E+00
  3.78068289465320630E-01  9.85303547351758800E-01  2.72579561990164710E+00
  2.54824432159977790E-01  1.48598208087425440E+01  9.08324557907350180E+00
  5.44558358435121190E-01  6.62701864168376350E+00  1.23953318118137150E+01
  3.56000803327192820E-01  2.56912572597344000E+01  5.90127021463643950E+00
  3.13454063710418570E-01  2.13872803787758270E+01  2.50012622837582120E+01
  6.12591031919131530E-01  8.71606660710450850E+00  2.40370073064145870E+01
  6.47236078597052340E-01  1.05344619857208150E+01  2.19597288617326890E+01
  2.65726189967390210E-01  4.24400182292322550E+00  1.98441922208487180E+01
  2.96653470797716330E-01  1.96004916492568150E+00  2.42519790895716480E+01
  3.45648959319623030E-01  2.72194787226170120E+01  1.37635472687248670E+01
  3.13454063710418570E-01  9.61907167164553020E+00  1.67161953613425990E+01
  3.39073066583844400E-01  1.58550852868275490E+01  1.09927855433157900E+01
  2.96256570285591500E-01  1.64822947760454690E+00  2.68395983343894820E+01
  4.19081387041561550E-01  3.71757560071011860E+00  1.55353330137772830E+01
  7.08391389715138510E-01  7.65379397600660740E-01  4.34988400057534360E-01
  7.16035261746952050E-01  1.63681738272671990E+01  2.44806619805111900E+01
  4.43133439323318520E-01  2.68011147203752030E+00  2.40850334814756760E+01
  2.73281005279713530E-01  2.86127386618376960E+01  1.77618154649367420E+01
  3.35017483125717060E-01  2.10330882915627270E+01  1.25033346808622770E+01
  5.09222041678605210E-01  6.61254557136130660E+00  1.09039853986751080E+01
  4.27719079604653450E-01  2.79374037303129160E+01  1.34774425689848910E+01
  5.81299825206354370E-01  2.44971948492789120E+01  2.42290385183498240E+01
  5.46155746035104350E-01  2.35030730821562700E+01  2.36972454463495160E+01
  3.05466220251299840E-01  9.69228425645266610E+00  7.60335338753411530E+00
  3.11838068626578210E-01  1.47126703051741860E+01  1.03465561823147920E+01
  6.27423008989955560E-01  2.39633881996878340E+01  1.86210736792423400E+01
  7.12424816007452400E-01  1.79198745311441530E+01  2.62851257963326720E+01
  4.41140732643827070E-01  1.15443151452098030E+01  4.69436372359841590E+00
  3.80273533482480450E-01  2.75895928493101010E+01  2.69305818017512080E+00
  3.29796701345061780E-01  1.00745748343839910E+01  2.91398908065015510E+01
  4.15252526658189590E-01  1.03461186298453780E+01  1.38760294112284970E+01
  2.59062449636064510E-01  1.53614808417148050E+01  4.19066529553938770E+00
  6.18419083689772810E-01  2.47733355078380270E+01  1.95672326524644370E+01
  5.04213456464067280E-01  2.88268211076359080E+00  1.51417049709855610E+01
  3.48156346672602490E-01  2.62414365742688780E+01  1.13337596936097500E+01
  2.89042915761794110E-01  3.20208137605839700E+00  4.86156418336663170E-01
  3.05466220251299840E-01  2.75596227574106470E+01  1.21724295374625730E+01
  6.49919166153384610E-01  6.50574923868130920E-01  8.75174182952715540E+00
  6.14379095469630790E-01  1.57245237009695880E+01  2.72315992496141310E+01
  7.00411917450214720E-01  8.36565659154281430E+00  3.68591489458118020E+00
  5.69344335137112000E-01  2.74359128246498260E+01  2.91756725303296140E+01
  2.57564851167384970E-01  1.14885467719431450E+01  1.81115465452685140E+00
  4.13050329149462850E-01  2.52203840217151760E+01  1.70853269643576450E+01
  6.18419083689772810E-01  7.36817370345496950E+00  1.55182198974017770E+00
  4.26523982883737140E-01  1.40167205602478940E+01  1.14718407873858690E+01
  3.78209123272245940E-01  2.75761263120430660E+01  1.94714056235281670E+01
  2.63055759251188670E-01  1.87046640660176920E+01  2.02610313086661730E+01
  5.00274833943758600E-01  9.16662120947100330E+00  2.60519114535951850E+01
  6.01687927537542500E-01  9.62834046807890860E+00  4.00218545109892610E+00
  4.86073626967704090E-01  2.04052188111825180E+01  6.72580102752078710E+00
  7.62474117278193650E-01  1.26729861322639310E+01  1.01370910103702250E+01
  4.87886881528419990E-01  2.69721837082010440E+01  2.36480280277112240E+01
  2.99038091422116640E-01  2.65645946747639880E+01  1.87887344745086370E+01
  3.50974061745161330E-01  3.84116993191067060E+00  2.65368701217770390E+01
  6.10572080928614460E-01  8.49819191251313020E+00  1.11048092222047500E+01
  3.01731430220296380E-01  2.96084051621264270E+01  4.09965345682641670E+00
  2.59062449636064510E-01  1.42257347622326320E+01  7.91466638858106640E+00
  6.99477888048091770E-01  1.62424793142212780E+01  2.19420291323223430E+01
  4.41666133880560000E-01  3.06504066593557980E+00  2.48817134301983810E+01
  6.86210935380316480E-01  8.09254899229638270E+00  2.23141383295199240E+01
  5.27425300578987690E-01  2.07735073781195750E+01  1.33256680047481810E+01
  7.54505484792745040E-01  2.11144784032139480E+01  3.34078142618167550E+00
  4.11696508529454960E-01  2.23503476118954510E+01  2.49387140045323750E+01
  6.26517897412854200E-01  1.95734277765936970E+01  2.25476778526565910E+01
  5.72142532162989690E-01  8.44196076728247040E+00  1.31313914466330480E+01
  3.47451934045076260E-01  2.47123047053517380E+01  8.02782658705190680E+00
  2.57564851167384970E-01  1.00439787975632160E+01  1.15399694024896230E+01
  5.33859136323620030E-01  1.58011705684512030E+01  1.71915447399306030E+01
  2.69169509893181310E-01  9.36852902620229780E+00  2.34179785263906800E+01
  4.24351701398837560E-01  9.00297778230622470E+00  2.69616680689269330E+01
  3.11762329988951370E-01  4.14361438019326030E+00  1.05167356738973470E+01
  3.50974061745161330E-01  2.72125941642425280E+01  1.88393452205615470E+01
  2.66929568161810020E-01  9.55589000678006610E+00  2.73780840592401450E+01
  7.20816873845379820E-01  1.49481636654717530E+01  7.25276853209497130E+00
  4.22201084465533680E-01  2.17400954542890330E+01  1.22324958081078080E+01
  3.09209541844886400E-01  2.67405141097179640E+01  5.32734062197126070E+00
  2.62213147743524950E-01  1.73682656571137490E+01  1.20986654635528730E+01
  7.60411681679863700E-01  7.00718994308419060E+00  2.92399736456419640E+01
  6.67521681419926690E-01  2.29282351426627220E+01  9.33171856912241890E+00
  4.37954134865551840E-01  5.15896435014278690E+00  2.81101071272737140E+01
  7.16654247500547470E-01  2.54076145112674040E+01  2.07417738717733080E+01
  7.12424816007452400E-01  1.44921545037057020E+01  1.73196224076186700E+01
  3.61198882346046800E-01  2.37045509123869880E+01  2.25082463564561830E+01
  3.82245446386266610E-01  2.93863503636643060E+01  2.33069731243245570E-01
  3.58737518624021320E-01  1.09793497732298760E+01  1.34309578028618470E+01
  5.81547682683179710E-01  5.00934070011908620E+00  1.40489099142393230E+01
  4.21963532045373490E-01  1.32862707729671850E+01  6.91531037185958470E+00
  3.12648490279368120E-01  2.54409309824376530E+01  1.02451114204084830E+01
  3.25036994184950640E-01  1.68416555191978650E+01  8.70720091203962810E+00
  3.83290088603488770E-01  1.32642767649295820E+01  2.25142546421604380E+01
  2.93443024193560210E-01  2.80989464340630770E+01  2.86079405227565110E+01
  2.66929568161810020E-01  8.59094614806386400E+00  2.55449810562841120E+01
  2.99038091422116640E-01  1.42988178415796040E+01  2.31295188936474860E+01
  6.00040109246873770E-01  1.77011766696324600E+01  1.28940386589681370E+01
  7.14535578675763720E-01  8.82268888813228180E+00  8.13641264351008610E+00
  3.06898385793053400E-01  1.05597459539372230E+00  2.25226262888610690E+01
  3.45648959319623030E-01  1.92986559395414150E+01  2.34797005627849200E+01
  3.87046365911375680E-01  1.36727811566825750E+01  1.15729240406856660E+00
  6.56539952722306990E-01  2.56834592506882230E+01  1.45312678400314380E+01
  5.07436062422724900E-01  7.82980112991432090E+00  2.54030536040023020E+01
  7.39270392714900380E-01  2.02621789975591680E+01  2.71152129035728250E+01
  5.38024295323284910E-01  2.44551019495292610E+01  4.31539259999060750E+00
  7.33199636544987770E-01  1.15064405627407500E+01  2.40485012651245250E+01
  6.31923671661538840E-01  1.84114355019294540E+01  2.88336726253589150E+01
  5.72951670348821020E-01  1.23667359948861580E+01  1.14365941008360660E+01
  6.40456937776772590E-01  1.52218597219082260E+01  1.39469060242603560E+01
  4.77241894706072770E-01  1.59170840125445280E+01  1.94615249716562460E+01
  7.64764367446448820E-01  1.17253267696055660E+00  5.23433290643369190E+00
  7.16535845940979770E-01  3.16531089834341150E+00  1.70433032566117930E+01
  3.10705613459761840E-01  2.22033091815286410E+00  2.70414143452651740E+01
  3.89901968262705180E-01  1.61049127519861770E+01  2.30226726121020030E+01
  7.15011499502423580E-01  8.00880623603079120E+00  1.68873605779168160E+01
  7.60297905848187840E-01  2.65254974029941290E-01  1.43154499176689710E+01
  2.65726189967390210E-01  1.03069504416846910E+01  7.55076473533796210E+00
  4.53492046339069340E-01  1.41294534286814440E+01  1.40029430366513680E+01
  5.18725390566230620E-01  9.88390334992724280E+00  1.59278758420974280E+01
  4.24020504903543660E-01  2.35177929199467570E+01  1.02500580390397080E+01
  5.17634268500846420E-01  2.18133501653084920E+01  6.80902812495318700E-02
  4.54567147313974470E-01  5.06507901642537650E+00  7.57217926442092090E+00
  3.65965634987757580E-01  1.52015195136069290E+01  4.79472744806053620E+00
  2.96256570285591500E-01  1.89286311841796720E+01  6.97966212373845800E+00
  5.50543265074639000E-01  1.91752513773827250E+01  2.64212494814141440E+01
  4.46540105696671490E-01  1.41583101290302200E+01  2.17999088917386350E+01
  6.47236078597052340E-01  9.25153292643715200E+00  1.91366742849795060E+01
  4.82769235883485770E-01  1.33933797225810110E+01  4.90212807160305000E+00
  2.97529618718302210E-01  1.25743033169721040E+01  7.84781729314901440E+00
  4.13811620468168510E-01  7.99043612726245730E+00  2.05449571709652300E+01
  4.87785457169642190E-01  1.46517827826940740E+01  1.21295702849443660E+01
  3.41778742319800830E-01  2.44506085659687890E+01  1.26721415475312110E+01
  4.05793634226126800E-01  1.82276903137314510E+01  1.88160997112277930E+01
  7.14516279726398110E-01  2.26624667317804690E+01  1.99290009963542080E+01
  3.71799304162545760E-01  1.88808142559813810E+01  5.50978778252954360E+00
  5.77820253962530560E-01  2.13223733164700210E+01  2.34643171026990030E+01
  4.75626642073745920E-01  5.91865452511785060E+00  7.94164388416431330E+00
  5.46562010559427060E-01  1.72036399008526360E+01  1.70689822163774960E+01
  3.29506256422424390E-01  5.01271683828077390E+00  8.35416929343194070E+00
  2.62213147743524950E-01  2.32464811333692010E+01  2.29307687797532260E+01
  3.63105686475124490E-01  7.75331469029995190E+00  8.00461919797388430E+00
  7.08391389715138510E-01  2.43425070042574700E+01  2.65769103436681920E+01
  4.26578460793149810E-01  2.93058219520537660E+01  1.76654144277479510E+01
  6.08873319065221350E-01  7.42144817841941950E+00  5.70649720660759390E+00
  5.39466591144820300E-01  2.38382167000476420E+01  7.31272146418618620E+00
  4.66553963192992600E-01  2.28293603485929600E+01  6.88424558434221370E+00
  4.82771447840326400E-01  6.14377323789591220E+00  1.56040369171296580E+01
  5.13004586318856950E-01  1.03613579363270230E+01  2.74655126536607280E+01
  3.17084428049163950E-01  3.09841570291906980E+00  1.95929606778187380E+01
  3.50974061745161330E-01  2.83150407281377700E+00  2.02051718780626680E+01
  3.82382183723224410E-01  2.73751203437098060E+01  1.96124969734031930E+00
  3.77759649416993960E-01  6.97236490477347460E+00  6.58489195869196120E+00
  5.74203886104520670E-01  1.08099527866473930E+01  1.82115812116721010E+01
  4.11346310528290360E-01  5.06910835326534310E+00  6.70639776100401620E+00
  5.06367095649294540E-01  1.74449683355285820E+01  2.39031174475409110E+01
  6.01687927537542500E-01  1.86454640128364970E+00  3.15754967302552770E+00
  2.49794182180603610E-01  2.30518173805255310E+01  1.81929352116102620E+01
  6.11481049571092420E-01  8.05393050899189690E+00  1.95223754919406570E+01
  5.03927515451986880E-01  1.96222743600610840E+01  7.37832027601570140E+00
  6.35485889077753010E-01  1.69411717014288460E+01  9.66241073733020530E+00
  2.99038091422116640E-01  2.03600677849886760E+01  9.77967842062579780E+00
  4.22541054278063120E-01  5.23863398812935530E+00  3.49381313583753170E+00
  3.05466220251299840E-01  2.80876311106307100E+01  1.90179371148574500E+01
  2.62213147743524950E-01  1.28936570507397940E+01  6.34935868379787660E+00
  3.61769499680632390E-01  1.16959758862489100E+01  8.58190845913991040E+00
  2.47647088603063280E-01  1.22354090904182660E+01  1.35845004915151830E+01
  3.11155895623034430E-01  2.47030150980595840E+00  1.95978974837364040E+01
  2.66929568161810020E-01  1.61651921364089120E+01  1.01228668392602610E+01
  6.90395435464654740E-01  2.00219980286565470E+01  1.07337194734795340E+01
  2.96503602823160150E-01  9.01584049701896010E+00  1.68011268340288000E+01
  6.57722721512726150E-01  8.11849453158673210E+00  1.82552631947099260E+01
  7.24777883420223110E-01  1.20306423190224890E+01  1.88389663610244540E+01
  5.48279863025970290E-01  2.91527924382997800E+01  2.38559967514576310E+01
  6.40748513009616880E-01  1.52828973973710230E+01  1.56182383466554700E+00
  2.56092450391898300E-01  2.32972885711424450E+01  2.88383991879724530E+01
  7.17499092254363010E-01  1.04229277416383490E+01  9.73487425078368320E+00
  4.66141488621800890E-01  2.62528744508243020E+00  2.10605517545491170E+01
  6.33759023001558490E-01  1.08480689437459360E+01  2.85652756305156540E+01
  5.48279863025970290E-01  2.89364778615937900E+01  2.69455555347907880E+01
  4.19081387041561550E-01  2.18387324158092040E+01  1.12327399257600430E+01
  5.70902198024309190E-01  2.15704596137690170E+01  2.18280123303178680E+01
  3.17950877609215300E-01  1.67964678947124250E+01  1.23157812523521030E+00
  5.96963967672292380E-01  2.64967362388560800E+01  2.66111961681025340E+01
  6.18832453479690690E-01  2.39327511234339860E+00  1.81325397800985010E+01
  2.63339374245984010E-01  2.62261162580379330E+01  6.96909904447244520E+00
  3.55036581058269410E-01  2.92517203494519240E-01  2.96508220327044080E+00
  5.84913004272127690E-01  9.57393350262674400E+00  2.82299613667282830E+01
  5.77235448209733180E-01  6.94213935431981710E+00  2.60256849150488100E+01
  5.01105313190319460E-01  5.26937512327214200E+00  4.41667535614295840E+00
  3.83598938984435380E-01  2.19010615260535890E+01  9.55320987028688330E+00
  5.98360795606824340E-01  6.16006008637685910E+00  1.40694677837363160E+00
  3.41778742319800830E-01  5.40861035411667150E+00  1.81824513989781020E+01
  3.29796701345061780E-01  1.11751908265313490E+01  2.48333247822838080E+00
  3.84420431658369740E-01  1.31756598299142380E+01  1.66255294664755590E+01
  4.91872428060923640E-01  7.48879100812575600E+00  2.12985438467479820E+01
  2.93443024193560210E-01  1.17920378881716100E+01  1.59152774309191790E+01
  5.81299825206354370E-01  2.41257819812698070E+01  2.48185125242037600E+00
  5.68243553274813350E-01  2.89328783046816010E+01  1.34705135145472780E+01
  5.39001667068871980E-01  1.60446793950150520E+01  6.63342016252602740E+00
  7.01587183784351610E-01  2.60462019499266620E+01  1.23651645401274100E+01
  4.45239477383046460E-01  1.58630156389610200E+01  5.26396043748159940E+00
  5.39001667068871980E-01  2.32238697632921540E+01  1.52179073183232920E+01
  2.86134314477376340E-01  2.57932621529501690E-01  1.80142197131335670E+01
  7.70254277643880240E-01  2.61456174708313010E+01  9.42344739172907710E+00
  3.45648959319623030E-01  1.74502144753534050E+01  1.35545157907158400E+00
  3.39481361119070080E-01  1.88299467991130560E+01  9.20253023990770740E+00
  3.04461637453634990E-01  1.34512967586355610E+01  3.05460269688395010E+00
  5.20369884994360540E-01  7.84363719012616390E+00  5.17169423504102710E-01
  2.65726189967390210E-01  2.69891158551556670E+01  1.21509765631952340E+01
  6.26908127420837150E-01  2.21108126465009530E+01  1.48544006986611720E+01
  3.48480710258510130E-01  2.65354388317844150E+01  1.94995651935384280E+00
  2.96653470797716330E-01  8.34464421505618500E+00  1.01746982774165020E+01
  6.31923671661538840E-01  2.85107754432630250E+01  1.98541614092707980E+01
  4.09705559579089850E-01  1.21449613724028660E+01  1.45773425662127960E+00
  6.72499163702481620E-01  6.00900952954213880E+00  6.16692136251832410E+00
  2.84029264846615530E-01  1.88356168978341220E+01  3.81162437498700600E+00
  5.34631033075580400E-01  3.80335045394644450E+00  2.56520683949382440E+01
  6.17076625982510940E-01  8.06865011336594760E+00  2.65018359881493670E+01
  6.55074006360275090E-01  2.72422069869963720E+01  1.12658595257715730E+01
  5.46562010559427060E-01  1.54534847622977430E+01  1.27827445624330910E+01
  5.17626013175185660E-01  2.04206172307134540E+01  1.19102751537013360E+01
  5.82207618145930890E-01  9.36267426184875260E+00  2.24991677180674370E+01
  5.98268629341587580E-01  2.39116012072544000E+00  2.07948014882448050E+00
  5.34553382826858140E-01  4.71690846823128500E+00  9.16576032413468060E+00
  3.76753951196820710E-01  2.36667606589004220E+01  2.17575100564473980E+01
  7.52518120402026810E-01  2.19308007988576300E+00  7.43588938685593170E-01
  4.81368497469048420E-01  2.14825318344326670E+01  2.70988250334930250E+01
  6.47413426355271770E-01  1.97271138180172800E+01  3.54089452914126480E+00
  3.05466220251299840E-01  1.10036528347475820E+01  8.79720056133862900E+00
  4.46689977500956030E-01  2.09837846234934880E+01  5.99429898027272220E+00
  6.18566685513849460E-01  1.13551583569848890E+00  1.61469109819997880E+01
  5.36592099856838090E-01  1.31964094073856870E+01  2.15970521536283790E+01
  5.09574347305064630E-01  2.42926388447527120E+01  5.35017257456515250E+00
  4.92328788949218680E-01  8.54642723054685940E+00  6.36527053344443770E+00
  4.83351594707823830E-01  2.67388334860616230E+01  1.80260952361250480E+01
  4.40650972415989980E-01  6.13117559722095610E+00  3.68846627184626640E-01
  6.10911033360540580E-01  4.91929418338406870E+00  1.07823623609091990E+00
  4.34172467284937990E-01  2.90276049882645530E+01  2.48302390191481630E+01
  7.03188417218805210E-01  1.22414542540263850E+01  5.60084111436732800E+00
  2.92799561075502800E-01  2.19683270264173590E+01  7.32850820335244890E+00
  5.68243553274813350E-01  9.21215294545550910E+00  1.01672366061459060E+01
  4.60682082706054620E-01  5.08332911615413070E+00  1.74490545728279050E+01
  6.41715074739605920E-01  3.20319194623517230E+00  2.20056543352823400E+01
  4.55206736325743130E-01  2.44642009109821500E+01  2.54197879346852320E+01
  4.22201084465533680E-01  4.49132623576917740E+00  2.22173489736867680E+00
  3.63079661055833470E-01  2.36788487838981010E+01  1.95699075013345660E+01
  2.63055759251188670E-01  6.62444418056381320E+00  2.31564347219981100E+01
  5.32877675645020420E-01  1.09072230866193610E+01  1.56868870547292350E+01
  5.77235448209733180E-01  6.54408235136628670E-02  1.26762827975774090E+01
  4.09775903561979240E-01  2.82082625735054860E+01  1.18715057221505380E+01
  6.93187364831086050E-01  1.55663953647994560E+01  2.56392997676546980E+01
  4.30054269381220950E-01  1.17997375320746370E+01  1.30656030058949780E+01
  5.07436062422724900E-01  1.63343448068090420E-01  1.55789359124801250E+01
  2.49948351789403130E-01  1.61051176174218470E+01  2.93706722565086090E+01
  3.16022212934137680E-01  8.70315297303979920E+00  2.31087060295213150E+01
  4.72818350263822220E-01  2.45563861301697380E+01  1.76943744330410230E+01
  4.46689977500956030E-01  2.50054613875280220E+01  4.12388856275868500E-01
  4.74581552528920360E-01  2.78310799854313800E+01  6.37026622460267690E+00
  4.86590143357422540E-01  2.86823726143833890E+01  4.35769754393797550E+00
  2.73281005279713530E-01  2.91785524616962310E+01  5.74339189726028470E+00
  5.20515140446715560E-01  1.22354638465323260E+01  2.20369181202262360E+01
  4.13811620468168510E-01  1.29829353093178130E+01  2.53539215045860220E+01
  3.81419328643079860E-01  2.58385154608328880E+01  1.63835866411360590E+01
  4.05593309893122810E-01  8.38525341356922380E+00  2.12624132971161400E+01
  5.85380732291966590E-01  2.20154035328442460E+01  5.96640793134051070E+00
  4.06599624824484800E-01  2.84241489727074530E+01  9.67202915587900240E+00
  6.40456937776772590E-01  1.30145162226807930E+01  2.91042417598352830E+01
  4.75626642073745920E-01  1.06645839613333530E+01  1.47080501550942170E+01
  5.09222041678605210E-01  4.18583688492526380E+00  8.21434628515353180E+00
  5.77820253962530560E-01  5.72067456070598630E+00  1.94906959642895710E+01
  3.80273533482480450E-01  2.25176294324329330E+01  1.24299780045924560E+01
  5.01406606281285510E-01  1.54086183910927660E+01  2.35790501076020150E+01
  3.59079136884617700E-01  2.78913410476537260E+00  2.80953860729219290E+01
  5.94092381958372510E-01  9.44978948602913250E+00  2.49949721409849630E+01
  2.54611020839302520E-01  2.21130813032844740E+01  6.80064291289888610E+00
  4.99223721401470310E-01  1.96810683801180990E+01  2.34780923076739480E+00
  2.54611020839302520E-01  2.11894675137729180E+01  1.18392459931572760E+01
  3.20574425314766210E-01  3.17803893422379380E+00  2.62349617138490570E+01
  2.85767805251094040E-01  2.30601212132168350E+01  1.07924508851215460E+01
  2.54611020839302520E-01  2.86483538392317810E+01  1.61909333365323110E+01
  4.12246671516209600E-01  1.13828867159144520E+01  1.13855285486940080E+01
  4.41298336829792340E-01  1.33631580531017860E+01  5.82547841090558370E+00
  7.09985914168247060E-01  1.22637060417067830E+01  2.07702266106954240E+01
  6.80956647410425740E-01  2.34428064417200090E+01  2.49228124946255460E+01
  4.75338540515479570E-01  7.42198712551946740E+00  9.29531396432839680E+00
  7.49588614928249000E-01  2.04295911690866920E-01  2.58121275982037910E+01
  4.74033319401206570E-01  2.79649583927254670E+01  2.08156139751452580E+01
  5.20515140446715560E-01  2.83342477050570980E+01  2.78285273941908430E+01
  5.48131117613959250E-01  2.02545281198504980E+01  8.93792147568185410E+00
  3.46733456860136300E-01  9.99334951539257330E+00  7.02483597475675840E+00
  6.97384645011991290E-01  2.71666851141409750E+01  7.33536753955342840E+00
  3.78209123272245940E-01  2.17602875859351030E+01  2.44136818791969470E+01
  3.82382183723224410E-01  2.01843281022006590E+01  4.55230023336577270E+00
  4.46537248270915300E-01  2.33156496527268220E+01  2.60487496607063880E+01
  6.08690451339190200E-01  2.38603253284130190E+01  8.46054540286512240E+00
  2.59062449636064510E-01  1.37643013533747670E+01  2.96008369981503990E+01
  4.43756654693070110E-01  1.50525358028802290E+01  8.41206586373315450E+00
  3.18942867500738640E-01  1.13462159623197910E+01  2.02570524220409500E+01
  7.16535845940979770E-01  2.39383142712775900E-01  6.38441919850448160E+00
  4.62836237406567810E-01  2.76705583965785140E+01  1.16952213038207750E+00
  6.97384645011991290E-01  7.32279000638414160E+00  1.56531551206468920E+01
  2.47647088603063280E-01  1.89834275320995260E+01  7.77419999426954700E+00
  4.05793634226126800E-01  2.43641151441098900E+00  3.98698564160254420E+00
  5.37364664263313330E-01  2.43960248623804750E+01  6.39168990549775980E+00
  5.72881440675418570E-01  1.83764826894178160E+01  6.30856167737844760E+00
  5.04213456464067280E-01  1.44510696740842660E+01  1.31008832364449430E+01
  3.86557871019070410E-01  2.88173457447061630E+01  1.24669839698198470E+01
  5.62178328188990490E-01  1.70503470251839740E+01  2.29105304914650530E+01
  6.41715074739605920E-01  1.70853516817328280E+01  1.50272531359514440E+01
  4.54567147313974470E-01  1.44193346207724550E+01  9.63890890858107950E+00
  3.97011970696729720E-01  2.88153171311800660E+01  6.33933710039399050E+00
  3.99477862283745790E-01  8.22308725759524430E+00  7.19647251863407520E+00
  5.15931587153482510E-01  2.09453479444529260E+01  2.91995812718110810E+01
  5.98026541173087530E-01  2.23599017175314470E+01  2.64701511411357050E+01
  5.94917806945655060E-01  2.53452189853776170E+01  5.01598333814486170E+00
  3.86557871019070410E-01  1.60035907958183290E+01  4.12443007198305270E+00
  5.52347772924787250E-01  2.23243077888501350E+01  1.03914613788949240E+01
  4.05793634226126800E-01  1.65846747605823270E+00  8.43821288660125290E+00
  4.66753989857397040E-01  1.11111198509993020E+01  2.10066853046923080E+01
  6.77666041374141330E-01  1.21110616171226320E+01  3.71021154468881060E-01
  3.23306573977224420E-01  1.39068916955778800E+01  1.97475348937551870E+01
  6.88340418185590860E-01  2.41437224644263110E+01  1.15099860315012960E+00
  4.11696508529454960E-01  5.10885094853400630E+00  2.52986608335421440E+01
  4.03052389307286420E-01  1.52019298535215550E+01  2.60248552050127020E+00
  2.97529618718302210E-01  1.00327730702159790E+01  1.86058646979646660E+01
  3.13090147150790890E-01  1.39073021791343300E+01  1.24239884589142930E+01
  5.01435669612667030E-01  1.05516277622429340E+01  1.09757909923678460E+01
  5.26482748420329030E-01  2.33854723634959780E+01  2.80004179628841750E+01
  6.75156127532392600E-01  7.45209346388875460E+00  2.42825708684179810E+01
  7.20816873845379820E-01  6.41706476370901150E+00  4.83523107729466690E+00
  5.30006102735105960E-01  2.93646106216477280E+01  9.41089817982108730E+00
  3.43353541919950760E-01  2.21223151496886050E+00  2.76952148618444870E+01
  5.32877675645020420E-01  9.43347217269047530E+00  1.36190766586134940E+01
  6.44956217916396120E-01  1.31900092190257960E+01  2.12511092021106010E+00
  3.55036581058269410E-01  8.71415033741229190E+00  6.08036753590524540E-01
  4.30054269381220950E-01  2.11979359407146360E+01  2.79644768947913070E+01
  4.93734512940847830E-01  2.54119096381432890E+01  3.92972906824253380E+00
  3.42409596243210680E-01  5.73719875983214410E+00  7.14430528289900210E+00
  5.58952633370732950E-01  1.68763577003946600E+01  2.70106019529356050E+01
  4.49954956992444630E-01  2.88870763937648220E+01  2.08684645044296810E+01
  4.11346310528290360E-01  7.09118729437961280E+00  1.01177749744441490E+01
  4.72818350263822220E-01  1.32668554297913580E+01  1.19687210378110970E+01
  5.00672486592370710E-01  2.72265411692260530E+01  1.53416720614064310E+01
  4.15334611176110170E-01  1.63110900135183470E+00  4.14721507917037880E+00
  7.70254277643880240E-01  1.30818048703857080E+01  1.77760872485023750E+01
  5.32262962461145860E-01  1.41196943069104680E+01  8.69879856650872090E+00
  4.01880163826280960E-01  1.28846330204219940E+01  1.12389294481696480E+00
  7.41720708060832300E-01  1.82830966856266630E+01  1.16853384700057550E+01
  3.01674668393272730E-01  1.62224804215685940E+01  1.63370678954934350E+00
  2.66929568161810020E-01  1.77720397804666310E+01  3.50210291713049720E+00
  4.15334611176110170E-01  9.57520476033539940E+00  2.15030683894730820E+01
  5.20369884994360540E-01  1.78360103308471820E+00  1.18750020683095110E+01
  2.84672167568555990E-01  2.34054886596639060E+01  5.31366963250389990E+00
  5.18912146576496980E-01  1.94664167355594380E+01  6.36747962743600040E+00
  3.90540239164096370E-01  1.13993140237773770E+01  1.16731402735502950E+00
  3.63079661055833470E-01  1.87007960844437020E+01  2.20346957308143100E+01
  4.73113776075054650E-01  2.37158597542470130E+01  1.23198268333419920E+01
  5.55687039951364880E-01  6.74469339953722540E+00  1.67648383199563080E+01
  6.97384645011991290E-01  2.18232237628913030E+01  4.69818667986267170E+00
  3.54092873053847420E-01  1.12012535786049110E+01  5.41165790379626980E+00
  7.37991961479508610E-01  1.80954905527867990E+01  4.81001173272037620E-01
  5.10790949981952740E-01  1.83557634256844950E+00  1.08453240277290260E+01
  7.03918080384424090E-01  4.12834823680840300E+00  4.80310846297612940E+00
  2.69326463995374250E-01  9.23011185036470040E+00  2.57016246371855450E-01
  5.39922025342825940E-01  1.14353389481892230E+01  2.27325105525854450E+01
  5.39922025342825940E-01  8.23286226276648310E-01  2.88805171002360270E+01
  3.52682444144397330E-01  4.22983601310308370E+00  1.71425511401392970E+01
  3.17084428049163950E-01  1.66211767338060530E+01  2.87329212373809280E+00
  3.92511582998476170E-01  5.57954925284278320E+00  2.45617416853718390E+01
  2.92799561075502800E-01  2.90878716708710810E+01  1.58039441740150740E+01
  3.63105686475124490E-01  2.41840080116588350E+00  2.93435975866788540E+01
  3.25036994184950640E-01  8.53170379173491970E+00  2.49560613454852320E+01
  5.70902198024309190E-01  2.50885003998142010E+01  2.90906956728442230E+01
  6.18138908065390960E-01  1.44323399766198400E+01  4.76602792029240160E-01
  3.10705613459761840E-01  2.74678042571663990E+01  2.01904224637593470E+01
  6.99092076263204730E-01  1.54269536374314760E+01  1.83769399599065370E+01
  4.40295189098215370E-01  5.75202595236532500E+00  2.06939435146339540E+01
  6.52034765531911640E-01  2.53930099045349600E+01  2.21102840358515140E+01
  5.12628979659419230E-01  1.67908046281964860E+01  3.68996583575400060E+00
  2.68569610726517900E-01  1.04289498881884750E+01  3.65700713613083030E+00
  4.41473589537221400E-01  1.83697736634056450E+01  7.46068632573330160E+00
  7.41623060643924430E-01  1.56191835607282780E+01  2.06432393569289090E+01
  2.49794182180603610E-01  2.23487774681433000E+01  1.57549461082214200E+01
  3.44856808658559500E-01  2.31342288986374600E+01  2.80062443533465630E+00
  6.83701617051292750E-01  2.84481280552193210E+01  2.06484415347782150E+00
  7.19599311285852310E-01  1.83244224567626440E+01  2.30495026816158240E+01
  6.67521681419926690E-01  2.80266260137829130E+01  8.39486806524523740E+00
  5.40946473112310590E-01  1.24391483364698120E+00  1.79796840446806880E+01
  3.83579206291793930E-01  1.21851370614155790E+01  2.74180583226902640E+01
  5.04339573614743570E-01  1.93251625760496710E+01  8.44403503319907860E+00
  6.35523375007872900E-01  2.89618556837279400E+01  1.86699503460461460E+01
  3.44905765886116280E-01  1.55291480999916520E+00  9.18121180362892450E+00
  2.65726189967390210E-01  1.34543436140300960E+01  9.13919867755203090E+00
  4.87785457169642190E-01  3.49280692267608210E+00  1.82543718154484330E+01
  3.71299762957800540E-01  2.80530011806900250E+00  2.56520748072397670E+01
  4.13811620468168510E-01  2.33227991786799040E+01  2.70566433614912900E+01
  5.69423614487483490E-01  2.54835592229967640E+01  2.55208590497702730E+01
  5.83429036676414100E-01  2.78545283480318130E+01  1.81603975903067580E+01
  5.30006102735105960E-01  1.42140492494718910E+01  2.89525629360517980E+01
  5.16710955738981780E-01  2.42729408091274790E+00  8.94751326308244900E+00
  2.65726189967390210E-01  2.47382668707121380E+01  1.89709160823723110E+00
  3.18942867500738640E-01  2.81989597473764560E+01  3.03586945703148010E+00
  3.23881608201221470E-01  1.98250665856100990E+01  2.52897649637476820E+01
  3.54092873053847420E-01  9.69652391994232410E+00  1.09520254749909860E+01
  5.12509616084684260E-01  4.91968594336392600E+00  2.02301964360146800E+01
  4.99223721401470310E-01  3.45590305859913110E+00  8.91011819621946090E+00
  2.56092450391898300E-01  4.84179320043922700E+00  1.15691457785788310E+01
  5.45765227979075810E-01  6.57746879995143540E+00  8.72177119823723150E+00
  6.94010183176834960E-01  1.85919494283288100E+01  2.75203143106749120E+01
  3.57201130995523370E-01  1.91779300838854030E+01  2.14955999914671590E+01
  5.25895496843049500E-01  2.18425883026522240E+01  2.86701605095629940E+01
  5.10790949981952740E-01  2.50279182127985640E+01  1.60111297881320770E+01
  4.89717368181109780E-01  1.95165444451265770E+01  9.66737515686771860E+00
  4.82769235883485770E-01  1.43105923856784420E+01  3.25213057133661200E+00
  6.93278360304079300E-01  2.73687103470461320E+01  4.54638381635911240E+00
  3.35017483125717060E-01  1.41923381863205390E+01  1.07308427885572680E+01
  3.26514001167033020E-01  2.46570960020458330E+01  2.14660693101640060E+01
  4.75880684447443510E-01  2.55150190511763100E+01  6.71384511053725850E+00
  4.22354771203238230E-01  2.54823422062001050E+01  2.65123322919483930E+01
  4.11966131227655820E-01  1.60163510388431330E+01  2.31684710413036840E+00
  7.30946391186454210E-01  2.12559740249936410E+01  1.95971644563647120E+01
  4.22201084465533680E-01  1.33902903986963930E+01  2.06580832046003740E+01
  5.15931587153482510E-01  6.63302473912122090E+00  2.41548705609938620E+00
  5.52347772924787250E-01  1.03323589679239160E+01  2.83967168537152850E+00
  2.49794182180603610E-01  1.43832775888669180E+01  2.81479420248167040E+01
  4.50103975287380020E-01  7.33749534710589120E+00  2.31632608443758980E+01
  3.61769499680632390E-01  8.81718050027883220E+00  2.01262395337188490E+01
  2.77147605524350650E-01  7.26329313646039590E+00  2.78354630527298180E+01
  7.64764367446448820E-01  4.10373558035123050E+00  1.30528115177243280E+01
  5.71326189973923350E-01  2.91465777396222240E+01  3.35876374207700580E+00
  4.07877171249442140E-01  9.72081434454293360E+00  2.09938901665363750E+00
  4.46540105696671490E-01  1.71314801439034130E+01  1.13926627081882030E+01
  5.07606992315717240E-01  1.80825723920191410E+01  9.60123053762566590E+00
  3.01731430220296380E-01  3.15646766246707020E+00  1.59906685895614110E+01
  4.32382463464541460E-01  3.33605089899387290E+00  7.80900688474170050E+00
  3.25762576013666160E-01  2.44351521587081240E+01  1.19728361109847090E+01
  6.24920360555607160E-01  1.45280025460836360E+01  1.50048320862128380E+01
  7.38532964590205680E-01  1.31672961382448220E+01  2.68757319516399140E+01
  3.92511582998476170E-01  2.43023057546178730E+01  2.96474825906153820E+01
  2.97561439636419770E-01  7.44237694773561830E+00  2.49403413174795660E+00
  3.46434506905438330E-01  1.56498233730611550E+01  2.81889637863571170E+01
  5.89502618647478990E-01  2.11951451358171600E+01  1.02226750107176940E+01
  3.32399546609116130E-01  3.32561878799884170E+00  2.06769179475438990E+01
  5.77649046292645880E-01  2.95476478023688140E+01  4.97692686353598650E+00
  4.31729360191427780E-01  1.83968836627022370E+01  8.56443915302242690E+00
  3.17950877609215300E-01  9.83915399573082890E-01  2.66699892346233720E+01
  4.75880684447443510E-01  4.07958272707555110E+00  3.13055522212818890E-01
  3.91816801400439550E-01  9.10324791909184050E+00  7.05255303165808020E+00
  2.50163292655703180E-01  2.20513241990585770E+01  2.38568281522116910E+01
  3.42074681651230290E-01  5.36893798594200260E+00  2.38580318604282550E+01
  3.50974061745161330E-01  1.60269270487352810E+01  2.87750144198351380E+01
  6.18566685513849460E-01  1.83344022888422270E+01  1.51924420248227570E+01
  3.24719866931951940E-01  1.90802830412678050E+01  1.67811720732022640E+01
  3.57201130995523370E-01  1.24696687197181130E+01  1.23609442765486810E+01
  3.13090147150790890E-01  2.20693011404434680E+01  2.56066309705643320E+01
  2.58355477869490890E-01  2.94128038232571280E+01  2.23795423037803580E+01
  4.83351594707823830E-01  1.13534175329119160E+01  2.60803581381809940E+01
  5.48463672908306780E-01  2.49375546181222740E+01  8.89480261517543800E+00
  4.24351701398837560E-01  4.55445262922275870E+00  6.04810149426399950E+00
  6.80557430527969220E-01  6.99098201870319970E+00  3.55708559791172000E+00
  3.73125396709624990E-01  1.76226381353213140E+00  1.27681299595936740E+01
  6.77808113742920780E-01  2.78999336926555870E+01  2.45459591502931540E+01
  7.67512613708393760E-01  6.85805508375910830E+00  2.02086746766912920E+01
  4.76544583128828500E-01  5.44977513559203700E+00  2.70822213671386580E+01
  6.97738347479756800E-01  6.71349324884211020E+00  2.21999695669999400E+01
  4.49545157175862540E-01  1.19657883810084480E+01  2.86890658183926350E+01
  6.25336422111717830E-01  2.20848044912537520E+01  2.36004486638214940E+00
  4.99487474973056500E-01  1.26660541748792920E+01  3.22820671408901210E+00
  6.67521681419926690E-01  1.88344453870916660E+01  2.52521008673703630E+01
  3.44170209092795430E-01  2.15841394667668250E+01  1.56697187067289170E+01
  4.01880163826280960E-01  2.51971306815658950E+01  2.72853142859348490E+01
  5.95035019805102560E-01  3.11947862366754600E+00  2.71484917650248040E+01
  5.20348764567513020E-01  1.43483310602009750E+01  2.25027770177700280E+00
  7.44845164893703690E-01  2.12322271539302000E+01  8.05982131121153780E+00
  6.94010688862415210E-01  2.11331614180239420E+01  2.59769896159883660E+01
  4.00156705760987560E-01  6.52842767731430750E+00  2.48330818545818670E+01
  6.57722721512726150E-01  9.53547804554789740E+00  1.48048408182259910E+01
  3.61198882346046800E-01  2.49315407418554610E+01  9.80431838120288470E+00
  6.07167866036927160E-01  7.72346626512350380E+00  1.20441894823228530E+01
  5.81677556670477180E-01  2.83065829522672060E+01  1.54112790724184630E+01
  3.17579752081870750E-01  7.81207795412551410E+00  1.39708004698728290E+01
  2.69169509893181310E-01  2.79524145018050590E+01  1.73134407186155740E+01
  5.36592099856838090E-01  1.77386464240240290E+01  1.80106453383874160E+01
  3.01799748246536660E-01  2.77999483696944270E+01  9.33722108038177550E+00
  4.05794678723965420E-01  2.13615373464616630E+01  8.73379169425611220E-01
  3.65995101567518470E-01  1.54219928815352600E+01  5.64902598471896060E-01
  3.39481361119070080E-01  7.74755978457061540E+00  6.59700790710936320E+00
  6.97384645011991290E-01  5.38624070239624770E+00  1.23514244948888030E+01
  6.82253548551889110E-01  5.46999922601626310E+00  2.27969812069224710E+01
  5.67035311113654220E-01  1.39140720889700130E+01  1.60262272814264720E+01
  6.47236078597052340E-01  1.19186771379237790E+00  1.72167664055045440E+00
  5.92513140571182980E-01  2.30663907754761300E+01  1.40976127566980980E+01
  4.71553509741754610E-01  1.10502232946350530E+01  1.95241016923126760E+01
  6.55885333720611730E-01  4.46211720455335750E-01  2.17772726534599070E+01
  2.83840017940612550E-01  1.23653265712049950E+00  9.72434525874253100E+00
  5.65219172841477580E-01  2.40487727994892850E+01  1.34851817920302520E+01
  3.48480710258510130E-01  9.09697179728247640E+00  1.67175377829496230E+00
  6.26908127420837150E-01  2.76905419309997000E+01  2.68791158680164130E+01
  2.62213147743524950E-01  2.10620160763401390E+01  2.76344629606491310E-01
  5.08737612195334600E-01  4.33478457488517050E+00  2.24369418822501320E+01
  4.59281804788439010E-01  2.72811713142565220E+01  9.89397896197067080E+00
  2.86550378078914000E-01  1.89802028253010210E+01  1.36685756960421700E+01
  2.99038091422116640E-01  2.91668599308322170E+01  1.51475992848952160E+01
  3.62493203924014780E-01  2.97100382210223440E+00  1.89256110494770980E+01
  5.64616421781660800E-01  1.32756538756374510E+01  1.45575043982736960E+01
  3.87533216804236250E-01  1.32881982899225870E+01  1.11086559657577820E+01
  3.90540239164096370E-01  2.60720283728676420E+01  1.05841269649292950E+01
  5.44640939783434240E-01  8.44090951301010680E+00  9.33631457488531780E+00
  3.84420431658369740E-01  1.49563644229865500E+01  2.84186771154499030E+01
  4.53492046339069340E-01  9.29650019107373100E+00  2.92301697437278350E+01
  6.38023782753992030E-01  1.57369549298115030E+01  9.24934470327796990E+00
  5.00672486592370710E-01  2.41110384746444350E+01  9.54097751236161250E+00
  6.08873319065221350E-01  2.11615295148309210E+01  1.81519074373459440E+01
  3.18942867500738640E-01  1.88235177536926090E+00  6.27448683897838320E+00
  2.65726189967390210E-01  7.92780765545521950E+00  8.63018450937227750E+00
  7.10410487391814980E-01  2.08293504704005980E+01  1.90421152692606710E+00
  4.66797018098134940E-01  2.12145160382460850E+01  1.42278854529107580E+01
  3.89889811574280460E-01  1.69695162191722740E+01  5.45405053876656610E-01
  2.92456502136063850E-01  1.71015721696700570E+01  8.14712579114114630E+00
  3.63079661055833470E-01  2.25966999240842450E+00  1.45385433028431700E+01
  4.13811620468168510E-01  2.58501291733480980E+01  1.55884815557627940E+01
  2.60417758313763680E-01  1.37530562120972700E+01  2.40705690646760960E+01
  4.41940562555082740E-01  2.07700596057252720E+01  5.13217392661415770E+00
  3.08418768867630710E-01  1.18246913135571780E+01  1.98513567329841610E+01
  3.04461637453634990E-01  1.25421056614099980E+01  1.40857084120244380E+01
  4.75626642073745920E-01  5.16581812729644070E+00  5.38778040607728940E+00
  4.19693779402500590E-01  2.26473967354532850E+01  2.41623045370788890E+01
  3.26514001167033020E-01  4.84343265455645340E+00  6.73095731760121470E-02
  3.55388479881239270E-01  9.43529630426335860E+00  1.16115633132707610E+01
  5.33859136323620030E-01  2.92272208418556080E+01  8.35642559705442520E+00
  3.39481361119070080E-01  2.05135629937254400E+01  2.22465272648244760E+01
  2.51153087880769550E-01  7.85711497891870980E+00  9.87699152789493340E+00
  4.21603844523193420E-01  1.33242557116379250E+01  4.27639686529328600E-01
  5.20348764567513020E-01  2.86635157549542970E+01  1.69698544125615310E+01
  6.86210935380316480E-01  1.72040820239227300E+01  1.91962668999770720E+01
  4.41140732643827070E-01  1.65982917926643980E+01  1.06829927257943710E+01
  6.26908127420837150E-01  2.24796563569774360E+01  3.54820559343734750E+00
  5.11871480770454750E-01  1.09439873975340500E+01  2.51735392195597070E+01
  4.70990686464341570E-01  1.80618308246492310E+01  5.31093211365695690E+00
  5.20369884994360540E-01  1.14301633893547350E+01  1.04542928360094030E+01
  3.04306421741581800E-01  2.01908330000750840E+01  1.27301626919459420E+01
  5.88333222664750720E-01  1.87754329557021400E+01  1.04500405978988960E+01
  6.64541222436485860E-01  6.12526701839135330E+00  1.34951584081679920E+01
  4.24351701398837560E-01  1.56565653740386960E+01  1.18333823737741850E+01
  5.55920758830291820E-01  2.06558568647743850E+01  1.50845257609352960E+01
  2.89042915761794110E-01  2.50399504632244470E+01  5.86021402554609590E+00
  2.47647088603063280E-01  2.03278734284275090E+01  2.72047755842332070E+00
  5.88686278844574580E-01  2.66308738928437450E+01  1.96738896025001320E+01
  3.53063097104977870E-01  2.73000166735668050E+01  1.74060258007352860E+01
  4.50600139601478670E-01  4.18931025137249510E+00  1.18404995014824000E+01
  6.65634982039605120E-01  2.77296056693693730E+00  1.25287914584550570E+01
  4.69750256464274060E-01  1.90899189579821030E+01  1.89675138573515730E+01
  6.13801455222646290E-01  1.93469924803250100E+01  1.44902008618512190E+01
  5.14582826754803690E-01  1.06754839351977960E+01  1.19841919616269120E+01
  3.81419328643079860E-01  3.75690540221866520E-01  2.40160700152762490E+01
  7.28196096543639280E-01  1.06400869218707950E+01  1.69191659624988730E+01
  7.33199636544987770E-01  2.80857264984061890E+01  2.31472979804779510E+01
  2.86550378078914000E-01  2.88847892687742020E+01  2.25138878013253030E+01
  2.52169786807371790E-01  1.53360812041641470E+01  2.16521482656689880E+01
  5.01406606281285510E-01  2.04629800552194110E+01  7.49546596043471070E-01
  4.18948713530687210E-01  1.92304036068243180E+01  2.42407212510913720E+01
  3.62620749938717070E-01  1.60851080864550510E+01  1.34363387539618150E+01
  3.15231116497538320E-01  1.14906487352798110E+01  2.92882766166124680E+01
  2.83840017940612550E-01  1.95401379249976300E+01  2.09670573043006460E+01
  4.72199721516180480E-01  2.80245589532126540E+01  1.04546992420121790E+01
  4.41666133880560000E-01  2.53548343581485080E+01  2.81138766298009100E+01
  3.39073066583844400E-01  2.49236865999314650E+01  1.85126462372854550E+01
  2.54831192030272870E-01  7.10327912576895320E+00  2.51555232662744360E+01
  6.65634982039605120E-01  3.83101799015596090E+00  1.44568687319550620E+01
  2.69326463995374250E-01  2.49702186739619700E+01  2.37925005199156340E+00
  3.08418768867630710E-01  2.83172403191895690E+01  3.65182553973725810E+00
  5.63324676144028570E-01  6.27301368387270490E+00  2.39041294188432190E+01
  2.49794182180603610E-01  5.24150221181578410E+00  1.87511313053698600E+01
  6.44956217916396120E-01  4.17233096704466530E+00  3.45512254871782120E+00
  4.26043897269923290E-01  1.73608065216539060E+01  2.94445138057475330E+00
  7.44533748089133770E-01  9.42890846751221190E+00  1.77566427289730450E+01
  2.47647088603063280E-01  1.08872814810055550E+00  1.09752108081032420E+01
  3.47451934045076260E-01  3.46452913074980180E+00  2.39913954989069750E+01
  4.83182858574677270E-01  9.01071261349124700E-01  2.07331500700600420E+01
  5.38382388131525950E-01  1.20392103908218240E+01  2.39973884282403650E+00
  6.08690451339190200E-01  1.25043889260193260E+01  2.31515237593735180E+01
  3.93024383017402490E-01  2.43481499898317820E+01  2.21156510690206430E+01
  2.54611020839302520E-01  1.05923831893335500E+01  2.66794975778729580E+01
  6.82253548551889110E-01  2.61002380261979920E+01  1.37657691687429920E-01
  7.67665169660178040E-01  1.31857400323434910E+01  1.32282727162148370E+01
  3.95839252948554370E-01  2.80602682716094450E+01  1.26633235007107490E+01
  5.15379284759350490E-01  1.58703108385099480E+01  3.23245791294711720E+00
  5.09222041678605210E-01  1.97386891966306340E+01  1.34165939705984330E+01
  4.72038094207023740E-01  1.35640754242872280E+01  2.33629876501413630E+01
  6.64541222436485860E-01  2.64501000747014320E+01  2.46751563597476460E+01
  4.84167632717154460E-01  8.64126492882637360E-01  3.57941507056501830E+00
  5.39922025342825940E-01  1.82409728021328160E+01  1.40378181903142140E+01
  3.77759649416993960E-01  1.02010257122586340E+01  1.95224303882431020E+01
  5.06367095649294540E-01  2.89998618010267610E+01  1.03804769373498220E+01
  3.05466220251299840E-01  1.94551507778697080E+01  1.82838602908713740E+01
  7.55604472483241980E-01  2.39380739008807590E+01  2.06581408027271110E+01
  7.68548325332126940E-01  1.96671990875831360E+01  2.94528610073529860E+01
  3.09209541844886400E-01  2.10797408986303910E+01  2.43173174104229840E+01
  4.71553509741754610E-01  7.57458706546786690E+00  4.55037240264601640E+00
  3.65995101567518470E-01  4.12418947963707790E+00  2.15881455640658610E+01
  6.26517897412854200E-01  1.11787977999677080E+01  7.74003553341237090E+00
  3.55388479881239270E-01  1.30856133771314160E+01  1.99427927175766160E+01
  3.90423892796942250E-01  2.46936169432247820E+01  1.41904221599577640E+01
  4.92172780862642510E-01  7.12176196511149410E+00  2.70794966530445580E+01
  6.66683478841499700E-01  4.77217291286616160E-01  1.02958895787874380E+01
  6.94903868090152520E-01  2.68038298549092000E+01  2.09456484324502870E+01
  7.65642972591057180E-01  4.91351446779770470E+00  1.53925612751140900E+01
  3.52682444144397330E-01  2.53208613960095580E+01  2.89300056106244480E+00
  5.39466591144820300E-01  1.69370313928206360E+01  2.07717333976953760E+00
  4.26043897269923290E-01  1.94082560341151980E+01  2.82868480285783190E+01
  2.53364602799301860E-01  2.86654971293970750E+01  9.05784260603496170E+00
  3.83290088603488770E-01  2.72053172011409360E+01  4.07489691552421900E-01
  5.55920758830291820E-01  1.57059343841987380E+01  1.50874296562561230E+01
  4.13050329149462850E-01  2.36280818569333470E+00  8.02008392543981690E+00
  5.20369884994360540E-01  2.42949111436937240E+01  1.67362915570024630E+01
  6.99477888048091770E-01  1.09485557511614470E+01  6.43434863312429430E+00
  3.59079136884617700E-01  2.06798001124723960E+01  1.73125628574422660E+01
  3.01799748246536660E-01  1.37249776242436050E+01  1.02982858806818810E+01
  5.28731261397185740E-01  1.02443779046550180E+01  1.29341385600933700E+01
  6.80338287111455390E-01  1.61424951932360370E+01  7.98495609872827930E+00
  4.74033319401206570E-01  1.03355388196552860E+01  2.43985409753234460E+01
  3.53302408788900560E-01  1.11992280779748650E-01  2.47018179925942790E+01
  4.03052389307286420E-01  2.46775960878878790E+00  2.63720670350524140E+01
  3.33973424357718240E-01  2.18165102386548070E+01  2.26984152949469900E+01
  4.68162992243922280E-01  3.24557779319310710E+00  2.94231761925859980E+01
  4.72192289519205580E-01  3.91062063735789740E+00  9.76840339943045950E+00
  6.73658304681401180E-01  1.27267978538155210E+01  1.56674665705420000E+01
  4.61178090502161720E-01  4.70331305196860680E+00  1.92809087621759580E+01
  4.18189647978318300E-01  2.01583638064427260E+01  5.73622777217157240E+00
  5.15379284759350490E-01  1.42410405266399390E+01  2.62287411324317400E+01
  5.34553382826858140E-01  2.76200877336381460E+00  1.13290084691415580E+01
  3.70336582810533970E-01  1.16333984890244770E+01  2.79395911732601370E+01
  6.42747544188997020E-01  9.64939077111066370E+00  6.09722519414349230E+00
  4.50600139601478670E-01  1.99835443194981290E+01  2.15522658377651690E+01
  3.55036581058269410E-01  5.93222163145458300E+00  3.87494705903114140E+00
  3.54092873053847420E-01  6.35513253000627730E+00  2.12111110349377730E+01
  5.13614394364816020E-01  1.74511604462293730E+01  2.79159033488494830E+01
  3.65995101567518470E-01  1.60104177385227060E+00  2.12138692921290040E+01
  5.25383403930900440E-01  2.78012957929605560E+01  1.44207514409946640E+01
  3.83598938984435380E-01  2.19858326601583440E+01  1.35618705866327180E+00
  4.86073626967704090E-01  1.40585465615988490E+01  6.43830325096990920E+00
  5.96963967672292380E-01  2.01914489597426510E+01  2.37816004104892680E+01
  4.66553963192992600E-01  2.37944569820614850E+00  1.61590830843957280E+01
  4.15252526658189590E-01  2.11760023312815160E+01  9.21831732825858020E+00
  6.36786611163594070E-01  1.51134461342231480E+01  1.61223533747060940E+01
  6.06760633376156730E-01  1.55433962587893700E+00  2.59420092061477090E+01
  5.25895496843049500E-01  2.40626198469099830E+00  5.61239126445608600E+00
  5.05409982910693060E-01  2.40568512416708450E+01  2.87839241823899920E+01
  5.18912146576496980E-01  7.12285599940443960E+00  1.88820761713535960E+01
  5.81677556670477180E-01  2.06391839162189080E+01  2.07554890300082920E+01
  2.50625569857546320E-01  1.65144886190849470E+01  2.35251280800835830E+01
  6.67521681419926690E-01  1.51103118896354620E+00  2.33989507800003340E+01
  6.52034765531911640E-01  5.60134784774199090E+00  2.91061029289970610E+01
  3.81419328643079860E-01  2.29904373856916490E+01  2.23052605837370770E+01
  3.18942867500738640E-01  2.27009111863811270E+01  2.55929249255431830E+01
  6.63973334543257470E-01  2.07949665040549760E+01  1.62964379569837800E+01
  4.05793634226126800E-01  9.08188638955089370E+00  2.08467089963488020E+01
  2.88617724104866640E-01  4.97507121624273110E+00  2.19617712025659060E+01
  3.17587838135982990E-01  1.14653788682279510E+01  2.17064037426906320E+01
  6.94010688862415210E-01  2.19941842603765210E+01  1.33680327797785770E+01
  3.25036994184950640E-01  1.89550724492321120E+01  2.07954331447680650E+01
  4.41940562555082740E-01  2.65825275439078300E+01  1.60309701806986770E+01
  3.05466220251299840E-01  1.23951331211562990E+01  1.47376730762518400E+01
  7.22984261441823330E-01  1.40639936809701530E+01  2.50034428714569510E+01
  4.60682082706054620E-01  2.97795406753517260E+00  9.75465353402438500E+00
  4.22201084465533680E-01  2.59932076938903830E+01  2.74968321716773540E+01
  6.24824560398126750E-01  1.29032567897288860E+01  2.43185293859952590E+01
  3.63079661055833470E-01  1.75158996686106680E+01  5.94130580091859790E+00
  3.25516939164680520E-01  2.10821134163724440E+01  2.25916259874111670E+01
  4.87886881528419990E-01  1.43626136137533160E+01  4.95272641403308620E+00
  4.34172467284937990E-01  2.94005016677096830E+01  7.40453440696119980E+00
  7.04082361725448710E-01  6.28747453355517210E+00  2.79365345146347010E+01
  4.40295189098215370E-01  7.38834075702203120E+00  7.28910146845126490E+00
  4.54567147313974470E-01  1.87278995839997830E+01  1.80646123500711760E+01
  4.89717368181109780E-01  2.67190619413868830E+01  1.13247649270004610E+00
  4.82771447840326400E-01  9.30535061442220270E+00  2.96708539593039120E+00
  3.54092873053847420E-01  7.76757063106732560E+00  1.04754506363395680E+01
  7.67457697882333090E-01  2.67805228712573610E+01  2.24075538592533970E+01
  4.43129600128677660E-01  2.29479453107136140E+01  4.51015048362980320E+00
  5.61514797181737530E-01  1.20148773098702080E+01  2.52390567940430980E+01
  5.82207618145930890E-01  4.82645302978160280E-01  1.71542458652584030E+01
  5.94092381958372510E-01  2.51996847686031200E+01  1.33459952282241600E+01
  5.64318884198494160E-01  1.77251937760582620E+01  4.33190489380115730E+00
  6.16837537735261420E-01  1.26584366609731320E+01  8.75809785456166170E+00
  4.20581746236023420E-01  2.95941252486832410E+01  2.91505418815617890E+01
  3.16022212934137680E-01  2.08610535795757990E+01  4.38024398918586220E+00
  4.59502380082057990E-01  1.83522198171415100E+01  2.42335796633233860E+01
  7.48336469443998900E-01  2.57047517963371060E+01  2.34751677602352730E+01
  6.90159994875631000E-01  2.28394217585793480E+01  7.05026591764096720E-01
  4.68364091588631840E-01  4.11126491840686280E+00  1.63301592614323990E+01
  4.05593309893122810E-01  2.76249813497698430E+01  3.47796021343334600E+00
  5.55687039951364880E-01  7.32040614145162480E+00  1.32493234640492940E+01
  2.83840017940612550E-01  1.77578132811856550E+01  2.13948626870982130E+00
  5.98280766214214580E-01  2.85898881651955110E+01  2.93536121332450750E+01
  5.84913004272127690E-01  5.62738514215296610E+00  1.65385225854520040E+01
  2.83840017940612550E-01  7.38615519990357330E+00  8.53708855869049190E+00
  2.83517655556827110E-01  5.40809315870399670E+00  3.29137813713477010E-01
  5.27599340399055180E-01  7.01884405392397070E+00  1.78128558913327200E+01
  6.24824560398126750E-01  4.10357296640822700E+00  7.08227406221333580E+00
  4.84167632717154460E-01  3.00914222995893830E+00  1.36537122089779290E+01
  5.66562802601083430E-01  2.36724441295936430E+01  3.53627578068333030E+00
  5.81213412342838430E-01  6.95428930205204670E-01  1.17044308869934550E+01
  5.13285974501586400E-01  5.85206263234048940E+00  2.60467528260938220E+01
  5.29625185962053640E-01  1.76646386335782390E+01  1.05750364535531480E+01
  3.30104909316010620E-01  2.19993157975164950E+01  8.81303880046236900E+00
  5.48174971142568520E-01  1.34194693126410750E+01  7.87612665089501980E+00
  4.72192289519205580E-01  2.40758881991258780E+01  1.57671761247454610E+01
  4.53126113496558960E-01  1.98626488909964220E+01  1.69116946135873580E+01
  5.25993347610763350E-01  1.35416101907645460E+01  3.90446765511844480E+00
  4.75338540515479570E-01  9.65998981774638390E+00  2.01819371149791670E+01
  4.30858982518450690E-01  9.82709238426553890E+00  5.03849373277873450E+00
  7.09741570678139940E-01  1.95138805504802550E+01  1.58026221049081530E+01
  5.05409982910693060E-01  1.16108906167407220E+01  9.44472091418217550E+00
  5.20369884994360540E-01  2.35309987312093800E+01  1.75582045523373510E+01
  2.73281005279713530E-01  9.91268726574587160E+00  1.21840304586344160E+01
  3.09574052588245370E-01  9.86134544443193310E+00  5.04409861149248680E-02
  3.18095930761502070E-01  2.69203751427138160E+01  2.49389495066443970E+00
  4.46537248270915300E-01  2.46686593108342190E+01  3.35436679210183990E+00
  6.38830345620663920E-01  1.93232425245204950E+00  2.21624563804890400E+01
  6.68397269451762100E-01  2.63910484403603540E+01  2.85117660105013580E+01
  5.32488384254616510E-01  2.27376040497036060E+01  1.15443566315108230E+01
  3.17579752081870750E-01  2.95261885677760210E+01  9.18703405379855200E-01
  5.16710955738981780E-01  1.87670757099469550E+01  4.61962310515065690E+00
  4.49545157175862540E-01  1.16804092481188920E+01  1.21942118069370040E+01
  3.20574425314766210E-01  1.43337153398869700E+01  1.40981190408715410E+00
  4.12246671516209600E-01  5.62116092879883130E+00  8.77806645720165510E+00
  4.94550785807675550E-01  6.03430667178249360E+00  1.75381732114596360E+01
  3.59079136884617700E-01  7.45448878132642800E+00  1.11161824341160570E+01
  6.10572080928614460E-01  1.16073499872626580E+01  1.41688028214135890E+01
  4.75338540515479570E-01  1.64692325113061710E+01  2.80353732671185970E+01
  5.09574347305064630E-01  8.42178762437988840E+00  1.51543578413780790E+01
  4.18189647978318300E-01  2.62576330478961740E+01  4.57566431001222010E+00
  3.76753951196820710E-01  3.63130120396525500E+00  2.00371372705913870E+01
  3.84533934306195220E-01  6.27718028278213860E+00  2.68437247133676490E+01
  6.60767019732147710E-01  1.22049688924739180E+01  6.96379200826688650E+00
  5.64318884198494160E-01  2.79912467138221110E+01  2.18533835645900010E+01
  4.69750256464274060E-01  2.68074220099859590E+01  1.44667307280793300E+01
  6.88340418185590860E-01  1.18085811543143130E+00  2.77056359253068540E+01
  5.93150731645016190E-01  5.67477466905794970E-01  1.88897201485888790E+01
  7.17499092254363010E-01  5.99649554842908120E+00  9.84337856668757990E+00
  3.79322922295397280E-01  1.44895996014479580E+01  4.09518873013228820E+00
  3.20574425314766210E-01  2.04902918471973870E+01  2.29133180177700310E+01
  7.17953871372127320E-01  1.76503842419378960E+01  2.17797824229768510E+01
  3.42409596243210680E-01  2.63811835539039520E+01  2.56793986339933870E+01
  4.43129600128677660E-01  1.02054856864236180E+01  2.09204791957490530E+01
  3.78068289465320630E-01  2.27159286309152330E+01  5.29785572768889070E+00
  4.75338540515479570E-01  8.80059360737263850E+00  1.21473014199216870E+01
  7.38532964590205680E-01  1.14285636761818740E+01  3.52090803746248240E+00
  5.07606992315717240E-01  1.66593928073350210E+01  5.78681320733148490E+00
  2.86134314477376340E-01  1.63124236821723510E+01  1.88087377406410530E+01
  5.07437626189109900E-01  2.19576745032105830E+01  1.64348682372837800E+01
  6.15073771326759470E-01  1.50296644697602310E+01  5.91939112950154910E+00
  3.30104909316010620E-01  1.80636824802244680E+01  1.69014407965608870E+01
  6.66683478841499700E-01  1.13111071975527540E+00  2.47415844520087660E+01
  7.49545055295440930E-01  8.65028931224192380E+00  5.12773267883311860E+00
  2.54824432159977790E-01  2.93401125453803860E+00  8.36601395505198120E+00
  5.72142532162989690E-01  1.06394846413086470E+01  1.75809538238820110E+00
  2.77147605524350650E-01  1.20320064901439260E+01  8.03804673749173300E+00
  4.68364091588631840E-01  1.82477158717306480E+01  1.96899972973303650E+01
  4.82771447840326400E-01  8.60715154495397170E+00  2.77774374121676250E+01
  2.50971712925384870E-01  2.95339930721291570E+01  1.18790677472107740E+01
  5.38024295323284910E-01  2.64924885340237210E+01  1.70296596639189420E+01
  4.13050329149462850E-01  2.35072725421744870E+01  2.95196257570780390E+01
  4.86590143357422540E-01  2.02425635679019720E+00  9.86608694356674400E+00
  3.16148313226467530E-01  3.18598454738229720E+00  2.86414482544764690E+01
  3.81419328643079860E-01  4.80578377284266000E+00  2.45659274779446230E+01
  6.52911031193170470E-01  1.50091132782286130E+01  2.24961007224613820E+01
  4.49150663742554990E-01  3.38499405355739040E+00  1.05681180004096190E+01
  4.73113776075054650E-01  1.44757705965229400E+01  2.38807138944533190E+01
  3.65995101567518470E-01  2.68707760752691910E+01  8.37379778952319320E+00
  3.46028387031474870E-01  2.01414151224562340E+01  8.05113508443284330E+00
  4.23675716525973380E-01  2.48022819548974490E+01  7.26234052403011000E+00
  2.47261092463374420E-01  1.38885643744936840E+00  1.02330550175463950E+01
  2.63339374245984010E-01  1.38625849470709480E+01  2.11548138534117030E+01
  2.59062449636064510E-01  4.86437116585208960E+00  2.84450387923766750E+00
  5.77180454669814490E-01  1.72082164956816050E+00  1.91211610953685070E+01
  4.06599624824484800E-01  2.10138700564862400E+01  1.12019009582897660E+01
  4.65278877330243820E-01  2.90175485183236430E+01  2.17739147598750410E+01
  3.07263188066738420E-01  4.76159079504925490E+00  1.67520368911250620E+01
  3.88697647565240350E-01  2.29882134271813000E+01  6.01458997531310400E+00
  6.62122603690132470E-01  4.39705361416781400E+00  2.36059720819906890E+01
  3.79322922295397280E-01  3.52477118569432160E+00  2.80342850503505230E+01
  3.53063097104977870E-01  6.15283803427408760E+00  1.16333651806398310E+01
  6.88885956497308970E-01  1.96192998877242250E+01  1.99979815501047820E+01
  5.33066537704075310E-01  2.72491938416433330E+01  2.55670692036577240E+01
  3.42074681651230290E-01  1.39873317739512880E+01  2.25695055994529060E+01
  4.24351701398837560E-01  5.98651752203957340E+00  3.09760683796226700E+00
  2.92456502136063850E-01  1.39357607385199460E+01  7.21275494917093420E+00
  5.90639534364661320E-01  1.25002929193187420E+01  4.30688367827464270E+00
  4.09705559579089850E-01  2.68701908073968530E+01  2.75460026610949700E+01
  3.59079136884617700E-01  6.38118360030652810E-02  2.08247850481732010E+01
  5.27599340399055180E-01  1.67754040365574040E+01  2.58079551833553320E+01
  5.38382256471750510E-01  1.49732218273754840E+01  1.11554920375792540E+01
  5.96963967672292380E-01  2.01685991834664900E+01  1.88359023573646600E+01
  2.96503602823160150E-01  2.07264036110484750E+01  2.16292918224040490E+01
  3.64593218166308700E-01  1.05372537219801910E+01  2.01842245481948980E+01
  4.18947112612636110E-01  1.95766705999154030E+01  5.13424685229811480E+00
  5.40946473112310590E-01  1.66979086090059890E+01  4.73924132773441810E+00
  3.35017483125717060E-01  2.50121824412577180E+01  1.22945558964955540E+01
  4.75626642073745920E-01  3.95336459629962270E+00  2.46533772259708530E+01
  3.04461637453634990E-01  4.43868761030037540E-01  2.31038509382632680E+00
  4.36315933331792570E-01  2.39696962530880810E+01  1.45895205882290020E+01
  6.77666041374141330E-01  2.26539360546431890E+01  8.01492144733952470E+00
  5.67035311113654220E-01  3.02844821043041000E+00  3.05485191291116330E+00
  3.38650161839631010E-01  7.82862964405415070E+00  2.75158340442922340E+01
  6.94010183176834960E-01  2.84534611339310320E+01  2.58011113712484600E+01
  7.10410487391814980E-01  2.65099776501641030E+01  3.43671303317245470E+00
  4.54567147313974470E-01  2.19485750582126520E+00  2.50958248742277480E+01
  2.52169786807371790E-01  4.45441540598442120E+00  2.51868380167221520E+01
  3.01799748246536660E-01  1.24500496000676990E+01  1.97758395700319660E+01
  4.27719079604653450E-01  4.10012073957607370E+00  2.06908567321417750E+01
  3.87762191716535260E-01  6.46715633549314100E+00  7.16413059820102480E+00
  5.72951670348821020E-01  1.41690571151247480E+01  1.85636770100569670E+01
  5.09222041678605210E-01  1.06107909293276550E+01  4.51967419278677700E+00
  5.25993347610763350E-01  1.76038720101986000E+01  1.60734836613747870E+01
  3.12648490279368120E-01  5.82890634652723170E+00  2.52211813197551860E+01
  3.32399546609116130E-01  2.79128289962575060E+01  2.99708987530619720E-01
  4.43807889241729470E-01  1.82926073590170760E+01  1.64621231580205500E+00
  3.44170209092795430E-01  1.86263467650486200E+01  1.72724500368723350E+01
  2.54824432159977790E-01  2.87065215889952300E+01  2.85085847456008140E+01
  4.21963532045373490E-01  1.61270688074643760E+01  9.16545645043860270E-01
  4.11696508529454960E-01  8.36441207324290660E+00  1.29011373109934890E+00
  4.11346310528290360E-01  2.44328359176032310E+01  1.03942852783948680E+01
  6.16837537735261420E-01  2.38450683480816960E+01  1.12378346179717270E+01
  4.83570943621045310E-01  8.88701492147738570E+00  1.60317789908955000E+01
  4.32382463464541460E-01  1.26260103398853900E+01  2.81044035372392040E+01
  5.92513140571182980E-01  4.76380476693892250E+00  2.62415289349649580E+01
  3.55036581058269410E-01  1.92924195018664760E+01  1.74843154426627550E+01
  4.74581552528920360E-01  2.06004810362328530E+01  2.49372306096640490E+01
  3.44905765886116280E-01  2.89526857551086860E+01  1.17482776492410020E+01
  5.96963967672292380E-01  1.88804537100959000E+00  2.02947110752712730E+01
  2.68569610726517900E-01  3.62362843226090630E+00  2.11984799555671300E+01
  5.80290806494985740E-01  2.65778549416659080E+01  6.20171777878817390E+00
  6.25336422111717830E-01  1.01311328091234890E+01  8.42420249992960100E+00
  6.17452885167652710E-01  2.83527983604683700E+01  5.41125402490548700E+00
  3.29506256422424390E-01  9.65558761829087690E+00  2.39706699514383740E+01
  2.58355477869490890E-01  7.72538766922584850E+00  2.97241296051040040E+00
  4.69641390777102340E-01  7.82764724866406780E+00  2.83240924576018610E+01
  3.49095179616795370E-01  4.53997267410520160E+00  1.10450298951916930E+01
  3.27988333844876360E-01  8.09778564961710860E+00  2.33282999273451350E+01
  3.86383264228710210E-01  2.54031567852766860E+01  2.45687708651580370E+01
  4.75543307221801650E-01  4.84856927595804700E+00  1.01670878963489070E+01
  5.07815655211632320E-01  1.72047116205038680E+01  1.38841509301034540E+01
  6.08088426536500660E-01  1.75823093544475060E+01  2.50087986958280660E+01
  3.93024383017402490E-01  1.95744577442767280E+01  1.22458952496223060E+01
  7.48336469443998900E-01  1.85288755880343990E+01  2.82549353907828760E+00
  3.13454063710418570E-01  2.64341033192580030E+01  1.51551602185062680E+01
  4.43133439323318520E-01  2.98187551657438770E+00  4.83351886173526420E+00
  3.62493203924014780E-01  6.79367456861527950E+00  7.83961034324028460E+00
  5.72881440675418570E-01  5.46148594177647160E+00  1.10175956620691460E+01
  3.71299762957800540E-01  1.50771427167115210E+01  3.62824011548354260E+00
  5.13143010843963320E-01  2.03440548143699830E+01  2.83647011409841670E+01
  3.87533216804236250E-01  1.77720596063193990E+01  8.03462268378065400E+00
  3.90540239164096370E-01  1.20832683599977100E+01  2.65607403964887650E+01
  4.11696508529454960E-01  2.95122446682624650E+01  1.95607953776802540E+01
  4.19670751191123690E-01  2.59550879810129200E+01  2.45279830207366480E+00
  5.39922025342825940E-01  5.45024991499605080E+00  2.29651121238634200E+00
  3.73125396709624990E-01  3.60787649829076340E+00  2.29361888977326980E+01
  5.72628172168292430E-01  2.44455446493592130E+01  2.30763437294723560E+01
  5.63660960642019760E-01  2.23384743822308210E+01  2.76976841881167030E+01
  7.54397230300637300E-01  3.60503637270668560E+00  1.44809543794113510E+00
  4.07877171249442140E-01  2.00316487909573300E+01  2.59915481915316030E+01
  4.61178090502161720E-01  2.47154613053265280E+01  1.50884173397926600E+01
  3.50974061745161330E-01  1.25456065074555310E+01  2.59811721962989350E+01
  4.22541054278063120E-01  3.26420057999772030E+00  4.01565272522339360E+00
  3.25036994184950640E-01  1.63427052714897590E+01  2.01641438793885190E-01
  4.96042965314236020E-01  6.17581475348627330E+00  1.85183354105522720E+01
  3.04461637453634990E-01  2.36660429883871690E+01  5.86975192556373940E+00
  4.21290506291976640E-01  2.03289434867135310E+01  1.41636364850982840E+01
  4.26578460793149810E-01  1.17322692375408250E+01  1.51978816179227590E+01
  3.91816801400439550E-01  2.73692424073949320E+01  5.63725343238538560E+00
  5.32262962461145860E-01  2.25071110030758310E+01  2.32209261650156620E+01
  6.07718241283317260E-01  2.90277533175739680E-01  2.30310616212738100E+01
  5.13425754976809310E-01  2.71839360341171920E+01  1.29052643760865330E+01
  5.46829204411607870E-01  4.52659721811780540E+00  1.82886711422781580E+01
  2.99038091422116640E-01  1.63591755499393800E+01  1.13840442886087150E+01
  3.65374026971610010E-01  2.72095362809729690E+01  9.02658996939335620E+00
  3.46733456860136300E-01  1.10967204853933450E+01  1.27354375336318790E+01
  5.01833768532536340E-01  1.89310161477809680E+00  1.53218267530726370E+01
  2.88617724104866640E-01  4.30062253690344320E-01  7.37128844194616750E+00
  3.13454063710418570E-01  2.93596805493058890E+01  2.02695543823160240E+01
  4.43756654693070110E-01  2.87673726064619830E+01  1.44952712995431480E+01
  5.20369884994360540E-01  2.17409895871562040E+01  2.07505085066479040E+01
  7.41720708060832300E-01  1.70663443136384420E+01  2.91105445180824810E+01
  2.99038091422116640E-01  2.61402568391707570E+01  5.42447810988646230E+00
  3.93024383017402490E-01  2.14144540484665460E+01  1.71528400354547510E+01
  2.53364602799301860E-01  1.05517470689391710E+01  1.89977842006883220E+01
  5.48463672908306780E-01  1.88483944530937890E+01  1.28446419233151430E+01
  5.63660960642019760E-01  1.66389013357407620E+01  1.80243796878936850E+01
  4.99487474973056500E-01  1.58936784920989330E+00  7.53602859401842020E+00
  5.32488384254616510E-01  2.44277607600208920E+01  2.78148093101589390E+01
  3.62493203924014780E-01  1.04877526943060070E+01  5.47761193078159180E+00
  3.90540239164096370E-01  2.94539014632760190E+01  2.44189629386804970E+00
  6.25248164210708260E-01  1.69769695242406690E+01  2.04878523844547580E+01
  3.93024383017402490E-01  1.30523676969487170E+00  6.69049373852769410E+00
  2.83517655556827110E-01  6.93646969774201060E+00  1.16273527292626080E+01
  5.16562546778196820E-01  2.04054689856570540E+00  2.85494955347855570E+01
  5.96777348356598920E-01  7.00443824141274620E+00  1.43991056881488630E+01
  3.35017483125717060E-01  2.35297817621425410E+01  6.49452311892415950E+00
  5.69344335137112000E-01  2.86439762596703740E+01  8.27484737064330740E-01
  5.55509338843663690E-01  1.65589174071957710E+01  1.22149196365913490E+01
  4.09775903561979240E-01  8.46421229493848410E+00  2.94905662103732840E+01
  3.20574425314766210E-01  2.30886734975567020E+01  1.89859110270316160E+01
  5.39466591144820300E-01  2.57294210327825180E+01  1.88626400145356000E+01
  5.18725390566230620E-01  1.01648111065132020E+01  2.58476183996593140E+01
  3.62493203924014780E-01  2.18247723285880380E+00  4.73353023983033340E+00
  4.23675716525973380E-01  1.63385967015806450E+00  2.94013393999930200E+01
  4.13050329149462850E-01  1.85125403890046560E+01  1.63095531980179050E+01
  3.01731430220296380E-01  2.23075593658304390E+01  2.22948585583156320E+01
  3.48156346672602490E-01  1.93625160348839210E+01  1.15357873179078310E+01
  6.83531487369900860E-01  2.61920301859110880E+00  6.95397525019516040E+00
  3.27197753470684690E-01  3.62345706834879120E+00  1.13069064823426300E+01
  3.50974061745161330E-01  1.50470470955828330E+01  2.65447765807405600E+01
  5.77649046292645880E-01  1.52788466490527970E+01  2.93248184793025430E+01
  5.13614394364816020E-01  9.94393778249998310E-01  1.32473353082246560E+01
  7.17953871372127320E-01  2.51794830140796330E+01  1.12414866936596770E+01
  3.01731430220296380E-01  1.16698393861021190E+00  1.24506026196912010E+01
  6.14584822297879540E-01  9.75430821725934830E+00  9.68265761717567840E-01
  4.69641390777102340E-01  4.86967090767281260E+00  2.12109106937786440E+01
  4.49154676673646060E-01  1.54724204072292450E+01  1.03036719691070910E+01
  4.82268891960512480E-01  8.58486714951879290E+00  1.41760400527028900E+01
  6.26908127420837150E-01  2.27304494155138350E+01  2.13310867996151150E+01
  2.50971712925384870E-01  6.34081657854113520E+00  2.54565155595663160E+01
  2.62213147743524950E-01  2.01779639415299480E-01  7.92186058444968030E+00
  6.45167794061425240E-01  1.07934456010382430E+01  2.56271341524090700E-01
  5.94931591270377070E-01  1.44915736718386650E+01  2.73103269646907910E+01
  7.68548325332126940E-01  2.58225909968470650E+01  7.91936797641041500E+00
  4.36195486319121350E-01  2.74410783422943400E+01  2.81701886165150660E+01
  5.33066537704075310E-01  2.63656213701581340E+01  1.35573360245731060E+01
  5.62178328188990490E-01  2.84210601482081590E+01  7.22271753391641800E+00
  2.97561439636419770E-01  2.27111675436466810E+01  2.84739011362067520E+01
  4.82771447840326400E-01  1.80720025674145720E+01  2.06555935264938380E+01
  6.61562106526255890E-01  2.76075950323556500E+01  1.64393762755293050E+01
  5.04339573614743570E-01  1.32325191392137890E+01  1.90958023762946920E+01
  3.45648959319623030E-01  3.14458046771060660E-01  2.01478386877230520E+01
  6.95947079841625180E-01  2.55658890737066220E+01  1.40777045762149630E+00
  4.75626642073745920E-01  2.26622953605354990E+01  2.92453267015704060E+01
  2.57534358191145160E-01  1.22665304362389940E+00  1.39824113197842090E+01
  6.30423428531534040E-01  3.50194328870044110E+00  5.98092577859416960E+00
