1
  1002  2.96924426640336700E+01  2.96924426640336700E+01  1.00000000000000000E+00
        0.00000000000000000E+00  0.00000000000000000E+00  0.00000000000000000E+00
  7.01778375544082420E-01  1.58049245886414410E+01  2.41246400544820890E+01
  3.46434506905438330E-01  1.19220014989734650E+01  2.24631064762420180E+01
  3.50662231740508900E-01  2.31316751445079550E+01  2.11112718566291800E+01
  3.01799748246536660E-01  7.31688922905561870E+00  2.61177384593727280E+01
  4.41298336829792340E-01  1.36284423069299050E+01  2.71818801305404600E+01
  3.39481361119070080E-01  2.20072881954498240E+01  1.10106961574926990E+01
  3.83181557852844270E-01  1.45127934336667170E+01  2.17479322631939680E+00
  6.75156127532392600E-01  1.66845072981198470E+01  1.32245889738874620E+01
  2.73281005279713530E-01  9.37647316293757700E+00  2.64319821553043790E+01
  6.65634982039605120E-01  2.40976396381962800E+00  1.52507316479711430E+01
  2.54824432159977790E-01  2.44356339371812790E+01  1.10199885503630190E+01
  2.84029264846615530E-01  1.08762589561236370E+01  2.12049398684276260E+01
  4.62836237406567810E-01  7.72950942230848700E+00  1.07814303797222520E+00
  3.33973424357718240E-01  3.86409733372738630E+00  2.93517895321042130E+00
  4.91872428060923640E-01  2.09631933733651970E+01  8.64283020327515670E+00
  5.52490392167627680E-01  2.85961788713374430E+01  1.34461103792728220E+01
  5.39466591144820300E-01  5.26187805858489630E-02  2.08845938992425780E+01
  5.65219172841477580E-01  2.64811437851584590E+01  2.71953354296983910E+00
  3.53776024442120150E-01  1.46720009845957020E+01  7.32926540336965720E+00
  5.54611473665029210E-01  9.29404787842542750E+00  1.38782848801531440E+01
  4.81368497469048420E-01  2.46604953081327240E+00  4.51422256338669130E+00
  2.84672167568555990E-01  2.44298511880450670E+01  1.34238970301374020E+01
  3.06898385793053400E-01  1.99333010821194600E+01  1.15184199257905150E+00
  4.49954956992444630E-01  2.67201205905037290E+01  4.68580881184688720E+00
  5.88686278844574580E-01  6.10010316691330430E+00  1.24975366172528960E+00
  4.36315933331792570E-01  9.46269471256248270E+00  2.28746584886707360E+01
  5.46155746035104350E-01  8.24556504038452510E-01  2.65639857566034900E+01
  4.11346310528290360E-01  2.70035761064421680E+01  9.03933958545397860E+00
  7.44650008855257360E-01  2.33636635708062460E+00  1.38424326300620070E+01
  4.68162992243922280E-01  2.25870926836871140E+01  1.88933639982778030E+01
  7.11073931023246340E-01  1.87175710807655340E+01  2.27390491304377780E+00
  3.02034441597155470E-01  6.65413799132354460E+00  2.77567278022193480E+01
  5.12509616084684260E-01  2.01704684057245350E+00  1.83268020312850980E+01
  3.40422717275118370E-01  3.62262702019597780E+00  1.84764785026593400E+01
  6.65634982039605120E-01  1.04888140135943570E+01  1.94479958615754040E+01
  3.75295693565172690E-01  2.75950424788831580E+01  2.01456645605628100E+01
  4.75626642073745920E-01  2.50245705773628550E+01  1.05880110029350400E+01
  4.72038094207023740E-01  4.70845346780601390E+00  1.14773070702433360E+01
  4.29902962432020440E-01  1.99875893374597450E+01  2.48930471294256000E+01
  5.68910711623079470E-01  2.91193470983559840E+01  1.63857761059320840E+01
  3.07263188066738420E-01  2.64270620442002180E+00  1.14238673720934970E+01
  6.10911033360540580E-01  5.73148373002891280E+00  2.69965447648962250E+01
  3.43353541919950760E-01  1.50347479486721450E+01  2.06463437513098500E+01
  3.15231116497538320E-01  1.49679616729333970E+01  7.92892562362457020E+00
  3.78068289465320630E-01  1.74221173551466140E+01  2.14612841849224940E+01
  2.54824432159977790E-01  1.97933914261891250E+01  1.75434719993436020E+01
  5.44558358435121190E-01  2.06049986883088540E+01  1.44777926359514540E+01
  3.56000803327192820E-01  2.63239709359588300E+01  1.76627856484664210E+01
  3.13454063710418570E-01  2.53449238021584830E+01  2.90240648660297640E+01
  6.12591031919131530E-01  9.43005976887686970E+00  2.77003886256003330E+01
  6.47236078597052340E-01  2.14548731333656800E+01  7.61549191666653870E+00
  2.65726189967390210E-01  2.85129946596935610E+01  9.74178087337553930E+00
  2.96653470797716330E-01  2.06607970915495940E-02  5.34381246646904180E+00
  3.45648959319623030E-01  2.39403082900367290E+01  2.88930423844971820E+01
  3.13454063710418570E-01  8.72731793879405690E+00  2.19782816483969480E+01
  3.39073066583844400E-01  1.18438890105817480E+01  1.94258643209820860E+01
  2.96256570285591500E-01  1.13522215639184820E+01  1.90241982898129150E+01
  4.19081387041561550E-01  1.91883532947371050E+01  1.24910741885395160E+01
  7.08391389715138510E-01  2.86744221316944060E+01  2.02443971840786790E+01
  7.16035261746952050E-01  1.63007672923451250E+01  1.81492198901346210E+01
  4.43133439323318520E-01  1.13055773047600020E+01  7.82285645459312740E+00
  2.73281005279713530E-01  8.35714554698158810E+00  2.53398194593659700E+01
  3.35017483125717060E-01  2.72447574912777530E+00  9.42373758277996210E+00
  5.09222041678605210E-01  1.52066431565728750E+01  1.98116266263030630E+01
  4.27719079604653450E-01  4.03522539947069170E+00  5.21266808492590620E+00
  5.81299825206354370E-01  1.23261812168611780E+01  7.95911984746210790E+00
  5.46155746035104350E-01  3.55614454168733830E-01  2.75490176292577620E+01
  3.05466220251299840E-01  1.66790011242134250E+01  8.56455624527470680E+00
  3.11838068626578210E-01  5.33829988501419890E+00  1.19441577447302180E+01
  6.27423008989955560E-01  2.53782846599564960E+01  5.91348621870983230E+00
  7.12424816007452400E-01  1.85072794173237190E+01  2.39692860650640180E+01
  4.41140732643827070E-01  7.54359721509432020E+00  2.07731645542388460E+01
  3.80273533482480450E-01  1.10302747435911660E+01  1.34555702575045170E+01
  3.29796701345061780E-01  6.98776919658391020E+00  2.02396675659531620E+01
  4.15252526658189590E-01  2.15800809416185900E+01  2.42642175619084950E+01
  2.59062449636064510E-01  2.87619086629067300E+01  1.85825462838368520E+01
  6.18419083689772810E-01  5.89684346910994250E+00  2.20248239036624830E+01
  5.04213456464067280E-01  2.30760685302292680E+01  1.47730580963168890E+01
  3.48156346672602490E-01  1.58918692795530720E+00  2.83724902091351650E+01
  2.89042915761794110E-01  9.94384507916900340E+00  1.04187274769268470E+01
  3.05466220251299840E-01  3.26612106413392270E+00  3.16146937731705920E+00
  6.49919166153384610E-01  1.36576922345193900E+01  2.75308599310493960E+00
  6.14379095469630790E-01  2.77973459519633900E+01  2.53014998866168630E+01
  7.00411917450214720E-01  1.56706993837199130E+00  1.72016931341625360E+01
  5.69344335137112000E-01  2.52732587008894960E+01  1.32941763404888410E+01
  2.57564851167384970E-01  1.43013488756106660E+01  1.61801538794233690E+01
  4.13050329149462850E-01  1.35996522710202480E+00  1.54947555702974360E+01
  6.18419083689772810E-01  2.20672870364469630E+01  2.33534737204916920E+01
  4.26523982883737140E-01  2.54164482152857050E+01  2.15139548990471780E+01
  3.78209123272245940E-01  8.45794750273880070E+00  2.75091345183572250E+01
  2.63055759251188670E-01  8.18096153504010100E+00  1.29993805838187270E+01
  5.00274833943758600E-01  1.79317714549479350E+01  1.49745333673096610E+01
  6.01687927537542500E-01  1.69699635656550640E+01  1.37315969361523660E+00
  4.86073626967704090E-01  1.38037835219782450E+01  5.20740719834131930E+00
  7.62474117278193650E-01  1.55448795804620610E+01  5.30746502657939970E+00
  4.87886881528419990E-01  1.47299200315988690E+01  3.17945542797570500E+00
  2.99038091422116640E-01  9.62351798178404390E+00  1.90221295632701840E+01
  3.50974061745161330E-01  2.14258896623281530E+01  9.34886456838463790E+00
  6.10572080928614460E-01  2.59746221295201880E+01  2.38802176052963450E+01
  3.01731430220296380E-01  5.13165568999469550E+00  1.65669762116626420E+01
  2.59062449636064510E-01  2.16172911769380600E+01  9.94402231423364920E+00
  6.99477888048091770E-01  2.15065960870807600E+00  1.17320619333834600E+00
  4.41666133880560000E-01  2.70332379886690790E+01  1.23051545637003170E+01
  6.86210935380316480E-01  2.57647306199533730E+00  1.04330596458786040E+01
  5.27425300578987690E-01  1.54738903307069260E+01  4.74347638457007830E-01
  7.54505484792745040E-01  1.28307625362746210E+01  5.97669425074565370E+00
  4.11696508529454960E-01  2.47803934111910880E+00  2.69535726043354980E+01
  6.26517897412854200E-01  1.09740707870924870E+01  2.88506922948209020E+01
  5.72142532162989690E-01  2.32090977527000670E+01  1.62563363806614770E+01
  3.47451934045076260E-01  3.18976441372114120E+00  1.04965872233124660E+00
  2.57564851167384970E-01  1.35204793059224640E+01  1.05701604290706970E+01
  5.33859136323620030E-01  2.78516466028838070E+01  2.11745169411842650E+01
  2.69169509893181310E-01  2.25143283647027880E+01  2.10586960438600350E+01
  4.24351701398837560E-01  2.39570525546055270E+00  2.77851262572971790E+01
  3.11762329988951370E-01  1.05387663614445050E+01  2.80196550834157460E+01
  3.50974061745161330E-01  1.78350234285786830E+01  1.06343306775700060E+01
  2.66929568161810020E-01  8.39908219042754210E+00  1.25166887628591330E+01
  7.20816873845379820E-01  2.73428034005759460E+01  2.35106471717290510E+01
  4.22201084465533680E-01  1.96138797530310280E+01  2.23276705552820120E+01
  3.09209541844886400E-01  3.10365173517228100E+00  2.90063017958247400E+01
  2.62213147743524950E-01  4.85996939609838560E+00  1.22615494194973670E+01
  7.60411681679863700E-01  2.78060216677248920E+01  2.68441787083427960E+00
  6.67521681419926690E-01  1.56909564037195410E+01  7.26369816694247030E+00
  4.37954134865551840E-01  1.66515744975004340E+01  1.62528121824786570E+01
  7.16654247500547470E-01  6.33584670737634160E+00  2.58150612095319900E+01
  7.12424816007452400E-01  1.14754230201488580E+01  2.04097931990061740E+01
  3.61198882346046800E-01  2.31054598127581380E+01  1.00754375646719100E+01
  3.82245446386266610E-01  2.12742501832985300E+01  1.08446873329544410E+01
  3.58737518624021320E-01  2.26119482429079990E+01  2.68835160782360380E+01
  5.81547682683179710E-01  1.62554651379713630E+01  2.01092939802740460E+01
  4.21963532045373490E-01  6.18809493724122820E+00  9.26178844217635340E+00
  3.12648490279368120E-01  2.89891353480806270E+01  2.55588521339547010E-02
  3.25036994184950640E-01  8.79587490341890370E+00  1.51294457567099470E+01
  3.83290088603488770E-01  1.68678226454341140E+01  2.19822949892096700E+01
  2.93443024193560210E-01  9.96469729105399970E+00  1.85388863114610700E+01
  2.66929568161810020E-01  8.72932117536348960E+00  1.90482300688153070E+01
  2.99038091422116640E-01  8.39265758039919520E+00  8.34797194835029190E+00
  6.00040109246873770E-01  2.50922483193495790E+01  1.96230661265254160E+01
  7.14535578675763720E-01  6.72784288158014030E+00  2.39164477400942710E+00
  3.06898385793053400E-01  1.98190385411101990E+01  9.33012395850606420E+00
  3.45648959319623030E-01  2.26219832656082930E+01  4.91282111123527180E+00
  3.87046365911375680E-01  2.50542570934616960E-01  3.11171891300016680E+00
  6.56539952722306990E-01  1.44077044915107620E+01  1.22332161604627050E+01
  5.07436062422724900E-01  1.25348265157625340E+01  2.47454238477018860E+00
  7.39270392714900380E-01  2.47670089698177240E+01  4.68689135229340350E+00
  5.38024295323284910E-01  6.87899777634663500E+00  2.69451994947238730E+01
  7.33199636544987770E-01  2.50608427014241820E+01  1.63114289609202100E+01
  6.31923671661538840E-01  9.16785864922455570E+00  1.98326771104189810E+01
  5.72951670348821020E-01  2.36931973278268980E+01  2.18442321507287320E+01
  6.40456937776772590E-01  2.89869547726843460E+01  3.48897989933334160E+00
  4.77241894706072770E-01  8.48015209187278350E+00  1.17775991632806710E+01
  7.64764367446448820E-01  4.96291448894226760E+00  1.44493410577956140E+01
  7.16535845940979770E-01  9.00939279060837880E+00  1.00504342050020660E+01
  3.10705613459761840E-01  2.65753477174936390E+01  1.82509583772811050E+00
  3.89901968262705180E-01  1.83867115739205180E+01  1.22294204291318210E+01
  7.15011499502423580E-01  1.18744142452966450E+01  2.64914208817593890E+01
  7.60297905848187840E-01  2.83693903181368190E+01  2.88435705351275190E+01
  2.65726189967390210E-01  4.55983224563722000E+00  2.25276306353935180E+01
  4.53492046339069340E-01  1.05619142600488460E+01  2.34931605566068170E+01
  5.18725390566230620E-01  1.49312709570155530E+01  1.66327123945698540E+01
  4.24020504903543660E-01  7.73610165421317570E+00  7.61448628510261120E+00
  5.17634268500846420E-01  2.89642210234607090E+01  2.37560924911312660E+01
  4.54567147313974470E-01  1.32954305701189720E+01  2.80121372232404650E+01
  3.65965634987757580E-01  1.35824676083058600E+01  2.22744472705734570E+01
  2.96256570285591500E-01  2.39419191412924980E+01  1.37382146042221360E+01
  5.50543265074639000E-01  1.38662855192022720E+01  2.31929560151097080E+01
  4.46540105696671490E-01  2.01038576161775530E+01  2.78410438785085010E+01
  6.47236078597052340E-01  2.36949569293341110E+01  7.27564709639360440E+00
  4.82769235883485770E-01  1.53869636644679770E+01  2.21415554924422080E+01
  2.97529618718302210E-01  2.16546171763096570E+01  2.82203319330839970E+01
  4.13811620468168510E-01  1.68831606264204690E+01  1.54331771128157840E+01
  4.87785457169642190E-01  1.44344368828922110E+01  2.23249338988614880E+01
  3.41778742319800830E-01  1.46572792624629980E+01  2.38336989339350640E+01
  4.05793634226126800E-01  2.93181874588680560E+01  8.45450611996089660E+00
  7.14516279726398110E-01  3.43457231549099000E+00  1.73651060207563650E+01
  3.71799304162545760E-01  2.60393288341169220E+00  3.01991160479196500E+00
  5.77820253962530560E-01  9.61208129569238250E+00  2.18720534101904960E+01
  4.75626642073745920E-01  6.46794053634006350E+00  1.70435783986322380E+01
  5.46562010559427060E-01  2.71902024151979940E+01  1.45767047298798540E+01
  3.29506256422424390E-01  6.40206245304606190E+00  6.18450217802905390E+00
  2.62213147743524950E-01  1.44719849740200870E+01  2.08691046967916910E+01
  3.63105686475124490E-01  5.43535272280811550E+00  1.26960775997959810E+01
  7.08391389715138510E-01  2.27681738149446280E+01  3.87040599466570040E+00
  4.26578460793149810E-01  2.58105858850849260E+01  2.83298439367410810E+01
  6.08873319065221350E-01  7.21481295646608520E+00  9.34707748705468690E+00
  5.39466591144820300E-01  1.51870739518232400E+01  1.50092117089170430E+00
  4.66553963192992600E-01  1.81714567708671990E+01  8.12472568478995070E+00
  4.82771447840326400E-01  1.65105359376165670E+01  2.50754404595183860E+01
  5.13004586318856950E-01  1.75201887943019590E+01  1.82969157913046380E+01
  3.17084428049163950E-01  1.29145331889515550E+01  2.18177980565514210E+01
  3.50974061745161330E-01  2.01385580987818930E+01  1.52414086542141490E+01
  3.82382183723224410E-01  1.14194040890955650E+01  5.83049225111913220E+00
  3.77759649416993960E-01  8.80090569296769230E+00  2.33477867614297810E+01
  5.74203886104520670E-01  1.63513477144457550E+01  1.17133886441840890E+01
  4.11346310528290360E-01  2.12995565020371450E+01  1.64226240954351790E+01
  5.06367095649294540E-01  2.40680432374959670E+01  2.28562977221930130E+01
  6.01687927537542500E-01  2.34098239259292950E+01  2.37476584171626400E+01
  2.49794182180603610E-01  1.78123329994557270E+01  8.75323799908017720E+00
  6.11481049571092420E-01  2.27646931266206920E+01  2.59251734777827600E+01
  5.03927515451986880E-01  1.30729987525585190E+01  9.94646992611266790E+00
  6.35485889077753010E-01  2.06620411116374780E+01  1.73484529611348820E+01
  2.99038091422116640E-01  8.16485941443366770E+00  5.67372160369312790E+00
  4.22541054278063120E-01  2.01235350957290850E+01  2.29998698096941220E+01
  3.05466220251299840E-01  6.02009016331849360E+00  6.71401179706165510E+00
  2.62213147743524950E-01  2.80486448371955670E+01  2.25772811028881580E+01
  3.61769499680632390E-01  2.13079675590727580E+01  1.97642096293050780E+01
  2.47647088603063280E-01  1.87380323179784740E+00  6.90515509340574770E+00
  3.11155895623034430E-01  2.20992104647086660E+01  6.70970612274623070E+00
  2.66929568161810020E-01  2.03224976330578000E+01  2.62547849772860560E+00
  6.90395435464654740E-01  8.39228054596823010E+00  1.60608376684998680E+01
  2.96503602823160150E-01  7.17103926171589560E+00  2.93622789501218730E+01
  6.57722721512726150E-01  4.30175288583942540E+00  2.12803459475413060E+01
  7.24777883420223110E-01  3.06798766224427900E+00  2.19022645311255990E+01
  5.48279863025970290E-01  2.73786879087470960E+01  5.95070572291689360E-03
  6.40748513009616880E-01  9.89459385838305930E+00  1.28450465760679610E+01
  2.56092450391898300E-01  1.04510693869958240E+01  1.82858530229249750E+01
  7.17499092254363010E-01  3.20794991881740680E+00  2.11434926423091380E+00
  4.66141488621800890E-01  1.82615363370262540E+01  2.13803304168542110E+01
  6.33759023001558490E-01  4.16434736057025570E+00  1.16017658229124270E+00
  5.48279863025970290E-01  2.68232760548889540E+01  2.46683277146089350E+01
  4.19081387041561550E-01  6.88629603486811700E+00  1.40882997241165930E+01
  5.70902198024309190E-01  2.20775952724203780E+01  5.64794960483015100E+00
  3.17950877609215300E-01  1.94259999417979150E+01  1.15881127653770190E+01
  5.96963967672292380E-01  1.41723528638271720E+01  9.98875564706761130E+00
  6.18832453479690690E-01  6.90254926513142310E+00  6.98893660506070000E+00
  2.63339374245984010E-01  2.63826403571302710E+01  1.46243730480466580E+01
  3.55036581058269410E-01  1.55389471443873200E+01  1.54995491543733000E+01
  5.84913004272127690E-01  1.55956716360896620E+01  1.25915911525048860E+01
  5.77235448209733180E-01  1.22285027113891050E+01  1.63897860854682700E+01
  5.01105313190319460E-01  2.70134271239978660E+00  1.63802181164261320E+01
  3.83598938984435380E-01  1.64765188868790490E+01  9.34411176771816440E+00
  5.98360795606824340E-01  1.93754279966705450E+01  8.54140034177631690E+00
  3.41778742319800830E-01  4.93718197993942010E+00  2.20516970118707150E+01
  3.29796701345061780E-01  9.08331404965673170E+00  1.23130616524419820E+01
  3.84420431658369740E-01  3.46509125663928820E+00  1.38156956873090340E+01
  4.91872428060923640E-01  2.18403061188021720E+01  2.65260722334804980E+01
  2.93443024193560210E-01  1.64885391084027260E+01  2.83023966310047790E+01
  5.81299825206354370E-01  2.57621019453541110E+01  2.50528444798271610E+01
  5.68243553274813350E-01  3.76975847183140540E+00  6.88345900092983150E+00
  5.39001667068871980E-01  3.10051318695663270E+00  1.99269022078180490E+01
  7.01587183784351610E-01  1.02067850110036500E+01  4.16786525945279610E+00
  4.45239477383046460E-01  2.06262560221738370E+00  2.31442433646247860E+00
  5.39001667068871980E-01  2.24546737652434630E+01  1.17663208418919060E+01
  2.86134314477376340E-01  4.85480089087350920E-01  1.88626162849007950E+01
  7.70254277643880240E-01  1.88940983984183220E+01  2.91988829251349880E+01
  3.45648959319623030E-01  2.37987792205350670E+01  2.95844428072877430E+01
  3.39481361119070080E-01  1.10229636138880180E+01  1.41876165061829450E+01
  3.04461637453634990E-01  2.20631025366222390E+01  9.50023307638450730E+00
  5.20369884994360540E-01  2.85916874519492550E+01  7.88125680113716330E+00
  2.65726189967390210E-01  1.12815503658061370E+01  6.46829824391801370E-02
  6.26908127420837150E-01  2.88847843950851130E+01  2.73987553217871490E+01
  3.48480710258510130E-01  1.11178530588895090E+01  4.68837805810769480E+00
  2.96653470797716330E-01  2.02080461755215840E+01  8.86876200338156910E+00
  6.31923671661538840E-01  1.14834340200266120E+01  3.77894355596500330E+00
  4.09705559579089850E-01  4.60694204490951890E+00  1.70485238696068250E+01
  6.72499163702481620E-01  1.10480336180570640E+01  2.54976230693981790E+00
  2.84029264846615530E-01  1.16200021578945790E+01  1.40091451919946350E+01
  5.34631033075580400E-01  7.21131776142806920E+00  1.82466550697539380E+01
  6.17076625982510940E-01  1.15478954354967240E+01  8.86955888778442690E+00
  6.55074006360275090E-01  2.05781232532793300E+01  3.51068967605842940E+00
  5.46562010559427060E-01  2.64183607224584560E+01  1.30779744653223030E+01
  5.17626013175185660E-01  1.89280104490395300E+01  3.48409674260226290E+00
  5.82207618145930890E-01  2.77886931381204430E+01  1.07808904076187880E+01
  5.98268629341587580E-01  1.05262501810886120E+01  5.42712094516943020E+00
  5.34553382826858140E-01  2.62936346178133600E+01  1.60170845686388430E+01
  3.76753951196820710E-01  2.91249766170250450E+01  1.91040051882743110E+01
  7.52518120402026810E-01  9.49804957465622480E-01  5.82865043192761070E+00
  4.81368497469048420E-01  2.17806472821102160E+01  4.63862993404514070E+00
  6.47413426355271770E-01  1.75666466658672890E+01  1.15952682035309330E+01
  3.05466220251299840E-01  9.91184841500230720E+00  2.66513766405487120E+01
  4.46689977500956030E-01  1.00425962040665980E+01  2.93834201510206580E+01
  6.18566685513849460E-01  7.08073680307211010E-02  1.35391225975503050E+01
  5.36592099856838090E-01  2.74144374531566650E+01  1.62724531757119410E+01
  5.09574347305064630E-01  2.83158612447154640E+01  4.96467656892291490E-01
  4.92328788949218680E-01  6.42168809538786610E+00  1.01679967186115050E+01
  4.83351594707823830E-01  2.18068746530872130E+01  2.08042370213968870E+01
  4.40650972415989980E-01  5.09168118611215980E+00  2.78302217386440350E+01
  6.10911033360540580E-01  8.16142634510661580E+00  4.73795809725486630E+00
  4.34172467284937990E-01  1.96773895385067450E+01  2.89826357925055330E+00
  7.03188417218805210E-01  3.50738255126861190E+00  2.65265572201706480E+01
  2.92799561075502800E-01  2.95159439446909710E+01  2.43490009969871260E+01
  5.68243553274813350E-01  7.82107233261221960E-01  9.46774612320512610E+00
  4.60682082706054620E-01  1.58051045722707530E+01  1.70824109869737660E+01
  6.41715074739605920E-01  1.90314522620222490E+01  9.85817141387273030E+00
  4.55206736325743130E-01  8.77495649102372080E+00  2.60211016763565940E+01
  4.22201084465533680E-01  2.90283674746062420E+01  5.12945474843055570E+00
  3.63079661055833470E-01  9.06838599463549500E+00  6.02462253103823820E+00
  2.63055759251188670E-01  2.19794948097940230E+01  2.15302124053019060E+01
  5.32877675645020420E-01  4.44462615401081610E+00  2.29177613407817390E+00
  5.77235448209733180E-01  2.34503591481413240E+01  2.49546446644430090E+01
  4.09775903561979240E-01  1.62073573545193740E+01  4.34148892725221280E+00
  6.93187364831086050E-01  1.07779160290683190E+01  6.69316715399133070E+00
  4.30054269381220950E-01  2.16381731552115680E+01  3.73860219209952400E+00
  5.07436062422724900E-01  2.95804044862212370E+01  1.83407392697804350E+01
  2.49948351789403130E-01  1.98122304690280270E+01  2.85227619386401120E+01
  3.16022212934137680E-01  2.55461153347322420E+01  7.86386435843161280E+00
  4.72818350263822220E-01  7.09428150674074760E+00  4.54960174224861550E+00
  4.46689977500956030E-01  2.69126929756593010E+01  1.71172481897773600E+01
  4.74581552528920360E-01  6.40502323194054400E+00  2.94495727019975890E+01
  4.86590143357422540E-01  5.01319162825397410E-01  2.47323939707820130E+01
  2.73281005279713530E-01  2.54479018561242040E+01  2.22419290434996850E+01
  5.20515140446715560E-01  1.24119483452571870E+01  1.42280529341327620E-01
  4.13811620468168510E-01  1.65993221611802610E+01  7.84973078577600520E+00
  3.81419328643079860E-01  5.50095093495869310E+00  1.34376829483803280E+01
  4.05593309893122810E-01  6.73685054503338070E+00  2.14277062227985130E+01
  5.85380732291966590E-01  4.07813257657930530E+00  2.76799826067912880E+01
  4.06599624824484800E-01  1.95684317265583160E+01  2.36151640817651760E+01
  6.40456937776772590E-01  1.29230008318860020E+00  4.47855819187812810E+00
  4.75626642073745920E-01  2.47144530752365550E+01  2.20802836451819360E+01
  5.09222041678605210E-01  7.91687772819432920E+00  2.68060013270524640E+01
  5.77820253962530560E-01  1.00173183167070140E+01  1.75574450214196210E+01
  3.80273533482480450E-01  3.63269316154289350E+00  1.02889675754690550E+01
  5.01406606281285510E-01  2.73575569465423100E+01  1.35425609458049050E+01
  3.59079136884617700E-01  1.50050677081423500E+01  2.59760973844067320E+01
  5.94092381958372510E-01  1.55380992491287200E+01  1.37686659131556010E+01
  2.54611020839302520E-01  2.51014696364861130E+00  2.41183592213467120E+01
  4.99223721401470310E-01  1.76931441619198150E+01  2.96091089220876780E+01
  2.54611020839302520E-01  1.23775536081338690E+01  2.35482262930257630E+01
  3.20574425314766210E-01  2.88230949342841250E+01  1.80063640913911240E+01
  2.85767805251094040E-01  1.47456244156190630E+00  7.92872371529695740E+00
  2.54611020839302520E-01  2.64475813442350330E+01  8.67277862506273320E+00
  4.12246671516209600E-01  3.36023978584836460E-02  1.63976527017079830E+00
  4.41298336829792340E-01  4.58177828479372100E+00  7.48293661184033890E+00
  7.09985914168247060E-01  7.74702702198248700E+00  1.48185685849637070E+01
  6.80956647410425740E-01  1.16719019098222890E+01  2.51107052978729930E+01
  4.75338540515479570E-01  2.29067835363837100E+01  1.26791893549553030E+01
  7.49588614928249000E-01  8.05620559966160950E+00  2.41937716265179080E+01
  4.74033319401206570E-01  2.10496366475475650E+01  2.48533893556648520E+00
  5.20515140446715560E-01  1.87009803155446600E+00  9.45486455008879820E+00
  5.48131117613959250E-01  7.39607913066892400E+00  2.30769425016401610E+01
  3.46733456860136300E-01  1.48409527881526890E+01  1.31374766642701510E+01
  6.97384645011991290E-01  3.27785453067753400E+00  1.27507431960125820E+01
  3.78209123272245940E-01  1.23639198816635080E+01  1.89329632403266500E+01
  3.82382183723224410E-01  2.49975097633668500E+01  8.29591612993119650E+00
  4.46537248270915300E-01  1.81764909816872620E+01  2.28586676982686330E+01
  6.08690451339190200E-01  1.07126611363472880E+01  1.30044191663502380E+00
  2.59062449636064510E-01  1.93381538226935130E+01  5.87089832621678910E-01
  4.43756654693070110E-01  2.47187015543203510E+01  1.24464784977717780E+01
  3.18942867500738640E-01  2.16364421870944560E+01  1.95327161952118700E+00
  7.16535845940979770E-01  2.14957514144408530E+01  1.25760587448809550E+01
  4.62836237406567810E-01  2.95554499987933030E+01  2.91892161750101450E+01
  6.97384645011991290E-01  2.09872242158944930E+01  1.17184354162779590E+00
  2.47647088603063280E-01  2.50931755571057290E+00  1.71035112309836280E+01
  4.05793634226126800E-01  6.06831006003656980E+00  1.39830420808820610E+01
  5.37364664263313330E-01  1.19208005357321680E+01  5.06045778808023260E+00
  5.72881440675418570E-01  6.27804742490206370E+00  2.31534384741157630E+01
  5.04213456464067280E-01  1.66022022895650460E+01  2.11367688038891610E+01
  3.86557871019070410E-01  4.33416729099155430E-01  1.25679879507686110E-01
  5.62178328188990490E-01  1.46091375436433250E+00  2.74711929398353230E+01
  6.41715074739605920E-01  2.03754703922452160E+01  1.85921998288068830E+01
  4.54567147313974470E-01  2.49096311703578980E+00  2.59749110825795310E+01
  3.97011970696729720E-01  1.71954034380609750E+01  9.03988410506292440E+00
  3.99477862283745790E-01  1.28493399138168130E+01  7.13019279592829220E+00
  5.15931587153482510E-01  2.88358115672563220E+01  1.04531466492261420E+01
  5.98026541173087530E-01  2.40145340364009810E+01  1.54083628364288000E+01
  5.94917806945655060E-01  2.48302999603819390E+01  2.69823764566498530E+01
  3.86557871019070410E-01  2.32329911475089440E+01  2.91202180106828940E+01
  5.52347772924787250E-01  1.78444621707215420E+01  9.73181645556201860E+00
  4.05793634226126800E-01  1.06497766580335560E+01  2.88477887692068580E-01
  4.66753989857397040E-01  1.00696947084750890E+01  7.61068260566323220E+00
  6.77666041374141330E-01  1.49454705501733610E+01  1.78283754997435580E+01
  3.23306573977224420E-01  2.88597467547816890E+01  1.12960284711935780E+01
  6.88340418185590860E-01  2.74184083792504190E+01  1.28905409185667550E+00
  4.11696508529454960E-01  8.85533802633507780E+00  1.30182691707048410E+01
  4.03052389307286420E-01  1.73119262604490030E+01  8.24840836993177890E+00
  2.97529618718302210E-01  2.67884228735335770E+01  7.29601666264880500E+00
  3.13090147150790890E-01  2.00083389725298450E+01  5.40433049469069450E+00
  5.01435669612667030E-01  1.89364392801151840E+01  7.53367213019829580E+00
  5.26482748420329030E-01  1.44263976845069570E+01  1.39055272269892910E+01
  6.75156127532392600E-01  4.13916559423515280E+00  9.36351895451917930E+00
  7.20816873845379820E-01  1.58670440043155270E+01  2.74650006850658920E+01
  5.30006102735105960E-01  1.17459451399944430E+01  1.82686178198082980E+01
  3.43353541919950760E-01  1.75314365104334480E+01  1.25853534489788180E+01
  5.32877675645020420E-01  2.94409105119481680E+01  7.38779382380893600E-01
  6.44956217916396120E-01  7.22193644491607320E+00  5.65954695880099660E+00
  3.55036581058269410E-01  2.03451458879796870E+01  2.00470764722853370E+00
  4.30054269381220950E-01  1.90462083379678970E+01  2.29622880565192380E+01
  4.93734512940847830E-01  2.57631991010992890E+01  1.94202860605049170E+00
  3.42409596243210680E-01  2.06434904031543450E+01  7.04931363332426300E+00
  5.58952633370732950E-01  2.23367610901301280E+01  1.55368375788901430E+01
  4.49954956992444630E-01  2.48186662314651580E+01  6.83800385964505960E+00
  4.11346310528290360E-01  1.40823812259093730E+01  1.47970771469638040E+01
  4.72818350263822220E-01  1.48210104953611790E+01  2.68229548317520460E+01
  5.00672486592370710E-01  1.27322029345529960E+01  2.56307021835786770E+01
  4.15334611176110170E-01  2.38898552978577430E+01  3.93620645061943220E+00
  7.70254277643880240E-01  4.85383109780190040E+00  2.59302446253210800E+01
  5.32262962461145860E-01  1.29247970176667510E+01  4.69368461772289260E+00
  4.01880163826280960E-01  3.22665455550465640E+00  1.45646858459348200E+01
  7.41720708060832300E-01  1.97877527219010890E+01  1.34848449372239050E+01
  3.01674668393272730E-01  1.37263912282472960E+01  7.46394544269727070E+00
  2.66929568161810020E-01  1.81154499364098380E+01  2.48671003243762280E+01
  4.15334611176110170E-01  1.10885455824067630E+01  2.41836093835185080E+01
  5.20369884994360540E-01  2.47506061221126290E+01  1.98647018486595870E+00
  2.84672167568555990E-01  3.25678268176116070E+00  9.74060860556943630E+00
  5.18912146576496980E-01  6.73777503004298510E+00  3.62460910135316940E+00
  3.90540239164096370E-01  4.19773911377210670E+00  1.21712711547553880E+01
  3.63079661055833470E-01  1.60270723802996930E+01  1.17158875853245230E+00
  4.73113776075054650E-01  1.04155335869739750E+01  2.72449178573769650E+01
  5.55687039951364880E-01  1.73302209933214860E+01  2.44388890700241460E+01
  6.97384645011991290E-01  2.40558697130647980E+01  5.98096584399992360E+00
  3.54092873053847420E-01  4.50827223414734760E+00  3.17596666106224700E+00
  7.37991961479508610E-01  1.39015346199821560E+01  2.60361104560047670E+01
  5.10790949981952740E-01  2.88594535668710210E+01  2.14490697236049390E+01
  7.03918080384424090E-01  6.24835799308915090E+00  8.13801072113620090E+00
  2.69326463995374250E-01  1.24872186508448470E+01  1.04501719862887780E+01
  5.39922025342825940E-01  2.88404871621892980E+01  1.53129740358250980E+01
  5.39922025342825940E-01  5.75281927533992210E+00  4.01275739321097640E+00
  3.52682444144397330E-01  1.87800375267691560E+01  1.50608211874138540E+01
  3.17084428049163950E-01  1.06738219975476960E+01  1.12133646714323340E+01
  3.92511582998476170E-01  9.18363030096404390E+00  2.40159825088723870E+01
  2.92799561075502800E-01  2.11216027429097900E+01  1.01870577637171940E+01
  3.63105686475124490E-01  1.39458497719658960E+01  6.04442866928000820E+00
  3.25036994184950640E-01  2.09980098773508070E+01  4.39633610294275460E+00
  5.70902198024309190E-01  9.73864342434539410E+00  2.56697341129600110E+01
  6.18138908065390960E-01  3.12631411135957920E+00  8.56091961346911570E+00
  3.10705613459761840E-01  2.40987128678391470E+01  2.50150212661654030E+00
  6.99092076263204730E-01  1.60347632248659760E+01  3.24678442495319790E+00
  4.40295189098215370E-01  1.77930410137314150E+01  2.86752215577372560E+01
  6.52034765531911640E-01  1.72490583796519520E+01  1.71639441612886080E+01
  5.12628979659419230E-01  2.82399772145714430E+01  1.44493730661436000E+01
  2.68569610726517900E-01  7.17957779594843350E+00  1.74246044168738050E+01
  4.41473589537221400E-01  2.94670129744964730E+01  6.03880223282549090E+00
  7.41623060643924430E-01  1.44909721945624120E+01  2.79908688997186590E+01
  2.49794182180603610E-01  7.19358811197650820E+00  8.01367661175549630E+00
  3.44856808658559500E-01  2.65501000567318890E+01  1.39583286734927490E+01
  6.83701617051292750E-01  1.19155765277221890E+01  1.22289642128053530E+01
  7.19599311285852310E-01  4.42586047888287840E+00  2.44899633938203750E+01
  6.67521681419926690E-01  1.46409132712850760E+01  2.48428663708365500E+01
  5.40946473112310590E-01  2.73338136922913790E+01  2.22122983183103350E+01
  3.83579206291793930E-01  1.85027920204143110E+00  1.61386492543452000E+01
  5.04339573614743570E-01  1.68818206040979040E+01  4.95824294799529320E+00
  6.35523375007872900E-01  2.29679317245349200E+00  2.07830527908205870E+01
  3.44905765886116280E-01  5.21815374482085130E+00  7.94366746906715890E+00
  2.65726189967390210E-01  6.97249244426139910E+00  1.42266300565008950E+00
  4.87785457169642190E-01  5.56350039393523320E+00  2.48920814926784400E+01
  3.71299762957800540E-01  2.73936306803404470E+01  6.08785884738036560E+00
  4.13811620468168510E-01  1.52593670446327730E+01  2.45048546076616790E+00
  5.69423614487483490E-01  2.72656367953492950E+01  1.92600303731169260E+01
  5.83429036676414100E-01  1.38688933451854800E+01  1.71737012341419660E+01
  5.30006102735105960E-01  5.02320820697325400E+00  1.57423390676181470E+01
  5.16710955738981780E-01  2.34243907378191590E+01  1.83758865347244540E+01
  2.65726189967390210E-01  1.72971207414134190E+01  5.70432688781533410E-01
  3.18942867500738640E-01  9.78035673511330650E+00  6.86217645167347360E+00
  3.23881608201221470E-01  1.94038575306154330E+01  5.03651867982594760E+00
  3.54092873053847420E-01  1.60691980460838340E+01  1.91932651141645180E+01
  5.12509616084684260E-01  2.55874394782776060E+01  1.51828112971784570E+01
  4.99223721401470310E-01  2.46215517034804780E+01  2.93942462696157310E+01
  2.56092450391898300E-01  2.37880592771082960E+01  3.20758547998418160E+00
  5.45765227979075810E-01  1.90367075364940560E+01  2.51104098525105360E+01
  6.94010183176834960E-01  2.47643462325093110E+01  3.25374687641920430E+00
  3.57201130995523370E-01  1.64430581429907590E+00  2.27772175772186540E+01
  5.25895496843049500E-01  1.06529884401653820E+01  2.62748842273759640E+01
  5.10790949981952740E-01  2.29475366713418510E+01  8.25715420409778570E+00
  4.89717368181109780E-01  5.89860569446586250E+00  1.62645651706082820E+01
  4.82769235883485770E-01  5.24455330308356690E+00  8.77068074432134100E+00
  6.93278360304079300E-01  1.16283962977254480E+01  1.08834924799558410E+01
  3.35017483125717060E-01  5.28575245363178150E+00  1.73547306789732690E+01
  3.26514001167033020E-01  6.01294296400635630E+00  3.18629217358386630E+00
  4.75880684447443510E-01  1.91482496249247410E+01  2.72684188245339920E+01
  4.22354771203238230E-01  2.63865322891203110E+01  2.89530796443098810E+01
  4.11966131227655820E-01  2.60737771717587920E+01  1.69367881946748720E+01
  7.30946391186454210E-01  1.08732827362021070E+01  2.22189522442462850E+01
  4.22201084465533680E-01  3.01855040648614730E+00  7.52756256663355750E+00
  5.15931587153482510E-01  2.22700035865831720E+01  2.76884687456307010E+01
  5.52347772924787250E-01  2.75973013234490200E+01  8.28176012984348380E+00
  2.49794182180603610E-01  2.08889424040404600E+01  1.93197464620925780E+01
  4.50103975287380020E-01  1.31615921863690310E+01  1.91520823281733290E+01
  3.61769499680632390E-01  7.96274965799053720E+00  2.59366303418769490E+01
  2.77147605524350650E-01  2.50600754018440380E+01  7.52385347156865160E+00
  7.64764367446448820E-01  7.38052913191861570E+00  1.23546892115495960E+01
  5.71326189973923350E-01  7.99915158484994660E+00  1.08470441515039650E+01
  4.07877171249442140E-01  2.11757984655068900E+01  8.34497822359097090E-02
  4.46540105696671490E-01  2.52501051843183080E+01  2.06570674801087260E+01
  5.07606992315717240E-01  1.68992267096982620E+01  2.89901165921577470E+01
  3.01731430220296380E-01  2.64015898204402430E+01  1.51884259441698450E+01
  4.32382463464541460E-01  2.29666802680781290E+01  1.08595839987906330E+01
  3.25762576013666160E-01  1.31542462183469590E+01  1.91737224613713920E+00
  6.24920360555607160E-01  2.86891601887102860E+01  1.61798459873440100E+00
  7.38532964590205680E-01  1.67636313175563600E+01  1.04368846124375980E+01
  3.92511582998476170E-01  1.81658991446327850E+01  1.76633045301202250E+01
  2.97561439636419770E-01  1.96745630992670260E+01  3.81072860171515070E+00
  3.46434506905438330E-01  2.81918115252860770E+01  2.19861659803231790E+01
  5.89502618647478990E-01  1.78487961773872890E+01  3.24162444071995950E+00
  3.32399546609116130E-01  1.78835106846222730E+01  2.20915527329617230E+01
  5.77649046292645880E-01  1.15781486715159620E+01  2.33205217810209970E+01
  4.31729360191427780E-01  7.57146232231945420E+00  3.16701821791382440E+00
  3.17950877609215300E-01  1.18411570183667900E+01  6.38871024047552010E+00
  4.75880684447443510E-01  1.56256874397802110E+01  2.12132811923053740E+01
  3.91816801400439550E-01  7.28873285503666410E+00  1.67646751395557770E+01
  2.50163292655703180E-01  2.96433987442118830E+01  1.26787399430565570E+01
  3.42074681651230290E-01  5.01264431342035440E+00  2.86088936279998870E+01
  3.50974061745161330E-01  7.25316196564860500E+00  1.03057950199704500E+01
  6.18566685513849460E-01  3.01985815253757740E+00  5.46445442696598520E+00
  3.24719866931951940E-01  8.57946264102377750E+00  2.82010373469998860E+01
  3.57201130995523370E-01  2.02565914822155020E+01  8.17226884144090880E+00
  3.13090147150790890E-01  1.84543303937176790E+01  6.87735140514625430E+00
  2.58355477869490890E-01  6.64597597973568280E+00  1.63288235039655980E+01
  4.83351594707823830E-01  4.45332341771741990E+00  1.05569375472133530E+01
  5.48463672908306780E-01  2.56930026931537370E+01  1.22590931113813840E+01
  4.24351701398837560E-01  1.18253811191298050E+01  1.33322072051693820E+01
  6.80557430527969220E-01  1.39519071758488590E+01  4.05025529580167200E+00
  3.73125396709624990E-01  2.52524289853874960E+01  1.24185089998393970E+00
  6.77808113742920780E-01  2.88298583472859990E+01  2.60775331082712360E+01
  7.67512613708393760E-01  1.94722376648502970E+01  2.11479691370862430E+01
  4.76544583128828500E-01  1.20992924932320240E+01  9.81346117220043900E+00
  6.97738347479756800E-01  5.98675904174604590E+00  1.81130796120511020E+01
  4.49545157175862540E-01  1.39908269804255440E+00  1.03066013079071630E+01
  6.25336422111717830E-01  2.01198103580932040E+01  1.73474424852923190E-01
  4.99487474973056500E-01  7.42085163794587470E+00  2.52679654940260790E+01
  6.67521681419926690E-01  3.91397461315799120E+00  2.32011104238262010E+01
  3.44170209092795430E-01  7.63738866586342090E+00  3.93973444103357110E+00
  4.01880163826280960E-01  2.10296848668800430E+01  2.19385555076723970E+01
  5.95035019805102560E-01  4.05251804216772540E+00  1.93109809594815690E+01
  5.20348764567513020E-01  1.66512443860914130E+01  5.95661421009007520E+00
  7.44845164893703690E-01  1.89898382463221470E+01  1.61374999827278140E+01
  6.94010688862415210E-01  2.23096067236278300E+01  1.77654427773567750E+01
  4.00156705760987560E-01  1.57533951528557450E+01  1.62235914398236180E+01
  6.57722721512726150E-01  2.11261852854961630E+01  2.74261910176493480E+01
  3.61198882346046800E-01  6.80717924261963690E+00  2.23844880612932470E+01
  6.07167866036927160E-01  1.27073489547694700E+01  3.57537598812843300E+00
  5.81677556670477180E-01  2.67571908335938100E+01  1.02429144905624150E+01
  3.17579752081870750E-01  3.05281390377237650E+00  2.74405365846568930E+01
  2.69169509893181310E-01  9.80129699449977210E+00  1.20038690163736180E+00
  5.36592099856838090E-01  2.77145224764188890E+01  9.66530289403729800E+00
  3.01799748246536660E-01  2.40849733467205600E+01  2.43470155029579160E+01
  4.05794678723965420E-01  1.77577007411005060E+00  2.65360343755664200E+01
  3.65995101567518470E-01  8.80581537402922620E+00  2.68279695704876660E+00
  3.39481361119070080E-01  9.77462927117498740E+00  2.35847138271674480E+01
  6.97384645011991290E-01  9.73402108428344090E+00  2.16422122605922060E+00
  6.82253548551889110E-01  2.66502497739567590E+01  2.59499843054649940E+01
  5.67035311113654220E-01  1.48010108679149950E+01  6.40891787342784180E+00
  6.47236078597052340E-01  2.05577709707747330E+01  2.39767028351790760E+01
  5.92513140571182980E-01  2.58873798179807150E+01  7.02201241313452410E+00
  4.71553509741754610E-01  2.08993910677168310E+01  2.63214043713421760E+01
  6.55885333720611730E-01  4.06489258324012860E+00  2.89202955679382010E+01
  2.83840017940612550E-01  1.15945088876984560E+01  1.43432265392355450E+00
  5.65219172841477580E-01  2.65484242930651600E+01  5.68624503030032620E+00
  3.48480710258510130E-01  1.55489361346460860E+01  2.64442890062394440E+01
  6.26908127420837150E-01  8.00001401746560430E+00  2.89556059040366090E+01
  2.62213147743524950E-01  8.76119489442498530E+00  1.45434291293428010E+01
  5.08737612195334600E-01  2.05969246306226420E+01  9.57384327559299030E+00
  4.59281804788439010E-01  6.27836316487427220E+00  1.31194193874615870E+01
  2.86550378078914000E-01  1.94546208611765080E-01  8.84796097991438480E+00
  2.99038091422116640E-01  2.46138980658793470E+00  1.76479493911232940E+01
  3.62493203924014780E-01  2.96269513923431870E+01  2.67446097417156850E+01
  5.64616421781660800E-01  2.15555599846139290E+01  1.88526858629861000E+01
  3.87533216804236250E-01  2.67769835359026020E+01  6.61105570558476870E+00
  3.90540239164096370E-01  1.93155884036559050E+01  2.81183212690964090E+01
  5.44640939783434240E-01  1.44168436467487810E+01  2.97422781285270330E-01
  3.84420431658369740E-01  4.56993429470572820E+00  5.82373575504164530E+00
  4.53492046339069340E-01  1.03014354910083220E+01  1.38604767393717980E+01
  6.38023782753992030E-01  8.73895664989320050E+00  2.10270017447220820E+01
  5.00672486592370710E-01  1.29734297357814510E+01  1.49602770463435350E+01
  6.08873319065221350E-01  8.51505873434469150E-01  1.02880696235282780E+00
  3.18942867500738640E-01  4.05965476481609140E+00  2.22259304982430730E+01
  2.65726189967390210E-01  1.14531562213752630E+01  1.60590654795100280E+01
  7.10410487391814980E-01  1.44191079811447760E+00  2.54712052320214400E+01
  4.66797018098134940E-01  2.93252380324902720E+01  1.74006074828359520E+01
  3.89889811574280460E-01  2.43456587518569410E+01  1.75499394395521620E+01
  2.92456502136063850E-01  3.51191364013822670E+00  4.97031179037511000E-01
  3.63079661055833470E-01  2.65884750463254210E+01  2.81944932719789990E+01
  4.13811620468168510E-01  1.91188169584252420E+01  1.22318302304222120E+00
  2.60417758313763680E-01  1.01581892274013510E+01  2.29048883140309450E+01
  4.41940562555082740E-01  2.69797110312435640E+01  1.14081819490554730E+01
  3.08418768867630710E-01  2.15693483978191940E+01  1.70898587832165600E+01
  3.04461637453634990E-01  3.89905570166156890E+00  1.43502902175248420E+01
  4.75626642073745920E-01  8.27332949023327660E+00  9.11323552068757610E+00
  4.19693779402500590E-01  1.20576424415926040E+01  1.73717191534410630E+01
  3.26514001167033020E-01  1.80486110851038720E+01  1.30107411246322990E+01
  3.55388479881239270E-01  2.90787930856410560E+01  1.42307883662100210E+01
  5.33859136323620030E-01  1.33739872560467820E+01  5.71782660749683200E-01
  3.39481361119070080E-01  1.61567968425698220E+01  2.18531938669344610E+01
  2.51153087880769550E-01  8.20535272203417780E+00  2.26962495701158030E+01
  4.21603844523193420E-01  1.33162892135412590E+01  8.11611540149084830E+00
  5.20348764567513020E-01  1.83611232058517690E+01  6.04934599095840130E+00
  6.86210935380316480E-01  1.29398655861082300E+01  1.80380682872376890E+01
  4.41140732643827070E-01  2.65088879229607920E+01  7.97974230859574970E+00
  6.26908127420837150E-01  1.04786974038764780E+01  9.50453101679673300E+00
  5.11871480770454750E-01  2.00465601380471550E+01  2.58324583702733150E+01
  4.70990686464341570E-01  1.98935270309758390E+01  7.36377448736854310E+00
  5.20369884994360540E-01  1.84215439193057020E+01  2.79492610612954630E+01
  3.04306421741581800E-01  1.41271404105835500E+01  6.96099032913202720E+00
  5.88333222664750720E-01  2.72252575569027680E+01  1.81031880927648780E+01
  6.64541222436485860E-01  2.58199313046401400E+00  2.32021029634425240E+01
  4.24351701398837560E-01  1.74935734183713730E+01  2.34564298022390290E+01
  5.55920758830291820E-01  2.01975511482345950E+01  6.26970170894448490E+00
  2.89042915761794110E-01  7.59305621204011680E+00  1.91143893435070000E+01
  2.47647088603063280E-01  1.41340279602649890E+01  1.54542856916602620E+01
  5.88686278844574580E-01  8.50101362413627020E+00  3.58748535514926560E+00
  3.53063097104977870E-01  2.69645683232959530E+01  2.05103962483125170E+01
  4.50600139601478670E-01  2.35931150234960810E+00  2.86589752691954590E+01
  6.65634982039605120E-01  1.54331737097405350E+01  9.93363898598584430E+00
  4.69750256464274060E-01  4.69531361550585210E+00  3.97770008297998250E+00
  6.13801455222646290E-01  2.62857517852941670E+01  2.26961335971917290E+01
  5.14582826754803690E-01  1.04445523999129400E+01  1.48383773107114540E+01
  3.81419328643079860E-01  1.06415690291886470E+01  2.53678938606886530E+01
  7.28196096543639280E-01  2.60598687835712970E+01  1.87142072220200290E+01
  7.33199636544987770E-01  1.39799151165293800E+01  2.00051529679054030E+01
  2.86550378078914000E-01  1.44963438513193630E+01  5.61152101372281380E+00
  2.52169786807371790E-01  2.75952786109753490E+01  2.44588990146684860E+01
  5.01406606281285510E-01  1.30608661740749190E+01  2.38692999090358560E+01
  4.18948713530687210E-01  1.75269993166780540E+01  5.61851461503096240E+00
  3.62620749938717070E-01  1.67019852351936640E+01  7.06814864923840510E+00
  3.15231116497538320E-01  1.61901239623547680E+01  1.56580430690531770E+01
  2.83840017940612550E-01  1.69686579073764610E+01  1.23089311030588430E+01
  4.72199721516180480E-01  9.20529898701746770E+00  1.68918142157445810E+01
  4.41666133880560000E-01  1.46722067777523630E+01  9.07885983223267520E+00
  3.39073066583844400E-01  1.93334377468465060E+01  1.87432477761288500E+01
  2.54831192030272870E-01  1.88659959231380330E+01  5.24964123880066860E+00
  6.65634982039605120E-01  2.31237275572960180E+01  2.54514180871265650E+00
  2.69326463995374250E-01  2.37593408068502900E+01  2.10047469444468010E+01
  3.08418768867630710E-01  2.13370780084841660E+01  1.80077280223870310E+01
  5.63324676144028570E-01  4.05416230457671300E+00  1.62478468716491020E+01
  2.49794182180603610E-01  2.74012152931466830E+00  1.19717143165828970E+01
  6.44956217916396120E-01  2.01995378888275000E+01  1.21612524140496920E+01
  4.26043897269923290E-01  1.86927576786121320E+01  2.02449274249972040E+01
  7.44533748089133770E-01  6.32110530123439850E+00  1.51050863956062570E+01
  2.47647088603063280E-01  2.57419314554946790E+01  2.01674472582811400E+01
  3.47451934045076260E-01  3.28341422453508170E+00  1.57630941585419610E+01
  4.83182858574677270E-01  2.64107844893944370E+01  1.98734626406254830E+01
  5.38382388131525950E-01  2.88626623673072230E+01  2.48620406808141150E+01
  6.08690451339190200E-01  1.81544880093262680E+01  2.67780127111626490E+01
  3.93024383017402490E-01  1.92330372930631910E+01  4.34122430371653500E+00
  2.54611020839302520E-01  1.66756731351729250E+01  2.57933537146692550E+01
  6.82253548551889110E-01  1.56938129085378520E+01  8.61238110372004680E+00
  7.67665169660178040E-01  8.77137437079259820E+00  4.23636640076690440E-01
  3.95839252948554370E-01  2.08952075496692840E+01  2.11522381301326130E+01
  5.15379284759350490E-01  7.12704385399968030E-01  1.26056120154012850E+01
  5.09222041678605210E-01  2.22566335341684830E+01  1.40547801403632880E+00
  4.72038094207023740E-01  2.44836977158698340E+01  2.11618666525593820E+01
  6.64541222436485860E-01  6.64846653235002720E+00  1.93052091353964950E+01
  4.84167632717154460E-01  2.02886549866541750E+00  8.46291592271405690E+00
  5.39922025342825940E-01  2.28925241663524230E+01  6.40165196202197250E+00
  3.77759649416993960E-01  2.05151738997525430E+00  7.60147014481147650E+00
  5.06367095649294540E-01  5.50027279991228110E+00  2.39006022289615140E+01
  3.05466220251299840E-01  5.26113425787344900E+00  2.13553905680817240E+01
  7.55604472483241980E-01  1.54216409983125740E+00  2.95450050397190370E+01
  7.68548325332126940E-01  1.80961333005528430E+01  4.57670366571546340E+00
  3.09209541844886400E-01  9.29712754848037900E+00  1.47411576092915020E+01
  4.71553509741754610E-01  2.38173721729918310E+01  1.29808521323951940E+01
  3.65995101567518470E-01  3.24601186225541750E+00  2.39893587952870600E+01
  6.26517897412854200E-01  5.96604294884978970E+00  2.84399545616775380E+01
  3.55388479881239270E-01  1.01885634624588450E+01  3.11246776011267650E+00
  3.90423892796942250E-01  8.87060860066329760E+00  2.68611574073924080E+01
  4.92172780862642510E-01  2.21612070479088810E+01  1.97534893955370090E+01
  6.66683478841499700E-01  1.36086163689751030E+01  2.90878878993031480E+01
  6.94903868090152520E-01  2.21526712526293360E+01  2.90771489461254760E+01
  7.65642972591057180E-01  2.01166934132439830E+01  1.07535472528263870E+01
  3.52682444144397330E-01  2.96840611224533470E+01  1.45970273482778710E+01
  5.39466591144820300E-01  1.41212493923516150E+01  1.34038364692387920E+00
  4.26043897269923290E-01  1.47830883277974030E+01  1.56956274907600890E+01
  2.53364602799301860E-01  8.18773820687570720E+00  2.31999546641712410E+01
  3.83290088603488770E-01  2.20836846131559770E+01  2.52014636041651980E+01
  5.55920758830291820E-01  2.69906875647824660E+01  3.71756142762594790E+00
  4.13050329149462850E-01  1.29992953362304990E+01  1.23927839392641880E+01
  5.20369884994360540E-01  1.37170772233173750E+01  8.96848737614600470E+00
  6.99477888048091770E-01  1.91621845948783860E+00  1.24426870095527850E+01
  3.59079136884617700E-01  1.97597947330293270E+01  1.69305485068643760E+01
  3.01799748246536660E-01  2.06446496186064860E+01  1.98135881904895720E+01
  5.28731261397185740E-01  1.70110201482211640E+01  2.50250380874675480E+00
  6.80338287111455390E-01  1.72490282385621580E+01  2.76955582697802780E+01
  4.74033319401206570E-01  5.16866695658354920E+00  6.92896533034710060E-01
  3.53302408788900560E-01  7.52612170955501550E+00  1.98204024920748980E+01
  4.03052389307286420E-01  9.82531869544551920E+00  6.14181091048820170E+00
  3.33973424357718240E-01  2.03795903208811280E+01  2.22862141373062670E+01
  4.68162992243922280E-01  2.78341251971193840E+01  1.53601555538742200E+01
  4.72192289519205580E-01  3.60769869649981970E+00  2.53561802074175730E+01
  6.73658304681401180E-01  3.20165886739795710E-01  1.06195180780311840E+01
  4.61178090502161720E-01  2.68685971973439200E+01  2.13252000961388330E+01
  4.18189647978318300E-01  1.27028339216774080E+00  1.33539381931756620E+01
  5.15379284759350490E-01  2.01085949744461630E+01  4.58194545475577190E+00
  5.34553382826858140E-01  1.67827951285730810E+01  2.65746193361222930E+01
  3.70336582810533970E-01  1.00452762277558940E+01  2.84895889542954990E+01
  6.42747544188997020E-01  5.74992206885344000E+00  1.10828828814388380E+01
  4.50600139601478670E-01  2.19223051319641510E+01  5.06374107884791870E-01
  3.55036581058269410E-01  1.26118625038420580E+01  1.30789849727276600E+01
  3.54092873053847420E-01  2.90398726972185310E+01  1.26558385054156520E+01
  5.13614394364816020E-01  2.10485674787977430E+01  2.28606580403554530E+01
  3.65995101567518470E-01  9.14683726320300570E+00  4.30494339496875430E+00
  5.25383403930900440E-01  2.30033504379794390E+01  2.26976665304406460E+01
  3.83598938984435380E-01  1.09288270633415190E+01  1.78621699877543390E+01
  4.86073626967704090E-01  7.76637199469326500E+00  1.36228988581161000E+01
  5.96963967672292380E-01  1.86876955095108310E+01  1.10478737113247460E+01
  4.66553963192992600E-01  9.05023773350954920E+00  2.48939201749083450E+01
  4.15252526658189590E-01  2.44251015888048850E+01  2.37058713166124840E+01
  6.36786611163594070E-01  2.36065334837073840E+01  2.68456851069313310E+01
  6.06760633376156730E-01  2.47780462975206040E+01  2.82997032993723360E+01
  5.25895496843049500E-01  2.80092681845572180E+00  9.21106788769279210E-02
  5.05409982910693060E-01  6.12442811882549170E+00  1.21675881738043970E+01
  5.18912146576496980E-01  1.40929871631808010E+01  1.11012475904963970E+01
  5.81677556670477180E-01  2.62198718126998460E+00  2.49470504670743730E+01
  2.50625569857546320E-01  2.05578902490395490E+01  7.64457306003519930E+00
  6.67521681419926690E-01  1.75833203868941120E+01  2.56352384837410630E+01
  6.52034765531911640E-01  3.59582231146626090E+00  1.13202999908629800E+01
  3.81419328643079860E-01  9.91163962945871900E+00  5.59616854044466550E-01
  3.18942867500738640E-01  4.07812178088046990E+00  4.46781657529777560E+00
  6.63973334543257470E-01  2.10375286478053060E+01  2.51961326142759460E+01
  4.05793634226126800E-01  7.60929183330814320E+00  2.18446094507532430E-01
  2.88617724104866640E-01  3.42666281893018400E+00  2.46177664579471020E+01
  3.17587838135982990E-01  1.87615456519886870E+01  5.85482308844007090E-01
  6.94010688862415210E-01  6.62414209620518600E+00  2.43719704427549680E+01
  3.25036994184950640E-01  2.82658721322068370E+01  1.61198070244732180E+01
  4.41940562555082740E-01  2.79756279999522950E+01  3.87383830017125920E+00
  3.05466220251299840E-01  9.39472113353200910E+00  3.57305226733943120E+00
  7.22984261441823330E-01  2.46200578445513470E+01  2.56815118757804480E+01
  4.60682082706054620E-01  2.82885696259202500E+01  1.91417859007643260E+01
  4.22201084465533680E-01  1.84489848597718900E+01  8.96831135396212530E+00
  6.24824560398126750E-01  1.27892446698712130E+01  2.06575917299491110E+01
  3.63079661055833470E-01  2.83543470853838850E+01  2.31218630731129160E+01
  3.25516939164680520E-01  4.05780054971292080E+00  2.07981210468364710E-01
  4.87886881528419990E-01  2.53337151809490920E+01  3.84791757472981320E-01
  4.34172467284937990E-01  1.00792903448690330E+01  1.65476618995320240E+01
  7.04082361725448710E-01  1.83774718323006780E+01  1.91601510750926280E+01
  4.40295189098215370E-01  1.53428711580701000E+01  1.88725028564160770E+01
  4.54567147313974470E-01  2.42038460177206090E+00  1.92042174811875770E+01
  4.89717368181109780E-01  1.15193032978989710E+00  7.05398728213091800E+00
  4.82771447840326400E-01  2.42087688594023900E+01  2.02481908872500180E+01
  3.54092873053847420E-01  2.61646150442081050E+01  2.17360048605310290E+01
  7.67457697882333090E-01  2.19022113520676880E+01  1.42840554889328870E+01
  4.43129600128677660E-01  1.87699572389383040E+01  2.21340657723867120E+01
  5.61514797181737530E-01  1.20205789549312100E+01  2.15609246449756460E+01
  5.82207618145930890E-01  9.12384965752236000E+00  1.82967098108006780E+01
  5.94092381958372510E-01  2.03279492189536410E+01  1.61660648954513530E+01
  5.64318884198494160E-01  2.12190933922557720E+01  1.54267919811414520E+01
  6.16837537735261420E-01  2.45460539454491700E+01  1.85362365574382900E+01
  4.20581746236023420E-01  1.47707459522027540E+01  2.14818515328098910E+01
  3.16022212934137680E-01  1.09521606282066270E+01  1.85612505449149230E+01
  4.59502380082057990E-01  1.05918417996688920E+01  8.37542539231566780E+00
  7.48336469443998900E-01  2.75238058500070220E+01  2.75948327170107110E+01
  6.90159994875631000E-01  4.59978682888821840E+00  1.81483252927347540E+01
  4.68364091588631840E-01  1.42058429354394260E+01  8.10914336735801380E+00
  4.05593309893122810E-01  2.04425633515505860E+01  2.04908716323178130E+01
  5.55687039951364880E-01  1.81078092852195350E+01  1.16379444733231850E+00
  2.83840017940612550E-01  4.66195007506165030E+00  1.29393494650379640E-01
  5.98280766214214580E-01  1.36031027105852620E+00  1.93076383962629310E+01
  5.84913004272127690E-01  2.96157824821256310E+01  1.18391443734106240E+01
  2.83840017940612550E-01  2.03977506923287950E+01  2.16650051767473710E+01
  2.83517655556827110E-01  2.74778572444988040E+01  4.40166547215723460E+00
  5.27599340399055180E-01  8.68614569684838500E+00  7.57537731975130590E+00
  6.24824560398126750E-01  4.54533184348132480E+00  1.31246474964801760E+01
  4.84167632717154460E-01  2.48561061381531660E+01  2.44946137245930550E+01
  5.66562802601083430E-01  2.62038867627914380E+01  9.78179835125438050E-01
  5.81213412342838430E-01  1.37779457581788110E+01  2.13479171962982550E+01
  5.13285974501586400E-01  3.91002324391494490E+00  1.51733446623870170E+01
  5.29625185962053640E-01  2.34529940610096150E+01  1.73303117814468630E+01
  3.30104909316010620E-01  1.45454850404764460E+01  4.86761076928917720E+00
  5.48174971142568520E-01  1.25158546969542200E+01  1.40166914500651480E+01
  4.72192289519205580E-01  3.17461860843647780E+00  2.82281755475170010E+01
  4.53126113496558960E-01  1.93028485282621740E+01  5.80572106813383380E+00
  5.25993347610763350E-01  2.00672080847282470E+01  2.68699829080861430E+01
  4.75338540515479570E-01  2.77205584285642420E+01  2.63881654489625500E+01
  4.30858982518450690E-01  2.94306671512787900E+01  2.83047554441957560E+01
  7.09741570678139940E-01  8.15814496739681520E+00  1.74399382125128530E+01
  5.05409982910693060E-01  2.75118134189997190E+01  5.21975657030644770E+00
  5.20369884994360540E-01  1.26774937352174500E+01  9.00217118394611760E+00
  2.73281005279713530E-01  1.22183464910847590E+01  4.30695650518532420E+00
  3.09574052588245370E-01  2.22039023265449700E+01  2.22251887356051860E+00
  3.18095930761502070E-01  8.44078708914920920E+00  1.40599817860304770E+01
  4.46537248270915300E-01  5.42275902436961310E+00  7.17085211658692150E+00
  6.38830345620663920E-01  1.00873410718735850E+01  2.45116445772284450E+01
  6.68397269451762100E-01  5.31585449026568750E+00  1.93024582305635840E+01
  5.32488384254616510E-01  8.59241937026404830E+00  1.71054403575575490E+00
  3.17579752081870750E-01  3.19289296004423080E+00  1.90042746340559180E+01
  5.16710955738981780E-01  1.51574209726123050E+01  4.08846224979457510E+00
  4.49545157175862540E-01  2.77744495603098860E+01  1.18115586105766430E+01
  3.20574425314766210E-01  5.89218846101555900E+00  3.64641284596046140E-01
  4.12246671516209600E-01  1.70859275287230080E+01  1.46328304864158910E+01
  4.94550785807675550E-01  1.70121863395136930E+01  3.93033451364631540E+00
  3.59079136884617700E-01  1.72896857823726360E+01  7.48678933242522950E+00
  6.10572080928614460E-01  2.59641688973445390E+01  1.11328234933092070E+01
  4.75338540515479570E-01  2.22871186153625840E+01  1.02463769500903470E+01
  5.09574347305064630E-01  9.46186289388604070E+00  5.12187739624988140E+00
  4.18189647978318300E-01  1.26962893819594210E+01  2.47129501430702730E+01
  3.76753951196820710E-01  7.70844957139023630E+00  1.91684636000467650E+00
  3.84533934306195220E-01  1.25193876906679640E+01  1.96850620112984100E+01
  6.60767019732147710E-01  1.29256228954341420E+01  1.12699433815430240E+01
  5.64318884198494160E-01  1.77961631385830370E+00  2.18655731717945480E+01
  4.69750256464274060E-01  3.78785367295397580E+00  3.73475311852080070E+00
  6.88340418185590860E-01  7.72989838039373470E+00  2.18865624771455600E+01
  5.93150731645016190E-01  2.58612098984174920E+01  3.92701329566603760E+00
  7.17499092254363010E-01  2.42295767808755470E+01  8.63738144390526230E-01
  3.79322922295397280E-01  2.91793795587457530E+00  1.83292481381907030E+01
  3.20574425314766210E-01  2.58251967586782780E+01  2.94373296501944810E+01
  7.17953871372127320E-01  2.49684165464307670E+01  9.39583514245198080E+00
  3.42409596243210680E-01  2.93080684409196760E+01  4.41788404124759460E+00
  4.43129600128677660E-01  2.18693616573967200E+01  2.89668304904080960E+00
  3.78068289465320630E-01  9.09024821894935190E+00  6.76516651339265260E+00
  4.75338540515479570E-01  2.25470190672312080E+01  7.35619280490451470E+00
  7.38532964590205680E-01  9.63494974367455550E+00  1.13984825096710840E+01
  5.07606992315717240E-01  5.22202282005109990E+00  2.29259850702544630E+01
  2.86134314477376340E-01  1.12953702047721110E+01  9.91896297707782540E+00
  5.07437626189109900E-01  1.07093297568456050E+01  1.58481138004140460E+01
  6.15073771326759470E-01  2.29820120067212060E+01  3.97383753518830480E-01
  3.30104909316010620E-01  1.29267352684067070E+01  1.70173692054227100E+01
  6.66683478841499700E-01  2.77258134166618040E+01  7.07019032284019300E+00
  7.49545055295440930E-01  5.95981815534564860E+00  2.05656772028117810E+01
  2.54824432159977790E-01  1.18692414481166220E+01  2.98051318631076290E+00
  5.72142532162989690E-01  1.36089787961340340E+01  1.31659901440188720E+01
  2.77147605524350650E-01  2.36527078653959070E+01  2.59330773825937870E+01
  4.68364091588631840E-01  2.78757933520937900E+01  1.27232962480751560E+01
  4.82771447840326400E-01  4.88366153693905770E-02  2.19058444951880170E+01
  2.50971712925384870E-01  5.74342128700069490E+00  1.69888035885516690E+01
  5.38024295323284910E-01  6.92844418979891150E+00  1.11332923704898740E+01
  4.13050329149462850E-01  1.17986232997938510E+01  7.11771597648874810E+00
  4.86590143357422540E-01  2.18546104728937960E+01  2.22692173360169900E+01
  3.16148313226467530E-01  1.87904317409734110E+01  1.82090485378303910E+01
  3.81419328643079860E-01  2.64508550492037350E+01  6.29944381841873740E-02
  6.52911031193170470E-01  1.34042782023105360E+01  1.60291934555739490E+01
  4.49150663742554990E-01  2.32138216294854410E+01  1.43530322134061820E+00
  4.73113776075054650E-01  7.24052979925281190E+00  1.59017090653486510E+01
  3.65995101567518470E-01  8.08499066885362620E+00  2.55681942765130680E+00
  3.46028387031474870E-01  1.77052749360241570E+01  1.97062475087711860E+00
  4.23675716525973380E-01  1.87064163477740520E+01  1.42883986326761560E+01
  2.47261092463374420E-01  2.14702283434633900E+01  2.14565165401762950E+01
  2.63339374245984010E-01  1.35270750885298700E+01  1.19705459475634120E+01
  2.59062449636064510E-01  1.47297872513423370E+01  1.92092429166272610E+01
  5.77180454669814490E-01  1.11127059541865880E+00  2.05304148717868560E+01
  4.06599624824484800E-01  3.35342499054026840E+00  4.49543067883821660E+00
  4.65278877330243820E-01  3.63810641038842420E-01  1.68232522312111430E+01
  3.07263188066738420E-01  1.59052904163234230E+01  6.31380939914404670E+00
  3.88697647565240350E-01  1.06141598146882820E+01  1.05104358345321920E+01
  6.62122603690132470E-01  1.62856430826978130E+01  2.28493809681510630E+01
  3.79322922295397280E-01  1.21279197927532700E+01  2.41535010289174150E+01
  3.53063097104977870E-01  4.16703119841699280E-01  1.76396300933776370E+01
  6.88885956497308970E-01  2.81832597270703640E+01  1.72256773112854450E+01
  5.33066537704075310E-01  2.19874827895524660E+01  8.66664249660341750E+00
  3.42074681651230290E-01  2.98440278720487800E+00  6.42428589400320240E+00
  4.24351701398837560E-01  6.99126153529974740E+00  2.86642967738849630E+01
  2.92456502136063850E-01  1.09926438245539800E+00  2.31307896575078150E+01
  5.90639534364661320E-01  1.27912090737705950E+01  2.28113077274704960E+01
  4.09705559579089850E-01  1.01535136694598880E+00  1.62403973772047470E+01
  3.59079136884617700E-01  1.60986940604282010E+01  2.60001598572543210E+01
  5.27599340399055180E-01  2.93761378380796780E+01  9.55660288368066620E+00
  5.38382256471750510E-01  2.35043666816783490E+01  4.87584475559742360E+00
  5.96963967672292380E-01  2.40341505918580080E+01  8.47159133536776740E+00
  2.96503602823160150E-01  2.93837880764264630E+01  7.68252475426872290E+00
  3.64593218166308700E-01  1.85805201995611000E+01  2.58978635235787710E+01
  4.18947112612636110E-01  2.58935935783824930E+01  4.95216999749388620E+00
  5.40946473112310590E-01  6.67354304443820110E-01  2.85894060927446070E+01
  3.35017483125717060E-01  1.81889190346161840E+01  1.68618128472211910E+01
  4.75626642073745920E-01  2.88685352110115620E+01  2.24528911346027830E+01
  3.04461637453634990E-01  2.06311244356541270E+00  1.98733729988909860E+01
  4.36315933331792570E-01  2.82909755499697370E+01  4.69226701496234710E+00
  6.77666041374141330E-01  1.57828658408180320E+00  2.40911201670590960E+01
  5.67035311113654220E-01  4.99929186524594990E+00  4.96806845962281770E+00
  3.38650161839631010E-01  7.95683915342155680E+00  9.93805314197531330E+00
  6.94010183176834960E-01  2.08057221889277850E+01  2.87390077454658410E+01
  7.10410487391814980E-01  2.61107812782799870E+01  2.72334320013466070E+01
  4.54567147313974470E-01  8.13366222725263380E+00  1.86032133810433820E+01
  2.52169786807371790E-01  9.32356864035160800E+00  3.02024910793082090E+00
  3.01799748246536660E-01  8.72386332864718560E+00  5.45638904282741160E+00
  4.27719079604653450E-01  1.35164633566374710E+01  2.49358360077575830E+01
  3.87762191716535260E-01  2.81904031209712190E+01  2.42251521934492970E+01
  5.72951670348821020E-01  2.51485071922890350E+01  2.30337290679916440E+01
  5.09222041678605210E-01  1.90241777794319270E+01  1.73904822570346410E+01
  5.25993347610763350E-01  1.50206240356394570E+01  1.47739114414058630E+01
  3.12648490279368120E-01  2.08930716634724160E+01  1.15013825489583290E+01
  3.32399546609116130E-01  2.34337604709786050E+01  2.04990304126812040E+01
  4.43807889241729470E-01  1.34950468975417830E+01  1.41745996360933100E+01
  3.44170209092795430E-01  2.15492444864645310E+01  1.15172474412354880E+01
  2.54824432159977790E-01  1.33278499998429310E+01  1.36342965078258600E+00
  4.21963532045373490E-01  1.98845472275222120E+00  5.28046601439497200E+00
  4.11696508529454960E-01  8.78513841209166910E-01  2.22398454027372240E+01
  4.11346310528290360E-01  2.87939695310655620E-01  6.78599387117276450E+00
  6.16837537735261420E-01  2.85066295471022000E-01  1.55206461709537590E+01
  4.83570943621045310E-01  2.61679569560199920E+01  9.35593849864908660E+00
  4.32382463464541460E-01  4.73501913250515120E+00  6.62357193493304930E+00
  5.92513140571182980E-01  1.13853741812798860E+01  2.77033313315657710E+01
  3.55036581058269410E-01  2.74296680656186580E-01  2.27114980191452570E+01
  4.74581552528920360E-01  2.99648124748896460E-01  3.97119157974559260E+00
  3.44905765886116280E-01  5.18960886267819890E+00  3.33100583549770680E+00
  5.96963967672292380E-01  3.81228943599663510E-01  2.36561606597416660E+01
  2.68569610726517900E-01  1.25790362346927260E+01  1.56204068231088830E+01
  5.80290806494985740E-01  7.55638583664748880E+00  2.78338875477825310E+01
  6.25336422111717830E-01  8.08214682801914110E+00  6.59398265187252970E+00
  6.17452885167652710E-01  1.11419002851892660E+01  1.68853515219269780E+01
  3.29506256422424390E-01  1.35093958722803060E+01  6.82156896296102740E+00
  2.58355477869490890E-01  1.86072279740085380E+01  1.28383331528313550E+01
  4.69641390777102340E-01  1.25531557464352960E+01  2.74619539105922640E+01
  3.49095179616795370E-01  3.54492045308332230E-01  4.79231773043321320E+00
  3.27988333844876360E-01  1.46020957817029990E+01  2.91365747465608040E+01
  3.86383264228710210E-01  1.86603757557160930E+01  1.34801039033433680E+01
  4.75543307221801650E-01  2.04485955289893170E+00  3.65554334636905760E+00
  5.07815655211632320E-01  1.60840532917348180E+01  2.04047342371520730E+00
  6.08088426536500660E-01  1.24706351887545120E+01  1.26921893486407260E+00
  3.93024383017402490E-01  2.57875992537836960E+01  1.01454648396439030E+01
  7.48336469443998900E-01  2.37414775140966120E+01  1.17640243664498170E+01
  3.13454063710418570E-01  7.00970108549594520E+00  1.33666746662885510E+01
  4.43133439323318520E-01  1.56272243636134900E+01  2.53518204679473520E+01
  3.62493203924014780E-01  8.28838125952669640E-01  2.14268088721650720E+01
  5.72881440675418570E-01  1.76780541630722890E+01  1.60170575749832160E+01
  3.71299762957800540E-01  2.40766123775105920E+01  1.94049244816969380E+01
  5.13143010843963320E-01  2.38636918448194850E+01  1.05092195665540250E+01
  3.87533216804236250E-01  2.81799281958394940E+01  1.83014524328112490E+01
  3.90540239164096370E-01  3.95469717919485130E+00  2.02916166706470130E+01
  4.11696508529454960E-01  4.46758101735256560E+00  8.32786728194997220E+00
  4.19670751191123690E-01  1.92332394426141990E+00  1.13240039501228220E+01
  5.39922025342825940E-01  2.90387173031116210E+01  6.92079239219247010E+00
  3.73125396709624990E-01  1.38989559915721460E+01  2.41153070293902160E+01
  5.72628172168292430E-01  6.17262585361691760E+00  5.04252214246553890E+00
  5.63660960642019760E-01  9.18485660396837740E+00  2.88507594745962170E+01
  7.54397230300637300E-01  9.40621526052415650E+00  8.63498765602811600E+00
  4.07877171249442140E-01  8.19691680361307640E+00  1.94623636069732160E+01
  4.61178090502161720E-01  2.26617098922515120E+01  2.17730847614506370E+01
  3.50974061745161330E-01  3.84823028160078360E+00  5.96809371178031970E+00
  4.22541054278063120E-01  2.09479616363211040E+01  1.35739557780815620E+01
  3.25036994184950640E-01  1.94751367986074230E+01  2.43402874041898800E+01
  4.96042965314236020E-01  2.21924055609900110E+01  1.65815777276018820E+01
  3.04461637453634990E-01  2.56115732813733100E+01  2.72562570143190230E+00
  4.21290506291976640E-01  2.86234319847323210E+01  1.20021297997970130E+01
  4.26578460793149810E-01  1.93072952681116550E+01  6.68432794217854020E+00
  3.91816801400439550E-01  2.90607521633103440E+00  3.75860108650977720E+00
  5.32262962461145860E-01  1.01486911049597550E+00  1.16036890654178300E+01
  6.07718241283317260E-01  2.09421182733707990E+01  5.33355531789668990E+00
  5.13425754976809310E-01  1.50905676091700440E+01  2.30963822856811590E+01
  5.46829204411607870E-01  2.12864440477910330E+01  6.43512075557034270E+00
  2.99038091422116640E-01  1.17178611291876360E+01  2.94006003548159570E+01
  3.65374026971610010E-01  2.70066533050389130E+01  1.54689083478322440E+01
  3.46733456860136300E-01  1.79788121340269310E+01  7.33463961670754740E+00
  5.01833768532536340E-01  2.49865060901637290E-01  2.56878942779975860E+01
  2.88617724104866640E-01  2.93949016110139030E+01  2.30069747592442230E+01
  3.13454063710418570E-01  2.41721520684881950E+01  2.76082424354084140E+01
  4.43756654693070110E-01  1.92465081995786170E+01  2.63544435271873250E+01
  5.20369884994360540E-01  5.35138986501256220E+00  2.94079906196288760E+01
  7.41720708060832300E-01  1.56526574752660570E+01  2.89115910278012720E+01
  2.99038091422116640E-01  2.37171226332824180E+01  1.42893780684633520E+01
  3.93024383017402490E-01  1.29672181134991260E+01  2.66733161587807150E+01
  2.53364602799301860E-01  9.41813527136860170E+00  7.30476380467097550E+00
  5.48463672908306780E-01  1.65334662345899270E+01  2.88324545472351710E-01
  5.63660960642019760E-01  1.40743704810399210E+01  1.87119506602365180E+01
  4.99487474973056500E-01  2.28301506770495730E+01  9.26053201479697560E+00
  5.32488384254616510E-01  1.74732229117262960E+01  6.61441075543159850E+00
  3.62493203924014780E-01  8.13512143436565260E+00  2.02297082967945410E+01
  3.90540239164096370E-01  3.83089759129117940E+00  7.83996478662776310E+00
  6.25248164210708260E-01  2.12909807276560100E-01  1.97316703825082660E+01
  3.93024383017402490E-01  3.35621565513082620E+00  2.08226509213879610E+01
  2.83517655556827110E-01  2.64384478479855220E+01  1.18906536142923740E+01
  5.16562546778196820E-01  1.07299151338107010E+01  1.20447320694464770E+01
  5.96777348356598920E-01  1.77675482240645370E+01  1.38899752448138050E+01
  3.35017483125717060E-01  1.24251322404729360E+00  8.69105982125809720E+00
  5.69344335137112000E-01  1.61157682142248790E+01  1.47774308552632870E+01
  5.55509338843663690E-01  2.30917334151217130E+01  1.37072052610320010E+01
  4.09775903561979240E-01  7.69082505749210730E+00  8.44676586678727760E+00
  3.20574425314766210E-01  2.41634027311828770E+01  1.68634982980546550E+01
  5.39466591144820300E-01  2.85058803675157120E+01  8.93702939015291700E+00
  5.18725390566230620E-01  2.25029956624615510E+01  2.44037799700280120E+01
  3.62493203924014780E-01  1.96666847431695930E+01  1.77265491286830290E+00
  4.23675716525973380E-01  1.02345136549718330E+00  3.38817081697745600E+00
  4.13050329149462850E-01  2.57460559907117670E+01  8.56489779971843030E+00
  3.01731430220296380E-01  1.10957134304191120E+01  1.27767123585655220E+01
  3.48156346672602490E-01  1.95266704505494810E+01  1.80841702082364510E+01
  6.83531487369900860E-01  1.96648530542596340E+01  1.97103261565102770E+01
  3.27197753470684690E-01  1.64170123850252630E+00  2.96192721630992040E+00
  3.50974061745161330E-01  2.56453475048891630E+01  2.62044920502079750E+01
  5.77649046292645880E-01  5.51785938959512910E+00  5.98761837122136860E+00
  5.13614394364816020E-01  2.15929111535835720E+00  6.19957434699598850E+00
  7.17953871372127320E-01  1.75564741502866400E+01  2.03737051391392330E+01
  3.01731430220296380E-01  2.30049198592099520E+01  5.55199402893460810E+00
  6.14584822297879540E-01  9.61478086021868350E+00  1.56076157165416270E+01
  4.69641390777102340E-01  2.93925829203690830E+01  2.45591083486531710E+00
  4.49154676673646060E-01  4.79383412825862010E+00  2.02896479585755220E+01
  4.82268891960512480E-01  2.37757488298734890E+01  9.51881614301469270E+00
  6.26908127420837150E-01  2.83828127812746340E+01  5.95598412539330010E+00
  2.50971712925384870E-01  1.50369688200738980E+01  1.08321731499383600E+01
  2.62213147743524950E-01  9.28298393845774330E+00  1.31733329228909370E+00
  6.45167794061425240E-01  2.46593714356551780E+01  1.43464595676934240E+01
  5.94931591270377070E-01  2.53282891187922450E+01  1.76120653013002910E+01
  7.68548325332126940E-01  1.17088977827667090E+01  1.50571303485483480E+01
  4.36195486319121350E-01  5.13810311343455960E+00  1.60245267349630340E+00
  5.33066537704075310E-01  5.48737889253110380E+00  2.50608625581765040E+00
  5.62178328188990490E-01  1.69847549886114030E+01  1.92287424543722170E+01
  2.97561439636419770E-01  2.11390937234013560E+01  2.04009781576964640E+01
  4.82771447840326400E-01  1.95233293841618400E+01  1.46799648622063630E+01
  6.61562106526255890E-01  9.10267657843404620E-01  2.29723767009215820E+00
  5.04339573614743570E-01  1.00232464247808050E+00  1.82652293978958080E+01
  3.45648959319623030E-01  1.67744450178064040E+01  2.37300247621429320E+01
  6.95947079841625180E-01  1.23086457624265510E+01  2.86014900789844480E+01
  4.75626642073745920E-01  2.57707600277654300E+01  1.42120962907974260E+01
  2.57534358191145160E-01  1.89238915131501240E+01  1.18686695563974990E+01
  6.30423428531534040E-01  5.33708424402382240E+00  9.87962345737899210E+00
  3.25516939164680520E-01  1.18658184104235590E+01  1.97944446814836400E+00
  3.14110289759674140E-01  8.76285609191996960E+00  2.26046773888822980E+01
  3.99477862283745790E-01  1.57483037342088090E+01  1.09498374316558400E+01
  6.47236078597052340E-01  1.00719141471940310E+01  2.07367457427977870E+01
  5.28731261397185740E-01  2.32158218968538180E+01  1.96662754297356060E+01
  4.43807889241729470E-01  1.15818761645531790E+01  7.07030260051617180E-01
  4.82268891960512480E-01  2.49520219412942130E+01  1.15443623235153280E+01
  4.30858982518450690E-01  6.84153543950207420E+00  5.50301771636547700E-01
  4.18947112612636110E-01  1.73433547539243630E+01  2.26271697185098160E+01
  3.50662231740508900E-01  2.38870040787498150E+01  1.87497717234768600E+00
  2.85767805251094040E-01  4.83332343772720650E+00  2.70467060750768060E+01
  3.45648959319623030E-01  2.23154783416992400E+01  1.32506099615360440E+01
  3.45648959319623030E-01  2.45856266908465490E+00  7.00387065884488980E+00
  6.42005949159872720E-01  2.33525591795479420E+01  2.80989052303536790E+01
  2.74003615458356760E-01  2.40545268841297930E+01  1.62792280053555840E+01
  3.87653287431749970E-01  2.27170504358042680E+01  2.04346926036967600E+01
  4.18948713530687210E-01  1.52991651727118560E+01  1.16329070345150710E+01
  4.53451232343747090E-01  2.61422821352915520E+01  2.07704261723730070E+01
  4.21603844523193420E-01  2.71954381211849740E+01  2.87171969644161750E+01
  2.62213147743524950E-01  2.45317172175145760E+01  7.63223692285140840E+00
  6.94903868090152520E-01  1.02682183819743900E+00  1.44391769866634120E+01
  6.31563936872940970E-01  5.60793857218030740E-01  8.00623680886611130E+00
