1
  1002  2.96924426640336700E+01  2.96924426640336700E+01  1.00000000000000000E+00
        0.00000000000000000E+00  0.00000000000000000E+00  0.00000000000000000E+00
  2.85767805251094040E-01  1.32886781381767630E+01  2.50153135695453130E+01
  3.45648959319623030E-01  1.46947938098651750E+01  2.82384777202977270E+01
  3.45648959319623030E-01  2.13457585458646620E+01  2.61206370607865710E+01
  6.42005949159872720E-01  5.17446999831779750E+00  2.30860697144657760E+01
  2.74003615458356760E-01  1.18096307335708270E+01  2.72495686346744570E+01
  3.87653287431749970E-01  1.26104289907041460E+00  1.20212437601283750E+01
  4.18948713530687210E-01  2.06470767980720920E+01  8.98514259693282820E+00
  4.53451232343747090E-01  1.77184282275456440E+01  1.12778155312027300E+01
  4.21603844523193420E-01  1.35017219800686410E+01  2.70806410116045980E+01
  2.62213147743524950E-01  2.77193690632150900E+01  1.16537121877870590E+01
  6.94903868090152520E-01  2.60344194389320190E+01  8.78947117648799820E+00
  6.31563936872940970E-01  1.64156262812868550E+01  2.07567066033887850E+01
  7.01778375544082420E-01  3.24040273976974720E+00  2.83974365534549020E+01
  3.46434506905438330E-01  8.90571737035232940E+00  3.85100411167019190E+00
  3.50662231740508900E-01  1.76868300041715470E+01  3.10137267235677430E+00
  3.01799748246536660E-01  1.81181575478321100E+00  9.21406758831795440E+00
  4.41298336829792340E-01  1.62122287770173640E+00  2.44127363256500870E+01
  3.39481361119070080E-01  4.91838113177911750E+00  2.52318458944659840E+01
  3.83181557852844270E-01  1.48161918091944640E+01  8.79430941706382540E+00
  6.75156127532392600E-01  1.15611372466862790E+01  1.63954972391508700E+01
  2.73281005279713530E-01  4.66350042936334310E+00  5.25049245678045650E+00
  6.65634982039605120E-01  2.21588588310670040E+01  1.61921205951454250E+01
  2.54824432159977790E-01  2.12745530847541140E+01  2.81022198136081090E+01
  2.84029264846615530E-01  2.54175711858858480E+01  5.93308967900797060E+00
  4.62836237406567810E-01  3.52115411344215580E+00  4.25244068321907420E+00
  3.33973424357718240E-01  8.05701275388092600E+00  2.20093592837694660E+01
  4.91872428060923640E-01  2.95676877178432630E+01  2.34763788415838160E+01
  5.52490392167627680E-01  2.11017223697981640E+01  7.61550711963736230E+00
  5.39466591144820300E-01  2.99570541329270800E+00  1.28731925884109670E+01
  5.65219172841477580E-01  2.03839102143182450E+01  2.22993145393157340E+01
  3.53776024442120150E-01  1.80859532985011670E+01  1.30396443666497760E+00
  5.54611473665029210E-01  1.24137139808267720E+01  2.78323144536810890E+01
  4.81368497469048420E-01  1.86512526714328980E+00  1.50674405996484670E+01
  2.84672167568555990E-01  4.23482189834559900E+00  1.67945903451665050E+01
  3.06898385793053400E-01  1.13620185642610580E+01  1.92269870466587350E+01
  4.49954956992444630E-01  2.30938979521638860E+01  1.55865434528952780E+01
  5.88686278844574580E-01  2.85050215034494910E+01  1.20058364748379440E+01
  4.36315933331792570E-01  9.45371223736887250E-01  8.09880230498865040E+00
  5.46155746035104350E-01  2.38724659760116610E+01  2.23301932533845360E+01
  4.11346310528290360E-01  2.94301714671650460E+01  1.89259899923947330E+01
  7.44650008855257360E-01  3.55763978970845820E+00  9.00424597812592610E+00
  4.68162992243922280E-01  2.62079825413134770E+01  2.58315227221832590E+01
  7.11073931023246340E-01  2.24115154802995740E+01  2.35010622224782290E+01
  3.02034441597155470E-01  1.03121918701051560E+01  1.18818265636297230E+01
  5.12509616084684260E-01  1.47559389001444110E+01  2.27457234903429290E+01
  3.40422717275118370E-01  2.52505940263646660E+01  1.68348078667890210E+01
  6.65634982039605120E-01  1.88381321398282180E+01  1.50771365440642780E+01
  3.75295693565172690E-01  2.21985137451686610E+01  1.80201864107982070E+01
  4.75626642073745920E-01  2.36127803608486250E+01  4.36777188610670560E+00
  4.72038094207023740E-01  1.22222060906751650E+01  6.57592704165552890E-01
  4.29902962432020440E-01  1.81394730288578040E+01  7.09966820568450000E+00
  5.68910711623079470E-01  2.35961866404772780E+01  1.10255058493627460E+01
  3.07263188066738420E-01  1.58022753792440990E+00  1.97235580941604050E+00
  6.10911033360540580E-01  1.90158978470485460E+01  1.78694739098330400E+00
  3.43353541919950760E-01  1.37720980022152220E+01  1.94579157707803110E+01
  3.15231116497538320E-01  1.42411142814229890E+01  1.43313541353257390E+01
  3.78068289465320630E-01  1.22921716331911610E+01  1.45214922746121150E+01
  2.54824432159977790E-01  2.49584422619983040E+01  1.41291770265223190E+01
  5.44558358435121190E-01  5.00671160515468650E+00  1.70941134094398100E+01
  3.56000803327192820E-01  1.21797775583712170E+01  1.37977207893518300E+01
  3.13454063710418570E-01  1.33029878608795970E+01  6.00501345649872760E+00
  6.12591031919131530E-01  6.87348161694546270E+00  2.80006764894445510E+01
  6.47236078597052340E-01  2.77173444369021310E+01  9.90482013396111680E+00
  2.65726189967390210E-01  1.33166836482598580E+01  1.90538379496564260E+01
  2.96653470797716330E-01  6.54200722448753250E+00  1.10901615555114750E+01
  3.45648959319623030E-01  1.55436929055606630E+01  8.81211874081078150E+00
  3.13454063710418570E-01  9.61540805321332750E-01  1.30761441086873200E+00
  3.39073066583844400E-01  1.45497830261348150E+01  3.50921187934496400E+00
  2.96256570285591500E-01  6.64169956154664300E+00  1.52768495843061770E+01
  4.19081387041561550E-01  2.61955991310270980E+01  5.66704128025956600E+00
  7.08391389715138510E-01  1.67771278437991600E+01  2.56547765771169160E+01
  7.16035261746952050E-01  1.13407647086463810E+01  2.02483126154395590E+01
  4.43133439323318520E-01  1.10906659557999920E+01  1.44420645320661300E+01
  2.73281005279713530E-01  7.02814666109904880E+00  1.71063411557420650E+01
  3.35017483125717060E-01  2.40382226595143820E+01  2.14651585457806920E+01
  5.09222041678605210E-01  2.58185956529867550E+01  1.79867351137554900E+01
  4.27719079604653450E-01  1.03528569238631520E+01  2.20626045413731690E+01
  5.81299825206354370E-01  1.81220408077738140E+01  1.22304695874548130E+01
  5.46155746035104350E-01  2.84082330348439060E+01  2.43040882854575030E+01
  3.05466220251299840E-01  2.87963338506755340E+00  1.47347510436417080E+01
  3.11838068626578210E-01  3.48574434295379290E+00  2.49065034932135740E+01
  6.27423008989955560E-01  1.00309164814124900E+01  1.85263925765247170E+01
  7.12424816007452400E-01  8.60746654272187680E-01  2.90906339316565090E+01
  4.41140732643827070E-01  2.77831643949315710E+01  1.68979702127499250E+01
  3.80273533482480450E-01  2.52116710837088970E+01  1.23661273401722390E+01
  3.29796701345061780E-01  1.09402469681988050E+01  1.19507141415416860E+01
  4.15252526658189590E-01  2.30766548758780910E+01  1.31141511743194900E+01
  2.59062449636064510E-01  2.73654746992049310E+01  2.16328528647797920E+01
  6.18419083689772810E-01  2.37848059894695640E+01  2.68028775663772340E+01
  5.04213456464067280E-01  1.13573568186158980E+01  2.78822365837396650E+01
  3.48156346672602490E-01  1.18050537168201600E+01  1.05932748483459050E+01
  2.89042915761794110E-01  2.38036445560600710E+01  1.18569848941120050E+01
  3.05466220251299840E-01  1.88592763936900600E+01  2.69985711685101710E+01
  6.49919166153384610E-01  1.13659154489196210E+01  9.05307128177378400E+00
  6.14379095469630790E-01  2.44602997354288010E+01  7.95773584256942360E+00
  7.00411917450214720E-01  1.46174474221872080E+01  2.71955319501051700E+01
  5.69344335137112000E-01  9.47998213149323550E+00  2.15815224699517000E+01
  2.57564851167384970E-01  1.45796506099415540E+01  6.98753878639501380E+00
  4.13050329149462850E-01  1.73403402028923500E+00  1.80808759340893560E+01
  6.18419083689772810E-01  2.79461829569859610E+00  1.56543972253777110E+01
  4.26523982883737140E-01  2.48794611507138410E+01  1.59152563808465130E+01
  3.78209123272245940E-01  2.96268902727690030E+01  2.27342372823153530E+00
  2.63055759251188670E-01  2.58421936191968160E+01  1.38726473443228710E+01
  5.00274833943758600E-01  4.65618585358975420E+00  9.60735642318238450E+00
  6.01687927537542500E-01  1.52389209016987750E+01  2.86923270711774450E+00
  4.86073626967704090E-01  1.09311335014826450E+01  6.34613101078412530E+00
  7.62474117278193650E-01  3.05507023413980860E+00  3.12121011526289570E+00
  4.87886881528419990E-01  1.26426582596116270E+01  2.54403277371260190E+01
  2.99038091422116640E-01  2.93642291841909540E+01  1.17723850762091330E+01
  3.50974061745161330E-01  5.20336386090313500E+00  4.93791516465534210E+00
  6.10572080928614460E-01  1.58384317822755400E+01  1.22472974121036680E+01
  3.01731430220296380E-01  2.91205854957339130E+01  1.95681401434941900E+01
  2.59062449636064510E-01  2.16022163015112980E+01  1.82313593007684070E+01
  6.99477888048091770E-01  6.16238814931643300E+00  2.39918939160062760E+01
  4.41666133880560000E-01  7.25875992060243470E+00  4.93640020504531040E+00
  6.86210935380316480E-01  1.63456200572788330E+01  6.94987891275864470E+00
  5.27425300578987690E-01  8.38446175843609960E+00  4.55172468483357130E+00
  7.54505484792745040E-01  2.72416922836241860E+01  2.66678923825923560E+01
  4.11696508529454960E-01  1.74220144457225990E+01  1.73310234750055190E+01
  6.26517897412854200E-01  4.32468659544297650E+00  2.92003503945558020E+01
  5.72142532162989690E-01  3.93513189414646460E+00  1.59926447004341270E+01
  3.47451934045076260E-01  1.59429166037057260E-02  3.78354550260411320E-02
  2.57564851167384970E-01  1.08347120092608830E+01  9.78811887077392310E+00
  5.33859136323620030E-01  1.39389247460335070E+01  2.03185969870838190E+01
  2.69169509893181310E-01  4.31431206265298250E+00  2.53546220609418320E+01
  4.24351701398837560E-01  1.10983761851802600E+01  2.37420847128812510E+01
  3.11762329988951370E-01  2.47856655635769590E+01  1.29106361459082440E+01
  3.50974061745161330E-01  2.21655036821520000E+01  7.27372907826176100E+00
  2.66929568161810020E-01  2.46636644139874410E+01  2.58387919639508180E+01
  7.20816873845379820E-01  1.42423097050476000E+01  1.72905037556227010E+01
  4.22201084465533680E-01  2.59027558044171750E+00  1.66744832399798140E+01
  3.09209541844886400E-01  2.63476768885286280E+01  2.00556452577477450E+00
  2.62213147743524950E-01  8.78849617786630160E+00  2.02369760295371710E+01
  7.60411681679863700E-01  1.43031518274793450E+01  2.15585144460268050E+01
  6.67521681419926690E-01  7.49221834457440390E+00  1.48254411357290950E+01
  4.37954134865551840E-01  8.41832990972980260E+00  2.36832502218204010E+01
  7.16654247500547470E-01  7.69383716732983380E+00  9.59022681097735940E+00
  7.12424816007452400E-01  2.32841104579606860E+01  1.79838793292287460E+01
  3.61198882346046800E-01  7.70450394911685610E+00  1.71623302545540920E-01
  3.82245446386266610E-01  2.05568064408421700E+01  6.85711893526421080E+00
  3.58737518624021320E-01  2.25368513335626690E+01  6.66939973581905930E+00
  5.81547682683179710E-01  2.53937783280841920E+01  5.06847972835954330E+00
  4.21963532045373490E-01  9.86435039870669610E+00  1.57290871566970180E+01
  3.12648490279368120E-01  1.84409387261766150E+01  4.00180977130061160E+00
  3.25036994184950640E-01  2.28188158623478010E+01  4.61863127894342810E+00
  3.83290088603488770E-01  1.13416163832359050E+01  2.13473218896179980E+01
  2.93443024193560210E-01  2.32774796950994620E+01  2.60377484866264550E+01
  2.66929568161810020E-01  1.74876333441819650E+01  1.87669211136142020E+01
  2.99038091422116640E-01  2.92460672734460690E+01  2.41974017255727280E+01
  6.00040109246873770E-01  1.93997602862733880E+00  2.83455249319346190E+01
  7.14535578675763720E-01  1.07204257685442170E+01  1.08795722229281020E+01
  3.06898385793053400E-01  4.66821161847230570E+00  1.39271375751870320E+01
  3.45648959319623030E-01  1.13781575758411260E+01  1.00479429081474900E+01
  3.87046365911375680E-01  2.94194120040928840E+01  6.36738352757402030E+00
  6.56539952722306990E-01  1.61658524659971620E+01  1.47877327028667020E+01
  5.07436062422724900E-01  5.81793195585939140E+00  2.76250402012956120E+01
  7.39270392714900380E-01  2.91650914617801080E+01  1.25731281035672640E+00
  5.38024295323284910E-01  9.56239270670290860E+00  9.25198224521501980E-01
  7.33199636544987770E-01  1.36867478978911020E+01  2.33837079312514970E+01
  6.31923671661538840E-01  1.59611030249432010E+01  1.82968118574708820E+01
  5.72951670348821020E-01  8.91613938260537250E+00  6.89033797390827550E+00
  6.40456937776772590E-01  3.45404472485987930E-01  1.97821271126277760E+01
  4.77241894706072770E-01  1.48540185263233080E+01  1.83183606179843890E+01
  7.64764367446448820E-01  9.30975218751516740E+00  2.88144847878878000E+01
  7.16535845940979770E-01  2.19422331957378700E+01  1.38877219366183610E+01
  3.10705613459761840E-01  8.21339551183419660E+00  2.45895823077121630E+01
  3.89901968262705180E-01  2.08150918821078080E+01  2.06540498626877490E+01
  7.15011499502423580E-01  2.47062533669468250E+01  3.89783291260713490E+00
  7.60297905848187840E-01  1.37876151841449350E+01  2.59345295474989190E+01
  2.65726189967390210E-01  1.98913805679045340E+01  1.74722516204210430E+00
  4.53492046339069340E-01  1.29568870710753000E+01  1.40234861784212120E+01
  5.18725390566230620E-01  1.79673220141448230E+01  1.58954508837681970E+01
  4.24020504903543660E-01  1.49554896779834330E+01  2.61250476006105640E+01
  5.17634268500846420E-01  3.67663757965194020E+00  7.08994379290578540E+00
  4.54567147313974470E-01  2.40394126661918420E+00  1.75305592114912300E+01
  3.65965634987757580E-01  4.60925089640312270E+00  1.22502093258791910E+00
  2.96256570285591500E-01  9.17934071086086330E+00  2.34982621678517060E+01
  5.50543265074639000E-01  7.62909098990255960E+00  2.12367326716915270E+01
  4.46540105696671490E-01  2.55311231468598870E+01  1.53350682016667350E+01
  6.47236078597052340E-01  1.48963012800612620E+01  5.33014451828513100E+00
  4.82769235883485770E-01  7.42757016657965870E+00  1.25539741582683250E+01
  2.97529618718302210E-01  8.60336688421093320E+00  1.48442761183261320E+01
  4.13811620468168510E-01  2.55302574099373130E+01  1.44749053602015980E+01
  4.87785457169642190E-01  1.87019396185616670E+01  7.34840175749178390E-01
  3.41778742319800830E-01  6.55228109074124810E+00  7.37770285153611120E+00
  4.05793634226126800E-01  1.25366990238220560E+01  1.47560082028629030E+00
  7.14516279726398110E-01  2.41439757746056820E+01  9.24743271859105320E+00
  3.71799304162545760E-01  1.67544795965290020E+01  2.67342832871042160E+01
  5.77820253962530560E-01  1.82010866966621980E+01  2.07561441044185170E+01
  4.75626642073745920E-01  1.57392687913954280E+01  2.28384097832841950E+01
  5.46562010559427060E-01  1.52053962555372100E+01  6.48309808858036440E+00
  3.29506256422424390E-01  1.43529014379174140E+01  4.16016203638308470E+00
  2.62213147743524950E-01  1.10360026818244310E+01  2.19159847482356690E+01
  3.63105686475124490E-01  2.31793272030855460E+01  1.38847759942805770E+01
  7.08391389715138510E-01  2.50304896021462180E+01  2.17855163733052030E+01
  4.26578460793149810E-01  2.44163139120037660E+01  2.01910192548578350E+01
  6.08873319065221350E-01  2.09137320512351400E+01  1.49274524578819690E+01
  5.39466591144820300E-01  1.73629010541411870E+01  8.84427526106343540E+00
  4.66553963192992600E-01  1.68986849780938120E+01  2.44868032947564810E+01
  4.82771447840326400E-01  1.00987213015634260E+01  9.85710207550808090E+00
  5.13004586318856950E-01  2.08676935255967170E+01  1.60478777508604650E+01
  3.17084428049163950E-01  9.53889476693033340E+00  3.65351072484166430E+00
  3.50974061745161330E-01  2.38455700696500550E+01  2.08074179364540300E+01
  3.82382183723224410E-01  3.41960870555472950E+00  9.34922830731156650E-01
  3.77759649416993960E-01  2.61211131956795310E+01  2.72808176462280690E+01
  5.74203886104520670E-01  2.80961315374462440E+01  1.78632167939583440E+01
  4.11346310528290360E-01  8.60155800349089180E+00  5.95834356532368580E+00
  5.06367095649294540E-01  1.80438106303063460E+01  4.71669356956844330E+00
  6.01687927537542500E-01  2.10871999102565970E+01  6.44521994377254080E-01
  2.49794182180603610E-01  6.49791424002234570E+00  1.34872809316073510E+01
  6.11481049571092420E-01  1.00867054130495380E+01  2.35217073642173420E+01
  5.03927515451986880E-01  5.46029888256429260E+00  1.61135998735509920E+01
  6.35485889077753010E-01  5.38610910967630740E+00  2.18274595567803330E+01
  2.99038091422116640E-01  2.86990789300328050E+01  2.86190187620296260E+01
  4.22541054278063120E-01  4.67990159694005210E+00  8.68705105689553040E+00
  3.05466220251299840E-01  9.89370002819549300E+00  1.65945805080351610E+01
  2.62213147743524950E-01  3.24859090624040640E+00  5.85236547662867150E+00
  3.61769499680632390E-01  1.68952112225089510E+01  1.89764989399691050E+01
  2.47647088603063280E-01  4.77020247412981920E+00  2.59847701431308310E-01
  3.11155895623034430E-01  2.25568037916106410E+01  1.87175329517093940E+01
  2.66929568161810020E-01  1.30027415792641890E+01  1.24213251907723240E+01
  6.90395435464654740E-01  2.11221527140450080E+01  5.14092896177834110E+00
  2.96503602823160150E-01  2.35388538718197860E+01  1.00575035322974800E+01
  6.57722721512726150E-01  1.72278382942739010E+01  1.40169132105392760E+01
  7.24777883420223110E-01  1.05753880769618930E+01  3.75218108846399060E+00
  5.48279863025970290E-01  2.58428623560285760E+01  1.30465805439570170E+01
  6.40748513009616880E-01  1.27927161379326450E+01  1.06266895848055400E+01
  2.56092450391898300E-01  8.91463903239281310E+00  1.27153337244342100E+01
  7.17499092254363010E-01  1.28905337740791520E+01  1.68019560356075810E+01
  4.66141488621800890E-01  7.92938490086554550E+00  1.63180476666649350E+01
  6.33759023001558490E-01  1.70572534601052690E+01  9.97475296010101430E+00
  5.48279863025970290E-01  1.98346559003984100E+01  1.05214559734235010E+01
  4.19081387041561550E-01  9.44805394258297680E+00  2.05939360825065770E+01
  5.70902198024309190E-01  7.31059352387610150E+00  1.36007908949015930E+01
  3.17950877609215300E-01  3.62876045549463290E+00  1.93443388136061150E+01
  5.96963967672292380E-01  3.14337532259738510E+00  2.40646806579026350E+01
  6.18832453479690690E-01  1.07830426175077890E+01  2.42593892990248430E+00
  2.63339374245984010E-01  2.00285988227718160E+01  2.75099690906109660E+01
  3.55036581058269410E-01  1.50652401706948110E+00  7.54066896074577820E+00
  5.84913004272127690E-01  2.83666604850904140E+01  1.60551061156847580E+01
  5.77235448209733180E-01  1.17336951516449270E+01  3.15897388726047620E+00
  5.01105313190319460E-01  2.43128401184318680E+01  5.04778111407332730E+00
  3.83598938984435380E-01  2.00919212563887800E+01  5.44068993741973990E+00
  5.98360795606824340E-01  2.31058741397699770E+01  2.14316891495669640E+01
  3.41778742319800830E-01  1.57521054408427390E+01  2.89771264587211870E+01
  3.29796701345061780E-01  2.50384499302002260E+01  2.77951836408791840E+01
  3.84420431658369740E-01  4.55644402410638970E+00  1.46702482236876910E+01
  4.91872428060923640E-01  2.86771684815472340E+00  1.00286469934338970E+01
  2.93443024193560210E-01  6.65297759161862160E-01  4.02451111824423170E+00
  5.81299825206354370E-01  1.33817478550670860E+01  1.98483300438617060E+00
  5.68243553274813350E-01  7.27768818952332100E+00  1.23075321606623840E+00
  5.39001667068871980E-01  5.48360938943634050E+00  3.90420547306143730E+00
  7.01587183784351610E-01  2.11865074596889680E+01  1.26897984266080590E+01
  4.45239477383046460E-01  7.74268239453007200E+00  2.51807781484638830E+01
  5.39001667068871980E-01  5.92764187946840250E+00  1.16643088183838430E+01
  2.86134314477376340E-01  1.04639886667726160E+01  4.97420685370684620E-01
  7.70254277643880240E-01  7.96192380580463950E+00  1.87739173850129750E+01
  3.45648959319623030E-01  9.06375015837819480E+00  1.86108016105736380E+01
  3.39481361119070080E-01  6.86200049139190150E+00  1.89143883643654930E+01
  3.04461637453634990E-01  2.45671258783978320E+01  2.52760032788962050E+01
  5.20369884994360540E-01  5.57732984785053090E-01  1.57185458703997620E+01
  2.65726189967390210E-01  1.64352701976762070E+01  5.12210479050583340E+00
  6.26908127420837150E-01  2.82682745003801090E+01  8.75795312618667410E+00
  3.48480710258510130E-01  1.83398761028351630E+01  3.34921628176628430E+00
  2.96653470797716330E-01  2.55157980696275000E+01  1.62569126788415300E+01
  6.31923671661538840E-01  2.76727056967254620E+01  1.89922181740523190E+01
  4.09705559579089850E-01  1.09592813665290170E+00  3.46864497978396140E+00
  6.72499163702481620E-01  5.08306683623561020E-01  7.08074890539508580E+00
  2.84029264846615530E-01  1.54287062457857530E+01  1.11652224623637930E+01
  5.34631033075580400E-01  1.51309494002208340E+01  7.30919054431140580E-01
  6.17076625982510940E-01  7.51184955009300470E-01  2.64640494165916350E+01
  6.55074006360275090E-01  1.63583936079613950E+00  1.61799251078538830E+01
  5.46562010559427060E-01  2.46553290609158720E+01  1.48699040024203090E+01
  5.17626013175185660E-01  1.86895130585810080E-01  5.59025697591341860E+00
  5.82207618145930890E-01  7.01708364717725000E+00  8.48384222864493690E+00
  5.98268629341587580E-01  2.61822775409970060E+01  1.69418916464756430E+01
  5.34553382826858140E-01  7.18991696743058920E+00  3.12265784100849110E+00
  3.76753951196820710E-01  6.92509065886500250E+00  5.74587815595499670E+00
  7.52518120402026810E-01  1.77396520481144440E+01  2.89100139993753120E+01
  4.81368497469048420E-01  2.53751482959176800E+00  2.74448891262849240E+01
  6.47413426355271770E-01  1.99738683553783950E+00  2.33911331222544870E+01
  3.05466220251299840E-01  2.89724967940186000E+01  1.05974557280112340E+01
  4.46689977500956030E-01  1.55861355073677890E+01  1.38496480094603970E+01
  6.18566685513849460E-01  2.71061621472938730E+01  1.10107692719164700E+01
  5.36592099856838090E-01  1.04026903723780110E+01  2.57955928860633180E+01
  5.09574347305064630E-01  2.83422135214217550E+01  7.62533883373190410E+00
  4.92328788949218680E-01  1.02356192064896040E+01  8.89372652560361490E+00
  4.83351594707823830E-01  1.86824990636077540E+01  2.39532487891074840E+01
  4.40650972415989980E-01  4.15186090489038580E+00  5.60797052594214480E-01
  6.10911033360540580E-01  2.35795682208082480E+01  2.80142121005996470E+01
  4.34172467284937990E-01  1.38155766805528340E+01  5.31781655066543020E+00
  7.03188417218805210E-01  1.08873274303874740E+01  5.15779163482129910E+00
  2.92799561075502800E-01  2.12114999625140930E+01  8.45342456886630170E+00
  5.68243553274813350E-01  2.64853127991571920E+01  1.88318899578945820E+01
  4.60682082706054620E-01  1.77253573657164940E+01  2.63369830369960060E+01
  6.41715074739605920E-01  2.82414277519953600E+01  2.30155379931995570E+00
  4.55206736325743130E-01  4.59747288314004090E+00  3.38632653897930870E+00
  4.22201084465533680E-01  2.63751753344439520E+01  1.51335559612698030E+01
  3.63079661055833470E-01  4.25522868634109490E+00  2.67901729162759070E+01
  2.63055759251188670E-01  3.93123775343174750E+00  3.65380589634977240E+00
  5.32877675645020420E-01  2.85283744276049090E+01  2.66813853226069780E+01
  5.77235448209733180E-01  9.65381275340534730E+00  2.03595042620325460E+00
  4.09775903561979240E-01  1.69001039405801950E+01  1.10040621397690530E+01
  6.93187364831086050E-01  2.93625456654666300E+01  1.78249643480480490E+01
  4.30054269381220950E-01  8.33938719299280070E+00  1.55216598814851350E+01
  5.07436062422724900E-01  3.49825927350775780E+00  2.72168671288818980E+01
  2.49948351789403130E-01  2.58015953600742630E+01  8.53996059659959710E-01
  3.16022212934137680E-01  1.58890440750973780E+00  1.35062591947314140E+00
  4.72818350263822220E-01  2.01301773949786880E+01  1.67014651136932390E+01
  4.46689977500956030E-01  9.58407854207966460E+00  2.25915872442340910E+01
  4.74581552528920360E-01  1.29455650244108930E+01  2.43369851149703680E+01
  4.86590143357422540E-01  3.01683299049487670E+00  1.09953058259594860E+01
  2.73281005279713530E-01  2.51312031748436160E+01  9.29389393385986300E+00
  5.20515140446715560E-01  1.65236394382582930E+01  2.34521036856823280E+01
  4.13811620468168510E-01  1.61190846986926140E+01  1.12627172839192210E+01
  3.81419328643079860E-01  7.05935109736309660E-01  1.75402166190103440E+01
  4.05593309893122810E-01  9.21158147930918330E+00  2.76492039408469450E+01
  5.85380732291966590E-01  1.05297567578219640E+01  2.46332504192679840E+01
  4.06599624824484800E-01  2.86227228337076300E+01  1.70123668253951120E+01
  6.40456937776772590E-01  2.87247023826399190E+01  2.96433874189539740E+01
  4.75626642073745920E-01  4.16997146963107830E+00  7.94973004504737000E+00
  5.09222041678605210E-01  2.78989900870618010E+01  2.88440705826330980E+01
  5.77820253962530560E-01  2.47359724119165760E+00  7.50913095827876380E+00
  3.80273533482480450E-01  5.31389594339844430E+00  2.08144265708169130E+01
  5.01406606281285510E-01  1.40731810466088020E+01  2.81780232053017910E+00
  3.59079136884617700E-01  2.02006522233949180E+01  1.77469933597811010E+01
  5.94092381958372510E-01  9.26761390722441900E+00  1.95276718586984580E+01
  2.54611020839302520E-01  2.78648086280989950E+01  6.88319487614518090E+00
  4.99223721401470310E-01  2.85802232997631410E+01  6.64647024923775920E+00
  2.54611020839302520E-01  1.99831346611453710E+01  2.87542321024654050E+01
  3.20574425314766210E-01  1.38038473216959760E+01  1.14295678503481210E+01
  2.85767805251094040E-01  8.72945877898332690E+00  1.11577395925680950E+01
  2.54611020839302520E-01  4.33854200558641170E+00  1.52709544553269790E+01
  4.12246671516209600E-01  2.49279553792293170E+01  1.00560308051503460E+01
  4.41298336829792340E-01  1.54599635072301900E+01  2.12402905781828080E+01
  7.09985914168247060E-01  1.30757105035523720E+01  2.95329318067746560E+01
  6.80956647410425740E-01  1.25097856385948010E+01  2.66009465517139740E+01
  4.75338540515479570E-01  1.81186541367913990E+01  9.51945320858546400E+00
  7.49588614928249000E-01  2.22035165147675930E+01  2.95776821456172310E+01
  4.74033319401206570E-01  1.88917667027497020E+01  1.00695400005254680E+01
  5.20515140446715560E-01  2.77845747433576130E+01  2.78211355081067920E+01
  5.48131117613959250E-01  2.18990904495328850E+01  2.35066808316010170E+00
  3.46733456860136300E-01  2.42082944292934640E+00  1.84036123225028020E+01
  6.97384645011991290E-01  6.20164595470843060E+00  1.43866383042990250E+01
  3.78209123272245940E-01  1.20465714905167540E+01  2.86898991455098480E+01
  3.82382183723224410E-01  7.13955967261434750E+00  1.95787291936478740E+01
  4.46537248270915300E-01  2.15427578547612130E+01  2.42654330348500120E+01
  6.08690451339190200E-01  5.26519517685473030E+00  5.89493927639912570E+00
  2.59062449636064510E-01  1.04233411203360580E+00  2.81089136896474510E+01
  4.43756654693070110E-01  1.98609736040719440E+01  1.92686180894592600E+01
  3.18942867500738640E-01  2.56341578477789480E+01  2.36329230974145940E+01
  7.16535845940979770E-01  1.51910168396331940E+01  7.74576857472036460E+00
  4.62836237406567810E-01  1.30669024769886080E+01  1.16949076616520460E+01
  6.97384645011991290E-01  2.94896543532725100E+01  8.24997156720243120E+00
  2.47647088603063280E-01  2.22147437012979020E+01  2.44386790970416290E+01
  4.05793634226126800E-01  2.79460071799548080E+01  4.19267837215407550E+00
  5.37364664263313330E-01  2.04312160011036990E+01  2.94065201339539470E+01
  5.72881440675418570E-01  1.98279819176405280E+01  2.73099769572403160E+00
  5.04213456464067280E-01  1.12528281091707680E+01  5.46351236800045830E-01
  3.86557871019070410E-01  1.29934257603849020E+01  7.05588805543882100E+00
  5.62178328188990490E-01  1.52081679469226930E+01  1.64464391556395600E+01
  6.41715074739605920E-01  1.71190237028873220E+00  6.55679332971429750E+00
  4.54567147313974470E-01  2.55914749841574220E+01  2.83505573785516280E+01
  3.97011970696729720E-01  1.05009407331020270E+01  1.62427211139659420E+01
  3.99477862283745790E-01  1.50624469045142990E+01  1.05885025027547230E+01
  5.15931587153482510E-01  2.75210295758114150E+01  3.20764484245726230E+00
  5.98026541173087530E-01  2.21328365355080690E+01  1.23008298633654660E+00
  5.94917806945655060E-01  2.30370327770908290E+01  7.64037342919025250E+00
  3.86557871019070410E-01  1.35851162866911430E+01  1.45797666634918030E+01
  5.52347772924787250E-01  3.87214729047286140E+00  1.03060206023507740E+01
  4.05793634226126800E-01  8.77978258780128760E+00  2.29211686555404200E+01
  4.66753989857397040E-01  1.01704681221849370E+01  2.00840102383970420E+01
  6.77666041374141330E-01  1.20839296970849490E+01  6.50458269681623860E+00
  3.23306573977224420E-01  4.46225326256730610E-01  1.68066628877834480E+00
  6.88340418185590860E-01  9.69809529199276450E+00  5.87979122675649180E+00
  4.11696508529454960E-01  2.00848620044900880E+01  2.46403056825127540E+01
  4.03052389307286420E-01  1.95656031500218680E+01  2.40152974807959860E+01
  2.97529618718302210E-01  2.45455739210728650E+01  2.25980333516852470E-01
  3.13090147150790890E-01  1.88313732391941250E+01  4.49077575395029620E+00
  5.01435669612667030E-01  2.14240666582114480E+01  1.15121511647519040E+01
  5.26482748420329030E-01  2.27172812264504710E+01  1.00088411051556550E+01
  6.75156127532392600E-01  1.47942896238846370E+01  1.94678123345930560E+01
  7.20816873845379820E-01  1.36290015155440120E+01  2.82150141538797930E+01
  5.30006102735105960E-01  1.09662696282173060E+01  2.27974433349407200E+01
  3.43353541919950760E-01  7.06087222524720120E-01  2.75342462939982650E+01
  5.32877675645020420E-01  7.47117800345684650E+00  2.90013691607233350E+01
  6.44956217916396120E-01  1.53260451034046130E+01  4.11223386565974640E+00
  3.55036581058269410E-01  8.75916649210349090E+00  1.79804909698572080E+01
  4.30054269381220950E-01  1.72265134676562890E+01  1.29311449349314560E+01
  4.93734512940847830E-01  1.87842564400905270E+01  8.81658755011900300E+00
  3.42409596243210680E-01  2.27013523666055260E+01  2.57581036236013790E+01
  5.58952633370732950E-01  9.31007706357203980E+00  2.57343031541255910E+01
  4.49954956992444630E-01  2.88646117644218410E+01  5.74104019509281830E+00
  4.11346310528290360E-01  7.34326997737572820E-01  1.67483762421875080E+01
  4.72818350263822220E-01  6.87877968720354090E+00  6.63177662357105730E+00
  5.00672486592370710E-01  7.13898435108064610E-01  1.04417942882630560E+01
  4.15334611176110170E-01  1.91564208068116320E+01  2.47383931647933900E+01
  7.70254277643880240E-01  1.08254801766758670E+01  2.90395337966300500E+01
  5.32262962461145860E-01  2.17128933798444730E+01  2.08639471678332700E+01
  4.01880163826280960E-01  2.05563637052921950E+01  6.07371121716309760E+00
  7.41720708060832300E-01  2.58997868263470730E+00  1.69177379873436800E+00
  3.01674668393272730E-01  1.60341400367512530E+01  2.83993156918824570E+01
  2.66929568161810020E-01  2.37631861829307710E+00  1.98069226327545810E+01
  4.15334611176110170E-01  6.86160466372636970E+00  1.18573285187382210E+01
  5.20369884994360540E-01  1.17129380642326840E+01  4.25524114367757810E+00
  2.84672167568555990E-01  2.69060770779843070E+01  8.34390612009298490E+00
  5.18912146576496980E-01  6.54028473728309300E+00  3.95074992489680010E+00
  3.90540239164096370E-01  1.73378459941053220E+01  2.03192801242233470E+01
  3.63079661055833470E-01  1.89309696871964660E+01  7.36849643959160880E+00
  4.73113776075054650E-01  1.23900352897240890E+01  2.34027176157121100E+00
  5.55687039951364880E-01  1.89482186864058950E+01  1.31138682161554850E+01
  6.97384645011991290E-01  1.75234623298972600E+01  2.74767518854006280E+01
  3.54092873053847420E-01  1.71912384468512480E+01  4.61501129243326690E+00
  7.37991961479508610E-01  1.27466971477510360E+01  1.98798689583915690E+01
  5.10790949981952740E-01  2.82325012748563400E+01  1.09411378596938110E+01
  7.03918080384424090E-01  2.44148611053193600E+01  2.50948894291709830E+00
  2.69326463995374250E-01  1.70473131096276590E+01  4.15252199370108600E-02
  5.39922025342825940E-01  1.58477878857512740E+01  2.64871332826961070E+01
  5.39922025342825940E-01  1.18094629431971860E+01  2.21427127818948860E+01
  3.52682444144397330E-01  2.79449974423569070E+01  1.51952756671218370E+01
  3.17084428049163950E-01  3.94348448362303970E+00  1.87938132891821330E+01
  3.92511582998476170E-01  2.47501394607365230E+01  5.82598659772755490E+00
  2.92799561075502800E-01  1.23650056757770130E+01  3.76922243679410410E+00
  3.63105686475124490E-01  9.41314715008509490E+00  9.12510778434276480E+00
  3.25036994184950640E-01  2.86110924124848510E-01  1.15121133876362830E+01
  5.70902198024309190E-01  9.43779273871924040E+00  8.19175557017731390E+00
  6.18138908065390960E-01  3.26182820931392610E+00  2.02045401098969610E+01
  3.10705613459761840E-01  1.55478283666507040E+01  2.56920561523574950E+01
  6.99092076263204730E-01  2.81295158861433770E+01  2.55173874502538210E+01
  4.40295189098215370E-01  2.84422445452148680E+00  1.19056967343572300E+01
  6.52034765531911640E-01  1.45986902244450740E+01  1.79192993328323510E+00
  5.12628979659419230E-01  2.81809428524700890E+00  1.91648859605208590E+01
  2.68569610726517900E-01  2.55024985572950840E+01  1.04274257892867390E+01
  4.41473589537221400E-01  4.52036650068856270E+00  2.60335097286979400E+01
  7.41623060643924430E-01  1.51218360843272790E+01  2.39429442142433970E+01
  2.49794182180603610E-01  2.85960669946128760E+01  4.27065068106667670E+00
  3.44856808658559500E-01  1.54460076696807390E+01  2.95909610293689450E+01
  6.83701617051292750E-01  2.65928270142208090E+01  2.32047022768872820E+01
  7.19599311285852310E-01  1.80239128452865140E+01  2.49596680883695010E+01
  6.67521681419926690E-01  6.66392308318121080E+00  1.62395603774304650E+01
  5.40946473112310590E-01  2.90897124920544460E+01  2.04845156481141190E+01
  3.83579206291793930E-01  9.93744768006287770E+00  8.35571384743474250E-02
  5.04339573614743570E-01  1.40941843586307400E+01  8.27993240217878500E+00
  6.35523375007872900E-01  2.23933046695491530E+01  5.51383858555664920E+00
  3.44905765886116280E-01  1.47845600356786630E+01  2.05630805110590810E+01
  2.65726189967390210E-01  2.34875482624453900E+01  1.61838833900904820E+01
  4.87785457169642190E-01  2.70866624931179660E+01  2.30326456164746720E+00
  3.71299762957800540E-01  2.65573415544488790E+01  1.35842065765591390E+00
  4.13811620468168510E-01  2.28887805136698750E+01  2.45168681517372810E+01
  5.69423614487483490E-01  2.34487401381317970E+01  3.33761853052807740E+00
  5.83429036676414100E-01  2.48779682716255090E+01  2.30671262398327850E+01
  5.30006102735105960E-01  1.48339001858521370E+01  2.51801913367891070E+01
  5.16710955738981780E-01  2.14999778305619960E+01  1.04983849814099490E+01
  2.65726189967390210E-01  1.88713745307210060E+00  1.87507970339881960E+01
  3.18942867500738640E-01  2.90023646199431510E+01  1.12483899295805190E+01
  3.23881608201221470E-01  8.73290304133867320E+00  9.64068349902420250E+00
  3.54092873053847420E-01  8.82466192995677190E+00  1.72753381914579690E+01
  5.12509616084684260E-01  3.84369872518670020E+00  1.72193919376146210E+00
  4.99223721401470310E-01  1.75294039425469240E+01  2.25953091562349930E+01
  2.56092450391898300E-01  2.68672322496897210E-01  2.57364360627524250E+01
  5.45765227979075810E-01  1.72722757328688910E-01  2.12442941482288530E+01
  6.94010183176834960E-01  1.18084038892361410E+01  2.46051182076479370E+01
  3.57201130995523370E-01  4.52345424275689290E-01  4.75746741551650490E+00
  5.25895496843049500E-01  2.75896936005438320E+01  2.12770510094249140E-01
  5.10790949981952740E-01  2.59134036542279450E+01  6.55310308135890020E+00
  4.89717368181109780E-01  1.97066096658776820E+01  2.54575132139117490E+01
  4.82769235883485770E-01  1.70647235203969350E+01  1.81493746053182430E+01
  6.93278360304079300E-01  6.44483661134184430E+00  2.26289004563008230E+01
  3.35017483125717060E-01  2.91484509271029530E+01  4.08144220489321000E+00
  3.26514001167033020E-01  6.04393475175231030E+00  9.33615246264299790E+00
  4.75880684447443510E-01  8.54866826937717580E+00  1.04188701160810560E+01
  4.22354771203238230E-01  1.67479716939926320E+01  2.82824683183033830E+01
  4.11966131227655820E-01  2.26042801638546070E+01  2.05549376905733250E+01
  7.30946391186454210E-01  1.91677909219849450E+01  2.93040555497369970E+01
  4.22201084465533680E-01  2.30939118475887570E+01  1.67469622644017090E+01
  5.15931587153482510E-01  1.59526527737553520E+01  1.03482037768049440E+01
  5.52347772924787250E-01  1.41320155988407840E+01  6.25213023341994930E+00
  2.49794182180603610E-01  2.85496154696295510E+01  1.02383467240532920E+01
  4.50103975287380020E-01  1.60618998643570950E+01  1.58889317109987400E+01
  3.61769499680632390E-01  1.88740132510765730E+01  2.14658271231846240E+01
  2.77147605524350650E-01  2.13936051198064130E+01  1.69845733787401960E+00
  7.64764367446448820E-01  2.61969006389072230E+01  2.45972382348512150E+01
  5.71326189973923350E-01  1.79121393685769020E+01  2.21000601320776720E+00
  4.07877171249442140E-01  2.51106673251862030E+01  1.97288398815927410E+01
  4.46540105696671490E-01  1.59993211720357960E+01  2.19450401536843460E+01
  5.07606992315717240E-01  7.39635340510050020E+00  7.46353535658643530E+00
  3.01731430220296380E-01  8.14404545109687560E+00  1.30019984804762930E+00
  4.32382463464541460E-01  1.54298055867944690E+01  2.79836618362915530E+01
  3.25762576013666160E-01  6.43851992532771340E+00  1.72066630563313010E+01
  6.24920360555607160E-01  3.33498452317103710E+00  1.80760223090683070E+01
  7.38532964590205680E-01  1.94529887695666660E+00  3.59805667650455470E-01
  3.92511582998476170E-01  5.47510291292769670E+00  1.24772640277859890E+01
  2.97561439636419770E-01  4.85252368812809380E+00  2.67933349518824440E+00
  3.46434506905438330E-01  6.59453682499358250E+00  2.90645868221605890E+01
  5.89502618647478990E-01  1.63518029117782860E+01  8.34311894082538070E+00
  3.32399546609116130E-01  1.74316954363223750E+01  6.81805633926767560E+00
  5.77649046292645880E-01  7.79718554540102820E+00  2.28813686003553230E+01
  4.31729360191427780E-01  4.45028317017238710E+00  6.54104690251639200E+00
  3.17950877609215300E-01  2.75567620985072000E+01  7.36565391357596330E+00
  4.75880684447443510E-01  1.03365408669604690E+01  1.49664987888665500E+01
  3.91816801400439550E-01  1.18285878809567850E+01  2.57729722234568580E+01
  2.50163292655703180E-01  2.30362121750502560E+01  2.86820434281957230E+01
  3.42074681651230290E-01  6.11208525253136690E+00  2.85735880855668150E+01
  3.50974061745161330E-01  1.30259591658404230E+01  8.99580993934742960E-01
  6.18566685513849460E-01  1.40467291586801700E+01  1.05227392555863200E+01
  3.24719866931951940E-01  4.76708352337857290E+00  1.56606774067385610E+01
  3.57201130995523370E-01  2.86875207530778910E+01  9.64738523189939910E+00
  3.13090147150790890E-01  1.70179252288871900E+01  2.18272843458045610E+00
  2.58355477869490890E-01  3.71530817515314690E+00  2.64828669624033280E+01
  4.83351594707823830E-01  6.49436792777996800E-01  5.74933084444582930E-01
  5.48463672908306780E-01  9.01753580918280310E+00  2.96349710606957300E+00
  4.24351701398837560E-01  2.24159004908021200E+01  1.72512364139688690E+01
  6.80557430527969220E-01  5.49217569120797580E+00  1.97687238789512490E+01
  3.73125396709624990E-01  1.65407260297911660E+01  2.25599241078026260E+01
  6.77808113742920780E-01  2.02566519202399570E+01  1.16712160515423410E+01
  7.67512613708393760E-01  2.12259676620970980E+01  1.72768485404834140E+01
  4.76544583128828500E-01  1.50480967874217840E+01  1.45987251257176300E+01
  6.97738347479756800E-01  2.12003381423449650E+01  2.71526924198534870E+01
  4.49545157175862540E-01  2.78734986099704330E+00  2.12570587750211820E+01
  6.25336422111717830E-01  1.02339321960890310E+01  2.77771026811442710E+01
  4.99487474973056500E-01  2.06789341306903900E+01  9.90220073705456550E+00
  6.67521681419926690E-01  8.02577203706767510E+00  2.26105845005416750E+00
  3.44170209092795430E-01  1.92891704779301600E+00  4.44093766108448130E+00
  4.01880163826280960E-01  2.96200544448822000E+01  1.08804455861523850E+01
  5.95035019805102560E-01  2.95099842581961590E+01  2.72347723466632740E+01
  5.20348764567513020E-01  5.46791826191588550E+00  2.58932500509370340E+01
  7.44845164893703690E-01  5.96582005961865840E+00  1.24571667383665790E+00
  6.94010688862415210E-01  9.21237072478772310E+00  2.44878717940580160E+01
  4.00156705760987560E-01  8.81248609134966540E+00  1.54019867911512060E+00
  6.57722721512726150E-01  1.98425380021650040E+01  8.25186112865315200E-01
  3.61198882346046800E-01  1.38684396598713560E+01  3.66807036089951750E+00
  6.07167866036927160E-01  1.76238522227297030E+01  2.36959095041764270E+01
  5.81677556670477180E-01  1.73461619800833620E+01  7.72604238400336740E+00
  3.17579752081870750E-01  2.76134946825263050E+01  2.46419816979379290E+01
  2.69169509893181310E-01  7.96067572011904460E+00  7.47147066506573680E-01
  5.36592099856838090E-01  1.15959856586412170E+01  1.52803860686302380E+00
  3.01799748246536660E-01  2.06665208407707510E+01  1.07695543069472050E+01
  4.05794678723965420E-01  1.95572102849135840E+01  2.82371974608773750E+01
  3.65995101567518470E-01  9.01125402205364880E+00  2.09833872010175780E-01
  3.39481361119070080E-01  1.32475764064793150E+01  9.75878158436884920E+00
  6.97384645011991290E-01  2.17159977719521820E+01  9.30508860542907710E+00
  6.82253548551889110E-01  7.54961609547083510E+00  1.10030024177295210E+01
  5.67035311113654220E-01  6.21557263114326460E-01  1.35001933454951660E+01
  6.47236078597052340E-01  4.22046584598270960E+00  1.30854143573535990E+01
  5.92513140571182980E-01  1.55627175056458400E+00  1.95499666321301010E+01
  4.71553509741754610E-01  1.39731459418515560E+01  1.86685618098595580E+01
  6.55885333720611730E-01  2.74892419326805000E+01  5.15051123429331530E+00
  2.83840017940612550E-01  1.98726630982559270E+01  6.07061430786170320E+00
  5.65219172841477580E-01  1.61875181100983880E+01  4.22846330566745370E-01
  3.48480710258510130E-01  5.38783873335939670E+00  9.17758218433069220E+00
  6.26908127420837150E-01  8.39157198837945020E+00  1.20046717580758190E+01
  2.62213147743524950E-01  6.33701433080528890E+00  2.49371784947567330E+01
  5.08737612195334600E-01  1.50554310881034180E+01  1.30560500056191950E+01
  4.59281804788439010E-01  1.94820151373197860E+00  3.63829635910764890E+00
  2.86550378078914000E-01  2.71784328889102580E+01  2.42235981988732690E+01
  2.99038091422116640E-01  9.39231418676534520E+00  1.78077731249932400E+01
  3.62493203924014780E-01  2.71492923224434220E+01  2.10503735220438060E+01
  5.64616421781660800E-01  5.38223074598064420E+00  1.34285965123870060E+01
  3.87533216804236250E-01  2.63170740161219960E+01  1.43270574587919570E+01
  3.90540239164096370E-01  8.30835091214506070E+00  2.93910343101146410E+01
  5.44640939783434240E-01  8.41348328723195140E-01  2.31055238305970400E+01
  3.84420431658369740E-01  2.25507671793555420E+01  3.01770311641917920E+00
  4.53492046339069340E-01  4.39663059226724150E+00  1.94165011972872180E+01
  6.38023782753992030E-01  1.98741494974292610E+00  1.34795048949870150E+01
  5.00672486592370710E-01  1.83846383745077660E+01  1.40051665127766330E+01
  6.08873319065221350E-01  1.77405877835507480E+00  1.01233476947308270E+01
  3.18942867500738640E-01  2.79904363806799700E+01  1.44100207066781460E+01
  2.65726189967390210E-01  7.46151217106768530E+00  1.57567940928201620E+01
  7.10410487391814980E-01  1.63470592389890040E+01  1.70127878096499180E+01
  4.66797018098134940E-01  2.67115090482807820E+01  1.35708622190561010E+01
  3.89889811574280460E-01  4.82152868238404150E+00  7.38095978530559900E+00
  2.92456502136063850E-01  1.82825153313596050E+01  2.68433657527490150E+01
  3.63079661055833470E-01  9.53023779421005560E+00  1.71553235890974780E+01
  4.13811620468168510E-01  1.32321216571989950E+01  7.96766761708594020E+00
  2.60417758313763680E-01  2.06779657978429480E+01  8.30772507335699830E+00
  4.41940562555082740E-01  1.90140376544985020E+01  1.90127733962830980E+01
  3.08418768867630710E-01  8.74112318052456770E-02  4.20292090991636340E+00
  3.04461637453634990E-01  9.58471106112150300E+00  1.47235855392888840E+01
  4.75626642073745920E-01  2.09309705092657550E+01  2.74696245199356430E+00
  4.19693779402500590E-01  2.23004597056709950E+01  1.28097482742127260E+01
  3.26514001167033020E-01  1.61548020539653480E+01  2.42130502071034210E+01
  3.55388479881239270E-01  1.94994259482816690E+01  4.50986484369256320E+00
  5.33859136323620030E-01  2.75491193519447110E+01  2.02483841971833880E+01
  3.39481361119070080E-01  2.33228341788566110E+00  1.43936989072818480E+01
  2.51153087880769550E-01  9.87882703792696580E+00  2.51580073999853160E+01
  4.21603844523193420E-01  2.34122109304515970E+01  5.24051306856752050E+00
  5.20348764567513020E-01  1.04668475075339950E+01  2.11216161731122330E+01
  6.86210935380316480E-01  1.28927879507824490E+01  1.53987949248641450E+01
  4.41140732643827070E-01  8.12693514453022560E+00  3.39405009407368800E+00
  6.26908127420837150E-01  2.37480539094755090E+01  2.34962472095225290E+01
  5.11871480770454750E-01  3.62350815072710650E+00  2.57185871652019530E+01
  4.70990686464341570E-01  8.21749296371075390E+00  1.30879602928760600E+01
  5.20369884994360540E-01  2.95041249491332850E+01  9.96565811827355400E+00
  3.04306421741581800E-01  2.67378469867606730E+01  2.05258616050206800E+01
  5.88333222664750720E-01  1.22691586855039990E+01  1.28590838080463840E+01
  6.64541222436485860E-01  1.30128721198190100E+01  2.21595672745895630E+01
  4.24351701398837560E-01  2.94107448623671140E+01  1.39073040950283390E+01
  5.55920758830291820E-01  1.82999123403237900E+01  1.69282195589776800E+01
  2.89042915761794110E-01  1.17540605539540270E+01  8.19951142226640780E+00
  2.47647088603063280E-01  2.12103213922368140E+01  2.94966186413504160E+01
  5.88686278844574580E-01  1.23006568389880930E+01  2.11288543624861770E+01
  3.53063097104977870E-01  1.87905441423472900E+01  6.66700064513330840E+00
  4.50600139601478670E-01  1.35976745285047310E+01  4.43294672151024470E+00
  6.65634982039605120E-01  1.88342171119339310E+01  1.12070756587752630E+01
  4.69750256464274060E-01  1.61293223391722020E+01  9.37864219998165890E+00
  6.13801455222646290E-01  7.86571915543241840E+00  1.73947928416442000E+01
  5.14582826754803690E-01  1.63392094032514090E+01  1.32536714021423540E+01
  3.81419328643079860E-01  2.50545837369336470E+01  1.75284113576335230E+01
  7.28196096543639280E-01  2.40207621414514350E+01  1.13336112064377190E+00
  7.33199636544987770E-01  2.04739861665445130E+01  3.86605053951209360E+00
  2.86550378078914000E-01  2.90747884097069300E+01  2.15050917800829350E+01
  2.52169786807371790E-01  2.82485821983284180E+01  2.21380331687657450E+01
  5.01406606281285510E-01  3.46690419241172560E+00  1.69580650852830640E+01
  4.18948713530687210E-01  3.97005663264756410E+00  1.41212678164844940E+01
  3.62620749938717070E-01  2.50672002018932010E+01  1.35225432011912050E+01
  3.15231116497538320E-01  1.74905130452463700E+01  1.66077120126995690E+01
  2.83840017940612550E-01  9.32739891704647660E+00  9.76541513854370890E+00
  4.72199721516180480E-01  2.92959374034912590E+01  2.60327246174227720E+01
  4.41666133880560000E-01  1.48133091210177480E+00  1.72650186209261490E+01
  3.39073066583844400E-01  2.31150342473248860E+01  1.90573764575585080E+01
  2.54831192030272870E-01  8.13112588372695020E-01  2.22929540513805760E+01
  6.65634982039605120E-01  1.99616921516145780E+01  2.65840448259924570E+01
  2.69326463995374250E-01  2.14089976850255720E+01  4.22696575407401380E+00
  3.08418768867630710E-01  2.44948698584315030E+01  2.09215705295632440E+01
  5.63324676144028570E-01  1.69778316528953540E+01  1.19721465912381820E+01
  2.49794182180603610E-01  1.42330466772594910E+01  4.72680565107243920E+00
  6.44956217916396120E-01  1.93871705156002180E+01  2.29842296025865630E+01
  4.26043897269923290E-01  2.85696829440674560E+01  1.37847468330345500E+01
  7.44533748089133770E-01  2.51451318606439250E+01  2.67271108513494550E+01
  2.47647088603063280E-01  2.61298721032611920E+01  2.01459735374524560E+01
  3.47451934045076260E-01  7.33044148523973500E+00  2.20830383357208720E+01
  4.83182858574677270E-01  5.55986357868768800E+00  9.99096319986979610E+00
  5.38382388131525950E-01  1.92199151367357250E+01  3.66102033412996160E+00
  6.08690451339190200E-01  1.97211313930514790E+00  1.13239669395905090E+01
  3.93024383017402490E-01  6.99465048681716170E+00  2.55589024376896280E+01
  2.54611020839302520E-01  5.06643626804399450E+00  2.87269703870081120E+01
  6.82253548551889110E-01  1.34632878869341830E+00  5.28491908011295840E+00
  7.67665169660178040E-01  1.60153630893912790E+01  1.74183512415243240E+00
  3.95839252948554370E-01  1.01162917651715810E+00  2.16732710499514060E+01
  5.15379284759350490E-01  2.30372546588433810E+01  1.21016789908033430E+01
  5.09222041678605210E-01  1.86640087621566600E+00  2.63077270041508410E+01
  4.72038094207023740E-01  2.22238395774062700E+00  2.05294706339352900E+01
  6.64541222436485860E-01  1.01213015931791690E+01  7.16329562842911380E+00
  4.84167632717154460E-01  4.22368510081400660E+00  2.46080007188524630E+01
  5.39922025342825940E-01  2.13341965609390130E+01  2.52292621386370970E+01
  3.77759649416993960E-01  2.04693287402464500E+01  2.02955089116700770E+00
  5.06367095649294540E-01  2.51966374066175690E+01  2.94469875979970870E+01
  3.05466220251299840E-01  1.49247474199818790E+01  1.22535462578227270E+01
  7.55604472483241980E-01  2.69598180832877250E+01  1.23752672460429540E+01
  7.68548325332126940E-01  1.26232721486604870E+01  5.16485284647897290E+00
  3.09209541844886400E-01  2.08999604359817180E+01  1.37592030540740370E+01
  4.71553509741754610E-01  3.70495382461343370E+00  2.11992017744690880E+01
  3.65995101567518470E-01  2.19994259255362970E+01  2.58433808117392450E+01
  6.26517897412854200E-01  2.96724588111532230E+01  3.27604007373304680E+00
  3.55388479881239270E-01  1.47002924637537260E+01  1.38432114809401640E+01
  3.90423892796942250E-01  1.13408454213735470E+01  1.25500694618373300E+01
  4.92172780862642510E-01  2.28571714207658520E+01  1.46759605548028040E+01
  6.66683478841499700E-01  1.80323134682830460E+01  1.95235596566612020E+01
  6.94903868090152520E-01  2.64327758870067060E+01  2.18278186483929590E+01
  7.65642972591057180E-01  1.65732826763690260E+01  3.16678722976687070E+00
  3.52682444144397330E-01  2.06928216654298430E+01  2.58769789489518870E+01
  5.39466591144820300E-01  4.51431686892558750E+00  4.37653485740806140E+00
  4.26043897269923290E-01  5.10042961121134920E+00  2.43641776098664590E+01
  2.53364602799301860E-01  1.17167518561232990E+01  5.64540618224623980E+00
  3.83290088603488770E-01  1.54816024281810040E+01  2.03523093046195700E+01
  5.55920758830291820E-01  2.91195630067433340E+01  1.29714065449499520E+01
  4.13050329149462850E-01  2.56530630762116730E-01  2.81416871298374180E+01
  5.20369884994360540E-01  2.71908122960496530E+01  1.46630305119238140E+01
  6.99477888048091770E-01  2.42118697188583450E+01  1.68216424924690740E+01
  3.59079136884617700E-01  6.00984238897875130E+00  1.54485712089631220E+01
  3.01799748246536660E-01  2.24500160211710980E+01  3.88877083196441560E+00
  5.28731261397185740E-01  1.62457982287871090E+01  2.74769899999323960E+01
  6.80338287111455390E-01  1.44521062742136270E+01  2.93476015989698700E+01
  4.74033319401206570E-01  3.91731524092543140E+00  1.13292892770158510E+01
  3.53302408788900560E-01  2.58396826282105290E+01  1.45480306313850710E+00
  4.03052389307286420E-01  1.31983618674383380E+01  1.32029200611117300E+01
  3.33973424357718240E-01  2.41233101461600970E+01  1.02939447708704820E+01
  4.68162992243922280E-01  1.96647544834741230E+01  1.83785059033613190E+01
  4.72192289519205580E-01  8.62471420622598650E+00  8.85210303803594910E+00
  6.73658304681401180E-01  1.98834534181793430E+01  2.11670725809173850E+01
  4.61178090502161720E-01  1.72928965458339410E+01  1.51331969153691400E+01
  4.18189647978318300E-01  1.23360415829975770E+01  8.60635918212305030E+00
  5.15379284759350490E-01  1.99797557888873810E+01  1.28307780041010900E+01
  5.34553382826858140E-01  1.18934095515494270E+01  1.75585823309584730E+01
  3.70336582810533970E-01  2.39820697198289100E+01  2.49425951063478950E+01
  6.42747544188997020E-01  2.66678527417778890E+01  2.81414025751559470E+01
  4.50600139601478670E-01  2.51182005027330320E+01  7.07001969052566980E-01
  3.55036581058269410E-01  2.86196522344924100E+01  2.75635650143951840E+01
  3.54092873053847420E-01  5.84981353510724580E+00  1.07757023231350860E+01
  5.13614394364816020E-01  1.24251372616724290E+01  9.53326862463871900E+00
  3.65995101567518470E-01  2.97215321412830310E+00  2.31180686595135150E+01
  5.25383403930900440E-01  1.96497193924672790E+01  6.84698548470192670E+00
  3.83598938984435380E-01  1.83553399439855060E+01  2.30143215030050360E+01
  4.86073626967704090E-01  3.66140549429491460E+00  1.49709679469101150E+01
  5.96963967672292380E-01  1.30399072449949410E+01  3.18819868264938670E+00
  4.66553963192992600E-01  7.51821359541483500E+00  4.06699642646990970E+00
  4.15252526658189590E-01  2.32633200198916010E+01  2.52542299918408940E+01
  6.36786611163594070E-01  1.10224639839941090E+01  2.67916412432180020E+01
  6.06760633376156730E-01  3.93193619683130710E+00  2.29684809309748200E+01
  5.25895496843049500E-01  1.86315259991404960E+01  2.79948073836690060E+01
  5.05409982910693060E-01  6.04192054646034030E+00  1.87179888267013010E+01
  5.18912146576496980E-01  3.05314182200110370E+00  1.39291498140683800E+01
  5.81677556670477180E-01  2.65011410104668810E+01  4.07380033903993330E-01
  2.50625569857546320E-01  1.33922882225109170E+01  6.56114201692984270E+00
  6.67521681419926690E-01  2.07697193296283980E+01  1.86341377073324000E+01
  6.52034765531911640E-01  7.89322949069456130E-01  1.85698741168264480E+01
  3.81419328643079860E-01  2.21422640046142480E+01  1.20250650691894400E+01
  3.18942867500738640E-01  1.79342308733305100E+01  1.46898757328944070E+01
  6.63973334543257470E-01  2.47985914916956140E+01  2.43106208387921750E+01
  4.05793634226126800E-01  4.72214027155120150E+00  1.98830234198146130E+00
  2.88617724104866640E-01  2.30163671367448120E+01  1.28441874850385610E+00
  3.17587838135982990E-01  9.20877400017373300E+00  1.42279716869781150E+01
  6.94010688862415210E-01  1.82455463171259210E+01  1.81766046284109030E+01
  3.25036994184950640E-01  1.73424441854634420E+01  2.10345447219146460E+01
  4.41940562555082740E-01  6.67817595349786330E+00  2.15185225354597590E+01
  3.05466220251299840E-01  5.49789325179579880E+00  2.83714538307390000E+01
  7.22984261441823330E-01  2.22504842996106480E+01  2.81087640831072850E+01
  4.60682082706054620E-01  2.76485783506460440E+01  2.36440567005995100E+01
  4.22201084465533680E-01  2.18329570818164240E+01  1.88719450039371960E+01
  6.24824560398126750E-01  1.60896096447959100E+01  1.95453165989043250E+01
  3.63079661055833470E-01  1.08941227430123040E+01  1.55929199511118560E+01
  3.25516939164680520E-01  6.44457041753374060E+00  1.94447752333254620E+01
  4.87886881528419990E-01  2.24050258585973340E+01  1.95790666085063950E+01
  4.34172467284937990E-01  1.86103565149672610E+01  2.22370143393934080E+01
  7.04082361725448710E-01  2.42814342965404000E+01  1.89886853142957110E+01
  4.40295189098215370E-01  2.09541170722343110E+01  2.14718197571398510E+01
  4.54567147313974470E-01  1.20532865539411360E+01  1.89110959769656720E+01
  4.89717368181109780E-01  5.89686294127384070E+00  6.86695555240015930E+00
  4.82771447840326400E-01  2.70638016327818360E+01  4.09524646714961540E+00
  3.54092873053847420E-01  7.07342982422574100E+00  2.34658069109098480E+01
  7.67457697882333090E-01  1.72754348769063310E+01  5.73168663523047250E+00
  4.43129600128677660E-01  1.78970101496889600E+01  2.17287432864041960E+01
  5.61514797181737530E-01  1.39300771826329800E+01  7.81044792921328220E-01
  5.82207618145930890E-01  2.75095293867767730E+01  1.32076657553041920E+00
  5.94092381958372510E-01  1.17077432330154770E+00  2.06962009451618170E+01
  5.64318884198494160E-01  6.58041527764803820E+00  1.02205206179742550E+01
  6.16837537735261420E-01  1.91859209479025100E+01  2.00833428797021650E+01
  4.20581746236023420E-01  2.93684652680049330E+01  4.80409537071935230E+00
  3.16022212934137680E-01  9.95808328798904970E+00  2.88035148816829520E+00
  4.59502380082057990E-01  2.08353916928123170E+00  1.23862699598800190E+01
  7.48336469443998900E-01  2.19489556089425410E+01  2.21202715531923140E+01
  6.90159994875631000E-01  2.63157354787652340E+01  3.19381041517236450E+00
  4.68364091588631840E-01  1.65433053353181200E+01  2.91474217652240600E+01
  4.05593309893122810E-01  2.86566188273719330E+01  1.86664049407003070E+01
  5.55687039951364880E-01  2.39480041203214820E+01  1.26883080967030950E+01
  2.83840017940612550E-01  2.36251040745332190E+01  8.31183043295651200E+00
  5.98280766214214580E-01  9.75995770260088950E+00  1.25928557121682590E+01
  5.84913004272127690E-01  3.21506630702385320E+00  2.96831932620165590E+01
  2.83840017940612550E-01  2.08682301893182580E+01  1.50219506893446740E+00
  2.83517655556827110E-01  1.82128479328332420E+01  1.38873555008342440E-01
  5.27599340399055180E-01  1.54132021574662260E+00  2.72914709570565530E+01
  6.24824560398126750E-01  2.31256919098839260E+01  2.18923803290500140E+00
  4.84167632717154460E-01  8.62618892128237390E+00  2.09651746361156060E+01
  5.66562802601083430E-01  2.17032213745245460E+01  3.44646354106903630E+00
  5.81213412342838430E-01  9.55023265535369960E+00  1.14351858706704710E+01
  5.13285974501586400E-01  1.39692384558387680E+01  2.45972723571259420E+01
  5.29625185962053640E-01  2.85333043299507060E+01  3.46535698470448850E+00
  3.30104909316010620E-01  5.17812205502315860E+00  1.43069406983205080E+01
  5.48174971142568520E-01  6.38958540582229870E+00  1.26969859105368710E+01
  4.72192289519205580E-01  7.60728466991965570E+00  2.40952623247291870E+01
  4.53126113496558960E-01  5.28561463744952050E+00  1.50821054362266120E+01
  5.25993347610763350E-01  7.87328572517139680E+00  6.54781190129318260E+00
  4.75338540515479570E-01  1.89187429356559620E+00  2.14825537062946590E+01
  4.30858982518450690E-01  2.20519832239493280E+01  4.50375519453901600E+00
  7.09741570678139940E-01  8.00775812523228760E-01  9.23500420386496220E+00
  5.05409982910693060E-01  2.87804182868826610E+00  2.64114118318947750E+01
  5.20369884994360540E-01  1.46829639716212360E+01  1.14654944379734370E+01
  2.73281005279713530E-01  2.00644686604686700E+01  4.78492186861492110E+00
  3.09574052588245370E-01  1.81694512533826970E+01  6.35079921586194280E+00
  3.18095930761502070E-01  2.50251272607182460E+01  8.71136735892290660E+00
  4.46537248270915300E-01  1.80337590649793390E+01  1.04360248101044440E+01
  6.38830345620663920E-01  6.18508666305393100E+00  5.05067111160854050E+00
  6.68397269451762100E-01  8.62545338765557900E+00  2.67507187421325590E+01
  5.32488384254616510E-01  6.81298577782021650E+00  2.32956508442429970E-01
  3.17579752081870750E-01  1.52474783143314350E+01  2.20773820722843650E+01
  5.16710955738981780E-01  1.38657721847109960E+01  7.28630998590397460E+00
  4.49545157175862540E-01  5.86535470429788220E+00  1.77282468443854100E+01
  3.20574425314766210E-01  6.69092869121234650E+00  9.32566083248867980E+00
  4.12246671516209600E-01  5.66421743246263270E+00  2.49837251349417110E+01
  4.94550785807675550E-01  2.55865067814207020E+01  2.26254953793926860E+00
  3.59079136884617700E-01  2.72647138200998390E+01  6.75559569142311740E+00
  6.10572080928614460E-01  2.96382380645168130E+01  2.23767600108680110E+01
  4.75338540515479570E-01  2.61195953913406030E+01  2.91150675569035400E+01
  5.09574347305064630E-01  2.80548925822314210E+01  1.30056398268379980E+01
  4.18189647978318300E-01  2.85407931375702870E+01  4.93593960654850150E+00
  3.76753951196820710E-01  2.69145529854465590E+01  6.00821551244216680E+00
  3.84533934306195220E-01  1.05969830216581650E+01  8.09725656334870610E+00
  6.60767019732147710E-01  2.15350143877747020E+01  6.48342371239182750E+00
  5.64318884198494160E-01  1.13085596409514650E+01  7.47231433956280440E+00
  4.69750256464274060E-01  7.67109510224572060E+00  2.60927790216366700E+01
  6.88340418185590860E-01  1.01478716936459300E+01  1.38184327322832240E+01
  5.93150731645016190E-01  7.93919487601045760E+00  2.01363884097222940E+01
  7.17499092254363010E-01  2.36620039552289580E+01  2.94194516975811770E+01
  3.79322922295397280E-01  1.53297015316136260E+01  1.74975744489206910E+01
  3.20574425314766210E-01  8.20773692216521590E-01  6.13854504969785090E+00
  7.17953871372127320E-01  4.87718495110257780E+00  1.83492589090850520E+01
  3.42409596243210680E-01  2.48269239858369420E+00  2.91151739452404250E+01
  4.43129600128677660E-01  1.31740456028739640E+01  8.82390426397369150E+00
  3.78068289465320630E-01  2.29805920984996100E+01  2.25724437696959870E+01
  4.75338540515479570E-01  2.40144567612636060E+01  1.56639482170339440E+01
  7.38532964590205680E-01  2.47941494899737650E+00  2.52219121997131740E+01
  5.07606992315717240E-01  2.95153285410442900E+01  1.66354349201593160E+01
  2.86134314477376340E-01  5.12696152708741780E+00  6.77857843285570550E+00
  5.07437626189109900E-01  1.23577679191279050E+01  7.68164454857556220E+00
  6.15073771326759470E-01  2.11157439242341240E+01  2.32238447167835100E+01
  3.30104909316010620E-01  1.93400687437548270E+01  2.20105646703881920E+01
  6.66683478841499700E-01  2.25018500408675700E+01  2.67448431190327370E+01
  7.49545055295440930E-01  1.98476195387981210E+01  1.40872165325421510E+01
  2.54824432159977790E-01  2.56020191678375680E+01  2.76414181546755950E+01
  5.72142532162989690E-01  6.84901445576571270E+00  1.80040947887844180E+01
  2.77147605524350650E-01  8.28288668110619500E+00  5.34881031616802720E+00
  4.68364091588631840E-01  1.64038552105161240E+01  4.38673692653459210E+00
  4.82771447840326400E-01  1.58194120113089430E+01  2.49480693815398450E+01
  2.50971712925384870E-01  2.14738238277325240E+01  1.55831484482442480E+01
  5.38024295323284910E-01  1.13396171322493200E+01  1.34940439865261050E+01
  4.13050329149462850E-01  1.53234485273880680E+01  1.54440446571515010E+01
  4.86590143357422540E-01  3.39817062798001500E-01  2.43368908247306270E+01
  3.16148313226467530E-01  5.33149579617275380E+00  3.06279910614291320E+00
  3.81419328643079860E-01  6.23922332117876180E+00  6.06757535347512800E+00
  6.52911031193170470E-01  8.13807646499909860E+00  2.80214896662992490E+01
  4.49150663742554990E-01  9.09198415777814260E+00  1.33973679240535760E+01
  4.73113776075054650E-01  1.69764041797552710E+01  1.60111231263739420E+01
  3.65995101567518470E-01  8.59236215376927600E+00  8.07305621890106730E-01
  3.46028387031474870E-01  5.86430904829003290E+00  1.68606823879889410E+01
  4.23675716525973380E-01  2.67041334277129070E+01  1.97988327401831160E+01
  2.47261092463374420E-01  2.29851472119729690E+01  4.00981434627414490E+00
  2.63339374245984010E-01  4.39462606838454390E+00  5.84845085520894160E+00
  2.59062449636064510E-01  2.90869424863337650E+01  2.61178446535295410E+00
  5.77180454669814490E-01  4.43207770301770230E+00  2.04452603971777800E+01
  4.06599624824484800E-01  1.32843676055971610E+01  2.09920541699993880E+01
  4.65278877330243820E-01  1.26172310991240800E+00  1.43094200692422650E+01
  3.07263188066738420E-01  1.51769762215306940E+01  2.86780447057852540E+01
  3.88697647565240350E-01  2.75211311455246130E+01  8.07076305260182810E+00
  6.62122603690132470E-01  2.34950509332251260E+01  6.31957575693027080E+00
  3.79322922295397280E-01  1.24310179140968510E+00  1.27872099822118450E+01
  3.53063097104977870E-01  2.91882238164667030E+01  7.24371471256205270E+00
  6.88885956497308970E-01  1.05668297691497590E+01  1.73259507610267280E+01
  5.33066537704075310E-01  2.92580559858147640E+01  2.50282118510059490E+01
  3.42074681651230290E-01  4.28689119126340130E-01  2.51602163791294760E+01
  4.24351701398837560E-01  1.92881022855878680E+01  1.21960784398038820E+01
  2.92456502136063850E-01  4.00856828106777210E+00  2.38630387350169180E+01
  5.90639534364661320E-01  6.77798622783950750E+00  2.04788677930045820E+01
  4.09705559579089850E-01  2.57987167485715110E+01  4.16404081818034120E+00
  3.59079136884617700E-01  2.90961001453129280E+01  2.80939317927824210E+01
  5.27599340399055180E-01  2.53022022540315430E+00  5.52572618999506030E+00
  5.38382256471750510E-01  4.68089666246041510E+00  1.19929815219972240E+01
  5.96963967672292380E-01  2.34192639497738750E+01  1.99615190263507710E+01
  2.96503602823160150E-01  2.35894140896568490E+01  2.44049195026668220E+01
  3.64593218166308700E-01  1.40561143414608890E+01  1.34653164839997230E+01
  4.18947112612636110E-01  3.65747031036113770E+00  1.21815889404530660E+01
  5.40946473112310590E-01  1.51566702508392940E+01  9.65307638439816880E+00
  3.35017483125717060E-01  1.11905341610153840E+01  2.54264130409038390E+01
  4.75626642073745920E-01  1.54185980705483990E+00  2.23652474044815830E+01
  3.04461637453634990E-01  2.61857521748274740E+01  2.66026661410746000E+01
  4.36315933331792570E-01  2.02386662056604860E+01  2.00629817867368240E+01
  6.77666041374141330E-01  1.29277510499631280E+01  1.81946614430148620E+01
  5.67035311113654220E-01  1.91949296346973310E+01  1.62531324358923900E+01
  3.38650161839631010E-01  2.50125454795715180E+01  1.82463424796340340E+01
  6.94010183176834960E-01  1.19121652393575260E+01  1.16289472403702200E+01
  7.10410487391814980E-01  1.97353676675083630E+01  8.07853058611609680E+00
  4.54567147313974470E-01  1.75526022011187490E+01  3.89304449352899300E+00
  2.52169786807371790E-01  2.52893030192557260E+01  8.20685391855403700E+00
  3.01799748246536660E-01  4.60138279105779710E+00  2.38351988648581750E+01
  4.27719079604653450E-01  4.13140944616244890E+00  2.61631548813557300E+00
  3.87762191716535260E-01  4.16882249516370160E+00  1.75017665339074750E+01
  5.72951670348821020E-01  2.46388135461230500E+01  6.78426500553106940E+00
  5.09222041678605210E-01  6.15431285317975880E+00  2.99910500228081180E+00
  5.25993347610763350E-01  1.05559993962606950E+01  1.30443076991364440E+00
  3.12648490279368120E-01  1.03371650922619930E+00  2.39406690014481000E+01
  3.32399546609116130E-01  2.53052205959115250E+01  3.03951517804955260E+00
  4.43807889241729470E-01  2.94300003651421170E+01  2.88225429050175100E+01
  3.44170209092795430E-01  3.46470714731188020E+00  2.19786444302542630E+01
  2.54824432159977790E-01  1.36616488622992310E+01  1.39429022064710590E+01
  4.21963532045373490E-01  6.99329543023150180E+00  2.47444925373739790E+01
  4.11696508529454960E-01  9.43371917264840930E+00  1.04517839753834760E+01
  4.11346310528290360E-01  1.06561668951115460E+01  1.93537255432657530E+01
  6.16837537735261420E-01  9.52719260046331230E+00  4.58693365472156420E+00
  4.83570943621045310E-01  1.99510374845532220E+01  1.55170687066446330E+01
  4.32382463464541460E-01  1.19362910111747100E+01  2.94930991278136860E+01
  5.92513140571182980E-01  2.29103959616749440E+01  8.82066816562516820E+00
  3.55036581058269410E-01  1.58312437023330760E+01  4.97480564691971420E+00
  4.74581552528920360E-01  1.42540347001606640E+01  1.51208558784025940E+01
  3.44905765886116280E-01  1.26786554129148320E+00  4.23635714570466430E+00
  5.96963967672292380E-01  1.71776591010045400E+01  1.02892218235282780E+00
  2.68569610726517900E-01  8.47491500340084690E+00  2.51060230027405710E+01
  5.80290806494985740E-01  2.64296828284896750E+01  1.00214797254269460E+01
  6.25336422111717830E-01  2.66051954986476000E+01  7.48559796642725850E+00
  6.17452885167652710E-01  9.01235295539990130E+00  1.63230101032915800E+01
  3.29506256422424390E-01  1.28916379188910070E+01  4.10140973115593880E+00
  2.58355477869490890E-01  2.30668012003129700E+00  2.42412467688486120E+01
  4.69641390777102340E-01  2.19816735747726780E+01  1.50721759806791020E+01
  3.49095179616795370E-01  2.02099619241845860E+01  2.35547601985443860E+01
  3.27988333844876360E-01  2.55788153194819260E+01  9.70475944062207320E+00
  3.86383264228710210E-01  2.37327749632028540E+01  1.47366957505734670E+01
  4.75543307221801650E-01  4.28350878868848910E+00  2.19467249001211120E+01
  5.07815655211632320E-01  2.54726982921386380E+01  7.47057823188452460E+00
  6.08088426536500660E-01  4.89179699620753360E+00  1.08595787593763000E+01
  3.93024383017402490E-01  9.70960949577929000E-01  1.12970681010444220E+01
  7.48336469443998900E-01  4.58261395189152410E+00  2.78501395492822890E+01
  3.13454063710418570E-01  3.01860479923786330E+00  4.84253067231018260E+00
  4.43133439323318520E-01  5.25998083523051820E+00  2.68396183234350470E+01
  3.62493203924014780E-01  2.45118560712127650E+00  9.03493029300607200E+00
  5.72881440675418570E-01  2.59244768437796620E+00  2.22606653273233660E+01
  3.71299762957800540E-01  2.57180491615825130E+01  2.26171553481255750E+01
  5.13143010843963320E-01  1.84517632278563080E+00  8.40034509973055950E+00
  3.87533216804236250E-01  2.43789138792421700E+01  1.78949327174343300E+01
  3.90540239164096370E-01  2.07148528542746750E+01  2.41452664427158720E+01
  4.11696508529454960E-01  2.61445114469620560E+01  1.59338564154424580E+01
  4.19670751191123690E-01  2.77892772922138710E+01  6.18162347758105570E+00
  5.39922025342825940E-01  3.18450970564004620E-01  1.46618346713537640E+01
  3.73125396709624990E-01  2.30451199588922290E+01  6.25070592780528500E-01
  5.72628172168292430E-01  3.81819412135109280E+00  5.24348155484750490E+00
  5.63660960642019760E-01  3.86135987707951940E-01  1.23945552123797660E+01
  7.54397230300637300E-01  1.89628736697084110E+01  5.57461366469595450E+00
  4.07877171249442140E-01  1.88491800719088010E+01  2.79098858822196230E+00
  4.61178090502161720E-01  1.83606649132236510E+01  7.96240783093060230E+00
  3.50974061745161330E-01  8.40125161072191240E+00  2.57206086157124570E+01
  4.22541054278063120E-01  2.75698727656408810E+01  1.38003020895919890E+01
  3.25036994184950640E-01  2.38621785166489350E+01  7.23476972370283460E+00
  4.96042965314236020E-01  6.78716853107755020E+00  2.17493476891790390E+00
  3.04461637453634990E-01  2.87935738097279130E+01  2.20248976575508060E+01
  4.21290506291976640E-01  2.70128765239218750E+01  2.54565577870761390E+01
  4.26578460793149810E-01  2.22923695924588010E+01  2.51076994322632250E+01
  3.91816801400439550E-01  7.68696358192267580E+00  5.65037391988294060E+00
  5.32262962461145860E-01  2.04911774977424310E+01  2.81562630076643710E+01
  6.07718241283317260E-01  2.41482976534554150E+01  1.38336674212970400E+01
  5.13425754976809310E-01  1.69427053724930160E+01  2.17711243684955420E+01
  5.46829204411607870E-01  8.36917334241827330E+00  7.86663878040357730E+00
  2.99038091422116640E-01  1.76440414808599860E+01  2.64329626652512050E-01
  3.65374026971610010E-01  6.01831674395118470E+00  2.10545550510059590E+01
  3.46733456860136300E-01  2.69610074327715420E+01  9.26210956133546050E+00
  5.01833768532536340E-01  1.60093321699227640E+01  5.81145113206911730E+00
  2.88617724104866640E-01  8.93607682869031090E+00  2.22449716686764740E+01
  3.13454063710418570E-01  1.07116730645520920E+00  1.50633864060646730E+01
  4.43756654693070110E-01  2.84056158935951970E+01  1.97778657310857400E+01
  5.20369884994360540E-01  1.24227208110442990E+00  2.54395940665922600E+01
  7.41720708060832300E-01  2.58098719503891050E+01  1.14178029703536290E+01
  2.99038091422116640E-01  1.46882007475638850E+01  1.57606606872998450E+01
  3.93024383017402490E-01  1.80040333745285250E+01  1.31973989484609100E+01
  2.53364602799301860E-01  2.66756929491860720E+01  6.59107825434410620E+00
  5.48463672908306780E-01  1.11981944042916940E+01  1.83884822559751480E+01
  5.63660960642019760E-01  2.69600748424899310E+01  1.78047397145074160E+01
  4.99487474973056500E-01  2.85019022336444610E+00  6.50049869460340090E+00
  5.32488384254616510E-01  2.75127588961539760E+01  2.24100403831604140E+01
  3.62493203924014780E-01  3.33329997895705830E+00  7.90053812209208580E+00
  3.90540239164096370E-01  1.93768759551674280E+01  2.74625383770590440E+01
  6.25248164210708260E-01  1.87777100134138240E+01  2.60718714735045440E+01
  3.93024383017402490E-01  2.50616666250710690E+01  1.54812034356276820E+00
  2.83517655556827110E-01  2.70626651835673750E+01  1.69639294712223540E+01
  5.16562546778196820E-01  8.39183308373286430E+00  1.40591316232660080E+01
  5.96777348356598920E-01  1.97137830736976700E+01  9.38424818579709450E+00
  3.35017483125717060E-01  1.70411441026220170E+01  1.96577438025884990E+01
  5.69344335137112000E-01  8.60728140645652930E-01  2.47031614887211190E+00
  5.55509338843663690E-01  2.46055171803643660E+01  2.85663068165813310E+01
  4.09775903561979240E-01  2.64945151175268960E+00  4.22074529757807950E+00
  3.20574425314766210E-01  2.82246941697848610E+01  7.71096193604634910E-01
  5.39466591144820300E-01  1.39134504334188450E+01  1.60751175103515750E+01
  5.18725390566230620E-01  2.20384904318630820E+01  8.13326400745860310E+00
  3.62493203924014780E-01  1.06711045925591370E+01  1.28925331490049260E+01
  4.23675716525973380E-01  2.70174317435519920E+01  2.91483766491224790E+01
  4.13050329149462850E-01  9.15148446895126530E+00  1.52955494670738670E+01
  3.01731430220296380E-01  2.73405368123220960E+01  8.73700368581063810E+00
  3.48156346672602490E-01  2.44117655130175240E+01  2.75379675182533920E+01
  6.83531487369900860E-01  1.39523830189244580E+01  1.24223399710703950E+01
  3.27197753470684690E-01  8.88223906354703270E+00  5.27548055378982370E+00
  3.50974061745161330E-01  2.59469199020413410E+01  1.95766673480788960E+01
  5.77649046292645880E-01  1.93353477816235540E+01  1.73878705765181540E+01
  5.13614394364816020E-01  7.48601045775239450E+00  2.70571586728868430E+01
  7.17953871372127320E-01  5.63129462389135770E+00  2.95167068416484040E+01
  3.01731430220296380E-01  5.05595703759152750E+00  7.28868300233038280E-01
  6.14584822297879540E-01  2.13230250088663740E+01  1.97878329452648850E+01
  4.69641390777102340E-01  2.54528658359990950E+01  1.89221158045937440E+01
  4.49154676673646060E-01  2.45414750752550430E+01  1.18780476485127050E+01
  4.82268891960512480E-01  1.88577304552440510E+00  2.69937303260743100E+00
  6.26908127420837150E-01  2.88520781526283830E+01  1.47974030570020170E+01
  2.50971712925384870E-01  1.79637957986665810E+01  7.11694977386880370E-01
  2.62213147743524950E-01  1.16565057617392020E+01  2.32370624369137200E+00
  6.45167794061425240E-01  2.81804522648763150E+01  2.12438867246388800E+01
  5.94931591270377070E-01  2.24366458067310360E+01  1.10946306000126200E+01
  7.68548325332126940E-01  5.72020536211035770E+00  8.11157581222677490E+00
  4.36195486319121350E-01  5.49317782473697140E+00  2.32566479056977740E+00
  5.33066537704075310E-01  9.82533484699226100E+00  2.66953236003103280E+01
  5.62178328188990490E-01  1.40474632060890910E+01  9.34373317916685590E+00
  2.97561439636419770E-01  8.62965029916132130E+00  2.17459987418842640E+01
  4.82771447840326400E-01  2.52226617194232500E+01  2.06111728169185610E+01
  6.61562106526255890E-01  6.40139389013281420E+00  2.66130336283901450E+01
  5.04339573614743570E-01  2.46641372667092330E+01  1.09330868832275420E+01
  3.45648959319623030E-01  6.25713371643874790E+00  2.55393064807262640E+01
  6.95947079841625180E-01  1.22608395526259560E+01  2.32923721636410620E+01
  4.75626642073745920E-01  2.64147528138507650E+01  4.79952060264298730E+00
  2.57534358191145160E-01  9.86468870160049070E-01  2.47049870234185210E+01
  6.30423428531534040E-01  2.71778925353533650E+01  1.58135056603069320E+01
  3.25516939164680520E-01  2.68354217799031240E+00  8.38743292792257300E+00
  3.14110289759674140E-01  2.04814606899463140E+01  2.52460614913337050E+01
  3.99477862283745790E-01  2.60859592464234180E+01  2.07908396468091010E+01
  6.47236078597052340E-01  2.85400162047566110E+01  2.29883079845631710E+01
  5.28731261397185740E-01  1.16946902679306370E+01  1.52013070729788440E+01
  4.43807889241729470E-01  2.39589818137257350E+01  2.57560405990935200E+01
  4.82268891960512480E-01  2.53239071284547530E+01  2.54865414782848670E+01
  4.30858982518450690E-01  2.12645909872734290E+01  2.87939895947164610E+01
  4.18947112612636110E-01  2.93143949975929350E+01  1.57325589706046620E+01
  3.50662231740508900E-01  3.73554701980638540E+00  6.22376271992787090E+00
