1
  1002  2.96924426640336700E+01  2.96924426640336700E+01  1.00000000000000000E+00
        0.00000000000000000E+00  0.00000000000000000E+00  0.00000000000000000E+00
  4.43756654693070110E-01  1.90980640153494610E+01  2.35217206715851540E+01
  5.20369884994360540E-01  1.21652531012342780E+01  1.98525318015438690E+01
  7.41720708060832300E-01  1.65126249509070110E+01  2.07848847314991970E+01
  2.99038091422116640E-01  2.39773091358518850E+00  1.13941058568237440E+00
  3.93024383017402490E-01  1.08365407987952200E+01  2.43933189033852290E+01
  2.53364602799301860E-01  2.76426424267346530E+01  1.00773678075794690E+01
  5.48463672908306780E-01  2.16658851639780680E+01  5.97175207558636330E+00
  5.63660960642019760E-01  1.31333162700009790E+01  1.45192609345187850E+01
  4.99487474973056500E-01  6.75943197503953290E+00  2.89214527256977870E+01
  5.32488384254616510E-01  2.81241376451081420E+01  1.36451219485418140E+01
  3.62493203924014780E-01  1.62987843178660940E+01  6.30285773561155250E+00
  3.90540239164096370E-01  1.36664393404957420E+01  2.36930493909830060E+01
  6.25248164210708260E-01  5.44051047042610760E+00  2.36808970111267270E+00
  3.93024383017402490E-01  7.94890941490127020E+00  4.22435158891075260E+00
  2.83517655556827110E-01  1.68791275410651810E+01  1.36833954839599880E+01
  5.16562546778196820E-01  2.88479258351172310E+01  6.61324346338139260E+00
  5.96777348356598920E-01  4.57547115588918540E+00  2.36934096209393060E+01
  3.35017483125717060E-01  2.66336762060110960E+01  2.94235833254796330E+01
  5.69344335137112000E-01  1.68532585270619220E+01  4.83630948682314710E+00
  5.55509338843663690E-01  6.49682121619213500E+00  1.89038900650868240E+01
  4.09775903561979240E-01  2.59572865788286890E+00  2.68566966758144120E+01
  3.20574425314766210E-01  2.60270615821830980E+01  1.85553290987943420E+01
  5.39466591144820300E-01  2.38740591997895530E+01  4.54327236786643770E+00
  5.18725390566230620E-01  2.82282027641285500E+01  2.54187376134342720E+00
  3.62493203924014780E-01  6.49758948618698360E+00  4.54154257982467250E+00
  4.23675716525973380E-01  8.98955821736793940E+00  2.18023098526314420E+01
  4.13050329149462850E-01  2.16116421358544520E+00  2.54334896888961700E+01
  3.01731430220296380E-01  2.27854176494804190E+01  7.72790159290861030E+00
  3.48156346672602490E-01  3.88577434989137100E+00  1.29564565982036480E+01
  6.83531487369900860E-01  2.37114890797489220E+01  2.17907823616791630E+01
  3.27197753470684690E-01  2.08666346998200470E+01  3.41053724909332920E+00
  3.50974061745161330E-01  1.03655480403498960E+01  2.11761947321933160E+01
  5.77649046292645880E-01  6.54337151158854890E+00  1.39819638993800160E+01
  5.13614394364816020E-01  2.68824498944628840E+01  1.22938331428803790E+01
  7.17953871372127320E-01  9.62437326017039570E+00  1.89938996787841750E+01
  3.01731430220296380E-01  1.90484580044501900E+01  1.79736575145178500E+01
  6.14584822297879540E-01  5.24327125840483000E-01  1.24128584242410230E+01
  4.69641390777102340E-01  2.85035609158673220E+01  1.13889130723720480E+01
  4.49154676673646060E-01  2.10806676959868750E+01  2.67031110611018790E+01
  4.82268891960512480E-01  2.27288840888062040E+01  1.40987638868005970E+01
  6.26908127420837150E-01  6.31171268638610880E+00  1.17794768066226980E+01
  2.50971712925384870E-01  3.59029607811570580E+00  2.78015045570389250E+01
  2.62213147743524950E-01  2.06365837015854510E+01  1.98165865187549560E+01
  6.45167794061425240E-01  1.50460090492850400E+01  8.94714191504787240E+00
  5.94931591270377070E-01  1.89435610817300070E+01  1.99445992449241700E+01
  7.68548325332126940E-01  2.41542350112892130E+01  1.42394222639085800E+01
  4.36195486319121350E-01  2.46759278863161670E+01  1.68244731998951740E+01
  5.33066537704075310E-01  2.31233748943009130E+01  1.50335040773835780E+01
  5.62178328188990490E-01  2.20831009699442800E+01  2.22136640452452470E+00
  2.97561439636419770E-01  9.48326502136933770E+00  3.81536698495904240E-01
  4.82771447840326400E-01  2.47775808547183200E+01  6.96341480289505110E+00
  6.61562106526255890E-01  2.38071042435120860E+01  8.89670356232237940E+00
  5.04339573614743570E-01  4.31538609922728700E+00  2.46761452421234840E+00
  3.45648959319623030E-01  2.12031290452243470E+01  2.44246218309807750E+00
  6.95947079841625180E-01  1.13024519695477660E+01  2.07090719508552360E+01
  4.75626642073745920E-01  1.09323802245029000E+01  1.70942065817502180E+01
  2.57534358191145160E-01  1.41772352748836320E+01  2.04668125707406650E+01
  6.30423428531534040E-01  2.23560147354807770E+01  1.01871505728318950E+01
  3.25516939164680520E-01  3.60256127984391970E+00  1.95486537499738020E+01
  3.14110289759674140E-01  1.63987359008552820E+01  1.67626048351515780E+01
  3.99477862283745790E-01  1.14988995900407770E+01  9.39545595471184570E+00
  6.47236078597052340E-01  8.15830313976019280E+00  2.60189822182321320E+01
  5.28731261397185740E-01  4.42636957425873060E+00  1.36467622169541320E+01
  4.43807889241729470E-01  1.34749615473457510E+01  1.87209749449830230E+01
  4.82268891960512480E-01  3.30200591016073860E+00  1.08669548625037550E+01
  4.30858982518450690E-01  1.73185208339960930E+01  6.92877660452974540E+00
  4.18947112612636110E-01  2.82892176680217310E+01  3.47695513398484390E+00
  3.50662231740508900E-01  1.60104709399159790E+01  8.70016676423868770E+00
  2.85767805251094040E-01  7.41674000298419590E+00  1.60163565579214300E+01
  3.45648959319623030E-01  2.42943194451861010E+01  6.29149317050001680E+00
  3.45648959319623030E-01  1.78226445878667050E+01  2.66842243480455070E+01
  6.42005949159872720E-01  7.29133314858101400E+00  2.15611330238617430E+01
  2.74003615458356760E-01  9.14886259327220410E+00  1.58352760201092730E+01
  3.87653287431749970E-01  8.20790694485270400E+00  2.20298685226146990E+01
  4.18948713530687210E-01  2.62088737141137290E+01  2.20412168466969300E+01
  4.53451232343747090E-01  9.76988126006325430E-01  2.16905214152323960E+01
  4.21603844523193420E-01  8.36254355301878150E+00  2.12359181504237990E+01
  2.62213147743524950E-01  1.46118767777185890E+01  1.30223497104543320E+01
  6.94903868090152520E-01  1.43598886636930480E+00  2.73451875322158390E+01
  6.31563936872940970E-01  6.25272913223686190E+00  1.05196406419259830E+01
  7.01778375544082420E-01  2.82758090291823590E+01  2.80538080284486820E+01
  3.46434506905438330E-01  5.43896616375943780E+00  2.96867348954544990E+01
  3.50662231740508900E-01  5.57049641505849100E-01  5.49760853117735590E-01
  3.01799748246536660E-01  2.71716371364007540E+01  1.71699776214607920E+01
  4.41298336829792340E-01  2.20358844004684330E+01  1.66084093767712170E+01
  3.39481361119070080E-01  7.15794673380751690E+00  1.01692508608727600E+01
  3.83181557852844270E-01  2.32955901945766680E+01  9.80728222765462480E+00
  6.75156127532392600E-01  2.13208429868830760E+01  2.40278790378575740E+01
  2.73281005279713530E-01  2.45899582947475150E+01  2.65294332641421630E+01
  6.65634982039605120E-01  3.59096076395405640E+00  5.13005923783781710E+00
  2.54824432159977790E-01  9.62639145403896810E+00  8.73875357641499660E+00
  2.84029264846615530E-01  1.90969660989240640E+01  1.61116785469587140E+01
  4.62836237406567810E-01  1.77771222252553680E+01  4.37608871029023660E+00
  3.33973424357718240E-01  1.46608094685281200E+01  5.18695921517956470E+00
  4.91872428060923640E-01  2.58812576443988820E+01  5.07490198412399800E+00
  5.52490392167627680E-01  1.04692825858204920E+01  3.05498222360120360E+00
  5.39466591144820300E-01  8.91615202320302020E+00  1.71797126339568110E+01
  5.65219172841477580E-01  1.15055206173742270E+01  7.72770431502306640E+00
  3.53776024442120150E-01  2.76368115197108110E+01  2.14430967381094640E+01
  5.54611473665029210E-01  1.06751426311207280E+01  1.21929016573284610E+01
  4.81368497469048420E-01  2.53246108796217090E+01  1.38020789287303740E+01
  2.84672167568555990E-01  1.50902182335134610E+00  8.63604774944428400E-01
  3.06898385793053400E-01  2.87823144102194310E+01  1.50584490109272120E+01
  4.49954956992444630E-01  6.16181916572223720E+00  7.37082449678054450E+00
  5.88686278844574580E-01  1.44716521318109810E+01  2.62689563939390000E+01
  4.36315933331792570E-01  7.70797602781734970E+00  8.32250820962408610E+00
  5.46155746035104350E-01  2.90556034620438270E+01  1.74679665667179050E+00
  4.11346310528290360E-01  1.43451409510164220E+01  2.72605042608228810E+01
  7.44650008855257360E-01  2.41798371770160790E+01  1.57518028642543120E+01
  4.68162992243922280E-01  2.88928957664220650E+01  4.12570873742762330E+00
  7.11073931023246340E-01  1.69200212035623570E+01  1.26897072114201600E+01
  3.02034441597155470E-01  2.87466059458259550E+01  1.77413591474457420E+01
  5.12509616084684260E-01  1.98424256079626180E+01  1.77626000811148720E+01
  3.40422717275118370E-01  6.65191873268202900E+00  2.60792934941245310E+01
  6.65634982039605120E-01  1.59672079988076930E+01  3.97616140279718560E+00
  3.75295693565172690E-01  1.96499008516430220E+01  8.18066974032386620E+00
  4.75626642073745920E-01  1.51170715974262130E+01  1.00654137832248480E+01
  4.72038094207023740E-01  2.84857124049867960E+01  2.68993284376078630E+01
  4.29902962432020440E-01  1.71649038116406060E+01  1.62783702817022090E+01
  5.68910711623079470E-01  4.93942313731096230E+00  2.66327588688649830E+01
  3.07263188066738420E-01  2.92648083011180020E+01  9.70977363474362320E+00
  6.10911033360540580E-01  1.55870121019146900E-01  2.72125009976297520E+00
  3.43353541919950760E-01  1.09892050133174220E+01  1.01432199031525570E+01
  3.15231116497538320E-01  1.52488991089046220E+01  1.48034531583996410E+01
  3.78068289465320630E-01  4.49783717069168350E+00  2.47041663298384220E+01
  2.54824432159977790E-01  1.25594570794389670E+01  2.24322457081766980E+01
  5.44558358435121190E-01  2.56698598117597750E+01  1.71214342587554390E+01
  3.56000803327192820E-01  2.18360396847179350E+01  9.34932776022209740E+00
  3.13454063710418570E-01  1.09017307370103530E+00  2.91470364968582560E+01
  6.12591031919131530E-01  1.47260969353194650E+01  1.97919308158007610E+01
  6.47236078597052340E-01  5.69666501146504970E+00  1.80065485311892740E+01
  2.65726189967390210E-01  2.67334896092372920E+01  4.22471585219922120E+00
  2.96653470797716330E-01  1.15013658602695910E+01  1.23974937777824700E+01
  3.45648959319623030E-01  1.86855359619187490E+01  1.56353087649042380E+01
  3.13454063710418570E-01  1.02186292397770590E+01  1.67586210449529180E+01
  3.39073066583844400E-01  8.68211149953209830E+00  2.32884135587952380E+01
  2.96256570285591500E-01  2.68208712818483890E+00  8.45580917882453060E+00
  4.19081387041561550E-01  2.87413710736298850E+01  2.29939933763768280E+01
  7.08391389715138510E-01  9.19738804914946330E+00  2.68893317869495970E+01
  7.16035261746952050E-01  1.65537718422448990E+01  7.78266697147701340E+00
  4.43133439323318520E-01  1.97913915260056430E+01  5.03416796376722080E+00
  2.73281005279713530E-01  4.51029910757385900E+00  9.52529986368795530E+00
  3.35017483125717060E-01  1.39607625249054980E+01  9.38643196498416720E+00
  5.09222041678605210E-01  1.23013699375986650E+01  2.75735821705528970E+00
  4.27719079604653450E-01  2.27869632540893400E+01  2.85118793567568570E+01
  5.81299825206354370E-01  1.37346454642850250E+01  2.11791070206369730E+01
  5.46155746035104350E-01  2.06108955057026790E+01  2.17310143336889110E+01
  3.05466220251299840E-01  1.54833186383314240E+01  2.05925844727579770E+01
  3.11838068626578210E-01  2.40205892054618570E+01  2.58534420780152270E+01
  6.27423008989955560E-01  2.02697519543978100E+00  2.15027108533249090E+00
  7.12424816007452400E-01  8.24075365852259090E+00  1.54503230567632370E+01
  4.41140732643827070E-01  7.36970957175936460E+00  1.20084908163548330E+01
  3.80273533482480450E-01  1.13158031517384200E+01  6.80228086198807520E+00
  3.29796701345061780E-01  2.92407332284943740E+01  1.10813891743446380E+01
  4.15252526658189590E-01  2.18290728852906710E+01  1.10896687507235220E+01
  2.59062449636064510E-01  8.30345937235413340E+00  2.51252387823217480E+01
  6.18419083689772810E-01  2.62216990625540480E+01  2.85374661318992930E+01
  5.04213456464067280E-01  9.01732108258600110E+00  2.48563528711875610E+01
  3.48156346672602490E-01  1.25428227405757160E+01  2.30349225372110810E+01
  2.89042915761794110E-01  1.57390338918616020E+01  1.44501526105347920E+01
  3.05466220251299840E-01  1.33366926990640770E+01  9.24251584009056340E+00
  6.49919166153384610E-01  2.68284297030087470E+00  2.37774199943083530E+01
  6.14379095469630790E-01  1.54085998976960660E+01  2.28750125385366370E+01
  7.00411917450214720E-01  1.41519109671137750E+01  7.79784721970280350E-01
  5.69344335137112000E-01  2.29173525469122270E+01  1.61156458040474850E+01
  2.57564851167384970E-01  1.28605497803364380E+01  2.44437010533679170E+01
  4.13050329149462850E-01  2.26211143262760040E+01  2.16800392039105600E+01
  6.18419083689772810E-01  2.64230790066576090E+01  6.05876451130768690E+00
  4.26523982883737140E-01  1.69417788127490920E+01  2.28027971029951110E+01
  3.78209123272245940E-01  2.05403140149041330E+01  2.73294201834818120E+01
  2.63055759251188670E-01  1.44899236054206800E+01  9.66505275142258390E+00
  5.00274833943758600E-01  1.26296389933757890E+01  1.63640163264587390E+01
  6.01687927537542500E-01  1.45970962047605150E+01  2.50854924584674420E+01
  4.86073626967704090E-01  2.81164153280922950E+01  8.26235695661617520E+00
  7.62474117278193650E-01  1.92057790474735590E+00  1.98366739225738020E+01
  4.87886881528419990E-01  2.86117325789914380E+00  2.59998248609717280E+01
  2.99038091422116640E-01  1.34056284414098920E+01  2.43313307768585570E+01
  3.50974061745161330E-01  6.65912137518182060E+00  1.49030916797292930E+01
  6.10572080928614460E-01  2.62485718611894430E+01  1.32211179001363130E+01
  3.01731430220296380E-01  1.07527576269162920E+01  7.22535076465339990E+00
  2.59062449636064510E-01  1.27160360838475310E+01  1.56098658351214820E+01
  6.99477888048091770E-01  8.39831079560998010E+00  1.13677889974677340E+01
  4.41666133880560000E-01  2.39359703246910130E+01  1.10428116470676280E+01
  6.86210935380316480E-01  2.33745399627938110E+01  2.75658351126385210E+01
  5.27425300578987690E-01  6.68359880626905230E+00  9.44407257050065140E+00
  7.54505484792745040E-01  1.25309372042682410E+01  6.64012318021524540E+00
  4.11696508529454960E-01  2.02566780004060440E+01  8.68100129608766840E+00
  6.26517897412854200E-01  2.37813463383379900E+01  2.88629077833604800E+01
  5.72142532162989690E-01  1.63162759473798110E+01  1.50884420345463200E+01
  3.47451934045076260E-01  1.36617662289921550E+01  2.49248577781321000E+01
  2.57564851167384970E-01  1.68509372624928770E+01  1.42236933008494950E+01
  5.33859136323620030E-01  1.37877650170981830E+01  8.53496262519249700E+00
  2.69169509893181310E-01  9.75273588281839210E+00  2.10822865632011870E+01
  4.24351701398837560E-01  1.61287067341933470E+01  1.85552239127572030E+01
  3.11762329988951370E-01  2.50037059873144330E+01  1.76591261714417590E+01
  3.50974061745161330E-01  2.54948794891341460E+01  2.01249227938249290E+01
  2.66929568161810020E-01  2.47669262218502480E+01  2.44745341066206170E+01
  7.20816873845379820E-01  2.01933187119919780E+01  6.21184387687312520E+00
  4.22201084465533680E-01  1.90242116815681290E+01  2.56020190454567590E+00
  3.09209541844886400E-01  1.09276586248328940E+01  8.97609955668347580E+00
  2.62213147743524950E-01  1.61490171126481070E+01  1.32835578436575080E+01
  7.60411681679863700E-01  1.33249604162692170E+01  3.50988961712342460E+00
  6.67521681419926690E-01  2.35740542720791170E+01  2.40523452320470130E+01
  4.37954134865551840E-01  1.25709574013134810E+00  1.86775145657435360E-01
  7.16654247500547470E-01  2.65919051863453010E+01  2.46793248467300510E+01
  7.12424816007452400E-01  2.87175726558700610E+01  2.01524640844249420E+01
  3.61198882346046800E-01  7.96276410006614380E+00  7.56699703604626170E+00
  3.82245446386266610E-01  1.92865739690424720E+01  7.51679303634020620E+00
  3.58737518624021320E-01  2.23742969825734190E+01  3.48784682220405170E+00
  5.81547682683179710E-01  7.59559106997449260E+00  1.34968841374110330E+01
  4.21963532045373490E-01  1.13592895561855510E+01  2.61831122128441260E+01
  3.12648490279368120E-01  6.94693148214659040E+00  2.05344933665590370E+01
  3.25036994184950640E-01  2.73204146871979780E+01  2.27209945415329850E+01
  3.83290088603488770E-01  2.55247298559770070E+01  7.78428652079707910E-01
  2.93443024193560210E-01  4.38369624241180400E+00  6.16257569266674480E+00
  2.66929568161810020E-01  6.63592139580528520E+00  2.21901779418966360E+01
  2.99038091422116640E-01  5.38912530500870090E+00  5.33794788324418510E+00
  6.00040109246873770E-01  1.34274505312117360E+01  2.68355243457545000E+01
  7.14535578675763720E-01  3.16306841957061340E+00  2.86400397415066350E+00
  3.06898385793053400E-01  2.02227401764386840E+01  2.09488768084772410E+01
  3.45648959319623030E-01  1.16012643228780040E+01  1.75819467663062670E+01
  3.87046365911375680E-01  1.92691052242079510E+01  3.33104246508093290E+00
  6.56539952722306990E-01  1.56484758355669720E+01  5.25882182747346330E+00
  5.07436062422724900E-01  1.92861969492562720E+01  1.09993332044685970E+01
  7.39270392714900380E-01  2.32240483232470000E+00  5.73207003338646450E+00
  5.38024295323284910E-01  2.65260475214754590E+01  1.77834184009701380E+01
  7.33199636544987770E-01  1.54838713839703580E+01  1.25431966106396830E+01
  6.31923671661538840E-01  1.32437630499210850E+01  1.01751135083258660E+01
  5.72951670348821020E-01  1.81585706604561810E+01  1.64119095278392000E+01
  6.40456937776772590E-01  2.96412285841692520E+00  2.07741274669452560E+01
  4.77241894706072770E-01  1.53631150667163860E+01  7.85711373066271350E+00
  7.64764367446448820E-01  2.08683316602508100E+01  1.04050169591348320E+01
  7.16535845940979770E-01  1.34009168320861520E+01  1.98786763443031700E+01
  3.10705613459761840E-01  2.93372989344489560E+01  1.79027795447832220E+01
  3.89901968262705180E-01  2.18282012250011710E+00  1.70111361646650390E+01
  7.15011499502423580E-01  2.75078689731635960E-01  2.45394437066921970E+01
  7.60297905848187840E-01  1.29750355702785140E+01  2.81176966683023120E+01
  2.65726189967390210E-01  2.27975712631872260E+01  2.68088526457660810E+01
  4.53492046339069340E-01  5.61324575485763690E+00  4.61960556319804370E+00
  5.18725390566230620E-01  3.16814742002182340E+00  1.46998627075972850E+01
  4.24020504903543660E-01  1.13647608077613550E+01  3.44498570060081910E+00
  5.17634268500846420E-01  2.74050524995453420E+01  3.17099185225874040E+00
  4.54567147313974470E-01  1.96746894851016090E+01  1.01192858180525570E+01
  3.65965634987757580E-01  2.25481682705362980E+01  2.39275280956635540E+01
  2.96256570285591500E-01  1.85922896595606350E+01  3.23773252613765550E+00
  5.50543265074639000E-01  2.25272259075201370E+01  2.94547948706430700E+01
  4.46540105696671490E-01  3.07344905056991410E+00  1.17671240969598190E+01
  6.47236078597052340E-01  3.87771216792684110E-01  7.90797112115797510E+00
  4.82769235883485770E-01  2.43793551596229330E+00  6.94804192291544710E+00
  2.97529618718302210E-01  9.84868281661111130E+00  2.84771236186983680E+01
  4.13811620468168510E-01  6.19682522177193550E+00  2.96393665154369120E+01
  4.87785457169642190E-01  1.05183043015572900E+01  6.46022271152282010E+00
  3.41778742319800830E-01  1.75603473537010260E+01  1.02218540168550670E+01
  4.05793634226126800E-01  5.79041177363242450E+00  2.71697068071172470E+01
  7.14516279726398110E-01  5.59478035679734110E+00  1.48589368721169950E+01
  3.71799304162545760E-01  1.53988329690620930E+01  4.70354526221967720E-01
  5.77820253962530560E-01  9.94020368410613210E+00  1.37542508461072050E+01
  4.75626642073745920E-01  4.55574287004078740E+00  2.07564059452809600E+01
  5.46562010559427060E-01  8.91727838428424490E+00  1.32879525344659690E+01
  3.29506256422424390E-01  2.01045916197284420E+01  2.58217484015627750E+01
  2.62213147743524950E-01  2.23045298986325450E+01  1.55505673742938610E+01
  3.63105686475124490E-01  1.75384271863438850E+01  5.46865288040410390E+00
  7.08391389715138510E-01  2.46324971622557310E+01  1.21415359417369280E+01
  4.26578460793149810E-01  1.70528739214671250E+01  3.86065665986330140E+00
  6.08873319065221350E-01  2.10508709004139690E+01  1.28312152934022110E+01
  5.39466591144820300E-01  2.78896216726249160E+01  1.67317850135773440E+01
  4.66553963192992600E-01  2.59502333129114010E+01  7.91057129174402270E+00
  4.82771447840326400E-01  2.26861019127393530E+01  9.12448543447468550E+00
  5.13004586318856950E-01  1.89266078862379210E+01  1.33557846541780400E+01
  3.17084428049163950E-01  1.31086741369127340E+01  2.44359742537973770E+00
  3.50974061745161330E-01  6.41196749822658150E+00  2.67276012101291440E+01
  3.82382183723224410E-01  2.65600431799152050E+01  1.68638923534091280E+01
  3.77759649416993960E-01  2.72654470357010830E+01  1.49135651126143570E+01
  5.74203886104520670E-01  2.86159083869817860E+01  6.85824898906477020E-01
  4.11346310528290360E-01  3.53056993745600070E+00  9.73597000314342510E+00
  5.06367095649294540E-01  2.95961488466277630E+01  1.50208312783499130E+01
  6.01687927537542500E-01  5.37450690982031620E+00  3.59228401279225860E+00
  2.49794182180603610E-01  5.31354000348920240E+00  7.42805179555252160E+00
  6.11481049571092420E-01  1.06256346513790890E+01  1.14904552494606940E+00
  5.03927515451986880E-01  6.91612493915203070E-01  2.26038570438886910E+01
  6.35485889077753010E-01  3.02956485712242610E+00  4.51023043101804790E-01
  2.99038091422116640E-01  2.72587592476582900E+01  8.40433623335227150E+00
  4.22541054278063120E-01  1.21511715568404370E+01  1.46043251665776350E+01
  3.05466220251299840E-01  2.00050599359897280E+01  1.66849894856807560E+01
  2.62213147743524950E-01  1.58224002820179340E+01  2.82210825439633770E+01
  3.61769499680632390E-01  2.90383191473314530E+01  3.25896991178923570E+00
  2.47647088603063280E-01  7.42084504654222780E+00  4.58698826862447100E+00
  3.11155895623034430E-01  2.18194256470138260E+01  2.31771259111950980E+01
  2.66929568161810020E-01  2.72994892656795200E+00  1.59752198322248070E+00
  6.90395435464654740E-01  2.20141780550146110E+01  2.73557913450508220E+01
  2.96503602823160150E-01  1.63344568927582720E+01  3.08711690689952740E+00
  6.57722721512726150E-01  9.49822238850064520E+00  4.27345155184823170E+00
  7.24777883420223110E-01  1.87161544756068280E+01  5.83604157797571780E+00
  5.48279863025970290E-01  2.71045160610525070E+01  1.40017392599543270E+01
  6.40748513009616880E-01  1.74032687789574570E+01  2.18411811420046430E+01
  2.56092450391898300E-01  2.71403113491932860E+01  3.89796650059955530E+00
  7.17499092254363010E-01  8.33963328120222870E+00  2.51961318273851600E+00
  4.66141488621800890E-01  2.53133143658329800E+01  1.61765228186298880E+01
  6.33759023001558490E-01  8.69751936205281060E+00  1.21696582044659050E+00
  5.48279863025970290E-01  2.93879525190368050E+00  4.10648369181405570E+00
  4.19081387041561550E-01  2.84042232108741040E+01  2.60122034588449580E+01
  5.70902198024309190E-01  8.12596136717380090E+00  1.57432087134562690E-01
  3.17950877609215300E-01  1.65342411564270680E+01  5.66417205605208360E+00
  5.96963967672292380E-01  5.02701662551981080E+00  8.22487846153041780E+00
  6.18832453479690690E-01  2.09623409295983130E+00  1.43201086345840330E+01
  2.63339374245984010E-01  1.37329943457835490E+00  2.86448478918034230E+01
  3.55036581058269410E-01  2.63856220217409180E+01  5.49921554657126870E-01
  5.84913004272127690E-01  2.78348958398339900E+01  4.37163623576452130E+00
  5.77235448209733180E-01  2.10507551830867360E+01  1.63529934202541940E+01
  5.01105313190319460E-01  1.20845041886560820E+01  2.17105937940113560E+01
  3.83598938984435380E-01  1.09727914401637570E+01  1.79521698737835460E+01
  5.98360795606824340E-01  2.36815103963776470E+01  7.64339330277332160E+00
  3.41778742319800830E-01  2.70757047319628260E+01  9.01823121692456550E+00
  3.29796701345061780E-01  1.27875791752958920E+01  2.59549278043550870E+01
  3.84420431658369740E-01  1.48193557341953070E+01  1.87995262305815700E+01
  4.91872428060923640E-01  5.15341430722808360E+00  1.99231834216920130E+01
  2.93443024193560210E-01  1.29467699057074000E+01  5.67829133673735420E+00
  5.81299825206354370E-01  1.00902393557576570E+01  2.50186628692229220E+01
  5.68243553274813350E-01  2.77774642779185040E+01  1.92842581028764110E+01
  5.39001667068871980E-01  2.69099383337256060E+01  5.00938202432899970E+00
  7.01587183784351610E-01  1.44877312092968750E+00  1.00013009258629650E+01
  4.45239477383046460E-01  2.76734935453908120E+01  2.64734440517276930E+01
  5.39001667068871980E-01  6.22468494656094600E+00  5.40062464749040670E+00
  2.86134314477376340E-01  1.42053477560947120E+01  1.58309471370478810E+01
  7.70254277643880240E-01  1.57003904324108510E+01  2.42704559276996680E+01
  3.45648959319623030E-01  1.80067530675971240E+01  1.55062875715497980E+01
  3.39481361119070080E-01  1.35272141286866120E+01  1.79287293622264410E+01
  3.04461637453634990E-01  1.66654239082577290E+01  8.84618679725400800E+00
  5.20369884994360540E-01  2.66768249049336960E+00  1.00871459433554380E+01
  2.65726189967390210E-01  1.50860335054700660E+01  1.02586024227609940E+00
  6.26908127420837150E-01  1.42556071627706270E+01  1.49159852015712100E+01
  3.48480710258510130E-01  2.71728122678119170E+01  9.70136984890278780E+00
  2.96653470797716330E-01  8.19430381206225000E+00  1.64582005696253370E+01
  6.31923671661538840E-01  2.35757085622243000E+01  1.29649239476261840E+01
  4.09705559579089850E-01  1.79316527742414070E+01  2.45440132282484380E+01
  6.72499163702481620E-01  9.15974814028726850E+00  2.91595467065762360E+01
  2.84029264846615530E-01  1.20081576019126000E+01  2.75761253627060370E+01
  5.34631033075580400E-01  1.82778463752947720E+01  1.07247717089490580E+01
  6.17076625982510940E-01  2.34325636408130150E+01  4.98176250111278040E-01
  6.55074006360275090E-01  1.78170052419597800E+01  1.37193660438049820E+01
  5.46562010559427060E-01  2.67089581623301840E+01  2.67035368615799340E+01
  5.17626013175185660E-01  2.03768581196080160E+01  4.27105591473102830E+00
  5.82207618145930890E-01  6.22354260017194780E+00  2.00079202635283760E+01
  5.98268629341587580E-01  1.07089771489828040E+01  1.10412243208264530E+01
  5.34553382826858140E-01  1.30029596974643000E+01  4.76398309394904200E+00
  3.76753951196820710E-01  6.40458654037346340E+00  2.09599162586608440E+01
  7.52518120402026810E-01  1.61990172399612820E+01  2.72789888336233020E+01
  4.81368497469048420E-01  1.97226990466612480E+00  4.46019242928803370E+00
  6.47413426355271770E-01  2.95217078313393880E+01  2.95592632687254270E+01
  3.05466220251299840E-01  1.66000750342073750E+00  1.76051397926385710E+01
  4.46689977500956030E-01  1.96285205867615070E+01  2.95373628362238780E+01
  6.18566685513849460E-01  1.82298666295416500E+01  1.24645564106951930E+01
  5.36592099856838090E-01  1.00565171222353720E+01  9.40229919481964420E+00
  5.09574347305064630E-01  2.49221982069209920E+01  9.25437634237971810E+00
  4.92328788949218680E-01  2.61827182488879480E+01  1.95570649929870410E+01
  4.83351594707823830E-01  1.95920394224643350E+01  2.43061265383818040E+01
  4.40650972415989980E-01  2.01990780819675530E+01  2.65853242944635570E+01
  6.10911033360540580E-01  1.61224481672566570E+01  9.65490970556414040E+00
  4.34172467284937990E-01  1.94354763861564450E+01  4.13478853906483400E+00
  7.03188417218805210E-01  1.46907042018051360E+01  6.22351854992220850E+00
  2.92799561075502800E-01  1.43594386398440740E+01  1.64100718896695380E+01
  5.68243553274813350E-01  4.07371709768764400E+00  1.15965012763110340E+01
  4.60682082706054620E-01  2.92381006033740260E+01  2.63485403934698010E+01
  6.41715074739605920E-01  9.98366788351317420E+00  1.76837138513047910E+01
  4.55206736325743130E-01  1.80880454202880330E+01  8.69461625602573920E+00
  4.22201084465533680E-01  2.53186409932493820E+01  2.61014019972969760E+00
  3.63079661055833470E-01  2.16234689160730330E+01  2.95887274047151220E+01
  2.63055759251188670E-01  1.48792314176043550E+01  7.17551801955890410E+00
  5.32877675645020420E-01  1.23889167276494320E+01  1.36794881980485420E+01
  5.77235448209733180E-01  5.25547966914697360E+00  1.12015778371819720E+01
  4.09775903561979240E-01  1.19180427598579540E+01  2.26059459302501470E+01
  6.93187364831086050E-01  1.17245291493753910E+01  1.87223014393046970E+01
  4.30054269381220950E-01  1.38785695489556830E+01  1.10259588406575590E+01
  5.07436062422724900E-01  2.86699678587800830E+01  5.07506093085369960E+00
  2.49948351789403130E-01  1.56420448890703700E+01  6.16517029074882930E+00
  3.16022212934137680E-01  2.02043892243052920E+01  3.44776073088114200E-01
  4.72818350263822220E-01  1.85564155496437730E+01  2.16564271183183660E+01
  4.46689977500956030E-01  2.93419333928992570E+01  2.84800676567087090E+01
  4.74581552528920360E-01  1.57955774442275330E+01  2.53589286159582140E+00
  4.86590143357422540E-01  2.10146091254771720E+01  9.16255258001775450E+00
  2.73281005279713530E-01  2.32178099268469720E+01  1.04588837074446520E+01
  5.20515140446715560E-01  1.42837508183478570E+01  2.30233702612714840E+01
  4.13811620468168510E-01  1.57094127876682760E+01  2.94284915063005310E+01
  3.81419328643079860E-01  8.75323181478385410E+00  2.25717961719753360E+01
  4.05593309893122810E-01  2.93055516262086680E+01  2.72121195314978690E+01
  5.85380732291966590E-01  1.68453238884224940E+00  2.30506105803457900E+01
  4.06599624824484800E-01  1.13719074111380300E+01  2.61493003359280340E+00
  6.40456937776772590E-01  8.07462472603125650E+00  1.80057842341182170E+01
  4.75626642073745920E-01  2.06919526181297970E+01  1.38536961160271340E+01
  5.09222041678605210E-01  1.56806963346741930E+01  6.92324023760306420E+00
  5.77820253962530560E-01  2.49804851768350250E+01  2.87406031624427280E+01
  3.80273533482480450E-01  6.21186819456395510E+00  2.26785311064489720E+01
  5.01406606281285510E-01  2.57613897452194320E+01  6.96160139191111860E+00
  3.59079136884617700E-01  2.53145445371763880E+01  1.29620053135756590E+01
  5.94092381958372510E-01  5.67576227173027540E+00  2.87767588256185290E+01
  2.54611020839302520E-01  4.15091078227512430E+00  1.24154833463199240E+01
  4.99223721401470310E-01  2.39509450053121750E+01  2.29487504398432730E+01
  2.54611020839302520E-01  7.72883052779257530E+00  2.87275610631448010E+01
  3.20574425314766210E-01  2.17759869923128020E+01  2.63734583430166540E+01
  2.85767805251094040E-01  2.77881921384487000E+01  2.71952276731397870E+01
  2.54611020839302520E-01  2.90011662454151670E+01  2.54563927227174510E+00
  4.12246671516209600E-01  1.69966744848204460E+01  2.81270436434557530E+01
  4.41298336829792340E-01  2.70675280447477430E+01  2.19978940766897250E+01
  7.09985914168247060E-01  8.84417563177117750E+00  8.17512545692005150E+00
  6.80956647410425740E-01  1.03521439905901520E+01  5.30365014682371340E+00
  4.75338540515479570E-01  2.80937580614171230E+01  1.46866954480986550E+01
  7.49588614928249000E-01  5.85008157640432280E+00  1.05651762512100670E+00
  4.74033319401206570E-01  1.27478800413383220E+01  1.81616794548848550E+01
  5.20515140446715560E-01  8.41743663882251520E+00  1.42305527019257100E+01
  5.48131117613959250E-01  1.71559448747861370E+01  2.89179923925306600E+00
  3.46733456860136300E-01  2.65234351827842300E+01  7.33390257360633410E+00
  6.97384645011991290E-01  1.18472107522676370E+01  1.61898952892057710E+00
  3.78209123272245940E-01  2.19019686353640890E+01  5.07584203312648440E+00
  3.82382183723224410E-01  1.37156845279793560E+01  2.23218214757793200E+01
  4.46537248270915300E-01  2.88253166109593120E+01  1.04256944008358370E+01
  6.08690451339190200E-01  2.70095560281432870E+01  1.28790106675739600E+00
  2.59062449636064510E-01  1.94672824460243770E+01  1.95125681076786140E+00
  4.43756654693070110E-01  1.04376016388169330E+01  2.66063970417714550E+01
  3.18942867500738640E-01  1.41624772006091730E+01  1.90505533078089790E+01
  7.16535845940979770E-01  2.77617103005387800E+01  1.79996480578218300E+01
  4.62836237406567810E-01  3.64293456769335580E+00  1.79527711530018480E+01
  6.97384645011991290E-01  2.34140515687275010E+01  3.30382481935529530E+00
  2.47647088603063280E-01  6.49953401463641710E+00  3.45669082037305220E+00
  4.05793634226126800E-01  1.36161964448714500E+01  5.47671463992582200E+00
  5.37364664263313330E-01  5.49184327979374580E+00  1.36125066933267170E+01
  5.72881440675418570E-01  1.21248911988056420E+01  4.08940192107926580E+00
  5.04213456464067280E-01  5.53128665225795050E+00  2.08443278000347370E+01
  3.86557871019070410E-01  1.55243032675290600E+01  2.13373612347367900E+01
  5.62178328188990490E-01  1.50085442950480810E+00  2.41828811104940190E+01
  6.41715074739605920E-01  9.35622622230835430E+00  1.04291230395258140E+01
  4.54567147313974470E-01  1.75044985941996320E+01  1.95211618744292340E+00
  3.97011970696729720E-01  6.95910861741904260E+00  2.72369709374509520E+01
  3.99477862283745790E-01  2.58822367803964240E+00  1.54116517207668910E+01
  5.15931587153482510E-01  7.31873355554808120E+00  2.80754587648644010E+01
  5.98026541173087530E-01  1.22373652130280770E+01  2.67019391952805840E+01
  5.94917806945655060E-01  5.00678244150270670E+00  2.77943719722111380E+01
  3.86557871019070410E-01  1.07363410158797720E+01  2.14080752820955710E+00
  5.52347772924787250E-01  2.85425793259738650E+01  2.14485198678168420E+01
  4.05793634226126800E-01  1.32953181941214820E+01  2.29885093588517720E+01
  4.66753989857397040E-01  1.23775771489067420E+01  1.72973888638813410E+01
  6.77666041374141330E-01  1.69477454926369510E+01  2.50055135363201980E+01
  3.23306573977224420E-01  1.78039785512399540E+01  6.35182392988187420E+00
  6.88340418185590860E-01  1.38262993028659940E+01  7.31343640435662930E+00
  4.11696508529454960E-01  1.71088687297235930E+01  6.11317885852861750E+00
  4.03052389307286420E-01  1.55338847244708380E+01  1.91301765536110440E+01
  2.97529618718302210E-01  2.50048535836207790E+01  2.06472425414583290E+01
  3.13090147150790890E-01  2.41129985218000660E+01  1.13143272552768410E+00
  5.01435669612667030E-01  2.49111687488686720E+01  4.86180337391190690E+00
  5.26482748420329030E-01  1.94254389460835170E+01  2.53020163367642890E+01
  6.75156127532392600E-01  2.83083637048518210E+01  9.43035911085390310E+00
  7.20816873845379820E-01  2.89632509316582900E+01  1.60718827875961590E+01
  5.30006102735105960E-01  1.51627935871514230E+01  2.86595084139753560E+01
  3.43353541919950760E-01  2.29657900970185200E+01  8.34718951069889850E+00
  5.32877675645020420E-01  2.79489601134334450E+00  1.63207418533340740E+01
  6.44956217916396120E-01  2.90839262861269180E+01  1.29632426514108850E+01
  3.55036581058269410E-01  1.15861859062008590E+01  1.40708681388811970E+01
  4.30054269381220950E-01  4.66635952597586370E+00  1.76936462559495380E+01
  4.93734512940847830E-01  7.06324479807809260E+00  2.15258047788292290E-01
  3.42409596243210680E-01  2.23007404035839120E+01  2.45910147387072870E+01
  5.58952633370732950E-01  2.52771894452294670E+01  2.51236393588780870E+01
  4.49954956992444630E-01  2.37082845502691390E+00  1.78603928538534120E+01
  4.11346310528290360E-01  1.86806463542919050E+01  2.81853660187771170E+01
  4.72818350263822220E-01  2.18541394034844980E+00  7.86918592752809240E+00
  5.00672486592370710E-01  2.90892173528612190E+01  2.53988529772204110E+01
  4.15334611176110170E-01  2.81920157110531630E+01  7.27440225457529270E+00
  7.70254277643880240E-01  1.57539633377235810E+01  2.58228846853305820E+01
  5.32262962461145860E-01  1.55967125495753450E+01  1.71013409196026840E+01
  4.01880163826280960E-01  3.85307120122778810E+00  2.02312671115824470E+01
  7.41720708060832300E-01  2.77788300639157410E+01  5.95002022114493820E+00
  3.01674668393272730E-01  7.08623712722640420E+00  8.71956460842753240E+00
  2.66929568161810020E-01  5.23063593993373210E+00  1.03583720761993860E+01
  4.15334611176110170E-01  1.57445103161118460E+01  1.99208327520180360E+01
  5.20369884994360540E-01  2.12064782168656660E+01  2.26154994998413880E+01
  2.84672167568555990E-01  1.80742424629019780E+01  6.76540476533876410E-01
  5.18912146576496980E-01  2.58594277670924060E+01  1.21560080390058460E+01
  3.90540239164096370E-01  2.20276705813717440E+01  1.26245592242668710E+01
  3.63079661055833470E-01  1.38580630757588230E+01  1.80168074137536550E+00
  4.73113776075054650E-01  2.73842409234442170E+01  7.64270570296595950E+00
  5.55687039951364880E-01  1.67618066908957070E+01  1.06304816923558110E+01
  6.97384645011991290E-01  2.16113842081569660E+01  2.53691431117296240E+01
  3.54092873053847420E-01  2.43478746233015070E+01  3.78617617955202100E+00
  7.37991961479508610E-01  2.29036025632572940E+01  2.05642248555169540E+01
  5.10790949981952740E-01  1.30468286574552860E+01  1.47776263220575930E+00
  7.03918080384424090E-01  2.11769088613131090E+01  2.06167049554464650E+01
  2.69326463995374250E-01  1.56434235267158210E+01  1.79014043615695790E+01
  5.39922025342825940E-01  3.98860223873327120E+00  8.90232152674846060E+00
  5.39922025342825940E-01  1.06867758881558790E+01  4.12962420373867280E+00
  3.52682444144397330E-01  1.45817836311885890E+01  2.38457873783414200E+01
  3.17084428049163950E-01  9.35394386843426770E+00  2.31453561264049910E+01
  3.92511582998476170E-01  6.77542304208724210E+00  2.44067882113191320E+01
  2.92799561075502800E-01  4.48334534822984750E+00  2.22367020757640290E+01
  3.63105686475124490E-01  7.77120385067261840E+00  1.05110096568401840E+01
  3.25036994184950640E-01  6.13620121806260690E+00  3.01465805615416780E+00
  5.70902198024309190E-01  1.02731373462585370E+01  2.05306170010321230E-02
  6.18138908065390960E-01  2.22442503215441900E+01  6.98414935204266120E+00
  3.10705613459761840E-01  1.89103602349869750E+01  1.01601943678525560E+01
  6.99092076263204730E-01  3.94083422662060520E+00  1.68297360854650120E+01
  4.40295189098215370E-01  2.90652519813326200E+00  9.15704814465490280E+00
  6.52034765531911640E-01  2.48472518749891370E+01  8.09537797634970250E+00
  5.12628979659419230E-01  1.70911074343163280E+01  1.72173744460819480E+01
  2.68569610726517900E-01  1.59573686520718660E+01  2.87359444913933760E+01
  4.41473589537221400E-01  2.79618790046471300E+01  2.38534659475739340E+01
  7.41623060643924430E-01  4.39902657199147300E+00  3.10827732161500240E-01
  2.49794182180603610E-01  1.71930365432647570E+01  2.71477214071872340E+01
  3.44856808658559500E-01  1.28437927150061760E+01  1.24596600782380630E+01
  6.83701617051292750E-01  3.62087568045893620E+00  2.28305204925925910E+01
  7.19599311285852310E-01  2.54345645293798870E+01  1.49975873039308640E+01
  6.67521681419926690E-01  1.48593476900755590E+01  3.23555280785276620E+00
  5.40946473112310590E-01  8.36154225106822220E+00  2.82456779032426190E+01
  3.83579206291793930E-01  1.07073774015648990E+00  2.63311627590736420E+01
  5.04339573614743570E-01  7.10136720197069770E+00  3.90679350697479410E+00
  6.35523375007872900E-01  1.81662769432497520E+01  1.76201572672947080E+01
  3.44905765886116280E-01  7.94315448158227520E+00  1.96701496186825300E+01
  2.65726189967390210E-01  1.54843278984041070E+01  2.19981922435799430E+01
  4.87785457169642190E-01  2.27821022592122300E+01  1.21759389005350690E+01
  3.71299762957800540E-01  2.55754954726516390E+01  1.80319858297195100E+01
  4.13811620468168510E-01  1.62363664867095850E+01  1.39537453995005550E+01
  5.69423614487483490E-01  2.47668601045828320E+01  2.36384936001512180E+01
  5.83429036676414100E-01  7.15612585831388160E+00  2.53052604529218210E+01
  5.30006102735105960E-01  1.78244496190623320E+01  2.85758232500039000E+01
  5.16710955738981780E-01  1.87929319529972610E+01  3.23243766745786230E-01
  2.65726189967390210E-01  1.67934482914349510E+00  2.97294284301957350E+00
  3.18942867500738640E-01  6.36437955957052370E+00  2.14727937472767700E+00
  3.23881608201221470E-01  4.12229191386597640E+00  8.04927135238092010E+00
  3.54092873053847420E-01  2.42960356434366390E+01  2.70836347518339050E+01
  5.12509616084684260E-01  5.99428154377447790E+00  2.17487705034532970E+01
  4.99223721401470310E-01  9.39651518087119970E+00  3.12197166003946650E+00
  2.56092450391898300E-01  1.09217548115607710E+01  2.51189481413898680E+01
  5.45765227979075810E-01  1.42514719253032640E+01  2.92303471779438870E+01
  6.94010183176834960E-01  2.79676978429942410E+01  2.49884817308133440E+01
  3.57201130995523370E-01  1.61229676207739030E+01  3.86359571745217070E-01
  5.25895496843049500E-01  1.80052118615654490E+01  2.75359021699758490E+01
  5.10790949981952740E-01  1.95187345197571140E+01  1.54381034492850520E+01
  4.89717368181109780E-01  2.59942032368329700E+01  2.74533674046739020E+01
  4.82769235883485770E-01  4.07604367630455580E+00  2.72516457178306480E+01
  6.93278360304079300E-01  9.12882202847376160E+00  5.92889252808666980E+00
  3.35017483125717060E-01  2.07771061140388720E+01  8.14586548505563180E+00
  3.26514001167033020E-01  1.85806350806255340E+01  1.84882487262284450E+01
  4.75880684447443510E-01  4.60615709220015820E+00  2.88035527859252090E+01
  4.22354771203238230E-01  1.09343017541770050E+01  1.36480846947438050E+01
  4.11966131227655820E-01  2.25639933741523320E+01  1.32205322818944420E+01
  7.30946391186454210E-01  6.32644584589080680E+00  1.61047075974526240E+01
  4.22201084465533680E-01  2.63254995503815510E+01  9.94435784006152450E+00
  5.15931587153482510E-01  6.58384809561631190E+00  1.28892879931277310E+01
  5.52347772924787250E-01  1.92647261416961410E+00  2.13606110808954700E+01
  2.49794182180603610E-01  1.25836835631825750E+01  1.51187887841716290E+01
  4.50103975287380020E-01  2.11803165702364600E+01  6.84433531414818040E+00
  3.61769499680632390E-01  1.84096723455133430E+01  2.39391994309395070E+01
  2.77147605524350650E-01  1.63454054202475660E+01  2.83524379671914770E+01
  7.64764367446448820E-01  5.41027941420184360E+00  6.41796303470104860E+00
  5.71326189973923350E-01  1.24602771196022350E+01  9.26311561391758080E+00
  4.07877171249442140E-01  9.03714258648438750E+00  2.39449486258470690E+01
  4.46540105696671490E-01  1.34212989363209590E+01  1.55912546257705300E+01
  5.07606992315717240E-01  4.68395582350826970E+00  1.52590809563085280E+00
  3.01731430220296380E-01  2.85384319400800240E+01  2.23024889483115350E+01
  4.32382463464541460E-01  9.84504585401944430E+00  2.17775049584104710E+01
  3.25762576013666160E-01  2.56305722590866170E+00  2.27313961617050710E+01
  6.24920360555607160E-01  1.21745066653404010E+00  1.34403452264812820E+01
  7.38532964590205680E-01  2.07966307888879310E+01  1.50627051833404270E+01
  3.92511582998476170E-01  8.68627977302433510E+00  4.93815320072806420E+00
  2.97561439636419770E-01  2.03687708312427600E+01  2.42264700341327170E+01
  3.46434506905438330E-01  1.97896099953881260E+01  2.62841492669214990E+00
  5.89502618647478990E-01  3.88777309836845310E+00  2.15858240807406640E+01
  3.32399546609116130E-01  1.31879258688085050E-01  1.13934423296912030E+01
  5.77649046292645880E-01  2.14451857218445450E+01  1.74383149744549650E+01
  4.31729360191427780E-01  1.76257874174143830E+00  1.53162092227980620E+01
  3.17950877609215300E-01  3.58447189538337830E+00  1.23353731017404550E+01
  4.75880684447443510E-01  1.35961336662128800E+01  1.64968875983748830E+01
  3.91816801400439550E-01  1.63756832024370380E+01  1.60505350280335010E+01
  2.50163292655703180E-01  1.96029445298844780E+01  1.62827010080125160E+01
  3.42074681651230290E-01  7.01739716578137520E+00  5.01688624335201010E+00
  3.50974061745161330E-01  1.88829695739518220E+01  2.08884684140695210E+01
  6.18566685513849460E-01  1.00696786350558320E+01  2.02533194623752950E+01
  3.24719866931951940E-01  1.22164535402002220E+01  1.22256466798446300E+01
  3.57201130995523370E-01  2.25857700718116980E+01  5.90280732159725030E+00
  3.13090147150790890E-01  1.47966390837198920E+01  1.68292602597777260E+01
  2.58355477869490890E-01  1.41209512720043630E+00  6.30813950894716150E+00
  4.83351594707823830E-01  9.76795207069252140E+00  1.27075148175873170E+01
  5.48463672908306780E-01  2.09840612738806450E+01  7.17608857537686880E-01
  4.24351701398837560E-01  2.03924196201179730E+01  1.85207383307721470E+01
  6.80557430527969220E-01  1.94889910881450560E+01  2.74522203254269710E+01
  3.73125396709624990E-01  1.19683396036987850E+01  1.28773829221196610E+01
  6.77808113742920780E-01  2.65755312454162610E+01  1.58042576262550650E+01
  7.67512613708393760E-01  4.46041951553092990E+00  1.88722378490398060E+01
  4.76544583128828500E-01  1.27080790857649860E+01  5.50545073184412810E-01
  6.97738347479756800E-01  2.22046202744412500E+01  9.67786674074464240E-01
  4.49545157175862540E-01  1.35499150711885310E+01  2.57933902092831740E+01
  6.25336422111717830E-01  1.18089914864326090E+01  1.55939396548472470E+01
  4.99487474973056500E-01  7.83681119790002170E+00  5.20706530751385350E+00
  6.67521681419926690E-01  2.07395504639151800E-02  2.11066041173688850E+01
  3.44170209092795430E-01  1.13613494289823950E+01  2.89319255434156660E+01
  4.01880163826280960E-01  1.42702784036574520E+01  1.02925225566673360E+01
  5.95035019805102560E-01  6.24418276783650320E+00  8.41168448314094340E+00
  5.20348764567513020E-01  2.61050434620111990E+01  2.58157476021510310E+01
  7.44845164893703690E-01  1.40498191583398760E+01  1.21876256821149480E+01
  6.94010688862415210E-01  1.15755859471452980E+01  2.54740162251664510E-01
  4.00156705760987560E-01  9.54704989590355170E-01  1.76216726839388190E+01
  6.57722721512726150E-01  1.79047651701777890E+01  2.06443970694457730E+01
  3.61198882346046800E-01  1.45526056473541820E+01  8.07043554367596450E+00
  6.07167866036927160E-01  2.33611450183642160E+01  6.48161179160752980E+00
  5.81677556670477180E-01  1.00221790524585220E+01  2.38581079311763920E+01
  3.17579752081870750E-01  1.85727700426617410E+01  3.85116380314243010E+00
  2.69169509893181310E-01  1.08482692527802950E+01  9.54818757286123440E+00
  5.36592099856838090E-01  2.10882364978148540E+01  1.16869534013339700E+01
  3.01799748246536660E-01  1.54043783903686280E+01  1.15113096986739850E+01
  4.05794678723965420E-01  6.41586874383598090E+00  1.72377504798447740E+01
  3.65995101567518470E-01  1.86157303431152990E+01  1.15590775834901810E+01
  3.39481361119070080E-01  2.11221756533837850E+01  1.82964482839909160E+01
  6.97384645011991290E-01  1.01288830322696820E+00  5.14440124620030840E+00
  6.82253548551889110E-01  2.04009198112925670E+01  1.80132975994530180E+00
  5.67035311113654220E-01  1.91928578339804330E+01  2.25156459137638120E+01
  6.47236078597052340E-01  2.88816671684478120E+01  1.87776382503939130E+01
  5.92513140571182980E-01  3.78310486963911250E-01  1.84292088500912180E+01
  4.71553509741754610E-01  2.86579091984052640E+00  1.26613377571966110E+01
  6.55885333720611730E-01  1.96437479391981960E+01  1.42784890739221220E+01
  2.83840017940612550E-01  2.00190930422413660E+01  2.23127862495224750E+01
  5.65219172841477580E-01  3.25883735591087880E+00  1.36202945452237500E+01
  3.48480710258510130E-01  2.58167374202036410E+01  2.66346233435920150E+01
  6.26908127420837150E-01  7.40216707600302650E+00  1.69322802281084890E+01
  2.62213147743524950E-01  2.14099165202409730E+01  2.18584108964864750E+01
  5.08737612195334600E-01  1.25366827049636780E+00  2.52738319205952530E+01
  4.59281804788439010E-01  1.93482257285055930E+01  2.62875696446194700E+01
  2.86550378078914000E-01  1.80530977342148910E+01  5.07261949215791130E+00
  2.99038091422116640E-01  2.06597545142448310E+01  1.78397166343210570E+01
  3.62493203924014780E-01  1.72783934380541740E+01  8.58115844343200960E+00
  5.64616421781660800E-01  1.58780117270478470E+01  1.27485268584843480E+00
  3.87533216804236250E-01  1.61188324231462590E+01  2.18431012035566350E+01
  3.90540239164096370E-01  2.59859351398038530E+01  1.06827416127096040E+01
  5.44640939783434240E-01  2.83211710910667590E+01  2.92991930452448130E+01
  3.84420431658369740E-01  2.78550531076230000E+01  2.22448647010358230E+01
  4.53492046339069340E-01  5.29280082330464110E+00  2.44602543448087180E+01
  6.38023782753992030E-01  4.32779395567808220E+00  1.04175846270395840E+01
  5.00672486592370710E-01  1.96196651955795790E+01  9.14456910085357140E-01
  6.08873319065221350E-01  3.28759537753730680E+00  7.63305939670818740E+00
  3.18942867500738640E-01  6.06430424874333870E+00  2.44236372295639940E+01
  2.65726189967390210E-01  1.12820339778997150E+01  2.54973185260497780E+01
  7.10410487391814980E-01  8.17573174455724510E-01  1.57831541246011820E+00
  4.66797018098134940E-01  1.65860672197641180E+01  2.02479247670853810E+00
  3.89889811574280460E-01  5.58351637683636600E+00  1.91532804052966700E+01
  2.92456502136063850E-01  2.86382759399699300E+01  1.21387167384078420E+01
  3.63079661055833470E-01  2.33249794903884830E+01  2.64677144509289310E+01
  4.13811620468168510E-01  7.19385476573778250E+00  1.97870677197712330E+01
  2.60417758313763680E-01  8.15321882244894170E+00  2.90192568425288470E+01
  4.41940562555082740E-01  1.30081514324293790E+01  2.18993511196222240E+01
  3.08418768867630710E-01  1.62619140100714970E+01  2.25240694123032520E+01
  3.04461637453634990E-01  1.50136872465523230E+01  2.96069644474575460E+01
  4.75626642073745920E-01  2.42307473130848830E+01  2.49879676080253750E+01
  4.19693779402500590E-01  1.72455487385045740E+01  1.54332056625648310E+01
  3.26514001167033020E-01  2.72097790686554790E+01  1.31323434444867750E+01
  3.55388479881239270E-01  9.66922583566320880E+00  1.00735594263879700E+00
  5.33859136323620030E-01  1.99480388853875400E+01  1.31284707283832900E+01
  3.39481361119070080E-01  1.13245851132317980E+01  1.96741599284420730E+01
  2.51153087880769550E-01  2.66790912599658370E+01  2.77354526023834790E+01
  4.21603844523193420E-01  2.65519023619996340E+01  3.56228170678912410E+00
  5.20348764567513020E-01  1.63236179880692620E+01  1.16128545789554490E+01
  6.86210935380316480E-01  1.28376407436772450E+01  1.14286240231424700E+01
  4.41140732643827070E-01  2.54668441303569710E+01  1.00333895105913130E+01
  6.26908127420837150E-01  1.78558717571874190E+01  1.93615633358237390E+01
  5.11871480770454750E-01  2.19888285326331710E+01  1.97125729400844310E+01
  4.70990686464341570E-01  2.16194657514556140E+01  3.14411704178054660E+00
  5.20369884994360540E-01  2.04390611958165780E+01  2.50408846428307610E+01
  3.04306421741581800E-01  8.41495629780352950E+00  1.03350910675308110E+01
  5.88333222664750720E-01  5.24092478343547800E+00  1.68535422047684060E+01
  6.64541222436485860E-01  1.26920608010405990E+01  8.04973755765266570E+00
  4.24351701398837560E-01  1.42132262394869270E+01  1.82645042901498340E+01
  5.55920758830291820E-01  2.79130077108632760E+01  1.25778305745111400E+01
  2.89042915761794110E-01  4.59260305604653760E+00  2.28081102004140990E+01
  2.47647088603063280E-01  2.76265894762563380E+01  8.80862850045206260E+00
  5.88686278844574580E-01  2.57308816236426240E+01  2.11545354372539980E+01
  3.53063097104977870E-01  1.89039645886836800E+00  1.61012996222260650E+01
  4.50600139601478670E-01  2.45211400083861690E+01  3.00050305425542300E+00
  6.65634982039605120E-01  1.67653060771990320E+01  2.92044313490907080E+01
  4.69750256464274060E-01  1.05767211452768260E+01  2.87176636110104790E+01
  6.13801455222646290E-01  1.93185660100982270E-01  1.03932343493377160E+01
  5.14582826754803690E-01  2.73486209955111940E+01  2.17415372272542000E-01
  3.81419328643079860E-01  1.73373686902465880E+01  1.46377992120646730E+01
  7.28196096543639280E-01  2.18332305397849280E+01  8.26539926128061000E+00
  7.33199636544987770E-01  2.50817163330376650E+01  1.90197344154990380E+01
  2.86550378078914000E-01  1.16085086667897050E+01  1.34298608923903480E+01
  2.52169786807371790E-01  1.87035060545287380E+01  1.91324512641363140E+01
  5.01406606281285510E-01  1.32925496827254380E+01  1.31771167393008920E+01
  4.18948713530687210E-01  1.39167590955140740E+01  1.39266959383792110E+01
  3.62620749938717070E-01  1.92671665667664980E+01  6.77286274479883320E+00
  3.15231116497538320E-01  9.42739727347916020E+00  2.23973765822226270E+01
  2.83840017940612550E-01  2.70953451604524280E+01  2.80713126850182850E+01
  4.72199721516180480E-01  2.70954526396012480E+01  2.57613216364944330E+01
  4.41666133880560000E-01  2.00973793541873890E+01  3.35371601887002630E+00
  3.39073066583844400E-01  2.89148286886348450E+01  2.45778166260063240E+01
  2.54831192030272870E-01  7.33179381070125040E+00  1.27033129308990680E+01
  6.65634982039605120E-01  1.19653422635974490E+01  1.03964919514179850E+01
  2.69326463995374250E-01  1.46353935457826580E+00  2.22249817099760070E+01
  3.08418768867630710E-01  2.47175950692110930E+01  1.00463027222000140E+01
  5.63324676144028570E-01  1.71154863144962130E+01  2.37767921609309280E+01
  2.49794182180603610E-01  2.71182921875430440E+01  1.65606520168359810E+01
  6.44956217916396120E-01  1.48584451927793140E+01  1.92382365499674110E+00
  4.26043897269923290E-01  8.62179489114584460E+00  3.62754073028619080E+00
  7.44533748089133770E-01  1.82075963755968680E+01  2.56646051946881750E+01
  2.47647088603063280E-01  8.93320443244600430E+00  3.63216605603288830E-01
  3.47451934045076260E-01  2.26148119845251920E+00  2.46805487826289540E+01
  4.83182858574677270E-01  1.40172894597891610E+01  4.68384160860242820E+00
  5.38382388131525950E-01  2.96376629326075330E+01  2.33306730215072770E+01
  6.08690451339190200E-01  1.06177553967267620E+00  1.12530343217975340E+01
  3.93024383017402490E-01  2.70701356942129400E+01  6.83585224254906620E+00
  2.54611020839302520E-01  1.66418190783888240E+01  6.81597677295033040E+00
  6.82253548551889110E-01  2.01936305360751260E+01  2.32629177871172100E+01
  7.67665169660178040E-01  7.55568573715688710E-01  1.59675430899964410E+01
  3.95839252948554370E-01  2.35821930679416950E+01  1.18017157633611110E+01
  5.15379284759350490E-01  1.41355527121555160E+01  1.73282511834487740E+01
  5.09222041678605210E-01  3.18767249416595180E-01  2.77940014760020940E+01
  4.72038094207023740E-01  1.92457906775195740E+00  2.62856913417682560E+01
  6.64541222436485860E-01  2.06803276406488440E+01  2.91802184046960210E+01
  4.84167632717154460E-01  1.47926628232279820E+01  1.10178455204902050E+01
  5.39922025342825940E-01  1.95565870881920640E+01  2.14708672199687530E+01
  3.77759649416993960E-01  1.63067401626317050E+01  2.32959074176414060E+01
  5.06367095649294540E-01  3.68822711105546870E+00  2.43481975113906980E+01
  3.05466220251299840E-01  7.49912357622168990E+00  2.92380224808372060E+01
  7.55604472483241980E-01  2.30639005582992450E+01  2.53803306643822780E+01
  7.68548325332126940E-01  2.50581344739666850E+01  2.23328668291876900E+01
  3.09209541844886400E-01  2.57015386268770810E+01  1.13430676219624970E+01
  4.71553509741754610E-01  1.47675056783934370E+01  2.08946091296534850E+01
  3.65995101567518470E-01  9.12061243677518440E+00  2.10232696411335240E+01
  6.26517897412854200E-01  8.82618615259507780E+00  2.00755433372457440E+01
  3.55388479881239270E-01  2.17011746191769320E+01  1.56826688031777620E+01
  3.90423892796942250E-01  2.01900096834489770E+01  1.93413447000435890E+01
  4.92172780862642510E-01  2.41314502051908700E+01  2.06930768037674500E+01
  6.66683478841499700E-01  1.80492064951621810E+01  2.29768242731659920E+01
  6.94903868090152520E-01  1.09383847677742720E+01  2.20506523584056990E+01
  7.65642972591057180E-01  7.31342623128360980E+00  1.44921053343024390E+00
  3.52682444144397330E-01  2.47651255314471680E+01  2.12512511255445700E+01
  5.39466591144820300E-01  7.89360421516811430E+00  2.29017744569703580E+01
  4.26043897269923290E-01  1.79181296672923800E+01  3.49846704002303400E+00
  2.53364602799301860E-01  1.80010810830344670E+01  1.84934817424835880E+01
  3.83290088603488770E-01  1.36050703144941440E+01  6.26529074662043150E+00
  5.55920758830291820E-01  4.61585712056930040E+00  4.46592513091668500E+00
  4.13050329149462850E-01  3.86302822187613870E+00  2.52507448153952330E+01
  5.20369884994360540E-01  7.52610542720072220E+00  6.80167504627643640E+00
  6.99477888048091770E-01  2.21385167448964570E+01  1.85105945460283540E+01
  3.59079136884617700E-01  2.74404655308248020E+01  2.15453704083620060E+00
  3.01799748246536660E-01  2.90054341798726330E+01  5.81094450706114780E+00
  5.28731261397185740E-01  3.61478460997134650E+00  1.56465507651384840E+01
  6.80338287111455390E-01  2.27728266241757570E+01  2.29058825187340000E+01
  4.74033319401206570E-01  2.55101365805386280E+01  1.73474268458229950E+00
  3.53302408788900560E-01  1.20035248770546090E+01  2.86609451631418180E+01
  4.03052389307286420E-01  1.39287103395391850E+00  1.69489756542175800E+01
  3.33973424357718240E-01  2.43670639225744630E+01  1.75545773400471850E+01
  4.68162992243922280E-01  1.81363084568360870E+01  2.62437130314177440E+00
  4.72192289519205580E-01  8.53771838118670520E+00  6.93359109862265920E+00
  6.73658304681401180E-01  2.14051893746795760E+00  2.91825532811063190E+01
  4.61178090502161720E-01  1.49248581002296630E+01  4.40459488388556860E+00
  4.18189647978318300E-01  1.87539913766665090E+01  2.46384005333133550E+01
  5.15379284759350490E-01  4.73640555091752360E+00  2.55651584261956690E+01
  5.34553382826858140E-01  2.57173379037428380E+01  2.95738495904114950E+01
  3.70336582810533970E-01  1.06597816767891570E+01  1.86575573778408810E+01
  6.42747544188997020E-01  2.26971095633359030E+01  4.43564192936158630E+00
  4.50600139601478670E-01  9.07385631449889550E+00  9.31266196738727280E+00
  3.55036581058269410E-01  1.51504255724340170E+01  2.69238172596879050E+01
  3.54092873053847420E-01  2.04231404108261170E+00  5.12909661870193290E-01
  5.13614394364816020E-01  7.77268607652834560E+00  2.05110495400621740E+01
  3.65995101567518470E-01  9.00251907073441520E+00  1.23284905935107500E+01
  5.25383403930900440E-01  1.13609138043836120E+01  2.80625949780903990E+01
  3.83598938984435380E-01  1.06474938705422360E+01  2.58061847893120270E+01
  4.86073626967704090E-01  7.04327270476202560E+00  7.68403268906497950E+00
  5.96963967672292380E-01  1.56323271764776520E+00  1.85255536925871030E+01
  4.66553963192992600E-01  2.51157197133957130E+01  2.70494224690483730E+01
  4.15252526658189590E-01  2.24770331843510010E+00  1.32972025597975810E+01
  6.36786611163594070E-01  3.49882302924003770E+00  2.89609426875169260E+01
  6.06760633376156730E-01  1.94067925893879620E+01  1.21245748826708240E+01
  5.25895496843049500E-01  1.82260195687274270E+01  9.66585666391650380E+00
  5.05409982910693060E-01  1.72186950823466450E+01  9.44672585802927320E+00
  5.18912146576496980E-01  2.70384181738556110E+01  1.05580854774909520E+01
  5.81677556670477180E-01  1.74894823658363630E+01  1.15193348301468020E+01
  2.50625569857546320E-01  8.58766204388839860E+00  4.30299428362630910E+00
  6.67521681419926690E-01  1.11799412724834660E+01  2.33903358189995030E+01
  6.52034765531911640E-01  9.70569003901590580E+00  2.01403830566461160E+00
  3.81419328643079860E-01  1.32262862421392220E+01  1.72726892238986450E+01
  3.18942867500738640E-01  1.02945344479084310E+01  1.02235492874944640E+01
  6.63973334543257470E-01  2.92871020782171630E+00  1.88242509110934220E+01
  4.05793634226126800E-01  1.23071382511314040E+01  5.39602228394137830E+00
  2.88617724104866640E-01  6.02593410452169830E+00  2.38176132923532790E+01
  3.17587838135982990E-01  2.60884106741240840E+01  1.19443445715119870E+00
  6.94010688862415210E-01  2.64293041298012810E+01  2.45388511273813580E+00
  3.25036994184950640E-01  3.00733548773240190E+00  1.98099608314526740E+01
  4.41940562555082740E-01  2.44630197405345200E+01  2.78619445781565990E+01
  3.05466220251299840E-01  2.45936114966729560E+01  1.32244237966715360E+01
  7.22984261441823330E-01  2.54237732149531050E+01  3.75031993944179340E+00
  4.60682082706054620E-01  2.41857216919373140E+01  5.49319088328365620E+00
  4.22201084465533680E-01  6.58209245113885010E+00  6.60682703081084990E+00
  6.24824560398126750E-01  1.83518767652550070E+01  7.14262237822229280E+00
  3.63079661055833470E-01  7.16676032032024860E+00  1.54047373534326790E+01
  3.25516939164680520E-01  8.80129424632295000E+00  1.63231816143786900E+01
  4.87886881528419990E-01  7.44145323223955390E+00  1.45550991728205490E+01
  4.34172467284937990E-01  9.55512159357732750E+00  1.64150745359899910E+01
  7.04082361725448710E-01  1.85813143943789430E+01  1.52518558508601170E+00
  4.40295189098215370E-01  1.17361360526584080E+01  1.66565816335381920E+01
  4.54567147313974470E-01  2.89125445165735750E+01  7.76137991478664800E+00
  4.89717368181109780E-01  6.94542054494108550E+00  1.79598627207162310E+01
  4.82771447840326400E-01  7.12481078587940960E+00  5.88290493387727050E+00
  3.54092873053847420E-01  1.18277263425631780E+01  8.58841463859059220E+00
  7.67457697882333090E-01  2.63086163384129500E+01  2.32232057707212930E+01
  4.43129600128677660E-01  2.90984876599291980E+01  8.63930807792079850E+00
  5.61514797181737530E-01  3.88557637718693630E+00  2.62249773970795880E+01
  5.82207618145930890E-01  4.71355760143923950E+00  1.58087717647362300E+01
  5.94092381958372510E-01  2.25681066236348380E+00  1.11226207770283880E+01
  5.64318884198494160E-01  1.14609010600862020E+01  5.86960308359210540E+00
  6.16837537735261420E-01  2.38710297781059210E+01  1.96157581861997130E+01
  4.20581746236023420E-01  1.63117117639929110E+01  1.77304271570963150E+01
  3.16022212934137680E-01  2.40032838442702890E+01  2.64809461107710930E+01
  4.59502380082057990E-01  1.00771296506736440E+01  2.28187917668071770E+01
  7.48336469443998900E-01  2.33422464592439810E+01  1.86036343428458490E+00
  6.90159994875631000E-01  9.55519385734472590E+00  1.49615502146041500E+01
  4.68364091588631840E-01  1.14030204847257810E+01  4.83899291031407850E+00
  4.05593309893122810E-01  2.02924224625784820E+01  2.81829518103749590E+01
  5.55687039951364880E-01  1.91505763770516850E+01  1.69494563703791390E+01
  2.83840017940612550E-01  2.45889151913693200E+01  1.81306525668381230E+01
  5.98280766214214580E-01  9.66851773704035900E+00  1.16308870228600720E+01
  5.84913004272127690E-01  1.08469113511731670E+01  1.46512525719613740E+01
  2.83840017940612550E-01  1.76768184782537750E+00  2.82659070754238470E+01
  2.83517655556827110E-01  3.25751827601360900E+00  8.52444417114629260E+00
  5.27599340399055180E-01  2.90632834037155060E+01  1.41354918983231510E+01
  6.24824560398126750E-01  1.02826582959382660E+01  2.76633858909927210E+01
  4.84167632717154460E-01  1.57357940437199010E+01  1.07986766807037270E+01
  5.66562802601083430E-01  1.94311549410310210E+01  1.87594295922652240E+01
  5.81213412342838430E-01  6.80614633556164160E+00  2.34336654190241660E+01
  5.13285974501586400E-01  8.15230767425826030E+00  1.25547430390445880E+01
  5.29625185962053640E-01  2.68443451053724220E+01  2.10532838890451610E+01
  3.30104909316010620E-01  2.06231315813048610E+01  2.78894935388563960E+00
  5.48174971142568520E-01  4.36522498703938490E+00  7.21208050633436580E+00
  4.72192289519205580E-01  2.80532285740882090E+01  1.56735265772490660E+00
  4.53126113496558960E-01  3.93879091803318810E-01  2.68327957743153220E+01
  5.25993347610763350E-01  1.25816699644170580E+01  2.08123493239547660E+01
  4.75338540515479570E-01  2.64893376220211000E+01  1.13868094709841650E+01
  4.30858982518450690E-01  1.50608230770374990E+01  2.77043454172481490E+01
  7.09741570678139940E-01  3.80772543690817180E-01  6.40128514350729550E+00
  5.05409982910693060E-01  2.45818442257460210E+01  2.04667598613637840E+00
  5.20369884994360540E-01  2.75183337433679610E+01  1.14793479993061760E+01
  2.73281005279713530E-01  2.77888512532212140E+01  8.70551248444988170E-01
  3.09574052588245370E-01  1.54058703319551850E+01  1.84290946914291500E+01
  3.18095930761502070E-01  2.73847667243969650E+01  2.33606537520200350E+01
  4.46537248270915300E-01  2.51946193600985850E+01  2.61397524738403320E+01
  6.38830345620663920E-01  1.92496873882834760E+01  9.11187550881161810E+00
  6.68397269451762100E-01  5.90801005958004490E+00  2.53981974996479250E+01
  5.32488384254616510E-01  2.77777783631719860E+01  1.56657425968400070E+01
  3.17579752081870750E-01  2.56520975522867440E+01  8.63534202158319180E+00
  5.16710955738981780E-01  2.83477540790831420E+00  2.19238522780537650E+01
  4.49545157175862540E-01  4.65245174394765650E+00  5.47012481424342050E+00
  3.20574425314766210E-01  1.04957622494558380E+01  1.30488380411296310E+01
  4.12246671516209600E-01  2.10662933208861500E+01  2.79188967938655890E+01
  4.94550785807675550E-01  2.70387588202582450E+01  2.00479486133322420E+01
  3.59079136884617700E-01  1.50182020411923370E+01  1.77912406854656670E+01
  6.10572080928614460E-01  9.64467377024679170E+00  7.12544363961583030E+00
  4.75338540515479570E-01  1.86779114111470150E+01  4.63697305875212430E+00
  5.09574347305064630E-01  1.42432415605180620E+01  2.81753284148011040E+01
  4.18189647978318300E-01  2.88206279352405300E+01  2.38271062786515450E+01
  3.76753951196820710E-01  8.41623157721402750E-01  2.35143902670755690E+01
  3.84533934306195220E-01  2.19973631694095390E+01  2.21768041982031330E+01
  6.60767019732147710E-01  1.49943830654865980E+01  1.38614807537588940E+01
  5.64318884198494160E-01  2.17296910922620480E+01  1.37879823428643280E+01
  4.69750256464274060E-01  1.10223341704334050E+00  2.07572148612398810E+01
  6.88340418185590860E-01  5.09238019716429240E+00  1.24552443792289080E+01
  5.93150731645016190E-01  2.14848347381160100E+01  4.19872959972046280E+00
  7.17499092254363010E-01  1.70889900864648080E+01  8.56684061309238660E-01
  3.79322922295397280E-01  2.58427908817954410E+01  9.30495456576553440E+00
  3.20574425314766210E-01  2.05342913267016500E+00  2.22238171826682920E+01
  7.17953871372127320E-01  1.02167202638318090E+00  3.72913227835776030E+00
  3.42409596243210680E-01  2.86911003582938910E+01  1.70995077655058230E+01
  4.43129600128677660E-01  2.95824230947741960E+01  5.34048407200916580E+00
  3.78068289465320630E-01  1.13952927729035710E+00  2.62242219017404340E+00
  4.75338540515479570E-01  1.12299361452001690E+01  2.70709966499550130E+01
  7.38532964590205680E-01  4.21632829093900960E-01  1.97591275041260770E+01
  5.07606992315717240E-01  4.22957363990906110E+00  3.47536267720003830E+00
  2.86134314477376340E-01  1.01336176144331990E+00  2.82299370952590250E+01
  5.07437626189109900E-01  5.33755017719435540E+00  2.25286297381954450E+01
  6.15073771326759470E-01  1.71460540022275510E+01  1.83431712153007670E+01
  3.30104909316010620E-01  3.33230587899582090E+00  2.69240788051839140E+01
  6.66683478841499700E-01  1.03606342284385350E+01  8.18233440032652300E+00
  7.49545055295440930E-01  1.52492859577595930E+01  1.58679453203214360E+01
  2.54824432159977790E-01  1.12260007507760450E+01  8.49812272424312280E+00
  5.72142532162989690E-01  1.85044177558339450E+01  1.47356264217629270E+01
  2.77147605524350650E-01  1.42579715399947360E+01  3.96326031254014270E+00
  4.68364091588631840E-01  7.86401674021921600E-02  4.44883098831314430E+00
  4.82771447840326400E-01  1.95162991532009040E+01  2.86149614249871400E+01
  2.50971712925384870E-01  1.94501032970727790E+01  2.06872579347975960E+01
  5.38024295323284910E-01  2.73325874786791940E+01  2.88579071668339040E+01
  4.13050329149462850E-01  1.40148616657654090E+01  2.56150931772406800E+00
  4.86590143357422540E-01  1.25568329202782110E+01  2.92919320540456520E+01
  3.16148313226467530E-01  2.41370523503780350E+01  9.81671236168226890E+00
  3.81419328643079860E-01  2.02037208110439830E+01  9.47200411410875630E+00
  6.52911031193170470E-01  1.05579909919017060E+01  1.58545234153239750E+01
  4.49150663742554990E-01  1.20628459084138700E+01  2.56695410773957700E+01
  4.73113776075054650E-01  4.94910430857460070E+00  2.16287347976771010E+01
  3.65995101567518470E-01  2.01648610426240570E+01  1.60303294073962700E+01
  3.46028387031474870E-01  2.07621538473280190E+01  2.59748305394646050E+01
  4.23675716525973380E-01  2.79872563954750180E+01  1.06600220698228830E+01
  2.47261092463374420E-01  2.72751617887301410E+01  2.39392204776650920E+01
  2.63339374245984010E-01  7.28378306532885670E-01  1.69980797524214080E+01
  2.59062449636064510E-01  1.85785375558629760E+00  1.28032668512084950E+00
  5.77180454669814490E-01  4.26325437336916830E+00  1.47404988486734020E+01
  4.06599624824484800E-01  2.63831693007664680E+01  8.73487397996668060E+00
  4.65278877330243820E-01  1.28857165316146710E+01  2.51659415168154470E+01
  3.07263188066738420E-01  6.21660970755185270E+00  3.93385458112255080E+00
  3.88697647565240350E-01  7.24370825535429570E+00  2.65048897400399430E+01
  6.62122603690132470E-01  1.79497626651012170E+00  1.22905821360688310E+01
  3.79322922295397280E-01  5.50588384109867590E+00  2.33989829216878070E+01
  3.53063097104977870E-01  2.24454321236462420E+01  2.63002335828383020E+01
  6.88885956497308970E-01  5.46751008479623210E+00  9.43301726848762100E+00
  5.33066537704075310E-01  2.10969539557489230E+01  1.91686027118699660E+01
  3.42074681651230290E-01  1.40466105944823670E+01  2.43191146006006560E+01
  4.24351701398837560E-01  2.28599873220022010E+01  1.93714405628055600E+01
  2.92456502136063850E-01  2.13984781946069730E+01  1.54281076594308790E+00
  5.90639534364661320E-01  9.24658565591903600E-01  1.46199424726757490E+01
  4.09705559579089850E-01  2.48340109420010120E+01  1.16721300999409720E+00
  3.59079136884617700E-01  7.85098049742309280E+00  3.47870567049587450E+00
  5.27599340399055180E-01  2.96396254827304480E+01  1.71210392752748530E+01
  5.38382256471750510E-01  2.02240315986003730E+01  7.47024902457699640E+00
  5.96963967672292380E-01  1.46228813482888340E+01  2.19531994923842790E+01
  2.96503602823160150E-01  2.10675890186698250E+01  7.58245865704697410E+00
  3.64593218166308700E-01  9.12403855445828070E+00  2.57183231937903220E+01
  4.18947112612636110E-01  2.77137951629383390E+01  2.06742247036338750E+01
  5.40946473112310590E-01  2.09181812881095330E+01  5.18017560624592480E+00
  3.35017483125717060E-01  5.81155407235248230E+00  2.63966579261661640E+01
  4.75626642073745920E-01  2.99830136251073840E+00  2.50465073408693720E+01
  3.04461637453634990E-01  2.46088348107093040E+01  2.56701361631603330E+01
  4.36315933331792570E-01  1.85986771654463010E+01  2.67785425439604840E+01
  6.77666041374141330E-01  2.67219673182301110E+00  2.79404675619731330E+01
  5.67035311113654220E-01  1.70217235500222800E+01  2.62476455033660160E+01
  3.38650161839631010E-01  2.60724155139205640E+01  1.41535021642108670E+01
  6.94010183176834960E-01  1.19135620552958060E+01  2.45363550391179710E+01
  7.10410487391814980E-01  7.92126877294590060E+00  9.44859498028223220E+00
  4.54567147313974470E-01  1.86866207422386450E+01  2.90508352197862370E+01
  2.52169786807371790E-01  4.41057801328190990E+00  1.98903748556894440E+01
  3.01799748246536660E-01  2.37749603998663690E+01  1.03171525162020250E+01
  4.27719079604653450E-01  1.87844988895095430E+01  8.15216744707409190E+00
  3.87762191716535260E-01  1.06417841842869030E+01  1.94254693566902500E+01
  5.72951670348821020E-01  1.40620177124305860E+00  7.17178524724666740E+00
  5.09222041678605210E-01  2.68228228171553660E+01  1.87872657185702610E+01
  5.25993347610763350E-01  3.50146749755720510E-01  2.57777681881580990E+01
  3.12648490279368120E-01  2.94340623133343550E+01  7.19895747965126540E+00
  3.32399546609116130E-01  1.11676734164907960E+01  1.29305352845994750E+01
  4.43807889241729470E-01  2.01548822673222820E+01  1.13869317283950780E+01
  3.44170209092795430E-01  2.96260046111070490E+01  3.64977380876750110E+00
  2.54824432159977790E-01  9.18039445620937400E+00  1.40941444050496740E+01
  4.21963532045373490E-01  1.95214685209023740E-01  1.36647627198637100E+01
  4.11696508529454960E-01  2.93107078652210370E+01  1.19312864740684180E+01
  4.11346310528290360E-01  2.55714343519436120E+01  2.41990612217294160E+01
  6.16837537735261420E-01  3.23263188628955200E-01  9.17006515986523140E+00
  4.83570943621045310E-01  1.99929457414470590E+01  2.01927205030814070E+01
  4.32382463464541460E-01  1.28460081716255170E+01  2.37540691323927610E+01
  5.92513140571182980E-01  3.58872720725298370E+00  1.62822574591941450E+00
  3.55036581058269410E-01  2.47389092699882200E+01  2.00520947918088050E+01
  4.74581552528920360E-01  7.18722945248857760E+00  1.11112806032511850E+01
  3.44905765886116280E-01  2.03564664608480750E+01  1.21778365590997770E+01
  5.96963967672292380E-01  1.66353314931439300E+01  1.94419485286629770E+01
  2.68569610726517900E-01  2.61916150611127140E+01  4.38044627912425980E+00
  5.80290806494985740E-01  2.17833024000274660E+01  2.86045282496430280E+01
  6.25336422111717830E-01  3.50153234349000850E+00  6.41787331027819710E+00
  6.17452885167652710E-01  2.51926477206873120E+01  5.94458412215983060E+00
  3.29506256422424390E-01  1.27477763944704050E+01  1.89914310874257590E+01
  2.58355477869490890E-01  2.25496539283126370E+01  2.89624218591447850E+00
  4.69641390777102340E-01  7.51967138286888210E+00  1.89665047576928100E+01
  3.49095179616795370E-01  2.72061573406075890E+01  2.74483326947954820E+01
  3.27988333844876360E-01  7.09233510819731270E+00  2.25708637607047860E+01
  3.86383264228710210E-01  1.38462884408789400E+00  8.17949974325973630E+00
  4.75543307221801650E-01  2.32539435197649310E+01  5.40473368778933770E+00
  5.07815655211632320E-01  1.16577356184683460E+01  1.16086410843343000E+01
  6.08088426536500660E-01  7.04325928167907200E+00  2.79597356704943320E+00
  3.93024383017402490E-01  2.65155896288399160E+01  1.47354915749235310E+01
  7.48336469443998900E-01  2.35684079419119960E+01  1.82849352428451790E+01
  3.13454063710418570E-01  9.09488021863707630E+00  1.80650669263917080E+01
  4.43133439323318520E-01  2.15882672713442410E+00  3.49479765953265220E+00
  3.62493203924014780E-01  4.10947561837262490E+00  2.81281982026842810E+01
  5.72881440675418570E-01  2.36762532296545910E+01  1.69684814342424350E+01
  3.71299762957800540E-01  2.18778735798369120E+01  2.14309503867959710E+01
  5.13143010843963320E-01  2.29151425709854770E+01  1.11843776431198820E+01
  3.87533216804236250E-01  8.05712987703896390E+00  6.06589735316902790E+00
  3.90540239164096370E-01  2.93020531951236090E+00  1.72341441080415340E+01
  4.11696508529454960E-01  9.85364761055680210E+00  2.59822372692892820E+01
  4.19670751191123690E-01  1.33855728827746600E+01  2.96563503181651100E+01
  5.39922025342825940E-01  2.26425709455252860E+01  1.73790124094002360E+01
  3.73125396709624990E-01  2.19805326635846110E+01  1.18628075413083030E+01
  5.72628172168292430E-01  2.49398540362978520E+01  1.08986757983953560E+01
  5.63660960642019760E-01  7.96778449283073800E+00  2.72139000579006520E+01
  7.54397230300637300E-01  7.90257055872796600E+00  2.41952376890959830E+01
  4.07877171249442140E-01  1.76695244903813630E+01  7.91760485563719650E+00
  4.61178090502161720E-01  8.44713730620881620E+00  1.90419639286198820E+01
  3.50974061745161330E-01  2.52558108665201320E+01  2.78543408482071340E+01
  4.22541054278063120E-01  9.29655955261519120E+00  2.80155755880864810E+01
  3.25036994184950640E-01  2.67216400947632810E+01  8.08668786911861480E+00
  4.96042965314236020E-01  6.32175679253352030E+00  2.78984519984908060E+01
  3.04461637453634990E-01  1.21389203941662150E+01  2.35474994252367370E+01
  4.21290506291976640E-01  2.95799118772353000E+01  9.33838355560809850E-01
  4.26578460793149810E-01  4.90644557549709060E-01  2.87137091160225140E+01
  3.91816801400439550E-01  2.05164930606077680E+01  1.71607488399708540E+01
  5.32262962461145860E-01  1.97323865831150180E+00  8.88458482679094890E+00
  6.07718241283317260E-01  2.46134012484547750E+01  1.74642353495813470E-01
  5.13425754976809310E-01  2.20322913873794020E+01  1.48239422896677780E+01
  5.46829204411607870E-01  2.93862518799266570E+01  2.22753575592794560E+01
  2.99038091422116640E-01  1.40910001746672680E+01  1.32305097785218530E+01
  3.65374026971610010E-01  2.79571954256649880E+01  2.29875838884615110E+01
  3.46733456860136300E-01  2.62707326662458450E+01  2.03910571436401500E+01
  5.01833768532536340E-01  1.78611358064018300E+01  2.96062839599150110E+01
  2.88617724104866640E-01  1.15558957091641630E+00  8.81430657372215800E+00
  3.13454063710418570E-01  3.79754753513952670E+00  4.17321306402067460E+00
