1
  1002  2.96924426640336700E+01  2.96924426640336700E+01  1.00000000000000000E+00
        0.00000000000000000E+00  0.00000000000000000E+00  0.00000000000000000E+00
  6.94903868090152520E-01  1.63501438325075700E+01  2.09245190585981150E+01
  6.31563936872940970E-01  1.47614930534399100E+01  2.47513802162562480E+01
  7.01778375544082420E-01  2.37642716167301310E+01  2.59226830636194590E+01
  3.46434506905438330E-01  6.42296230295661360E+00  2.54919979488376000E+01
  3.50662231740508900E-01  1.41809514261073740E+01  2.69246170187852130E-01
  3.01799748246536660E-01  2.33784785401801320E+00  1.00508884974850970E+01
  4.41298336829792340E-01  2.42734490343479340E+01  2.18254724453161630E+00
  3.39481361119070080E-01  1.52157164988867370E+01  1.25846317721893260E+01
  3.83181557852844270E-01  8.23372365979070150E+00  2.53101233365051180E+01
  6.75156127532392600E-01  2.87760169649406270E+01  1.18954566265776090E+01
  2.73281005279713530E-01  2.88317545355615580E+01  9.43973224387794300E+00
  6.65634982039605120E-01  1.31001540273431760E+01  2.16918882361123800E+01
  2.54824432159977790E-01  2.05816379934415040E+00  2.96518813017031100E+01
  2.84029264846615530E-01  3.69373836620069310E+00  4.52754277073260610E+00
  4.62836237406567810E-01  2.25757202834173540E+01  5.38853161982264960E+00
  3.33973424357718240E-01  3.46534194959027890E+00  9.65453154738610130E+00
  4.91872428060923640E-01  7.66936659554575240E-01  2.21309680757691080E+01
  5.52490392167627680E-01  6.74974841252640800E-01  3.03820593370703260E+00
  5.39466591144820300E-01  1.33689757335405090E+01  8.90123357556878500E+00
  5.65219172841477580E-01  4.90571136219815780E-02  2.12958906884502500E+01
  3.53776024442120150E-01  4.53362268421166630E+00  9.13245342898389370E+00
  5.54611473665029210E-01  2.24733742517787150E+01  1.71523221808950800E+01
  4.81368497469048420E-01  2.65317802912392400E+01  2.87787809796691970E+01
  2.84672167568555990E-01  2.60757639384908980E+01  1.58468495904729260E+00
  3.06898385793053400E-01  5.18770127417639950E+00  9.03944404935860390E+00
  4.49954956992444630E-01  6.68287465793324030E+00  2.33124360280377370E+01
  5.88686278844574580E-01  2.81677636638504940E+01  2.17187658227772500E+01
  4.36315933331792570E-01  2.26306608810719110E+01  1.77370621548488730E+00
  5.46155746035104350E-01  5.97665846360723130E+00  1.75862558122599810E+01
  4.11346310528290360E-01  1.97708820961153540E+01  1.31977838312233830E+01
  7.44650008855257360E-01  1.64063027469127150E+01  2.51542317393822400E-01
  4.68162992243922280E-01  8.67313623955631390E+00  2.19794445535130340E+01
  7.11073931023246340E-01  2.94827888107422530E+00  1.54475549288258930E+01
  3.02034441597155470E-01  1.67387586099368460E+00  2.03459850513995130E+01
  5.12509616084684260E-01  1.35640706874718120E+01  2.06089436356775870E+01
  3.40422717275118370E-01  2.26135709301206450E+01  1.17607890660418040E+01
  6.65634982039605120E-01  1.63200817738549480E+00  1.12665175930624320E+01
  3.75295693565172690E-01  1.07285878584475310E+00  1.21439037853433550E+01
  4.75626642073745920E-01  1.99275855009969300E+01  2.43089453992581850E+01
  4.72038094207023740E-01  2.38881060457076440E+01  1.25454541796140580E+01
  4.29902962432020440E-01  8.21862249372261290E+00  1.26185592906693050E+01
  5.68910711623079470E-01  2.92687802769846360E+01  1.01654201896767790E+00
  3.07263188066738420E-01  1.69303211130938290E+01  1.91310606187501230E+01
  6.10911033360540580E-01  1.46573977418329860E+01  6.77284103354810620E+00
  3.43353541919950760E-01  1.43709952078428050E+01  2.08940358768053040E+01
  3.15231116497538320E-01  2.34812428325833480E+01  1.32185113983953960E+01
  3.78068289465320630E-01  2.17095915272720390E+01  1.66203876924895940E+01
  2.54824432159977790E-01  2.42095577850033270E+01  1.83395064393132830E+01
  5.44558358435121190E-01  2.20220236863575740E+01  8.74512535712008270E-01
  3.56000803327192820E-01  8.48148613552646680E+00  2.46140659411141310E+01
  3.13454063710418570E-01  2.11075997997928230E+01  8.86130130924476770E+00
  6.12591031919131530E-01  2.71369766937462060E+01  1.69317790488315760E+01
  6.47236078597052340E-01  1.62442795992071920E+00  7.48985858034407850E-01
  2.65726189967390210E-01  2.00948461483453040E+01  5.26612424503664660E-01
  2.96653470797716330E-01  1.41394752811116220E+01  1.84567704851573670E+01
  3.45648959319623030E-01  1.01290694476383440E+01  1.67797451849924040E+01
  3.13454063710418570E-01  1.06548575911777310E+01  1.63498614934619260E+01
  3.39073066583844400E-01  2.49972185992548080E+01  1.11455440265995270E+01
  2.96256570285591500E-01  1.53209860063333990E+00  2.19462617604837010E+01
  4.19081387041561550E-01  1.80375275071445490E+01  1.67993244887119420E+01
  7.08391389715138510E-01  1.37222393166668950E+01  1.17388858456025180E+01
  7.16035261746952050E-01  1.33538251578381840E+01  9.55267724744764730E-01
  4.43133439323318520E-01  1.12228429854089610E+00  1.29599304717385970E+01
  2.73281005279713530E-01  1.74259938487393560E+01  1.63280307842043800E+01
  3.35017483125717060E-01  5.82205863490024010E+00  4.76534886411353580E+00
  5.09222041678605210E-01  1.39466177464520150E+01  4.77008984761763340E+00
  4.27719079604653450E-01  2.87148871323050510E+01  2.10926830707553490E+00
  5.81299825206354370E-01  1.44792637764782380E+01  9.04012260323010610E+00
  5.46155746035104350E-01  2.63571921458159900E+01  1.60784662731006520E+01
  3.05466220251299840E-01  2.51323998336540200E+01  2.67743598386581770E+00
  3.11838068626578210E-01  1.75553269335607960E+01  1.71751067888377350E+00
  6.27423008989955560E-01  9.89565383850009360E+00  2.23763111077414120E+01
  7.12424816007452400E-01  1.44137464867527640E+01  1.62529428029815290E+01
  4.41140732643827070E-01  8.06248920494334880E+00  2.28349732671616510E+01
  3.80273533482480450E-01  2.63740650440481270E+01  2.54817239572320490E+01
  3.29796701345061780E-01  2.85840957210292150E+01  1.60966498749096130E+01
  4.15252526658189590E-01  7.72633035875810850E+00  2.09644567637346490E+01
  2.59062449636064510E-01  2.22982602813823480E+01  1.63462391868126390E+01
  6.18419083689772810E-01  8.51172146284082660E-01  2.41821889786743900E+01
  5.04213456464067280E-01  8.03960162685026170E+00  1.04916057864571250E+01
  3.48156346672602490E-01  6.94756645579977320E+00  2.69123522604881020E+00
  2.89042915761794110E-01  1.48625516158250370E+01  2.91603941717054090E+01
  3.05466220251299840E-01  2.00695279949915050E+00  2.60793218979048760E+01
  6.49919166153384610E-01  2.83189357468207210E+01  1.92474668987171530E+01
  6.14379095469630790E-01  2.19661933752000780E+01  9.21102227036270980E+00
  7.00411917450214720E-01  3.10800498904132460E+00  1.28824957625761170E+01
  5.69344335137112000E-01  2.70526405417900690E+01  1.34375878059259380E+01
  2.57564851167384970E-01  2.67506244498812440E+01  2.49677998931784870E+01
  4.13050329149462850E-01  2.47257789517012190E+01  2.53640889176268340E+01
  6.18419083689772810E-01  7.69912982402421340E+00  2.08544771007406960E+00
  4.26523982883737140E-01  1.37866097524335750E+01  9.77080833312724200E+00
  3.78209123272245940E-01  1.79503071566174270E+01  1.27328600541515830E+01
  2.63055759251188670E-01  1.74169788985588770E+01  3.06120045184080740E+00
  5.00274833943758600E-01  1.14051369867303660E+01  9.29807262057474660E+00
  6.01687927537542500E-01  2.45716666983709510E+01  1.18401366622237920E+00
  4.86073626967704090E-01  9.32232739534380710E+00  2.70029360879668660E+01
  7.62474117278193650E-01  6.28635643889160270E+00  2.21673159724390880E+01
  4.87886881528419990E-01  1.75624683106904910E+01  6.42427467088477930E+00
  2.99038091422116640E-01  2.43496032843373840E+01  1.88753775694359440E+01
  3.50974061745161330E-01  6.35106284447934750E+00  1.84000037051113130E+01
  6.10572080928614460E-01  2.17743362565600730E+01  1.22242702267675830E+01
  3.01731430220296380E-01  6.41307505203259700E+00  9.82469103592039690E-01
  2.59062449636064510E-01  2.67567025122098730E+01  1.06048413192844800E+01
  6.99477888048091770E-01  7.90218103223973860E+00  8.14651216787878060E+00
  4.41666133880560000E-01  1.86919174215849360E+01  2.96877422499272290E+01
  6.86210935380316480E-01  7.38671850265021670E+00  8.18977280153412050E-01
  5.27425300578987690E-01  2.18980486473440230E+01  2.87435677500569680E+01
  7.54505484792745040E-01  1.11289738918588770E+01  2.40585739178084810E+01
  4.11696508529454960E-01  3.75143821534701650E-01  1.68870556095837120E+01
  6.26517897412854200E-01  5.30459817717942530E+00  2.20655037971688680E-01
  5.72142532162989690E-01  1.65906979262186450E+01  1.61983847074410510E+01
  3.47451934045076260E-01  2.93647504941191780E+01  1.50005637523168750E+01
  2.57564851167384970E-01  2.37430885965425240E+01  1.81274574758886720E+01
  5.33859136323620030E-01  5.14975148765142700E+00  2.45062447052241230E+01
  2.69169509893181310E-01  5.92455375947790590E+00  5.97797654571030270E+00
  4.24351701398837560E-01  2.00420547010811350E+01  4.91849897456944610E+00
  3.11762329988951370E-01  9.61195581080864690E+00  1.15484009659588530E+01
  3.50974061745161330E-01  2.76462991796446500E+01  2.48467338744942160E+01
  2.66929568161810020E-01  2.25987156214880150E+01  2.06588397142422870E+01
  7.20816873845379820E-01  7.10742800243835400E-03  2.52193127222458320E+01
  4.22201084465533680E-01  8.63174490508699320E+00  1.12030115432354120E+01
  3.09209541844886400E-01  3.42459941985471340E+00  5.58595625294778130E-01
  2.62213147743524950E-01  1.20937412248967590E+01  9.93811581723263160E+00
  7.60411681679863700E-01  1.40558857407932520E+01  2.84928255200732360E+01
  6.67521681419926690E-01  3.33221382765722310E+00  2.45366759745339420E+01
  4.37954134865551840E-01  8.93978351099814180E+00  2.28445594811946510E+01
  7.16654247500547470E-01  2.26754084710064350E+01  1.38619433183231000E+01
  7.12424816007452400E-01  2.30557559474149580E+01  1.06768010317361470E+01
  3.61198882346046800E-01  2.29136561307075400E+01  1.02945307641732240E+00
  3.82245446386266610E-01  1.50632207268644670E+01  2.20173920514875480E+01
  3.58737518624021320E-01  9.53639966015933990E+00  1.63813283976980130E+01
  5.81547682683179710E-01  2.49300584616278900E+01  4.18177935150774970E+00
  4.21963532045373490E-01  1.03132811100282480E+01  1.27216895148436140E+01
  3.12648490279368120E-01  1.57781914105422630E+01  1.58503579724752510E+01
  3.25036994184950640E-01  7.98116349581560060E+00  9.66508391842676850E+00
  3.83290088603488770E-01  5.63275188936153000E+00  1.85395757587310970E+01
  2.93443024193560210E-01  8.38335348980440820E+00  9.08763613545071180E+00
  2.66929568161810020E-01  2.75734804870404600E+01  1.87162558580310620E+01
  2.99038091422116640E-01  7.13367998306538280E+00  5.96537535875417020E+00
  6.00040109246873770E-01  1.80874185554383830E+01  1.39387489803293270E+01
  7.14535578675763720E-01  2.01380943384416150E+01  9.19887959392371710E+00
  3.06898385793053400E-01  2.66394077566042390E+01  1.51173541440488520E+01
  3.45648959319623030E-01  1.60690093185654920E+01  1.78578799996647920E+01
  3.87046365911375680E-01  1.29297961921257370E+01  7.14553563394214740E+00
  6.56539952722306990E-01  2.15048057052039640E+01  5.71428556723722550E+00
  5.07436062422724900E-01  5.28800327568129090E+00  2.64671196876251860E+01
  7.39270392714900380E-01  2.57444972093904670E+01  2.14666959652456200E+01
  5.38024295323284910E-01  1.09481804128009590E+01  2.18764051697125130E+01
  7.33199636544987770E-01  2.28944271165240850E+01  2.16129703644679800E+01
  6.31923671661538840E-01  2.77610665768223410E+01  2.56769690434272490E+00
  5.72951670348821020E-01  7.56557975614903990E+00  1.70819834734809210E+01
  6.40456937776772590E-01  4.40529715246616150E+00  1.25441360379573080E+01
  4.77241894706072770E-01  9.31163029623915330E+00  7.28606712518818520E+00
  7.64764367446448820E-01  2.80689235883407160E+01  6.44446191075057410E+00
  7.16535845940979770E-01  1.72657265855599280E+01  1.01506864534057740E+01
  3.10705613459761840E-01  1.03429016009731340E+01  2.47761527809788550E+01
  3.89901968262705180E-01  4.28837133624629270E+00  2.06613639461177190E-01
  7.15011499502423580E-01  8.23546669853006110E+00  2.64939975004177380E+01
  7.60297905848187840E-01  1.29485828039556910E+01  2.59470949671011970E+01
  2.65726189967390210E-01  1.44500113361360680E+01  1.52767923198694700E+01
  4.53492046339069340E-01  1.00522917321215490E+01  7.84762490282376210E+00
  5.18725390566230620E-01  3.39349778342652410E+00  2.01372244252033430E+01
  4.24020504903543660E-01  1.87972430898539610E+01  2.08378144509477750E+01
  5.17634268500846420E-01  9.84567997109921580E+00  2.61476971238998390E+01
  4.54567147313974470E-01  2.15294598571417420E+01  2.32861588139367050E+01
  3.65965634987757580E-01  1.06088977117640530E+01  2.30667905777960130E+01
  2.96256570285591500E-01  1.91938697690505650E+01  2.77483881135821090E+01
  5.50543265074639000E-01  2.39967652610225030E+01  2.93689689023843780E+01
  4.46540105696671490E-01  1.58145128922255080E+01  2.45209463603021970E+01
  6.47236078597052340E-01  2.01228835670848940E+01  2.75917659447075640E+01
  4.82769235883485770E-01  1.45820358720757430E+01  1.09147078471631060E+01
  2.97529618718302210E-01  1.34089053512101120E+01  1.84275783037803830E+01
  4.13811620468168510E-01  1.73566556815718690E+01  1.55796517269447800E+01
  4.87785457169642190E-01  4.65657616758403850E-01  5.99663923168910970E+00
  3.41778742319800830E-01  2.26554141449318090E+00  2.00942254276167490E+01
  4.05793634226126800E-01  3.44151624061173940E+00  2.60143268644630230E+01
  7.14516279726398110E-01  9.70560474320859260E+00  2.37035348382907180E+01
  3.71799304162545760E-01  9.04261977993376930E+00  1.78548725760402720E+01
  5.77820253962530560E-01  2.80669614136183010E+01  1.40297039884384600E+01
  4.75626642073745920E-01  1.13260701429326150E+01  3.77203323958422310E+00
  5.46562010559427060E-01  1.05912710156158080E+01  1.11022279180621500E+01
  3.29506256422424390E-01  6.47232827724533430E+00  1.12376070515481410E+01
  2.62213147743524950E-01  3.23506458576304110E-01  6.73135831875133040E+00
  3.63105686475124490E-01  2.64340722820815190E+01  2.96165633625324990E+01
  7.08391389715138510E-01  2.59960603014712800E+00  9.07694224505338450E+00
  4.26578460793149810E-01  1.24637509183574710E+01  5.44578051956051820E+00
  6.08873319065221350E-01  1.86563554094229890E+01  6.50315278405211220E+00
  5.39466591144820300E-01  1.96612097525760670E+01  2.95407749472423300E+01
  4.66553963192992600E-01  1.51778119691619970E+01  1.53553100676428330E+01
  4.82771447840326400E-01  1.51878398852128970E+01  2.07424931504522090E+01
  5.13004586318856950E-01  1.65665412509630170E+01  6.29062909368399210E+00
  3.17084428049163950E-01  1.23657109983496620E+01  5.71254361364216030E-01
  3.50974061745161330E-01  9.22996069128895870E+00  2.13792035158042780E+01
  3.82382183723224410E-01  1.85583440059697860E+01  1.21697780385338630E+01
  3.77759649416993960E-01  2.26424234462218440E+01  1.57967308021801180E+01
  5.74203886104520670E-01  2.08588693725467350E+01  2.23248630243341670E+01
  4.11346310528290360E-01  2.48725237756131460E+01  1.93866027856828820E+01
  5.06367095649294540E-01  2.24926685162545330E+01  2.70507786482712920E+00
  6.01687927537542500E-01  2.18107757254250850E+01  2.50672759912772810E+01
  2.49794182180603610E-01  6.71286344156728630E+00  1.36363813305873620E+01
  6.11481049571092420E-01  1.83186117031305000E+01  1.51264117324993620E+01
  5.03927515451986880E-01  1.16986090534727240E+01  2.83820224236068910E+01
  6.35485889077753010E-01  2.46291645406765410E+01  2.04051979072713540E+01
  2.99038091422116640E-01  6.20810948283731360E+00  4.07407053039938560E+00
  4.22541054278063120E-01  2.26487790361305660E+01  2.81640397292824720E+01
  3.05466220251299840E-01  2.63875466408176180E+01  1.75677036644016380E+01
  2.62213147743524950E-01  1.21576379884125940E+01  9.41786766503812340E+00
  3.61769499680632390E-01  2.50584117124319970E+01  2.01465254474902000E+00
  2.47647088603063280E-01  2.36993065603568200E+01  3.31422743338804620E+00
  3.11155895623034430E-01  4.04419764676059760E+00  1.55441649620946440E+01
  2.66929568161810020E-01  6.76938424828630400E+00  2.49793626974743010E+01
  6.90395435464654740E-01  1.36844736795446950E+00  1.94026334423246570E+01
  2.96503602823160150E-01  9.08097872834453670E-01  2.13581675689228770E+01
  6.57722721512726150E-01  2.58343711117272080E+01  3.33667528248246730E+00
  7.24777883420223110E-01  8.79125228827698990E+00  6.20376550633580060E+00
  5.48279863025970290E-01  1.21369497693200760E+01  2.09554572176065930E+01
  6.40748513009616880E-01  4.12945831633791550E+00  6.04855979828166920E+00
  2.56092450391898300E-01  1.54681070065181780E+01  2.00506134402973400E+01
  7.17499092254363010E-01  3.12848427161112050E+00  3.70251502976764610E+00
  4.66141488621800890E-01  2.12485462331965990E+01  2.41608495481567220E+01
  6.33759023001558490E-01  9.29781880952329590E+00  1.24393872164024920E+01
  5.48279863025970290E-01  1.94840354933185470E+01  4.12326610021647340E+00
  4.19081387041561550E-01  1.37334150763252260E+01  1.06128022107533810E+01
  5.70902198024309190E-01  1.96622208907604520E+01  1.12255321157316440E+01
  3.17950877609215300E-01  4.09237155949099570E+00  4.07772031813405180E+00
  5.96963967672292380E-01  2.48441729463811070E+01  1.20679793419169150E+01
  6.18832453479690690E-01  1.69651449258994590E+01  1.25825779842284430E+01
  2.63339374245984010E-01  1.25756213080679390E+01  9.02069846747125760E+00
  3.55036581058269410E-01  1.79786492217180860E+01  1.60294832730522540E+01
  5.84913004272127690E-01  6.34231110426799120E-01  1.81505020073216270E+01
  5.77235448209733180E-01  1.56290950584599970E+01  9.16408048187581950E+00
  5.01105313190319460E-01  1.57921690386616780E+01  6.94329571163753020E+00
  3.83598938984435380E-01  1.02561152603931680E+01  2.03467831189090480E+01
  5.98360795606824340E-01  6.13635262465641680E+00  1.42577621268973950E+01
  3.41778742319800830E-01  4.01060489882593090E-01  1.90467597597726660E+01
  3.29796701345061780E-01  8.99451800611007710E-01  2.86016363711104200E+01
  3.84420431658369740E-01  1.70364133222984610E+01  2.76233043408477950E+01
  4.91872428060923640E-01  2.02789621057730150E+01  2.87179163319370470E+01
  2.93443024193560210E-01  8.76276137871920110E-01  6.68239346492608630E+00
  5.81299825206354370E-01  5.35690513677440270E+00  1.33727769942810880E+01
  5.68243553274813350E-01  8.34203410376682090E+00  4.46414138255815110E+00
  5.39001667068871980E-01  2.50258542545258960E+01  2.90134388016053930E+01
  7.01587183784351610E-01  1.72374197327387790E+01  5.28226953273928500E+00
  4.45239477383046460E-01  2.41218921762924730E+01  2.47510815545803310E+01
  5.39001667068871980E-01  1.70108226809394130E+01  2.37091873424644370E+00
  2.86134314477376340E-01  2.48559906231852070E+01  2.46796582612320140E+01
  7.70254277643880240E-01  6.64529033090438760E+00  1.55281275219189110E+01
  3.45648959319623030E-01  2.78814272738692390E+01  4.38272282872857930E+00
  3.39481361119070080E-01  4.08997648186010570E+00  7.02620531533916550E+00
  3.04461637453634990E-01  7.70598661413479210E+00  2.80513852025229900E+01
  5.20369884994360540E-01  5.55627350844858460E+00  2.54777489194014490E+01
  2.65726189967390210E-01  8.40156170972837300E+00  5.29468812492678080E+00
  6.26908127420837150E-01  1.11708920217582170E+01  1.21223469814869040E+01
  3.48480710258510130E-01  4.03290397108715750E+00  2.73722776777473240E+01
  2.96653470797716330E-01  4.64099734467530210E+00  1.56559340026757180E+01
  6.31923671661538840E-01  8.98774517770773510E+00  3.45495042787008580E+00
  4.09705559579089850E-01  7.81653956221882230E+00  1.53851856849985270E+01
  6.72499163702481620E-01  8.05113467115638310E+00  1.99274102308172620E+01
  2.84029264846615530E-01  6.32168213463156370E+00  1.18314108180980620E+01
  5.34631033075580400E-01  2.06789919337598000E+01  2.49818663844254800E+01
  6.17076625982510940E-01  1.42201852391831760E+00  1.00030295511478580E+01
  6.55074006360275090E-01  1.54962050893743800E+01  5.82629395040763230E+00
  5.46562010559427060E-01  2.94254811211046990E+01  8.87877799932811840E+00
  5.17626013175185660E-01  1.41162219006437420E+01  1.92392979864086580E+00
  5.82207618145930890E-01  2.39678057049617480E+01  1.39721013091732720E+01
  5.98268629341587580E-01  2.06491438088020950E+00  2.41349478843962300E+01
  5.34553382826858140E-01  2.71807304453111910E+01  4.91265679621964320E+00
  3.76753951196820710E-01  1.80339402174686820E+01  4.55710531982320700E+00
  7.52518120402026810E-01  1.25827700955715120E+01  1.08269864745630710E+01
  4.81368497469048420E-01  1.69727468759929820E+01  2.66745826786931770E+01
  6.47413426355271770E-01  8.38318604460162220E+00  2.91273989169571300E+01
  3.05466220251299840E-01  2.67038868234539240E+01  1.00438382136004910E+01
  4.46689977500956030E-01  2.80494321282589350E+01  1.81856161356133480E+01
  6.18566685513849460E-01  2.40844264572426160E+00  2.88531563985158780E+01
  5.36592099856838090E-01  7.04001009172021060E+00  9.03063836758455630E+00
  5.09574347305064630E-01  2.37085341454413230E+01  2.38584781044905510E+01
  4.92328788949218680E-01  6.64527815212162930E+00  1.74066473852826450E+00
  4.83351594707823830E-01  5.23092084422552620E+00  6.26778861749043340E+00
  4.40650972415989980E-01  1.49679796234832660E+01  1.88740422649065210E-01
  6.10911033360540580E-01  4.55127900902466200E+00  2.89339342797515150E+01
  4.34172467284937990E-01  2.89151404743899260E+01  1.83435251933073150E+01
  7.03188417218805210E-01  2.28721991814260320E+00  7.70139389564066420E+00
  2.92799561075502800E-01  1.39031502499023960E+01  1.53878722934087550E+01
  5.68243553274813350E-01  2.11104552338452190E+01  1.73521526223331080E+01
  4.60682082706054620E-01  6.03509804355260120E+00  2.70790477465907780E+01
  6.41715074739605920E-01  2.50810556722665080E+01  6.05206586155241230E+00
  4.55206736325743130E-01  7.33656771580565970E+00  4.28417126604860780E+00
  4.22201084465533680E-01  2.24026945724483930E+01  2.32267027324001600E+01
  3.63079661055833470E-01  3.70232450185097720E-01  2.81548980150227020E+01
  2.63055759251188670E-01  2.82387010541575590E+01  2.46774921242214090E+01
  5.32877675645020420E-01  1.84677331259951030E+01  3.75859985981013090E+00
  5.77235448209733180E-01  1.08051625096620680E+01  4.68700162214505940E+00
  4.09775903561979240E-01  1.96686861924706840E+01  6.60563030542534600E+00
  6.93187364831086050E-01  4.59615620627780700E+00  2.02867063709625060E+01
  4.30054269381220950E-01  1.83948390627005660E+01  2.88702841020348690E+01
  5.07436062422724900E-01  2.81878927499922940E+01  5.17847509709095280E+00
  2.49948351789403130E-01  5.51885526631436020E+00  5.58614540334315280E+00
  3.16022212934137680E-01  2.85946621725389920E+01  1.76537087467991860E+01
  4.72818350263822220E-01  1.38465293261248230E-01  2.89570903809022330E+01
  4.46689977500956030E-01  2.86086750622733990E+01  2.38854986650041390E-01
  4.74581552528920360E-01  2.86737021559898440E+01  2.67573269535805060E+01
  4.86590143357422540E-01  8.66250460456918250E+00  1.54789021969341480E+00
  2.73281005279713530E-01  1.75542432461808390E+01  1.32497690180356320E+01
  5.20515140446715560E-01  2.78301850598700680E+01  1.26268248919038940E+01
  4.13811620468168510E-01  1.21317251384180120E+01  1.62003122897171930E+01
  3.81419328643079860E-01  4.64796887381029930E+00  2.55229060967400480E+01
  4.05593309893122810E-01  2.46053549020523370E+01  2.40374210821864270E+01
  5.85380732291966590E-01  4.26799502756079720E+00  1.72395963116083230E+00
  4.06599624824484800E-01  2.18998136316597610E+01  1.79205278409506870E+01
  6.40456937776772590E-01  1.15627219902885270E+01  1.76613798142639310E+01
  4.75626642073745920E-01  1.16443541469479220E+01  1.99621948663838080E+01
  5.09222041678605210E-01  6.12332160763501500E+00  1.25989890132435460E+01
  5.77820253962530560E-01  2.56853943068621400E+01  1.51816226715442540E+01
  3.80273533482480450E-01  1.62084296213528840E+01  2.62773409631977800E+01
  5.01406606281285510E-01  1.53129409754816180E+01  1.02235460182436100E+01
  3.59079136884617700E-01  3.77596251741414510E-01  1.97470407912449630E+01
  5.94092381958372510E-01  1.55517343316774600E+01  3.06486827929111750E+00
  2.54611020839302520E-01  1.03002242673137820E+01  2.53531049152256780E+01
  4.99223721401470310E-01  2.23794559850216710E+01  1.99259508544851160E+01
  2.54611020839302520E-01  1.14003456204876200E+00  1.80320053322747460E+00
  3.20574425314766210E-01  2.93443817889415540E+01  1.09660899956264210E+01
  2.85767805251094040E-01  2.84291801931814800E+00  2.37198609598063970E+01
  2.54611020839302520E-01  5.48466030698374500E-01  7.19469795365768050E+00
  4.12246671516209600E-01  9.30697111959849010E+00  1.71170594172400070E+01
  4.41298336829792340E-01  9.12648219245581060E+00  1.96450047279596700E+01
  7.09985914168247060E-01  2.01510351925035490E+01  1.88852204838345230E+01
  6.80956647410425740E-01  1.08185116115092070E+01  1.48484919889424010E+01
  4.75338540515479570E-01  2.35289618300875000E+01  1.61645255874780740E+00
  7.49588614928249000E-01  2.86547896933467210E+01  7.84023032179831780E+00
  4.74033319401206570E-01  1.15853492346844130E+01  7.35968487965103440E-01
  5.20515140446715560E-01  1.37065723197519220E+01  1.35876962078450920E+01
  5.48131117613959250E-01  5.24619316058002920E+00  7.42300439039679460E+00
  3.46733456860136300E-01  1.08063878577550250E+01  1.69917949947472240E+01
  6.97384645011991290E-01  2.43102222434510220E+01  1.00136323259058100E+01
  3.78209123272245940E-01  1.57189036822509460E+01  1.41110801589165930E+01
  3.82382183723224410E-01  7.58495053187766640E+00  2.73761436575619680E+01
  4.46537248270915300E-01  1.49998109256253120E+01  2.67825289112105480E+01
  6.08690451339190200E-01  2.05850509979227780E+01  1.19577671749816260E+01
  2.59062449636064510E-01  1.62433625368143560E+01  1.87104009816874160E+00
  4.43756654693070110E-01  1.84013797403745830E+01  9.91477536876422330E+00
  3.18942867500738640E-01  1.23059247850360420E+00  2.36889522479928290E+00
  7.16535845940979770E-01  2.56843572348381490E+01  1.03459931184655470E+01
  4.62836237406567810E-01  7.03209994821777330E+00  2.04272674565364200E+01
  6.97384645011991290E-01  1.21748933757962310E+01  1.50920006476646780E+01
  2.47647088603063280E-01  8.74461828212509220E+00  2.56789177552202510E+01
  4.05793634226126800E-01  5.46707992757026600E+00  2.29986014935017660E+01
  5.37364664263313330E-01  1.89669028959785280E+01  1.92739393639296990E+01
  5.72881440675418570E-01  6.50156199609079980E+00  5.36560706653474820E+00
  5.04213456464067280E-01  2.55420224574732090E+01  2.57776473362023460E+01
  3.86557871019070410E-01  2.31123139710251910E+01  1.83995152632460130E+01
  5.62178328188990490E-01  2.63895612010404680E+01  2.64231482430013710E+01
  6.41715074739605920E-01  2.06086858206751840E+01  1.04699162020469920E+01
  4.54567147313974470E-01  1.09570668093248340E+01  7.75239142876207940E+00
  3.97011970696729720E-01  2.57562695416735540E+01  7.41443878904622180E+00
  3.99477862283745790E-01  2.07925525096460150E+01  1.99158192040105180E+01
  5.15931587153482510E-01  1.92855064082838830E+01  2.85546984135552470E+01
  5.98026541173087530E-01  2.08429846294767000E+01  2.65769392430219680E+01
  5.94917806945655060E-01  2.06706725547242630E+01  6.64677703314534970E+00
  3.86557871019070410E-01  1.08446662896700300E+01  2.86289618129071570E+01
  5.52347772924787250E-01  1.01218806372825370E+01  3.78990277126531480E+00
  4.05793634226126800E-01  1.28341513346036380E+01  1.80240840807665210E+01
  4.66753989857397040E-01  3.68952684443729680E+00  1.17010716550711750E+01
  6.77666041374141330E-01  2.71163822530277300E+01  3.70427487141532820E+00
  3.23306573977224420E-01  1.01123114936988990E+01  1.60168282827971350E+01
  6.88340418185590860E-01  1.38122773107540960E+01  7.75800085547327890E+00
  4.11696508529454960E-01  3.37852985160026490E+00  1.27607093618508640E+00
  4.03052389307286420E-01  2.21693500535340390E+01  2.96318771324471300E+01
  2.97529618718302210E-01  1.93738844558633900E+01  8.53535852883655720E+00
  3.13090147150790890E-01  1.47697701633704700E+01  1.72143567853315070E+01
  5.01435669612667030E-01  4.59557275913768230E+00  1.13630018908474570E+01
  5.26482748420329030E-01  1.00960611515959540E+01  2.12419683191355840E+01
  6.75156127532392600E-01  1.37386340408858360E+01  1.93410501527203640E+01
  7.20816873845379820E-01  1.17217389964388290E+01  1.37508805843132790E+01
  5.30006102735105960E-01  2.62999512110237250E+01  5.50743875524418860E+00
  3.43353541919950760E-01  1.36519148106611960E+01  6.66931260640354930E+00
  5.32877675645020420E-01  1.86635726524371890E+01  2.60510607487706660E+01
  6.44956217916396120E-01  1.65219353607889620E+01  2.85602245296664530E+01
  3.55036581058269410E-01  2.47764248004757870E+01  2.25893099531019410E-01
  4.30054269381220950E-01  2.13614104131678000E+01  1.12691633703091970E+01
  4.93734512940847830E-01  2.17724777476817300E+01  1.57518463158726480E+01
  3.42409596243210680E-01  2.15294681208664190E+01  8.36038638101307720E+00
  5.58952633370732950E-01  1.34778139365551080E+01  2.47394949184126740E+01
  4.49954956992444630E-01  1.24415814142901610E+01  2.25910178898622110E+01
  4.11346310528290360E-01  1.51402609870411840E+01  2.28054895092151670E+01
  4.72818350263822220E-01  2.67063297720928670E+00  3.52085461906012800E-01
  5.00672486592370710E-01  8.54627423670626920E+00  5.69688537981000030E-01
  4.15334611176110170E-01  1.33052129732485390E+01  5.43318211120270340E+00
  7.70254277643880240E-01  3.86363598874744070E+00  1.66092358296326170E+01
  5.32262962461145860E-01  1.88027300042848250E+01  1.30505696471727040E+01
  4.01880163826280960E-01  1.54414788695292020E+01  1.11192656106252820E+01
  7.41720708060832300E-01  2.34601621072287540E+01  2.73314258014450860E+01
  3.01674668393272730E-01  1.08631512818778480E+01  1.99701743202272010E+01
  2.66929568161810020E-01  3.27953665696482590E+00  8.38036330030362290E+00
  4.15334611176110170E-01  1.48262998148364900E+00  8.97434212020238320E+00
  5.20369884994360540E-01  4.39512828551925330E+00  4.91985723001574100E+00
  2.84672167568555990E-01  3.17308564172773890E+00  1.38647492813853910E+01
  5.18912146576496980E-01  1.52736362170833410E+01  2.37238367094046300E+01
  3.90540239164096370E-01  1.16035890344856390E+01  2.74930376900095580E+01
  3.63079661055833470E-01  2.46448188038565480E+01  2.14377362080099730E+01
  4.73113776075054650E-01  2.36487250516304110E+01  6.37750058764152160E-01
  5.55687039951364880E-01  5.70904181022501070E+00  2.88025109991540230E+01
  6.97384645011991290E-01  1.78414100267948970E+01  7.51452311945855290E-01
  3.54092873053847420E-01  2.89629625791107660E+01  2.00165185238551400E+01
  7.37991961479508610E-01  7.47225701856647540E+00  1.42679446505273580E+01
  5.10790949981952740E-01  1.28847091888313410E+01  4.60847580237090430E+00
  7.03918080384424090E-01  3.25293787230776490E+00  1.79497572977420030E+01
  2.69326463995374250E-01  3.09066061901191660E+00  2.54401653670861340E+01
  5.39922025342825940E-01  1.10626712246472360E+01  2.07943129373808020E+01
  5.39922025342825940E-01  1.59294341343399260E+01  1.30960016435342950E+01
  3.52682444144397330E-01  1.20459043137169190E+01  1.97643628774349520E+00
  3.17084428049163950E-01  2.50453045047139290E+01  1.38459024266477910E+01
  3.92511582998476170E-01  1.97498143916459450E+01  1.95582335944871290E+00
  2.92799561075502800E-01  2.00679222070852320E+01  3.51966049334351180E+00
  3.63105686475124490E-01  1.41174703926261510E+01  2.15495804585912010E+01
  3.25036994184950640E-01  6.35811556374729040E-01  1.41755114359419900E+01
  5.70902198024309190E-01  2.83648116937988060E+01  3.60527416496198950E+00
  6.18138908065390960E-01  1.64737059199754900E+01  8.31952317787060380E+00
  3.10705613459761840E-01  1.24595312589022600E+01  1.45836425221477730E+00
  6.99092076263204730E-01  1.97428963032063650E+01  2.02335779339748180E+01
  4.40295189098215370E-01  2.85665764787727990E+01  1.49198564626506070E+01
  6.52034765531911640E-01  2.69378101903069210E+00  1.91985682486148550E+01
  5.12628979659419230E-01  2.74287090813052070E+01  7.54924231567601640E+00
  2.68569610726517900E-01  1.20589519442873970E+01  8.89678932390370040E+00
  4.41473589537221400E-01  1.53162493183827130E+01  4.09951748975811990E+00
  7.41623060643924430E-01  2.63606158391827920E+01  9.05590152949364930E+00
  2.49794182180603610E-01  1.36262298098926240E+01  6.01642271166561660E+00
  3.44856808658559500E-01  5.06478317604471150E+00  2.36320925851887400E+01
  6.83701617051292750E-01  1.60996850470324660E+01  2.22791255630567410E+01
  7.19599311285852310E-01  2.86839324155101100E+01  2.29191612502049150E+01
  6.67521681419926690E-01  4.19790244528136110E+00  1.38343675524104910E+01
  5.40946473112310590E-01  1.53506796884671320E+01  2.83789376226798890E+01
  3.83579206291793930E-01  2.93844525157104110E+01  2.62773623218769640E+01
  5.04339573614743570E-01  5.57771902958883640E+00  1.15748178591313820E+01
  6.35523375007872900E-01  5.96609003730113940E+00  2.63987006126566650E+00
  3.44905765886116280E-01  1.08813606136690520E+01  2.51493076650939320E+01
  2.65726189967390210E-01  6.73859745953141060E+00  3.88294028826306190E+00
  4.87785457169642190E-01  1.45549482062374210E+01  1.01940708992157570E+00
  3.71299762957800540E-01  2.75131039215362420E+01  2.30149498284263710E+01
  4.13811620468168510E-01  1.92455632837762530E+01  2.23040057555036920E+01
  5.69423614487483490E-01  5.82654263938692370E+00  2.00061727008253780E+01
  5.83429036676414100E-01  2.44556495042632630E+01  2.30617860737165260E+01
  5.30006102735105960E-01  1.84629857959186910E+01  5.38228982428843140E+00
  5.16710955738981780E-01  1.32508495651392040E+01  3.32528091104708200E+00
  2.65726189967390210E-01  1.60947773239341070E+01  2.37509465863349330E+00
  3.18942867500738640E-01  1.84969256024695670E+01  1.81219314581233990E+01
  3.23881608201221470E-01  2.37484857329819690E+01  1.87144593494639190E+01
  3.54092873053847420E-01  2.40899049610617940E+01  3.77129834217520530E+00
  5.12509616084684260E-01  2.62053961637649380E+01  4.46924952858850410E+00
  4.99223721401470310E-01  1.89767019491041860E+01  2.45141725648087350E+01
  2.56092450391898300E-01  2.28063069442247050E+01  7.20778517150491280E+00
  5.45765227979075810E-01  8.44796872719227920E-01  2.05207189795298920E+01
  6.94010183176834960E-01  1.59987423176253130E+01  2.73295989929785040E+01
  3.57201130995523370E-01  2.21478463911150420E+01  1.12419696142980570E+01
  5.25895496843049500E-01  1.58479060319962550E+00  1.44479338384935230E+01
  5.10790949981952740E-01  3.49909604330123260E+00  7.63594012511078280E+00
  4.89717368181109780E-01  6.27552687706244860E+00  7.29153593158457540E+00
  4.82769235883485770E-01  9.67476354288007560E+00  1.46341217328549470E+01
  6.93278360304079300E-01  2.61770209050825000E+01  2.76598239528456060E+01
  3.35017483125717060E-01  2.28650474079106370E+01  2.38251990023747380E+01
  3.26514001167033020E-01  2.93746636181571540E+01  2.81857540336436830E+01
  4.75880684447443510E-01  2.71166870498468350E+01  1.44808490615428160E+01
  4.22354771203238230E-01  1.40543836463230870E+01  2.55302479134485760E+01
  4.11966131227655820E-01  5.00618572896338330E+00  9.73485404228632060E+00
  7.30946391186454210E-01  2.79685016534515110E+01  1.22398581452009370E+00
  4.22201084465533680E-01  2.05921173217595800E+00  4.08764520299864300E+00
  5.15931587153482510E-01  1.73639209212008440E+01  2.28410231667064170E+01
  5.52347772924787250E-01  2.04043287659418380E+01  1.42461869493794960E+01
  2.49794182180603610E-01  9.08637366575112890E+00  2.60399419060922850E+01
  4.50103975287380020E-01  2.75362567987642450E+00  5.66751086990954180E+00
  3.61769499680632390E-01  3.39254800801173810E+00  1.44721701014953850E+01
  2.77147605524350650E-01  6.12190893686110370E+00  1.07428828311039250E+01
  7.64764367446448820E-01  2.10073402573536430E+01  4.78294637925777980E-02
  5.71326189973923350E-01  2.33206899544730710E+01  2.28499827795003090E+01
  4.07877171249442140E-01  1.77329791999040690E+01  2.62116187343108710E+01
  4.46540105696671490E-01  2.35699941320728680E+01  1.74423387454413720E+01
  5.07606992315717240E-01  1.93298554754835230E+01  1.01583183801108450E+01
  3.01731430220296380E-01  1.56549294651679340E+01  4.88370976640351010E+00
  4.32382463464541460E-01  2.54578669622032940E+01  5.04623451966947910E+00
  3.25762576013666160E-01  1.28644792495866260E+01  1.35054306614986750E+01
  6.24920360555607160E-01  2.17339642107550050E+01  2.08754218807607860E+01
  7.38532964590205680E-01  2.18187795725060350E+01  7.32024550579917840E+00
  3.92511582998476170E-01  2.69394415920336850E+01  2.00439150002061340E+01
  2.97561439636419770E-01  1.35082575627099250E+01  4.09533818466806210E+00
  3.46434506905438330E-01  2.09205088966577750E+01  2.14062904074783020E+01
  5.89502618647478990E-01  1.23295756515852160E+01  2.47480437964644620E+01
  3.32399546609116130E-01  5.23289508195309420E+00  5.07839091659875040E+00
  5.77649046292645880E-01  1.14761693533664730E+01  5.62505137163629070E+00
  4.31729360191427780E-01  1.45059501906576360E+01  2.01350550121479120E+01
  3.17950877609215300E-01  7.01178973020581430E+00  1.83127057792184510E+01
  4.75880684447443510E-01  1.18974272765836030E+00  1.72364699272632650E+01
  3.91816801400439550E-01  7.44176189620391690E+00  2.86944940859640030E+01
  2.50163292655703180E-01  6.89730284804438650E+00  8.25696012892492880E+00
  3.42074681651230290E-01  2.93170231457509020E+01  2.95887476647655310E+01
  3.50974061745161330E-01  9.87589109312912150E+00  2.76293513431548380E+01
  6.18566685513849460E-01  1.78993967210070720E+01  8.97947279923424800E+00
  3.24719866931951940E-01  1.76240939127448860E+01  3.61016186210803800E+00
  3.57201130995523370E-01  5.18170423726651830E+00  1.42945099664098940E+01
  3.13090147150790890E-01  5.33885725999268070E+00  1.23559634861444780E+01
  2.58355477869490890E-01  2.56191533735542300E+01  6.77357608399207930E+00
  4.83351594707823830E-01  1.62772413894491240E+01  1.08334885966781510E+01
  5.48463672908306780E-01  1.16443774989189720E+01  2.58489195202323360E+01
  4.24351701398837560E-01  2.23711293982136970E+01  3.64315476961248970E+00
  6.80557430527969220E-01  3.03024881771589880E+00  2.30959892348181840E+00
  3.73125396709624990E-01  1.55126654375227080E+01  2.92769781194110590E+01
  6.77808113742920780E-01  1.46293419264785600E+01  1.43519640778011300E+01
  7.67512613708393760E-01  5.38801029589395770E+00  1.64131370278306290E+01
  4.76544583128828500E-01  4.81305676422702520E+00  8.35148537213388840E+00
  6.97738347479756800E-01  1.92213610314476530E+01  1.00259554677216340E+00
  4.49545157175862540E-01  6.11555182225573280E+00  2.46877221936440070E+01
  6.25336422111717830E-01  1.32011493340762480E-02  2.72336648021641990E+01
  4.99487474973056500E-01  1.18756283039872910E+01  4.57740387540997770E+00
  6.67521681419926690E-01  1.92564720549665720E+01  2.33836626748956640E+01
  3.44170209092795430E-01  6.86208985509219720E+00  1.76686041065157010E+01
  4.01880163826280960E-01  1.48085494890708680E+01  2.76081211133200920E+01
  5.95035019805102560E-01  1.92726398374435770E+01  1.40738346045563280E+01
  5.20348764567513020E-01  2.09376377756390470E+01  1.51765423845155580E+01
  7.44845164893703690E-01  1.24879116398757650E+01  1.25035371431340520E+01
  6.94010688862415210E-01  2.20910122534929840E+01  2.69062576694444820E+01
  4.00156705760987560E-01  2.74336455093507990E+00  2.30425510775691830E+01
  6.57722721512726150E-01  1.07471772572944830E+01  2.96682049837297010E+01
  3.61198882346046800E-01  2.30916245939755780E+01  3.33135427019310450E+00
  6.07167866036927160E-01  7.75772437612703490E+00  3.30923709458157590E+00
  5.81677556670477180E-01  1.90706079440954250E+00  5.07787346853695090E+00
  3.17579752081870750E-01  2.10930962677891610E+01  9.63951979110711930E+00
  2.69169509893181310E-01  2.58552964077804680E+01  2.91100751994913340E+01
  5.36592099856838090E-01  7.57277471718172370E+00  2.19912846534760260E+01
  3.01799748246536660E-01  5.04828460771360450E+00  2.82239918351573670E+00
  4.05794678723965420E-01  7.72601460704808660E+00  2.47066464531399710E+01
  3.65995101567518470E-01  9.21216648203924570E+00  1.66047455207127830E-02
  3.39481361119070080E-01  2.52065905242380950E+01  2.35975968281150910E+01
  6.97384645011991290E-01  1.51806131708970310E+01  7.97198334408034890E+00
  6.82253548551889110E-01  1.79414058498705770E+01  2.50761340271303940E+01
  5.67035311113654220E-01  2.18126483920705430E+01  1.03809362139118950E+01
  6.47236078597052340E-01  2.30285081844358820E+01  2.47930149544413890E+01
  5.92513140571182980E-01  4.15904860047763240E+00  2.89637695037335700E+00
  4.71553509741754610E-01  6.40189669334917260E+00  2.10708320529601910E-01
  6.55885333720611730E-01  2.05472131598814580E+01  7.89137029171631270E+00
  2.83840017940612550E-01  2.14965521998912620E+01  2.17517339607365940E+01
  5.65219172841477580E-01  3.46628655365447360E+00  2.93796446233069590E+01
  3.48480710258510130E-01  1.14819382478094380E+01  1.11991925246053050E+01
  6.26908127420837150E-01  1.93044054678868090E+01  7.57495426519785740E+00
  2.62213147743524950E-01  1.06449430840309220E+01  1.57747943263619420E+01
  5.08737612195334600E-01  2.71666937122377130E+00  1.17391292523937630E+01
  4.59281804788439010E-01  4.22085735080107490E-01  9.60858392366415970E+00
  2.86550378078914000E-01  5.89948386039283790E+00  1.91536221809940590E+01
  2.99038091422116640E-01  1.62734622745639220E+01  2.51056993189158320E+01
  3.62493203924014780E-01  2.71407063060772240E+01  5.80674430662542120E+00
  5.64616421781660800E-01  1.66563113701437370E+01  3.41458353836056760E+00
  3.87533216804236250E-01  1.88115263459296290E+01  2.00444584466730010E+00
  3.90540239164096370E-01  5.69342811199773640E+00  2.78571762062815860E+01
  5.44640939783434240E-01  8.84084651460156930E+00  9.78948562176507590E+00
  3.84420431658369740E-01  1.02056474767972760E+01  2.69736316397155810E+01
  4.53492046339069340E-01  1.55337537390746800E+01  1.72667679287306440E+01
  6.38023782753992030E-01  2.86761103523756270E+01  2.88500561797401790E+01
  5.00672486592370710E-01  2.53826039151639550E+01  2.67689367864068540E+01
  6.08873319065221350E-01  1.60750609995345930E+01  1.88103858540538870E+01
  3.18942867500738640E-01  2.96583444816439510E+01  2.22522364076659970E+01
  2.65726189967390210E-01  6.76061418390078030E+00  1.21599059940724210E+01
  7.10410487391814980E-01  1.90215737202603990E+01  1.62451336109492990E+01
  4.66797018098134940E-01  9.37544596537228970E+00  4.48188882220526710E+00
  3.89889811574280460E-01  2.60225972990976860E+01  2.25603156972975610E+01
  2.92456502136063850E-01  1.79707654933104520E+01  3.10211993954527590E+00
  3.63079661055833470E-01  2.25958132967489210E+00  2.66950655421287060E+01
  4.13811620468168510E-01  2.58494830877910820E+01  1.19766536529605250E+01
  2.60417758313763680E-01  2.00492639045560600E+01  1.49759100935127800E+01
  4.41940562555082740E-01  2.91883361803676990E+01  1.66139755150250000E+01
  3.08418768867630710E-01  1.96283107780944470E+00  1.51903782926005060E+01
  3.04461637453634990E-01  1.26818211999608400E+01  1.41083333520478340E+01
  4.75626642073745920E-01  2.29806163718494080E+01  1.50135090838560180E+01
  4.19693779402500590E-01  2.76587292237280950E+01  8.45200753709895030E+00
  3.26514001167033020E-01  8.98042215753102900E+00  5.16972461011224830E+00
  3.55388479881239270E-01  1.78478560069445460E+01  1.75492911734232780E+01
  5.33859136323620030E-01  8.45802273693804450E+00  2.37253003785347690E+01
  3.39481361119070080E-01  1.44814404394841980E+01  1.00980229237662210E+01
  2.51153087880769550E-01  1.59445354037655310E+01  3.81094095067175720E+00
  4.21603844523193420E-01  1.72200793542023620E+01  1.69915913002861490E+01
  5.20348764567513020E-01  1.91074473960444370E+00  1.87917075237380700E+00
  6.86210935380316480E-01  8.50124992729037740E+00  1.62408681987896700E+01
  4.41140732643827070E-01  2.56021895919065730E+01  1.03721387001554600E+00
  6.26908127420837150E-01  1.99511470720215130E+01  2.15409092167151290E+01
  5.11871480770454750E-01  1.78209290647005080E+01  2.71875234729196290E+01
  4.70990686464341570E-01  1.67174793963906790E+01  7.26039213839793260E+00
  5.20369884994360540E-01  2.82669580378090440E+01  1.68848591551377290E+01
  3.04306421741581800E-01  2.95881678772416630E+01  1.86454046701343290E+01
  5.88333222664750720E-01  1.19694488770208720E+01  2.94393212587610120E+01
  6.64541222436485860E-01  1.93225543244761080E+01  2.92178406059167010E+00
  4.24351701398837560E-01  1.19089911879470880E+01  2.18996808727058220E+01
  5.55920758830291820E-01  8.71010066371178840E+00  1.50191969270733420E+01
  2.89042915761794110E-01  4.67887608195691660E+00  6.80755542399391090E+00
  2.47647088603063280E-01  2.78233751739422600E+01  2.24801190344389460E+01
  5.88686278844574580E-01  5.62329753283211890E+00  1.39133210216435230E+00
  3.53063097104977870E-01  1.14610575540564970E+01  8.39282963240063400E+00
  4.50600139601478670E-01  2.90734432065122020E+01  4.81438075844571940E+00
  6.65634982039605120E-01  2.58833425419533900E+01  2.00703181203189270E+01
  4.69750256464274060E-01  6.57341260891340620E+00  1.67651744503804210E+01
  6.13801455222646290E-01  1.29781194173413980E+01  2.22943393127676610E+00
  5.14582826754803690E-01  2.91499277144598710E+01  1.41659894869810580E+01
  3.81419328643079860E-01  1.75340726662377410E+01  1.88063086966999330E+01
  7.28196096543639280E-01  1.18483939404304370E+01  6.87525437140182390E+00
  7.33199636544987770E-01  2.75344341734856640E+01  2.80940870555432130E+01
  2.86550378078914000E-01  1.15006724013170720E+01  2.50286747164895400E+01
  2.52169786807371790E-01  1.19011794881765240E+01  1.38943689881113870E+00
  5.01406606281285510E-01  1.29111218461331740E+01  6.25868655866832490E+00
  4.18948713530687210E-01  1.63995105753414380E+01  1.71694327060959710E+01
  3.62620749938717070E-01  2.18235785864883380E+01  1.31992063015366340E+01
  3.15231116497538320E-01  7.50082303941710120E+00  1.61961780616076960E+01
  2.83840017940612550E-01  1.19383680659564640E+01  1.16357035548891580E+01
  4.72199721516180480E-01  2.48134670379855360E+01  1.45992657971967980E+01
  4.41666133880560000E-01  2.33952789187296550E+01  1.17777943263795650E+01
  3.39073066583844400E-01  1.38809533873262390E+01  2.74721663851536930E+00
  2.54831192030272870E-01  2.29741137558275060E+01  2.64618649953532920E+01
  6.65634982039605120E-01  2.69828825683014410E+01  2.21256459031069920E+01
  2.69326463995374250E-01  2.77951059176650720E+01  1.75174557893972070E+01
  3.08418768867630710E-01  2.94720763229323670E+00  1.00325620009815160E+01
  5.63324676144028570E-01  1.71410763367411260E+01  1.14200048744448490E+01
  2.49794182180603610E-01  2.00398774206011510E+01  1.64267214743508170E+01
  6.44956217916396120E-01  9.17361387457022910E+00  8.58248798498796180E+00
  4.26043897269923290E-01  2.56209721836268610E+01  1.90110400950859560E+01
  7.44533748089133770E-01  2.36241046192842010E+00  1.68080272164454670E+01
  2.47647088603063280E-01  2.29662927076004020E+01  1.77836807678200800E+01
  3.47451934045076260E-01  2.47845668888781600E+01  2.61674726176038950E+01
  4.83182858574677270E-01  1.84449917887262520E+01  2.79606666539925080E+01
  5.38382388131525950E-01  2.04966925193065880E+01  2.64746682856323590E+00
  6.08690451339190200E-01  1.83703648471700590E+01  2.17774931396557500E+01
  3.93024383017402490E-01  1.61723653849878520E+01  9.96550417643137370E+00
  2.54611020839302520E-01  1.25584209549930230E+01  2.98927768289595170E+00
  6.82253548551889110E-01  1.77038307844729170E+01  2.06729956234468450E+01
  7.67665169660178040E-01  2.75911104007100150E+01  1.56296683012445590E+01
  3.95839252948554370E-01  2.90311065815238510E+01  2.90284110910421730E+00
  5.15379284759350490E-01  2.68873821354093860E+01  2.09493787097783550E+01
  5.09222041678605210E-01  1.68688815562662060E+00  2.11560999309412810E+01
  4.72038094207023740E-01  2.57366130621420690E+00  1.43262720920353730E+01
  6.64541222436485860E-01  1.64460984740773380E+01  2.35812734131004330E+01
  4.84167632717154460E-01  2.92726102098266030E+01  6.77424723968865640E+00
  5.39922025342825940E-01  4.24382501672698350E+00  2.65106560304567370E+01
  3.77759649416993960E-01  7.00108958223016310E+00  2.12800121738013740E+01
  5.06367095649294540E-01  3.15196955290028140E-01  5.01527736257103120E+00
  3.05466220251299840E-01  2.19396406223375100E+01  2.79117154066733130E+01
  7.55604472483241980E-01  4.70936632339186540E+00  1.78763531068142780E+01
  7.68548325332126940E-01  2.44893171759330000E+01  1.57957338125504720E+01
  3.09209541844886400E-01  1.31695379165674580E+00  2.62468128382868820E+01
  4.71553509741754610E-01  4.31033120682571000E+00  2.39551949417501930E+01
  3.65995101567518470E-01  8.46996151688192180E+00  7.24553772170215100E+00
  6.26517897412854200E-01  1.52591860860059740E+01  1.88154292237178920E+00
  3.55388479881239270E-01  2.07515364446831610E+01  2.07251119623176230E+01
  3.90423892796942250E-01  1.07066975140407550E+01  2.58631933444384430E+01
  4.92172780862642510E-01  2.87009107868314220E+01  2.77217195663377470E+01
  6.66683478841499700E-01  1.62646115166697070E+01  1.50034834583160350E+01
  6.94903868090152520E-01  2.58365608262752180E+01  1.30838705097849280E+01
  7.65642972591057180E-01  9.80549673022711230E+00  1.04124964621315510E+00
  3.52682444144397330E-01  1.78407769720470990E+01  1.20106569621082800E+01
  5.39466591144820300E-01  1.14778666617940350E+01  2.28131975671854650E+01
  4.26043897269923290E-01  2.40347064828240990E+01  1.95271976773737490E+01
  2.53364602799301860E-01  1.07457757076424490E+00  5.01587050974487880E+00
  3.83290088603488770E-01  1.50549727464389170E+01  1.33828440848187250E+01
  5.55920758830291820E-01  9.46617240378708050E+00  1.06941077763286060E+01
  4.13050329149462850E-01  2.43908740061457470E+01  1.76967149261809450E+01
  5.20369884994360540E-01  2.14644265170675440E+01  1.41013922933187300E+01
  6.99477888048091770E-01  2.83428772587402700E+01  2.56326673781594290E+01
  3.59079136884617700E-01  1.92651972940315730E+01  5.00286177705083810E+00
  3.01799748246536660E-01  2.17130722359230860E+01  2.59844425899565860E+01
  5.28731261397185740E-01  7.01008930434621110E+00  1.05696734183110210E+01
  6.80338287111455390E-01  6.85532931434480290E+00  1.92981842067954550E+01
  4.74033319401206570E-01  1.22715717023741460E+01  3.68146597790383280E+00
  3.53302408788900560E-01  1.21931714160506990E+01  1.84272605488600300E+01
  4.03052389307286420E-01  7.70178815191936290E-01  1.48890117543302850E+01
  3.33973424357718240E-01  1.57707932954325060E+00  2.68350382947805810E+01
  4.68162992243922280E-01  2.64986350435677950E+01  7.85620654382090060E+00
  4.72192289519205580E-01  2.54620654407233040E+01  1.65629246148189470E+01
  6.73658304681401180E-01  1.89141379676040180E+00  1.81447476707507920E+01
  4.61178090502161720E-01  2.24522328631999320E+01  6.30347169095997820E+00
  4.18189647978318300E-01  1.57665052721300040E+01  2.56125464042452790E+01
  5.15379284759350490E-01  1.10753944992862190E+01  2.67473986824323510E+01
  5.34553382826858140E-01  2.02444013260584480E+00  1.34845570205602920E+01
  3.70336582810533970E-01  2.44542375131509540E+01  2.68082285204214760E+01
  6.42747544188997020E-01  1.68500998900038930E+01  1.38354497889303030E+01
  4.50600139601478670E-01  2.51899053975453350E+01  9.27699388666601090E+00
  3.55036581058269410E-01  2.03097166582058290E+01  2.57885903634839440E+01
  3.54092873053847420E-01  1.60372653508266370E+01  1.28617250007456940E+00
  5.13614394364816020E-01  2.19418406007552460E+01  2.24127194819438640E+01
  3.65995101567518470E-01  1.54718888001523260E+01  1.64525963125466030E+01
  5.25383403930900440E-01  1.43748486012138470E+01  1.27836821651313780E+01
  3.83598938984435380E-01  1.87085480930102860E+01  8.38953828056897240E+00
  4.86073626967704090E-01  1.22357156819057750E+01  2.35029028638634790E+01
  5.96963967672292380E-01  2.91706146757246730E-01  2.31075650230712350E+01
  4.66553963192992600E-01  5.41860885785070680E-01  2.62789158789922550E+01
  4.15252526658189590E-01  2.36366637516331720E+01  2.84737989050198230E+01
  6.36786611163594070E-01  3.46658929021259880E+00  2.81782476809573160E+01
  6.06760633376156730E-01  1.03958364539301370E+01  8.84851330534250200E+00
  5.25895496843049500E-01  1.59010163818094000E+01  1.20294480861773620E+01
  5.05409982910693060E-01  6.95109144963934260E+00  2.42289724635028740E+01
  5.18912146576496980E-01  2.38851426756504890E+01  5.44503459580120720E+00
  5.81677556670477180E-01  1.80814905987534080E+01  2.38071716440154580E+01
  2.50625569857546320E-01  7.92407669423104630E+00  1.33891676699280190E+01
  6.67521681419926690E-01  1.10530106647877030E+01  1.74455037730877340E+00
  6.52034765531911640E-01  1.24989568344911510E+01  8.09004217958421810E+00
  3.81419328643079860E-01  2.22095686124721220E+01  2.41686860575663190E+01
  3.18942867500738640E-01  7.45804071726316310E+00  2.94237399583628130E+01
  6.63973334543257470E-01  2.48925714408233740E+00  2.20106821144771490E+01
  4.05793634226126800E-01  1.46235944289249510E+01  2.69486435050344930E+00
  2.88617724104866640E-01  1.55442377048239880E+00  2.56981817216261060E+01
  3.17587838135982990E-01  1.98829482067081780E+00  1.58153410013521700E+01
  6.94010688862415210E-01  2.65761282149251630E+01  6.69768906557187190E+00
  3.25036994184950640E-01  6.98626665205062200E+00  7.68870903535287020E+00
  4.41940562555082740E-01  2.11749613791625070E+01  1.83596754123945910E+01
  3.05466220251299840E-01  3.84220721738905130E+00  1.49629578479702390E+01
  7.22984261441823330E-01  1.83789888616837730E+01  1.10796169241174290E+01
  4.60682082706054620E-01  1.68687347548135090E+01  1.98940728250406340E+01
  4.22201084465533680E-01  1.01966843935617350E+00  2.77156881707083860E+01
  6.24824560398126750E-01  2.06412600614754730E+00  2.76609123624036930E+01
  3.63079661055833470E-01  2.78871286277673280E+01  2.70547515769971410E+01
  3.25516939164680520E-01  9.79584162539400260E+00  1.32579048339085790E+01
  4.87886881528419990E-01  2.31582628663433000E+01  1.92715843505365960E+01
  4.34172467284937990E-01  1.83125981603057260E+01  2.28180087047661500E+01
  7.04082361725448710E-01  3.67937629227320430E+00  2.13392058469015390E+01
  4.40295189098215370E-01  5.01782442463092430E+00  2.73744370627776630E+01
  4.54567147313974470E-01  2.12217241059470220E+01  2.76540590463656490E+01
  4.89717368181109780E-01  1.88137341084578330E+01  2.70614259502004340E+01
  4.82771447840326400E-01  2.49595558541452720E+01  1.83886259774258820E+01
  3.54092873053847420E-01  1.60477972681241000E+01  1.98590573888452940E+01
  7.67457697882333090E-01  1.01793281622980860E+01  1.79112019845197390E+01
  4.43129600128677660E-01  6.26908912191045250E+00  2.09147217950391280E+01
  5.61514797181737530E-01  2.33276076989533540E+01  1.64386243789569730E+01
  5.82207618145930890E-01  2.05037627366354160E+01  2.34237930138883570E+01
  5.94092381958372510E-01  2.78380543686070860E+01  2.39219978346129700E+01
  5.64318884198494160E-01  1.26837329529030160E+01  1.99889108245031970E+01
  6.16837537735261420E-01  1.13535386790887290E+01  1.89094005253435280E+01
  4.20581746236023420E-01  5.42902186449761360E+00  1.06627385984105560E+01
  3.16022212934137680E-01  2.11553449103672970E+01  2.57170010063208670E+01
  4.59502380082057990E-01  1.20491323666678730E+01  2.67698306571073310E+01
  7.48336469443998900E-01  1.78827707802441220E+01  7.61610880511432690E+00
  6.90159994875631000E-01  1.98539822405213080E+01  1.73711528663579070E+01
  4.68364091588631840E-01  2.34599531850863560E+01  2.58830829332929690E+00
  4.05593309893122810E-01  2.56373058488696160E+00  1.22362528822308780E+00
  5.55687039951364880E-01  2.28591508036429850E+00  2.52659564777062330E+01
  2.83840017940612550E-01  8.55603088738697080E+00  1.19039547414603440E+01
  5.98280766214214580E-01  2.33983007668669460E+01  2.03292975359195400E+01
  5.84913004272127690E-01  2.35826938385109270E+01  7.52962882341900210E+00
  2.83840017940612550E-01  6.29412670827193650E+00  3.49815805162581220E+00
  2.83517655556827110E-01  6.24387523142197680E+00  1.33824839272339630E+01
  5.27599340399055180E-01  1.95284545132557770E+01  2.53789801570036180E+01
  6.24824560398126750E-01  2.66567640551493210E+01  8.85795641126594720E-01
  4.84167632717154460E-01  1.48985396613185090E+01  2.58579346815992390E+01
  5.66562802601083430E-01  2.11693741168752150E-01  1.33932813516598020E+01
  5.81213412342838430E-01  2.21698551356413490E+01  1.88678635045883740E+01
  5.13285974501586400E-01  1.63477013734241720E+01  4.45784841600129320E+00
  5.29625185962053640E-01  1.14037553507119450E+01  1.03262887326402350E+01
  3.30104909316010620E-01  1.54429081250590200E+00  2.84618839366878650E+01
  5.48174971142568520E-01  1.74948155779620260E+01  2.92485610965023780E+01
  4.72192289519205580E-01  1.80235239867697740E+01  2.34261279103925800E+00
  4.53126113496558960E-01  3.50322157222697330E+00  2.24829284883267990E+01
  5.25993347610763350E-01  2.29126870673853130E+01  2.90748569841680720E+01
  4.75338540515479570E-01  9.41401843463093440E+00  2.05121920283177240E+01
  4.30858982518450690E-01  1.25129924169371360E+00  8.16230613370699130E+00
  7.09741570678139940E-01  7.59565396518857130E+00  1.16588466424588120E+01
  5.05409982910693060E-01  1.41084659792089010E+01  2.64534958526033960E+01
  5.20369884994360540E-01  2.67411739552667600E+01  2.03505265302532080E+00
  2.73281005279713530E-01  5.15026271355214330E+00  1.54007414523638300E+01
  3.09574052588245370E-01  7.36445292073380650E+00  9.81117623731689470E+00
  3.18095930761502070E-01  1.34268179378685770E+01  2.69125957140463610E+01
  4.46537248270915300E-01  8.58495836445382740E+00  2.09107491410210460E+01
  6.38830345620663920E-01  1.91619779725057210E+00  3.03739614365562180E+00
  6.68397269451762100E-01  1.56623061672931430E+00  2.29712391220222440E+01
  5.32488384254616510E-01  2.39914752146263020E+01  6.48974867211720690E+00
  3.17579752081870750E-01  2.63291309779680920E+01  1.45608897351167350E+01
  5.16710955738981780E-01  1.36852253261501770E+00  2.93059810977576590E+01
  4.49545157175862540E-01  2.20695473012666490E+01  1.48578696979480360E+01
  3.20574425314766210E-01  2.07681471178442970E+01  5.07540514764932290E+00
  4.12246671516209600E-01  2.02814349534573710E+01  5.71903040588580500E+00
  4.94550785807675550E-01  2.46488850592608100E+01  1.31398445735913060E+01
  3.59079136884617700E-01  2.38068899972149030E+01  1.48989017730988960E+01
  6.10572080928614460E-01  9.88022531115720430E+00  5.43140803350584010E+00
  4.75338540515479570E-01  1.31441836173274340E+01  2.31910313692442500E+01
  5.09574347305064630E-01  1.18179869866179170E+01  2.80736895387744990E+00
  4.18189647978318300E-01  1.26988118426062680E+01  1.90074897552458320E+01
  3.76753951196820710E-01  1.65716147543809670E+01  9.30799677697451070E+00
  3.84533934306195220E-01  2.96249478462350030E+01  2.03427177772359330E+01
  6.60767019732147710E-01  7.52768908432859440E+00  6.83963096469545650E+00
  5.64318884198494160E-01  6.96792435905038050E+00  2.66585622163146850E+01
  4.69750256464274060E-01  2.56277837757010790E+01  1.28334433844095490E-01
  6.88340418185590860E-01  2.48055368001001780E+01  2.78077180449912690E+01
  5.93150731645016190E-01  4.47364900058120090E+00  2.29042474118079580E+01
  7.17499092254363010E-01  2.75114106346224610E+01  2.95432768309908870E+01
  3.79322922295397280E-01  2.96491959992230780E+01  1.24844601883082970E+01
  3.20574425314766210E-01  1.15913611417323240E+00  5.58245949795083350E+00
  7.17953871372127320E-01  2.32230815061344560E+01  4.40170428423424110E+00
  3.42409596243210680E-01  9.65662763128867140E+00  9.44308436229591840E+00
  4.43129600128677660E-01  2.11518613993164020E+01  4.41627058968541950E+00
  3.78068289465320630E-01  1.01843837073861360E+01  1.19324214262827880E+01
  4.75338540515479570E-01  2.61581377949505090E+00  2.08316947234833020E+01
  7.38532964590205680E-01  8.84834956962730250E+00  1.37349832179649760E+01
  5.07606992315717240E-01  1.04954493892081720E+01  1.37061688544258010E+01
  2.86134314477376340E-01  2.57648351037350380E+01  2.85607298087529350E+01
  5.07437626189109900E-01  1.31870464541310200E+01  1.57441385931348240E+01
  6.15073771326759470E-01  1.02635380931954060E+00  4.14985727503677640E+00
  3.30104909316010620E-01  1.11712432634247420E+00  1.37319987036070370E+01
  6.66683478841499700E-01  9.40572784244294620E+00  2.50497783722338350E+01
  7.49545055295440930E-01  1.03840632596572500E+01  6.69251278806066810E+00
  2.54824432159977790E-01  2.73996436603236970E+01  1.92067219377077900E+01
  5.72142532162989690E-01  2.87943578412958060E+01  1.31404802252505310E+01
  2.77147605524350650E-01  2.75245156540887060E+01  1.97223094405318700E+01
  4.68364091588631840E-01  4.61208014945952360E+00  1.48915649952442360E+01
  4.82771447840326400E-01  4.67946813483916200E-01  1.05481730384817320E+01
  2.50971712925384870E-01  8.77781486455901040E+00  7.77967954945724930E+00
  5.38024295323284910E-01  1.39789715934549010E+01  2.37647596463741950E+01
  4.13050329149462850E-01  1.92131903277319300E+01  1.82688081668192910E+01
  4.86590143357422540E-01  2.25807138968633190E+01  2.58338554566106350E+01
  3.16148313226467530E-01  1.55035557863036590E+01  2.14761602454830440E+01
  3.81419328643079860E-01  2.28702930143134110E+01  2.88509502075985970E-01
  6.52911031193170470E-01  3.99125856444898730E+00  1.90864940148067210E+01
  4.49150663742554990E-01  6.51547156090396660E+00  6.38582442600155260E+00
  4.73113776075054650E-01  2.16223129380885910E+01  3.15160525756211920E+00
  3.65995101567518470E-01  1.29245260224394580E+01  2.40014355719007500E+01
  3.46028387031474870E-01  2.48220376255103010E+01  1.70721158822876190E+01
  4.23675716525973380E-01  1.27940611726673300E+01  9.67182462804245090E+00
  2.47261092463374420E-01  1.87940006173435490E+01  2.01609141578091280E+01
  2.63339374245984010E-01  2.43005508274524260E+01  2.86141211689357570E+01
  2.59062449636064510E-01  7.83159093110816420E+00  9.10153516434340300E+00
  5.77180454669814490E-01  2.97803500661156040E-01  1.15922361290826410E+01
  4.06599624824484800E-01  1.35500415540696190E+01  2.95434871319898700E+01
  4.65278877330243820E-01  1.89600256142482660E+01  9.19932421510253210E+00
  3.07263188066738420E-01  1.78777396833572690E+01  1.82105340836059920E+01
  3.88697647565240350E-01  6.14193433367853370E+00  2.61730249427317610E+01
  6.62122603690132470E-01  2.60606104718496260E-01  1.58208052605510100E+01
  3.79322922295397280E-01  2.49126904472866430E+01  2.22144953667577700E+01
  3.53063097104977870E-01  2.41921825071399820E+01  2.97208767839040620E+00
  6.88885956497308970E-01  5.97411902937206830E+00  8.42879799598780370E+00
  5.33066537704075310E-01  7.60342386223390680E+00  5.27960813419041310E+00
  3.42074681651230290E-01  4.31997444061434340E+00  2.48027412043210480E+01
  4.24351701398837560E-01  1.13291553901406200E+01  1.58279947733298480E+01
  2.92456502136063850E-01  1.50877913029354720E-01  1.45759285388236480E+01
  5.90639534364661320E-01  2.04755310368186120E+01  1.29355200715029990E+00
  4.09705559579089850E-01  6.82344943795538940E-01  8.77984471392983320E+00
  3.59079136884617700E-01  2.32181412412098570E+01  6.01343832139542300E+00
  5.27599340399055180E-01  2.84480712433307590E+01  1.07407033774870650E+01
  5.38382256471750510E-01  2.59419635755501510E-01  7.93157563657927690E+00
  5.96963967672292380E-01  1.70020750659415260E+01  1.79864306058650240E+01
  2.96503602823160150E-01  2.66534472688518380E+01  2.84716393200560170E+00
  3.64593218166308700E-01  2.67641166973768160E+00  2.60990289355142300E+01
  4.18947112612636110E-01  2.56960106566791250E+01  1.41868739750983690E+01
  5.40946473112310590E-01  5.35048148250968310E+00  2.12613274956255970E+01
  3.35017483125717060E-01  5.64798922506950520E+00  1.50523864265388540E+01
  4.75626642073745920E-01  2.20487499620915100E+01  4.61241969874587630E+00
  3.04461637453634990E-01  5.08642084723006780E+00  2.81926834680934450E+01
  4.36315933331792570E-01  6.83876433669660070E-01  1.28550031365403040E+00
  6.77666041374141330E-01  6.09286959519149640E+00  9.78881063927315860E+00
  5.67035311113654220E-01  1.96827060287174300E+01  2.64620764960089080E+01
  3.38650161839631010E-01  2.53470597935661420E+01  2.28303357965225370E+01
  6.94010183176834960E-01  1.38117518033978930E+01  1.75225396611669450E+01
  7.10410487391814980E-01  1.82812153230803210E+00  6.36559815187544230E+00
  4.54567147313974470E-01  1.49000686973124750E+01  4.89200798235614440E+00
  2.52169786807371790E-01  1.46250890851300550E+01  2.33115201124540190E+01
  3.01799748246536660E-01  2.96549216760587560E+01  2.39438082411870180E+01
  4.27719079604653450E-01  2.93893496610022670E+01  1.93547056631146430E+01
  3.87762191716535260E-01  1.72334570780156750E+01  2.42763872414162450E+01
  5.72951670348821020E-01  1.49829305701988710E+01  1.92547572960510960E+01
  5.09222041678605210E-01  1.95198544570041220E+01  1.22959727455570910E+01
  5.25993347610763350E-01  2.67719035059797360E+01  2.35203386624168760E+01
  3.12648490279368120E-01  1.09737664482514110E+01  1.30401595120042620E+01
  3.32399546609116130E-01  2.03578580675018410E+01  4.23165687007565070E+00
  4.43807889241729470E-01  1.94282605337816390E+01  5.78775362982061110E+00
  3.44170209092795430E-01  2.31443351107225940E+01  6.71217744030580120E+00
  2.54824432159977790E-01  2.89234551131384950E+01  2.13456059589078610E+01
  4.21963532045373490E-01  3.48928244756177270E+00  5.20161678555143770E+00
  4.11696508529454960E-01  1.19490430055721110E+00  1.63498564892859410E+01
  4.11346310528290360E-01  2.82672663916155360E+01  9.82181186837438070E+00
  6.16837537735261420E-01  2.95256798781459790E+01  3.84838451237403320E+00
  4.83570943621045310E-01  5.87870932614605040E+00  2.37860692592259790E+01
  4.32382463464541460E-01  2.74695066317687450E+01  2.63503928786502540E+01
  5.92513140571182980E-01  4.07139885888533650E-02  2.08657352353141420E+00
  3.55036581058269410E-01  5.09428347452481670E+00  2.16986841924969640E+00
  4.74581552528920360E-01  3.53617328383454450E+00  2.34117887393287700E+01
  3.44905765886116280E-01  1.34051912489443410E+01  1.65671550916784260E+01
  5.96963967672292380E-01  3.17437809938031550E+00  2.69801563318242900E+01
  2.68569610726517900E-01  4.91256687875033120E+00  5.58667252921899670E+00
  5.80290806494985740E-01  1.26245718879390910E+01  1.70617097571952700E+01
  6.25336422111717830E-01  1.43343535057644220E+01  3.68436950122823960E+00
  6.17452885167652710E-01  2.08306732778113250E+01  1.31575690446961190E+01
  3.29506256422424390E-01  1.28349877561487630E+01  4.94044376115283510E-02
  2.58355477869490890E-01  2.84827035640782710E+01  4.42530070167868670E+00
  4.69641390777102340E-01  1.68547581850125210E+01  1.37655194920511280E+00
  3.49095179616795370E-01  1.82592969295972760E+01  1.87443754231140430E+01
  3.27988333844876360E-01  9.29705000975520690E-01  2.69715742914259560E+01
  3.86383264228710210E-01  1.54180646641281380E+01  8.81504439435616400E-01
  4.75543307221801650E-01  1.29065248748437490E+01  2.89410783776882000E+01
  5.07815655211632320E-01  2.41533292933190500E+01  1.12075301879565000E+01
  6.08088426536500660E-01  2.31784540648063100E+01  9.36405787158791550E+00
  3.93024383017402490E-01  8.50091663953515030E+00  1.73181163058315060E+01
  7.48336469443998900E-01  9.71445084403399230E+00  2.87146551234058230E+01
  3.13454063710418570E-01  9.58848342305986280E-01  2.56206457944858780E+01
  4.43133439323318520E-01  2.00247656792743530E+01  1.56780065736504210E+01
  3.62493203924014780E-01  1.99702928281305960E+01  2.26410775157511990E+01
  5.72881440675418570E-01  2.27059605459779660E+01  8.28357973186494690E+00
  3.71299762957800540E-01  2.69949850334086070E+01  2.43892993597386900E+01
  5.13143010843963320E-01  2.94150959554051210E+01  1.75405816172188520E+01
  3.87533216804236250E-01  2.70822235773201040E+01  2.70710015675448230E+01
  3.90540239164096370E-01  4.64131519907200120E+00  1.04728161385480740E+01
  4.11696508529454960E-01  2.83350665898542400E+01  8.95665026177261580E+00
  4.19670751191123690E-01  7.52965424582504640E+00  2.35091075717874570E+01
  5.39922025342825940E-01  1.07762446067282930E+01  2.91833102552546140E+00
  3.73125396709624990E-01  4.45175471316734670E+00  2.79571879384612560E+01
  5.72628172168292430E-01  3.69719554235895620E+00  1.06623730095788700E+01
  5.63660960642019760E-01  7.33011303537226060E+00  2.55912321557196410E+01
  7.54397230300637300E-01  2.58727414819957350E+01  2.44648352294724630E+01
  4.07877171249442140E-01  3.94242877097213690E+00  8.50171577552751150E+00
  4.61178090502161720E-01  1.87040893098897070E+01  1.73718932140473260E+01
  3.50974061745161330E-01  2.10740527607552470E+01  2.84445961741746810E+01
  4.22541054278063120E-01  2.12315467511137680E+01  1.92216240013621020E+01
  3.25036994184950640E-01  1.87351352252142820E+01  4.57234313408039040E+00
  4.96042965314236020E-01  2.64439322337470590E+01  1.12905383520198050E+01
  3.04461637453634990E-01  2.42036289278136320E+01  4.68663357372019100E+00
  4.21290506291976640E-01  8.67000672482903490E+00  2.45364958339809910E+00
  4.26578460793149810E-01  1.30648578213766520E+00  1.55199415430442470E+01
  3.91816801400439550E-01  1.72115026989636030E+01  4.19214904160578610E+00
  5.32262962461145860E-01  1.68839365243866840E+01  2.56666873387122120E+01
  6.07718241283317260E-01  2.47571711726238670E+01  7.33273802273312470E+00
  5.13425754976809310E-01  1.07332918042125450E+01  2.77360478143227990E+01
  5.46829204411607870E-01  2.70618402602349770E+01  1.80860777853515740E+01
  2.99038091422116640E-01  2.17027779271381500E+01  3.91938305870469160E+00
  3.65374026971610010E-01  3.91293184876612800E+00  2.53908669887497500E+01
  3.46733456860136300E-01  2.90790285220594630E+01  2.19263667189978900E+01
  5.01833768532536340E-01  2.40452179191597960E+01  2.20599369397415970E+01
  2.88617724104866640E-01  1.55408903214069700E+01  2.62859634189207050E+01
  3.13454063710418570E-01  2.69901031260354700E+00  4.64047064637424800E+00
  4.43756654693070110E-01  1.75678743762570310E+01  2.82593423401482480E+01
  5.20369884994360540E-01  2.74816402650119360E+01  1.03205651114900670E+01
  7.41720708060832300E-01  1.27609047660806270E+01  2.77345055966880490E+01
  2.99038091422116640E-01  6.85207164716473740E+00  3.33048886816026620E+00
  3.93024383017402490E-01  1.39925267238313680E+01  2.73428759471295950E+01
  2.53364602799301860E-01  8.16422863124362230E+00  2.14689901675026820E+01
  5.48463672908306780E-01  2.28657409397334100E+01  1.26128086426142490E+01
  5.63660960642019760E-01  1.03565616174236690E+01  1.00173472741724460E+01
  4.99487474973056500E-01  9.19886966095556250E+00  1.87101753535298270E+01
  5.32488384254616510E-01  1.93573729879643250E+00  1.24238757305977230E+01
  3.62493203924014780E-01  2.89878362312701760E+01  2.07322544633537400E+01
  3.90540239164096370E-01  1.36638032331203640E+00  2.50470755445155860E+01
  6.25248164210708260E-01  2.75507049833620990E+01  1.14636118568869530E+01
  3.93024383017402490E-01  1.14531929261623770E+01  1.66348567414254060E+01
  2.83517655556827110E-01  2.34557158816542000E+01  1.56041228747382870E+01
  5.16562546778196820E-01  2.92695080321914320E+01  1.00965824031748300E+01
  5.96777348356598920E-01  1.33936181500851620E+01  1.46597064285283490E+01
  3.35017483125717060E-01  2.89885474979847010E+01  1.55697240516152800E+01
  5.69344335137112000E-01  3.07635751599183880E+00  6.64278022527837560E+00
  5.55509338843663690E-01  2.65994550744600920E+01  1.90842206267482910E+01
  4.09775903561979240E-01  4.18979271127644730E+00  9.81328670485039640E+00
  3.20574425314766210E-01  1.65821810973401260E+01  2.45670190890509130E+01
  5.39466591144820300E-01  1.72230712828419610E+01  2.17958900148128440E+01
  5.18725390566230620E-01  2.91758220749215910E+01  5.77715787738826770E+00
  3.62493203924014780E-01  2.41430970463571090E+01  1.68720767367125860E+01
  4.23675716525973380E-01  9.54501535420499710E+00  1.55311955452763770E+01
  4.13050329149462850E-01  1.73653175932301840E+01  1.47543851944257900E+01
  3.01731430220296380E-01  1.47656604898012880E+01  2.14030318571530240E+01
  3.48156346672602490E-01  2.48319808079335120E+01  3.25767331576151080E+00
  6.83531487369900860E-01  2.15342505359994190E+01  2.00018119421366780E+00
  3.27197753470684690E-01  3.98657778421500280E+00  8.56504569887356840E-01
  3.50974061745161330E-01  4.36027317823938090E+00  7.66032471030154040E+00
  5.77649046292645880E-01  1.49400789181576260E+01  1.81070236931802060E+01
  5.13614394364816020E-01  2.53993260551413760E+01  8.25118001493594020E+00
  7.17953871372127320E-01  8.04484360414421220E+00  1.83302829041628210E+01
  3.01731430220296380E-01  2.87997788524625950E+01  2.47351530749344770E+01
  6.14584822297879540E-01  7.19856705186613510E+00  1.29220058015404170E+01
  4.69641390777102340E-01  2.75377387331007950E+01  9.33218327052249920E+00
  4.49154676673646060E-01  2.72016923693625720E+01  2.55113074690316890E+01
  4.82268891960512480E-01  1.49087950354150300E+01  1.18235007188881500E+01
  6.26908127420837150E-01  9.71747210730484310E+00  2.43005939294005070E+00
  2.50971712925384870E-01  2.05746480209424010E+01  1.80136239943800050E+01
  2.62213147743524950E-01  2.25495975871583210E+01  1.80772797005593660E+01
  6.45167794061425240E-01  1.01635196985315590E+01  1.93235828959597100E+01
  5.94931591270377070E-01  4.77610547891861260E-01  2.76668147598315480E-01
  7.68548325332126940E-01  5.15976260546541180E+00  3.88408060334300040E+00
  4.36195486319121350E-01  1.93643082318019920E+01  1.50999504140869370E+01
  5.33066537704075310E-01  2.55500674526767750E+01  1.75637954256166110E+01
  5.62178328188990490E-01  2.08447991102686100E+01  1.62549187194386350E+01
  2.97561439636419770E-01  6.61841575530029580E+00  4.50477451344539140E+00
  4.82771447840326400E-01  5.11575725978250870E+00  1.92323455223854440E+01
  6.61562106526255890E-01  1.40941706339530340E+01  2.25707726827258490E+01
  5.04339573614743570E-01  1.43433978278793750E+01  5.70273166474271600E+00
  3.45648959319623030E-01  2.61799774590770010E+01  1.69517599223351280E+01
  6.95947079841625180E-01  2.42493435673294830E+01  8.62204036865349010E+00
  4.75626642073745920E-01  2.65399943353464970E+00  1.07590458480306840E+01
  2.57534358191145160E-01  9.83442154488866830E+00  1.97221641404681240E-02
  6.30423428531534040E-01  8.62305198288455980E+00  2.78725256177495840E+01
  3.25516939164680520E-01  1.35254022580165480E+01  1.27615775146074630E+01
  3.14110289759674140E-01  7.26668067861429370E+00  2.27942670326888220E+01
  3.99477862283745790E-01  2.39334743358055170E+01  2.11681404937563400E+01
  6.47236078597052340E-01  6.72654219755349910E+00  2.79431020328564940E+01
  5.28731261397185740E-01  2.68173574061829180E+01  1.23536481005495670E+01
  4.43807889241729470E-01  6.68006295134415050E+00  2.90328149684655480E+01
  4.82268891960512480E-01  1.79838220773556080E+01  1.95431372916865840E+01
  4.30858982518450690E-01  2.58146830769145800E+01  2.24962168146620910E+00
  4.18947112612636110E-01  4.64528359515800120E+00  2.19091799012375040E+01
  3.50662231740508900E-01  2.60797516567531890E+01  1.83288909274728380E+01
  2.85767805251094040E-01  3.87754899259959720E+00  9.19199749984881720E+00
  3.45648959319623030E-01  2.46854671809730670E+01  5.12217916156322150E+00
  3.45648959319623030E-01  2.15361744287335280E+01  1.99259848755194890E+01
  6.42005949159872720E-01  2.80105507145469660E+01  2.05006955844926080E+01
  2.74003615458356760E-01  1.21125702534243680E+01  1.93754527113656070E+01
  3.87653287431749970E-01  2.58798744237683740E+01  2.33236918920160510E+01
  4.18948713530687210E-01  2.89392804344644330E+01  2.40284101611276600E+01
  4.53451232343747090E-01  2.08086211316976170E+01  3.58897324185400550E+00
  4.21603844523193420E-01  1.21290192600091240E+00  7.31305459874520560E+00
  2.62213147743524950E-01  5.86132076835822960E+00  6.66463205654242690E+00
