1
  1002  2.96924426640336700E+01  2.96924426640336700E+01  1.00000000000000000E+00
        0.00000000000000000E+00  0.00000000000000000E+00  0.00000000000000000E+00
  2.74003615458356760E-01  1.93156738782436360E+01  2.01495621202420880E+01
  3.87653287431749970E-01  1.11513709662677430E+01  2.79696819328566270E+01
  4.18948713530687210E-01  2.11692521825932400E+01  2.72916625478929400E+01
  4.53451232343747090E-01  5.23165691919872700E+00  2.35530986917292500E+01
  4.21603844523193420E-01  1.45245593831275230E+01  2.94627393776056330E+01
  2.62213147743524950E-01  2.83573369148391020E+01  1.68625011531589840E+01
  6.94903868090152520E-01  1.65623518144881990E+01  1.06182448971630960E+01
  6.31563936872940970E-01  1.60359501790379180E+01  9.40102566199350600E+00
  7.01778375544082420E-01  1.42619320131221960E+01  2.77025374159795240E+01
  3.46434506905438330E-01  2.71116133682599600E+01  1.62483988671486940E+01
  3.50662231740508900E-01  1.79628517789528460E+01  6.21110044122119920E+00
  3.01799748246536660E-01  7.65869287112174040E+00  1.92794062242530550E+01
  4.41298336829792340E-01  6.59498077545857610E+00  2.70397127806661680E+01
  3.39481361119070080E-01  6.78313683577596920E+00  4.97344654719252510E+00
  3.83181557852844270E-01  1.85115977098420960E+01  6.71247901118730090E+00
  6.75156127532392600E-01  2.73474748368116180E+00  9.27725497998478590E+00
  2.73281005279713530E-01  1.81057858666618120E+00  2.25153889725687010E+01
  6.65634982039605120E-01  4.61552486894899610E-01  2.28692831872607270E+00
  2.54824432159977790E-01  1.66502839036448160E+01  6.18346931775632760E+00
  2.84029264846615530E-01  5.37055400999276160E+00  1.72339754958850730E+01
  4.62836237406567810E-01  2.20587076499632810E+00  5.47439696194138840E+00
  3.33973424357718240E-01  2.55556049186786640E+01  1.94278301504736000E+01
  4.91872428060923640E-01  1.83001640522873220E+01  2.68985837138385160E+01
  5.52490392167627680E-01  2.83587828741221240E+01  5.19792363472709160E+00
  5.39466591144820300E-01  6.32183122557463050E+00  3.73332176451123530E+00
  5.65219172841477580E-01  1.09995779355747660E+01  2.38928801492539660E+01
  3.53776024442120150E-01  2.95138021382080100E+01  2.64233837939232790E+01
  5.54611473665029210E-01  2.31225690538544950E+01  5.15101241222444540E+00
  4.81368497469048420E-01  2.42467946375027180E+00  1.22526552262292230E+01
  2.84672167568555990E-01  2.22704915402335430E+01  1.98007523031174660E+01
  3.06898385793053400E-01  1.83087631027375860E+01  4.37751710500670480E-01
  4.49954956992444630E-01  7.61250559162648340E+00  2.28123306777373750E+01
  5.88686278844574580E-01  2.15606532531702170E+00  1.72999941436816190E+01
  4.36315933331792570E-01  4.77346904885916420E+00  1.42230491146573530E+01
  5.46155746035104350E-01  1.02407944680530140E+01  1.51088603536064240E+01
  4.11346310528290360E-01  2.28377171856088380E+01  1.93975738115779630E+01
  7.44650008855257360E-01  2.77627035707305940E+01  1.40709754395661800E+01
  4.68162992243922280E-01  2.60115031303584090E-01  9.44998950846986400E+00
  7.11073931023246340E-01  1.97282977686251970E+01  2.32439600202955350E+01
  3.02034441597155470E-01  2.77424365476668980E+01  1.58364090042638480E+01
  5.12509616084684260E-01  5.57050002305830110E+00  1.64635451776462390E+01
  3.40422717275118370E-01  8.92006535270358470E-01  2.84102047150854100E-01
  6.65634982039605120E-01  1.98323159113821460E+01  1.92054655017519450E+01
  3.75295693565172690E-01  1.33747249765808950E+01  6.33874377607080230E+00
  4.75626642073745920E-01  1.52297472412511270E+01  1.96440204834532220E+01
  4.72038094207023740E-01  2.17033371471077530E+01  1.75788018244786240E+01
  4.29902962432020440E-01  2.49898015017691470E+01  1.99404509302148440E+01
  5.68910711623079470E-01  2.47812947215869030E+01  1.89641538790076500E+01
  3.07263188066738420E-01  1.82051121767157080E+01  1.04228159887661940E+00
  6.10911033360540580E-01  9.98875134883832770E+00  2.62917366781561910E+01
  3.43353541919950760E-01  1.98186105731269070E+01  5.03394981375572930E+00
  3.15231116497538320E-01  2.44854300888482580E+01  7.89394643753539780E+00
  3.78068289465320630E-01  4.39615333321883380E+00  1.38705628194308010E+00
  2.54824432159977790E-01  2.51360463826426250E+01  2.60166275470305910E+01
  5.44558358435121190E-01  1.13520885364077360E+01  1.71338962824693010E+01
  3.56000803327192820E-01  1.37830413258248400E+01  2.02665823500729130E+01
  3.13454063710418570E-01  1.21957923547292600E+01  1.69842100386993020E+01
  6.12591031919131530E-01  2.11851569503867870E+01  1.13546485049563760E+01
  6.47236078597052340E-01  3.31391556585956160E+00  1.77429700307760290E+01
  2.65726189967390210E-01  1.35049403518833810E+01  1.82891479004748520E+01
  2.96653470797716330E-01  9.38598157134280340E+00  7.83282462761390970E+00
  3.45648959319623030E-01  4.23050176130167710E+00  2.19842741745660670E+01
  3.13454063710418570E-01  4.97331736477771620E+00  1.14831175139101070E+01
  3.39073066583844400E-01  1.28753202058726370E+01  1.83884338208989000E+01
  2.96256570285591500E-01  9.87998839455691780E+00  1.03626033043301860E+01
  4.19081387041561550E-01  1.26306621697445130E+01  5.93045183052462480E+00
  7.08391389715138510E-01  2.49641512293017790E-01  3.64295914928343350E+00
  7.16035261746952050E-01  1.65477263696020030E+01  7.14834742096813260E+00
  4.43133439323318520E-01  1.10955253294374120E+00  1.30775202220144490E+01
  2.73281005279713530E-01  2.36714555856024800E+01  7.51348557387154780E+00
  3.35017483125717060E-01  1.90848478923088680E+01  2.40681203329831030E+01
  5.09222041678605210E-01  1.00048595496689800E+01  2.18463268703036600E+01
  4.27719079604653450E-01  8.85224910992854140E+00  1.71626670903452910E+01
  5.81299825206354370E-01  7.15695278915670750E+00  1.44070474320286960E+01
  5.46155746035104350E-01  2.65853025570289500E+01  2.43143379669279300E+01
  3.05466220251299840E-01  2.89527806872053160E+01  1.80158084569906190E+01
  3.11838068626578210E-01  5.68387810396191460E+00  1.85402064075276130E+01
  6.27423008989955560E-01  1.91184732836164000E+01  1.25057840909387950E+01
  7.12424816007452400E-01  1.81454381184633280E+00  2.35003978245047380E+01
  4.41140732643827070E-01  7.38676011161669080E+00  1.60890208688232190E+01
  3.80273533482480450E-01  2.73645350359618430E+01  1.74152528796662190E+00
  3.29796701345061780E-01  1.26421857754209200E+01  2.64500196881066360E+01
  4.15252526658189590E-01  1.49566024578637450E+00  2.90060826871388140E+01
  2.59062449636064510E-01  2.43249848051751270E+01  1.69649909591402910E+01
  6.18419083689772810E-01  2.12520065313438450E+01  8.37569489302380530E+00
  5.04213456464067280E-01  8.26096726500863990E+00  1.40127322421153320E+01
  3.48156346672602490E-01  2.42969022033595050E+01  1.41637235225823610E+01
  2.89042915761794110E-01  2.19782295027440750E+01  2.13503338396497850E+01
  3.05466220251299840E-01  2.78757711170819920E+01  2.91987563108571070E+01
  6.49919166153384610E-01  7.77671464973732540E+00  4.56125522998284530E+00
  6.14379095469630790E-01  1.03727218398186840E+01  1.29459727096144040E+01
  7.00411917450214720E-01  2.19221610995847200E+01  1.35841839393141740E+01
  5.69344335137112000E-01  1.68791131324448290E+01  2.88535317643513880E+01
  2.57564851167384970E-01  1.27659734965501120E+01  1.17628836311794770E+01
  4.13050329149462850E-01  2.07756457968319630E+01  2.15281486896609440E+00
  6.18419083689772810E-01  5.70807711316671630E+00  2.64044567444662800E+01
  4.26523982883737140E-01  6.42982825711240390E+00  1.68420572028289970E+01
  3.78209123272245940E-01  1.54561075128931510E+01  7.09177631518989850E+00
  2.63055759251188670E-01  2.95165715054753090E+01  1.79482316952051800E+01
  5.00274833943758600E-01  8.33736407494101070E+00  2.34250235856025950E+01
  6.01687927537542500E-01  2.37862815961654980E+01  1.07443483050481900E+01
  4.86073626967704090E-01  2.34692678428909310E+00  2.87106134022776940E+01
  7.62474117278193650E-01  2.62792841107569290E+01  1.38048760726283960E+01
  4.87886881528419990E-01  3.83488707765112440E+00  9.64898248206672090E+00
  2.99038091422116640E-01  1.20110726684375710E+01  2.66095253592953260E+01
  3.50974061745161330E-01  9.79318511282583340E+00  5.07315628063769440E+00
  6.10572080928614460E-01  2.93905897367036760E-01  1.02320550117423870E+00
  3.01731430220296380E-01  1.31899016130980390E+01  2.95742094380897950E+01
  2.59062449636064510E-01  2.09401337118026130E+01  2.02719541639543370E+01
  6.99477888048091770E-01  2.41806252166926950E+00  2.68259471361970760E+01
  4.41666133880560000E-01  1.20844436196372500E+01  1.16083281937055180E+01
  6.86210935380316480E-01  2.41412539080511700E-01  2.07676825791994940E+01
  5.27425300578987690E-01  2.12102393468642880E+01  2.16797878432270000E+01
  7.54505484792745040E-01  8.42620902386824610E+00  2.82663559852877380E+01
  4.11696508529454960E-01  1.08315458481261930E+01  2.45588488797985380E+00
  6.26517897412854200E-01  2.05212379781196430E+01  7.32384093044724600E+00
  5.72142532162989690E-01  8.11727910115223490E+00  1.24981339081750690E+01
  3.47451934045076260E-01  2.40421532004105560E+01  2.52168674822837070E+01
  2.57564851167384970E-01  2.56309690128782710E+01  2.58892123509375020E+01
  5.33859136323620030E-01  1.48452473001713440E+00  2.60205036297126640E+01
  2.69169509893181310E-01  7.28494794875872210E+00  1.26180743160555980E+01
  4.24351701398837560E-01  2.00040213093412870E+00  2.78688223950220610E+01
  3.11762329988951370E-01  1.62426271978060480E+01  5.18124644458783920E+00
  3.50974061745161330E-01  8.62944458410791530E+00  2.71815390207463140E+01
  2.66929568161810020E-01  2.85792211764198620E+00  2.38425350205867410E+01
  7.20816873845379820E-01  1.64512959743824890E+01  1.99588417832676160E+01
  4.22201084465533680E-01  2.29990191172086500E+01  1.31030587789218200E+01
  3.09209541844886400E-01  2.46265212791679460E+01  8.50177154197244360E+00
  2.62213147743524950E-01  2.55716147969242340E+01  1.40918377606486890E+00
  7.60411681679863700E-01  1.40199516858931050E+01  2.23248717766508730E+01
  6.67521681419926690E-01  7.52551493567528600E+00  1.14094661754267350E+01
  4.37954134865551840E-01  2.80771405130043590E+01  1.33925571820967580E+00
  7.16654247500547470E-01  8.16086144374930460E+00  1.52287266840460360E+01
  7.12424816007452400E-01  1.69016682048675090E+01  1.85779147928500200E+01
  3.61198882346046800E-01  6.42294349881981840E+00  1.49964668880426610E+01
  3.82245446386266610E-01  7.51007615896968780E+00  1.57872279241577160E+00
  3.58737518624021320E-01  6.53677331977543300E+00  9.60355930806240470E+00
  5.81547682683179710E-01  2.48013102206151320E+01  2.18764592015596900E+01
  4.21963532045373490E-01  1.06403181057264650E+01  7.53723887281645410E-01
  3.12648490279368120E-01  1.83065928421993580E+01  7.47709355818008880E+00
  3.25036994184950640E-01  1.98351642409513930E+01  6.63979479316198610E+00
  3.83290088603488770E-01  1.82778640682836450E+00  3.35236837492158380E+00
  2.93443024193560210E-01  1.39653909659719100E+01  1.72101640663783650E+01
  2.66929568161810020E-01  1.63225186028900570E+01  1.83478559852866670E-01
  2.99038091422116640E-01  2.57691161443779890E+01  5.87570682646459820E+00
  6.00040109246873770E-01  6.10181310159763250E+00  2.41461863563721910E+01
  7.14535578675763720E-01  2.38883019792032310E+01  1.55480961131891410E+01
  3.06898385793053400E-01  1.69011376679399810E+01  2.51283710165654210E+01
  3.45648959319623030E-01  2.35328012521476210E+01  2.56863912809332080E+01
  3.87046365911375680E-01  4.11611173230187520E+00  2.09840361299583390E+00
  6.56539952722306990E-01  1.14840306402750160E+01  1.53607537967419570E+01
  5.07436062422724900E-01  7.48113046020521290E+00  1.33690159147700580E+01
  7.39270392714900380E-01  1.18244277959455140E+01  7.89122596418179610E+00
  5.38024295323284910E-01  2.61885806475602540E+01  5.15197670960472380E+00
  7.33199636544987770E-01  1.90427152830125620E+01  1.42931539053706980E+01
  6.31923671661538840E-01  1.18372173258819730E+01  2.56957236522823710E+01
  5.72951670348821020E-01  2.88514392156704140E+01  6.89601571442552520E-01
  6.40456937776772590E-01  9.57491015041522080E+00  2.74753831117149300E+01
  4.77241894706072770E-01  1.17760668782042450E+01  2.45883196080480250E+01
  7.64764367446448820E-01  1.82553351817028830E+01  1.76036138584375800E+01
  7.16535845940979770E-01  1.12189172452275340E+01  4.32371022502975850E+00
  3.10705613459761840E-01  3.54385787881221060E+00  2.04723876747144470E+01
  3.89901968262705180E-01  1.62253056419872090E+01  2.48279718274749080E+01
  7.15011499502423580E-01  1.43637095814736910E+01  3.19074465131303510E+00
  7.60297905848187840E-01  2.02095475797050490E+01  1.33619042719118170E+01
  2.65726189967390210E-01  1.42117669088660680E+01  2.38985198197284060E+01
  4.53492046339069340E-01  1.89859325911178760E+01  2.83245149497656750E+01
  5.18725390566230620E-01  4.21324292075965270E-01  8.45035664193124350E+00
  4.24020504903543660E-01  1.24540312375643560E+01  2.71802876648702710E+01
  5.17634268500846420E-01  2.04407661968703420E+01  2.51278566734749270E+01
  4.54567147313974470E-01  1.90792854396534930E+01  1.04651480589986200E+01
  3.65965634987757580E-01  1.23594477853746470E+01  1.88687515607462900E+01
  2.96256570285591500E-01  1.61691013402608270E+01  2.35219471593605650E+01
  5.50543265074639000E-01  5.70117621254953290E+00  9.96084265317081470E+00
  4.46540105696671490E-01  2.09454221784166750E+00  1.62670827049389360E+01
  6.47236078597052340E-01  4.60130309479398130E+00  2.83415315092916840E+01
  4.82769235883485770E-01  1.33345077728193450E+01  2.69665413461497570E+01
  2.97529618718302210E-01  8.87623821497023610E+00  1.79920706239785280E+01
  4.13811620468168510E-01  2.82214573075324820E+01  1.89515023088984340E+01
  4.87785457169642190E-01  8.26538151987156060E+00  6.41862703285908510E+00
  3.41778742319800830E-01  7.10727296129115870E+00  1.53287018126318220E+01
  4.05793634226126800E-01  9.26669399636297970E+00  1.50370398220420770E+01
  7.14516279726398110E-01  2.64908823178643260E+01  1.07973066449715340E+00
  3.71799304162545760E-01  1.78393928069756280E+01  2.61682610460100450E+01
  5.77820253962530560E-01  5.32769915746524080E+00  6.02320442562451500E+00
  4.75626642073745920E-01  1.55614962152525160E+01  3.69561794797086570E+00
  5.46562010559427060E-01  1.93778374362211960E+01  9.17549791943418210E+00
  3.29506256422424390E-01  1.99340837403203540E+01  2.58087931851127620E+01
  2.62213147743524950E-01  1.59090484250897180E+01  1.58562949803455130E+01
  3.63105686475124490E-01  1.31059622754518530E+01  2.16732119429650570E+01
  7.08391389715138510E-01  1.22585251715557960E+01  1.04719723544960760E+01
  4.26578460793149810E-01  1.40206315174690110E+01  9.45448269825873840E+00
  6.08873319065221350E-01  1.44527457531744260E+01  1.63494405456868610E+01
  5.39466591144820300E-01  1.34519383039893480E+01  1.21680266137283300E+01
  4.66553963192992600E-01  2.57811434029141150E+01  1.78711830493501580E+01
  4.82771447840326400E-01  2.68942612166949640E+01  2.21044785338794410E+01
  5.13004586318856950E-01  2.65683830472915580E+01  2.02527320858503050E+01
  3.17084428049163950E-01  2.21828434732151970E+01  5.18143351266556080E+00
  3.50974061745161330E-01  1.42642093753962220E+01  4.97596111131386460E-01
  3.82382183723224410E-01  1.19556788488955410E+01  5.14095952367215060E+00
  3.77759649416993960E-01  1.57373766314196150E+01  1.22245464827643830E+01
  5.74203886104520670E-01  6.82005465218586430E+00  2.24021826952881040E+00
  4.11346310528290360E-01  2.30091366515823030E+01  2.77844107793688830E+01
  5.06367095649294540E-01  7.19447695019808990E+00  9.04184888656363310E+00
  6.01687927537542500E-01  2.35201484379295350E+01  2.92442253793193780E+01
  2.49794182180603610E-01  2.76734548113414430E+01  2.22537382557117950E+01
  6.11481049571092420E-01  2.43932673213197980E+00  1.05647244232827550E+01
  5.03927515451986880E-01  2.06985812669487890E+01  5.48735530962680680E+00
  6.35485889077753010E-01  2.22986828643398310E+01  1.17691938958588780E+00
  2.99038091422116640E-01  7.97648293158151580E+00  9.23403058966468040E+00
  4.22541054278063120E-01  1.36830386731470860E+01  2.34583490402300260E+01
  3.05466220251299840E-01  3.63287001190750170E+00  1.59778657377298180E+01
  2.62213147743524950E-01  2.81096024004338360E+01  1.96178535657735370E+01
  3.61769499680632390E-01  2.82193151449203190E+01  3.03636947440865910E+00
  2.47647088603063280E-01  7.49513050011209710E+00  8.35054064284636150E+00
  3.11155895623034430E-01  8.12199880250881990E+00  1.70506039952463060E+01
  2.66929568161810020E-01  1.42384040637683420E+00  2.96839340232061420E+01
  6.90395435464654740E-01  1.79046266506733080E+01  2.51082874179972070E+01
  2.96503602823160150E-01  5.45362070618550910E+00  2.90789098583332760E+01
  6.57722721512726150E-01  2.59306030509173620E+01  2.27144714658131120E+01
  7.24777883420223110E-01  1.08633972273706760E+01  1.83036289792654650E+01
  5.48279863025970290E-01  1.55148543522982030E+01  4.72388621884410840E+00
  6.40748513009616880E-01  1.92577489135658200E+01  7.41305863037000280E+00
  2.56092450391898300E-01  1.85536624106621350E+01  6.07500098834304230E+00
  7.17499092254363010E-01  9.41951952716719990E+00  6.07361454229518220E+00
  4.66141488621800890E-01  2.57943582453521290E+01  1.49330315921838160E+01
  6.33759023001558490E-01  1.48960633244044910E+01  8.85229361773461500E+00
  5.48279863025970290E-01  1.26418124476479830E+01  6.89770239133483630E+00
  4.19081387041561550E-01  1.51308474593899400E+01  1.35492693087313650E+01
  5.70902198024309190E-01  4.39640897949712260E+00  2.06948018049355440E+01
  3.17950877609215300E-01  1.78012295745885790E+01  1.58272377014766690E+01
  5.96963967672292380E-01  1.82490483659865890E+01  1.15233704081932200E+01
  6.18832453479690690E-01  1.44225910207866160E+01  1.84882458507598490E+01
  2.63339374245984010E-01  3.86088195795978260E+00  1.67758165226555180E+01
  3.55036581058269410E-01  6.80541983839469470E+00  2.09969839582644580E+01
  5.84913004272127690E-01  2.85301706960498150E+01  2.26189678811586110E+01
  5.77235448209733180E-01  1.36134840081089500E+01  2.88042938114141190E+01
  5.01105313190319460E-01  2.24950427697420990E+01  5.74989876055376210E-02
  3.83598938984435380E-01  3.02038146195654900E+00  3.98111936249307700E+00
  5.98360795606824340E-01  4.49799889213697580E+00  1.73601872533024100E+01
  3.41778742319800830E-01  1.12878085243744890E+01  3.49008592045919390E-01
  3.29796701345061780E-01  2.85511593620857250E+00  2.14647526520442920E+00
  3.84420431658369740E-01  2.20675705931653390E+01  9.86332476480786550E+00
  4.91872428060923640E-01  2.37065097687461840E+01  2.72107570667656160E+01
  2.93443024193560210E-01  1.99979188097690470E+01  2.64390063314733550E+01
  5.81299825206354370E-01  2.88521389584957720E+01  2.70836157218069930E+01
  5.68243553274813350E-01  4.47796517630767090E+00  1.61951890937867200E+01
  5.39001667068871980E-01  2.08211436979134400E+00  1.32130801321562550E+01
  7.01587183784351610E-01  1.82732151557952720E+00  2.22942094694624340E+00
  4.45239477383046460E-01  1.15865384366722510E+01  2.72204056369877460E+01
  5.39001667068871980E-01  5.96341380644602910E+00  2.52759684214282030E+01
  2.86134314477376340E-01  6.86477589008589820E+00  4.35382940320297960E+00
  7.70254277643880240E-01  1.49185407770988640E+01  1.02554896520317270E+01
  3.45648959319623030E-01  9.42531108976468170E+00  2.24740840922713760E+01
  3.39481361119070080E-01  1.51277134058943390E+00  1.49077780067176830E+01
  3.04461637453634990E-01  1.12861752426069730E+01  2.90532406631088950E+01
  5.20369884994360540E-01  9.27682872427696380E+00  1.26361856917681070E+01
  2.65726189967390210E-01  6.43395696688104300E+00  2.02949122680397200E+01
  6.26908127420837150E-01  1.21585316268509530E+01  1.42696826754922540E+01
  3.48480710258510130E-01  2.07632489956410920E+01  2.91482401721264000E+00
  2.96653470797716330E-01  2.66765372921982330E+01  1.67217458094294460E+01
  6.31923671661538840E-01  1.60662967625419950E+01  1.82323802368876070E+00
  4.09705559579089850E-01  2.76686459311836220E+01  6.85694756948005060E+00
  6.72499163702481620E-01  1.66058757114680800E+01  4.17751760628434530E+00
  2.84029264846615530E-01  2.71967257316842250E+01  1.56241955801662160E+01
  5.34631033075580400E-01  2.81097098965866690E+01  2.15823538866795060E+01
  6.17076625982510940E-01  2.37061530374363120E+01  8.40475851592893090E+00
  6.55074006360275090E-01  2.47495429231567780E+01  1.18342519069452760E+01
  5.46562010559427060E-01  1.34983919479879300E+01  1.02780201003186940E+01
  5.17626013175185660E-01  1.62973925271355530E+01  3.02852659029609850E+00
  5.82207618145930890E-01  1.65000965175722760E+00  8.09531920040658190E-01
  5.98268629341587580E-01  2.80675084287148560E+01  1.08775639438936620E+01
  5.34553382826858140E-01  2.53224138389855900E+01  1.28768124170735200E+01
  3.76753951196820710E-01  2.69026942126080260E+01  2.65420518847617220E+01
  7.52518120402026810E-01  3.90529859627444150E+00  1.08866160214611530E+01
  4.81368497469048420E-01  2.67998885981284970E+01  1.49345116688462230E+01
  6.47413426355271770E-01  5.70773584278178530E+00  2.76698685176385840E+01
  3.05466220251299840E-01  9.33999053139113580E+00  8.43219895148002510E+00
  4.46689977500956030E-01  1.54019419761208310E+01  2.67192563433814590E+00
  6.18566685513849460E-01  2.51855008016386740E+00  2.55123041154860280E+01
  5.36592099856838090E-01  2.87915972278920440E+01  2.59027516146778040E+01
  5.09574347305064630E-01  2.76007655734089110E+01  5.94058275461205290E+00
  4.92328788949218680E-01  1.47228780911869070E+01  1.74166263731571610E+01
  4.83351594707823830E-01  2.82814181266928310E+01  1.76038712236405570E+01
  4.40650972415989980E-01  9.85889086736328580E+00  3.89914175151222510E-01
  6.10911033360540580E-01  2.40095104632809110E+01  4.14722306696554630E+00
  4.34172467284937990E-01  1.04326876306105020E+01  3.20172342830019830E+00
  7.03188417218805210E-01  1.85578749036184650E+01  2.24501596784032490E+01
  2.92799561075502800E-01  8.58772041077337360E+00  7.21882980105934990E-01
  5.68243553274813350E-01  2.27256565926834640E+01  2.68095874066669850E+01
  4.60682082706054620E-01  1.77124219050966050E+01  6.98232747972067890E+00
  6.41715074739605920E-01  7.62193972042720610E+00  7.34666549986613670E+00
  4.55206736325743130E-01  1.92635682695777530E+01  6.10921198019034240E+00
  4.22201084465533680E-01  3.43002590173800750E+00  1.88058381845383170E+01
  3.63079661055833470E-01  1.80271231564015010E+01  2.15253846050790010E+01
  2.63055759251188670E-01  2.31561377778943900E+01  4.33425953807177500E+00
  5.32877675645020420E-01  1.20626201617709410E+01  7.54069581291105000E-01
  5.77235448209733180E-01  2.73045436160476310E+01  1.93814702519504640E+01
  4.09775903561979240E-01  3.71941230649408630E+00  5.91343815062709410E+00
  6.93187364831086050E-01  6.48437329129694810E+00  1.01913198575494520E+00
  4.30054269381220950E-01  3.44644293348362000E-01  2.48878326419921160E+01
  5.07436062422724900E-01  1.06200864918272780E+01  2.95172108131941220E+01
  2.49948351789403130E-01  1.17744646208433110E+01  1.22779014681523440E+01
  3.16022212934137680E-01  4.35826976221164310E+00  1.49167621077214320E+01
  4.72818350263822220E-01  9.67965509548543860E+00  1.84778973082804220E+01
  4.46689977500956030E-01  2.48112088719186950E+00  2.44481107016787330E+01
  4.74581552528920360E-01  2.37898615718827000E+01  2.82024097359531570E+01
  4.86590143357422540E-01  6.07557314242083630E-01  2.88495205185242120E+01
  2.73281005279713530E-01  1.85790644206247960E+01  2.44059016358091800E+01
  5.20515140446715560E-01  1.38612926680217310E+01  2.46017755793637070E+01
  4.13811620468168510E-01  1.35632052432014800E+01  2.10043297206724020E+01
  3.81419328643079860E-01  5.09352170001638080E+00  1.34604513782775490E+01
  4.05593309893122810E-01  2.65257885694446890E+01  1.57780452128910780E+01
  5.85380732291966590E-01  1.71644706106096480E+01  2.34742994066500370E+00
  4.06599624824484800E-01  1.20538246928335210E+01  1.32418581439098380E+01
  6.40456937776772590E-01  3.42471496488484690E+00  2.14162103555499390E+01
  4.75626642073745920E-01  1.84427009694713390E+01  5.35229887141865750E+00
  5.09222041678605210E-01  1.28990983615298060E+01  2.29181983045316220E+01
  5.77820253962530560E-01  1.06707454085535570E+00  2.21035190790186250E+01
  3.80273533482480450E-01  2.72507434063383980E+01  2.72130704225634010E+01
  5.01406606281285510E-01  5.11363200070686650E-01  6.91602278572453600E+00
  3.59079136884617700E-01  2.75185955360469380E+01  7.71072747248952250E-01
  5.94092381958372510E-01  5.95960651915496880E+00  8.84642381588130890E+00
  2.54611020839302520E-01  1.17866090637208880E+01  1.86303291426321460E+01
  4.99223721401470310E-01  1.30308238304986550E+01  2.79002138595178050E+01
  2.54611020839302520E-01  2.84877097989166650E+01  1.83290872676319660E+01
  3.20574425314766210E-01  1.30933299703324960E+01  2.02768412005925890E+01
  2.85767805251094040E-01  2.00857737019659200E+01  3.87855074320187130E+00
  2.54611020839302520E-01  1.77367465213894700E-01  4.60317455262256740E+00
  4.12246671516209600E-01  1.52095462456985600E+01  2.89876347967412470E+01
  4.41298336829792340E-01  1.27041098311629290E+01  1.64273009740463710E+01
  7.09985914168247060E-01  3.68852423574102420E+00  8.27360012528016320E+00
  6.80956647410425740E-01  9.23398374863520740E+00  1.61225714547295740E+01
  4.75338540515479570E-01  2.04685314476132130E+01  4.53611646911277330E+00
  7.49588614928249000E-01  1.54726658575719880E+01  2.19174685339718350E+01
  4.74033319401206570E-01  9.26328072922252940E+00  1.08399517420299580E+00
  5.20515140446715560E-01  1.53192159105664490E+01  2.47407707486921210E+01
  5.48131117613959250E-01  2.23451785894752140E+01  1.13261254885659120E+01
  3.46733456860136300E-01  1.89168000289158980E+01  2.36095612313471070E+00
  6.97384645011991290E-01  2.05767204909131820E+01  9.50408748209667740E+00
  3.78209123272245940E-01  2.56403439749103560E+00  1.40185875093546990E+00
  3.82382183723224410E-01  1.95104901414945400E+01  1.56415752735814970E+01
  4.46537248270915300E-01  1.59794278708784220E+00  1.84540789743536530E+01
  6.08690451339190200E-01  7.33541323745028340E+00  1.01478058788625080E+01
  2.59062449636064510E-01  1.32823843968393850E+01  1.83298162300449580E+00
  4.43756654693070110E-01  1.10362241516782870E+01  2.64130298124083610E+01
  3.18942867500738640E-01  2.38857653597616770E+01  2.08657635998568590E+01
  7.16535845940979770E-01  6.40347140355352010E+00  6.74710233859581180E+00
  4.62836237406567810E-01  2.96803954286688700E+00  2.95954500956812050E+01
  6.97384645011991290E-01  2.41179743656789040E+01  1.31339565992487370E+01
  2.47647088603063280E-01  2.93996423785795930E+01  2.51154849587741250E+01
  4.05793634226126800E-01  2.15991351813138620E+01  5.61186394287129180E+00
  5.37364664263313330E-01  1.13178400197064150E+01  9.06226310892577300E+00
  5.72881440675418570E-01  2.93990448603626400E+01  7.62723566426721520E+00
  5.04213456464067280E-01  2.13798183950236800E+00  2.14292353396621240E+01
  3.86557871019070410E-01  2.12271623639694060E+01  2.89098447579731680E+01
  5.62178328188990490E-01  2.36690061343700930E+01  2.17191521430988600E+01
  6.41715074739605920E-01  1.84632666156712270E+01  8.41841483823422900E+00
  4.54567147313974470E-01  1.24349249927035410E+01  2.95321692978303820E+01
  3.97011970696729720E-01  1.43675552345417530E+01  1.19761829503931520E+01
  3.99477862283745790E-01  1.18679722760773330E+01  1.63439268959249090E+01
  5.15931587153482510E-01  2.29575912407851060E+01  9.99491166615996640E+00
  5.98026541173087530E-01  2.70619899475554670E+01  2.95908034802558110E+01
  5.94917806945655060E-01  8.77960969260895040E+00  2.09505422119861820E+01
  3.86557871019070410E-01  1.76540964833398850E+01  1.06812756411543880E+01
  5.52347772924787250E-01  2.66330100305872540E+01  3.43915926914628710E+00
  4.05793634226126800E-01  2.26964410204524040E+01  3.30735993198186320E+00
  4.66753989857397040E-01  1.38804022498764810E+01  8.43029437760790400E+00
  6.77666041374141330E-01  1.56992313328032150E+01  1.67722043913870320E+01
  3.23306573977224420E-01  4.39658296319662510E+00  1.35636857806709940E+01
  6.88340418185590860E-01  1.77680683808547360E+01  2.04681065229912560E+01
  4.11696508529454960E-01  1.08992707122525590E+01  2.20638333620149150E+01
  4.03052389307286420E-01  1.13785556901684920E+01  1.27966264893236690E+01
  2.97529618718302210E-01  2.83463169846256380E+01  4.34616791842329510E+00
  3.13090147150790890E-01  1.34954218611790360E+01  7.03648412731965320E+00
  5.01435669612667030E-01  1.40177891049002310E+01  2.02507806606547860E+00
  5.26482748420329030E-01  2.08833338963371990E+01  2.28002233395425120E+01
  6.75156127532392600E-01  2.48727991855287840E+01  2.72326034911647920E+01
  7.20816873845379820E-01  1.72482578900777670E+01  5.41333926866961070E+00
  5.30006102735105960E-01  2.50971462269521160E+01  1.71274351807824770E+01
  3.43353541919950760E-01  2.52173448469200780E+01  6.68259119269168340E+00
  5.32877675645020420E-01  1.53973594024040300E+01  2.06377885717674300E+01
  6.44956217916396120E-01  8.48790526468832600E+00  2.21552658358334360E+01
  3.55036581058269410E-01  1.44196049389965140E+01  1.94610744438813370E+01
  4.30054269381220950E-01  2.60422137430472920E+01  2.70409357501293360E-02
  4.93734512940847830E-01  2.91718820211801210E+00  2.79090267098045470E+01
  3.42409596243210680E-01  1.48531109985323230E+01  4.12790233160942850E+00
  5.58952633370732950E-01  6.03913551250643370E+00  1.77461719477109840E+01
  4.49954956992444630E-01  1.74464808864489060E+01  8.81318067304805910E+00
  4.11346310528290360E-01  1.51247566479580140E+01  1.27205084688576470E+01
  4.72818350263822220E-01  2.31222363866445730E+01  2.38861376330016100E+01
  5.00672486592370710E-01  7.63253377288446530E+00  2.92372863338441070E+01
  4.15334611176110170E-01  3.46790680784838700E+00  2.57017916784548190E+00
  7.70254277643880240E-01  2.86910395079793900E+01  1.53370034058753330E+01
  5.32262962461145860E-01  3.94575146710435650E+00  2.94114493240471330E+01
  4.01880163826280960E-01  3.01445729166714620E+00  1.56365673869125190E+01
  7.41720708060832300E-01  1.59449911935311360E+01  2.59238424123898130E+01
  3.01674668393272730E-01  7.94740097107650460E+00  2.60201491135605880E+01
  2.66929568161810020E-01  2.24225033442094810E+01  2.52663560207223130E+01
  4.15334611176110170E-01  2.93082899589191400E+01  5.39929558328170690E+00
  5.20369884994360540E-01  2.69198781843777370E+00  3.09214931502228120E+00
  2.84672167568555990E-01  1.72080557331012610E+01  2.80654905828939360E+01
  5.18912146576496980E-01  2.68248104753561380E+01  1.75236544929292250E+01
  3.90540239164096370E-01  4.39060247169240010E+00  1.28146857728996440E+01
  3.63079661055833470E-01  1.13028059891716260E+01  9.98306153170399920E+00
  4.73113776075054650E-01  2.92098690510990980E+01  1.23099529940152800E+01
  5.55687039951364880E-01  7.38693085098724560E+00  3.41272263421471810E+00
  6.97384645011991290E-01  1.33810137749545090E+01  1.92929405639767500E+01
  3.54092873053847420E-01  8.65542856552649020E+00  1.32510189305485930E+01
  7.37991961479508610E-01  1.70730776116201960E+01  2.69708251848551940E+01
  5.10790949981952740E-01  1.93484964018539960E+01  1.13914626557056610E+01
  7.03918080384424090E-01  2.01328447326487950E+01  2.84771677486582710E+01
  2.69326463995374250E-01  2.13906274070486510E+01  4.02094940325340390E+00
  5.39922025342825940E-01  1.19128562347731710E+01  2.32729129855457230E+01
  5.39922025342825940E-01  2.90466047304989590E+01  1.40764977691601420E+01
  3.52682444144397330E-01  1.00183379278451360E+00  5.96719173284089430E+00
  3.17084428049163950E-01  1.93092811696509480E+01  2.90800961159731200E+01
  3.92511582998476170E-01  1.26483423717956020E+01  2.87126303843323640E+01
  2.92799561075502800E-01  1.59204429376203830E+01  1.90953524868711430E+01
  3.63105686475124490E-01  2.72107340414053130E+01  1.23681282829844790E+01
  3.25036994184950640E-01  6.91490448039685200E+00  2.16676259672215040E+01
  5.70902198024309190E-01  2.43671780807709770E+01  7.01636498348733630E+00
  6.18138908065390960E-01  9.90282590714609870E+00  4.11081519987734100E+00
  3.10705613459761840E-01  1.17856725390134600E+01  6.84197062640012370E+00
  6.99092076263204730E-01  2.61939482769302470E+01  1.20047050224638030E+01
  4.40295189098215370E-01  9.73742655014878620E+00  7.18592384376589880E+00
  6.52034765531911640E-01  5.16693548962830910E+00  2.16421958999957910E+01
  5.12628979659419230E-01  1.44797543042973500E+01  2.11387581260160250E+01
  2.68569610726517900E-01  2.61858637460632800E+01  2.36045836598332950E+01
  4.41473589537221400E-01  6.72741342496757790E+00  1.21784477040563330E+01
  7.41623060643924430E-01  1.90629469351069080E+01  3.43884276261965120E+00
  2.49794182180603610E-01  3.36096354520406710E+00  2.53038413384709850E+01
  3.44856808658559500E-01  6.66695498333256080E-01  1.37291371107668730E+01
  6.83701617051292750E-01  6.96343127048791910E+00  2.59770685921225240E+01
  7.19599311285852310E-01  1.06165120738515720E+01  2.51186549904226200E+01
  6.67521681419926690E-01  1.09179468496018810E+00  2.71552203989699200E+01
  5.40946473112310590E-01  1.01256563201760020E+01  1.61854375844540850E+00
  3.83579206291793930E-01  2.49307195295522280E+01  1.80245983440901300E+01
  5.04339573614743570E-01  1.20392887392664210E+01  2.80547210614043150E+01
  6.35523375007872900E-01  7.32365611456302720E+00  2.01534792946329660E+01
  3.44905765886116280E-01  1.74375698226183790E+01  1.94892575387330710E+01
  2.65726189967390210E-01  1.11172277404875430E+01  3.34678532370203550E+00
  4.87785457169642190E-01  1.66446295788674590E+01  8.64810924044569160E-01
  3.71299762957800540E-01  2.04569980946241220E+01  6.32812352281822400E+00
  4.13811620468168510E-01  1.62135559643833280E+01  2.28137648647874550E+01
  5.69423614487483490E-01  2.02172290269868000E+01  1.20323660986963910E+01
  5.83429036676414100E-01  2.46913510630487920E+01  2.94248215073336220E+01
  5.30006102735105960E-01  2.53200036849076260E+01  6.58424915997745330E-01
  5.16710955738981780E-01  2.23262293960757030E+01  2.44884974188709280E+01
  2.65726189967390210E-01  2.71366020430214410E+01  4.08288898065053370E+00
  3.18942867500738640E-01  1.77550173367275610E+00  2.06724567603160380E+01
  3.23881608201221470E-01  1.51243849660911100E+01  2.82566461788378830E+01
  3.54092873053847420E-01  2.01405623236512880E+01  3.24144497426306310E+00
  5.12509616084684260E-01  1.45780189677076690E+00  1.40583231068397370E+01
  4.99223721401470310E-01  4.38121406909136550E+00  6.53600716493962250E+00
  2.56092450391898300E-01  1.14027149676060700E+01  1.09713102391819270E+01
  5.45765227979075810E-01  3.03510694352173790E+00  1.65834895251805000E+01
  6.94010183176834960E-01  2.88710118350949970E+01  2.91153974726338980E+01
  3.57201130995523370E-01  1.80458457342944350E+01  2.40703362540839050E+01
  5.25895496843049500E-01  2.59405206286680040E+01  2.51703739384800440E+01
  5.10790949981952740E-01  2.92062710364180910E+01  1.72400560050219910E+01
  4.89717368181109780E-01  7.72542496234900520E+00  2.12038538496556580E+01
  4.82769235883485770E-01  2.91373678627669190E+01  4.51837664151809370E+00
  6.93278360304079300E-01  1.99336887104823110E+01  1.81748784465742830E-01
  3.35017483125717060E-01  1.27787676728480840E+00  3.81322778837261250E+00
  3.26514001167033020E-01  2.16434824366010580E+01  2.24154996600495230E+01
  4.75880684447443510E-01  1.63948925568274930E+01  1.43289254401312950E+01
  4.22354771203238230E-01  4.71296245200857200E+00  2.72782392614369120E+01
  4.11966131227655820E-01  2.26994211889266760E+00  8.29464387052379060E+00
  7.30946391186454210E-01  6.15011740516233110E+00  1.11597072695310830E+01
  4.22201084465533680E-01  5.07182693570166520E+00  1.07532867258304350E+01
  5.15931587153482510E-01  1.75041583904699250E+01  2.69875441126398390E-01
  5.52347772924787250E-01  2.20494729214960400E+01  2.77016534749932430E+01
  2.49794182180603610E-01  1.69055961095831040E+01  1.55406870112233840E+00
  4.50103975287380020E-01  4.70672123799254920E-01  1.73267615509897300E+01
  3.61769499680632390E-01  2.34416338412898960E+01  6.90908500558823140E+00
  2.77147605524350650E-01  1.32154634413803650E+01  4.17038871387369260E+00
  7.64764367446448820E-01  2.87692789642892390E+01  6.44862070535387490E+00
  5.71326189973923350E-01  2.01908948804686330E+01  1.07125981433326930E+01
  4.07877171249442140E-01  1.61258717839840390E+01  1.77702070996746290E+01
  4.46540105696671490E-01  2.12712881715729090E+01  6.39790870126942310E+00
  5.07606992315717240E-01  2.78253380325497200E+01  2.03329786495631280E+01
  3.01731430220296380E-01  1.92575153344854970E+01  5.35228006774709360E+00
  4.32382463464541460E-01  2.26909694602412910E+01  2.18948528033677690E+01
  3.25762576013666160E-01  2.01849161083258720E+01  2.23134419333955730E+01
  6.24920360555607160E-01  4.55600273135150320E+00  3.00943612152706800E+00
  7.38532964590205680E-01  1.44567486997588080E+01  6.59657231524273600E+00
  3.92511582998476170E-01  1.85800210539624860E+01  2.35449483116808690E+01
  2.97561439636419770E-01  2.80003566252429880E+00  2.32815561767223680E+01
  3.46434506905438330E-01  2.99303764416754920E+00  1.96082387776545630E+01
  5.89502618647478990E-01  5.82223546829549220E+00  2.26946481195671450E+01
  3.32399546609116130E-01  2.16015048444422140E+00  1.45288966811859770E+01
  5.77649046292645880E-01  1.19660417677991720E+00  1.02451933377074450E+01
  4.31729360191427780E-01  1.80343037419217860E+01  2.87447988937228600E+00
  3.17950877609215300E-01  1.50811896299891470E+01  1.19937005477211150E+01
  4.75880684447443510E-01  1.74801087327578770E+01  7.88892375774889490E+00
  3.91816801400439550E-01  5.60575549786894900E+00  1.92387235346691090E+01
  2.50163292655703180E-01  9.43282576328495460E+00  1.06763501160523370E+01
  3.42074681651230290E-01  2.72970795159607640E+01  1.16675694638216410E+01
  3.50974061745161330E-01  1.73193689186671090E+01  1.13394027835629760E+01
  6.18566685513849460E-01  9.84030436986478920E+00  2.87055625556466230E+01
  3.24719866931951940E-01  2.55082297960419880E+01  2.64606198577329260E+01
  3.57201130995523370E-01  3.44032282441367880E+00  1.78694332586584230E+00
  3.13090147150790890E-01  1.99706515770536330E+01  2.43480330056095550E+01
  2.58355477869490890E-01  1.19373071608802840E+01  9.56072911704515070E+00
  4.83351594707823830E-01  2.75968760743634880E-01  1.95987048742734020E+01
  5.48463672908306780E-01  1.26276639710784890E-01  1.05936178119203020E+01
  4.24351701398837560E-01  1.73187505342092860E+01  3.34443004703172120E+00
  6.80557430527969220E-01  4.92184466165768700E+00  2.46434856562836870E+01
  3.73125396709624990E-01  2.59069139301915950E+00  6.48576838697542970E-01
  6.77808113742920780E-01  1.07982100444604010E+01  6.83471531907304100E+00
  7.67512613708393760E-01  2.28123880866609770E+01  2.07022750664787730E+01
  4.76544583128828500E-01  4.95091757182400190E+00  1.98077259370519730E+01
  6.97738347479756800E-01  1.32870235936227630E+01  8.76306138988038090E-01
  4.49545157175862540E-01  2.00080044135913480E+01  1.49758376402559520E+01
  6.25336422111717830E-01  2.09775790424294400E+01  1.45140388309956820E+01
  4.99487474973056500E-01  1.42255077700113850E+01  1.28612228466144160E+01
  6.67521681419926690E-01  1.92599363584407720E+01  2.50545241779142420E+01
  3.44170209092795430E-01  8.44982987973625650E-02  2.70693966952411000E+01
  4.01880163826280960E-01  1.50373566769921270E+01  1.72396568465284190E+00
  5.95035019805102560E-01  2.82337810211393080E+01  9.69734175069055300E+00
  5.20348764567513020E-01  8.78205899804577680E+00  7.28340030868650420E+00
  7.44845164893703690E-01  8.68427174649926310E+00  3.50377986319035670E+00
  6.94010688862415210E-01  1.62523489178791870E-01  1.62252369247461630E+01
  4.00156705760987560E-01  2.62363250047522170E+01  2.61436936584611140E+01
  6.57722721512726150E-01  3.60873267248782530E+00  2.61759164278269370E+01
  3.61198882346046800E-01  4.45396529306824360E+00  5.67934805264072470E+00
  6.07167866036927160E-01  1.02600594484677750E+01  2.29330338573360000E+01
  5.81677556670477180E-01  1.12459198664507040E+01  1.55313602258602060E+00
  3.17579752081870750E-01  2.34794008678103340E+01  2.63470201990839360E+01
  2.69169509893181310E-01  1.15059291105350780E+01  2.36296346170891440E+00
  5.36592099856838090E-01  2.02152371974891060E+01  2.72397273835566870E+01
  3.01799748246536660E-01  1.83409667477732230E+01  1.06293645967313850E+01
  4.05794678723965420E-01  1.70630688903976590E-02  2.56900781396488040E+01
  3.65995101567518470E-01  4.83905449353896610E+00  2.93257368826343630E+01
  3.39481361119070080E-01  9.67258755572790110E+00  3.05837801671262040E+00
  6.97384645011991290E-01  2.24743266018335570E+01  8.86173127091988100E+00
  6.82253548551889110E-01  2.09465716670729840E+01  2.62142015543337340E+01
  5.67035311113654220E-01  7.94569961108526360E+00  2.42157915477584670E+00
  6.47236078597052340E-01  8.38886552722962620E+00  8.38244207701577970E+00
  5.92513140571182980E-01  2.23077136274012670E+01  4.22651172468694640E+00
  4.71553509741754610E-01  6.54872137093146020E+00  1.30723748727352740E+01
  6.55885333720611730E-01  2.81815946547729370E+01  7.78977284276569030E+00
  2.83840017940612550E-01  8.92133710735039110E+00  1.05244095253353770E+01
  5.65219172841477580E-01  3.90167973242597110E+00  1.96730397541189250E+01
  3.48480710258510130E-01  1.74881579288656180E+01  1.52395070348702820E+01
  6.26908127420837150E-01  2.53914106174788540E+01  7.63706110736554680E+00
  2.62213147743524950E-01  1.76899379486759150E+01  2.86726206138785220E+01
  5.08737612195334600E-01  1.91789663363383300E+01  2.73770491117456310E+01
  4.59281804788439010E-01  6.26461028662764630E+00  5.58043522970175050E+00
  2.86550378078914000E-01  3.21389120041446930E+00  1.01110700595089700E+01
  2.99038091422116640E-01  5.18548987083921720E+00  2.55867569598287260E+01
  3.62493203924014780E-01  1.95468967336329840E+01  2.20571248455862300E+01
  5.64616421781660800E-01  4.13772226594578550E+00  4.21975422263236680E+00
  3.87533216804236250E-01  2.57057676639557760E+01  1.87221436513526460E+01
  3.90540239164096370E-01  9.83564313044657550E+00  1.70087026824432530E+01
  5.44640939783434240E-01  1.21529740366406580E+00  2.00159640192440840E+01
  3.84420431658369740E-01  3.68760421498224030E+00  7.08241390130132590E+00
  4.53492046339069340E-01  1.82892891468294680E+01  1.52099281570700210E+01
  6.38023782753992030E-01  7.34409631130781460E+00  5.77352999457076430E+00
  5.00672486592370710E-01  2.32621009571736720E+01  2.48850235425383030E+01
  6.08873319065221350E-01  2.16885762503141530E+01  3.19574839752681640E+00
  3.18942867500738640E-01  5.27306510540743820E+00  2.05354560795109220E+01
  2.65726189967390210E-01  2.38196284518192410E-01  1.14767843897836470E+01
  7.10410487391814980E-01  2.27880865018862090E+01  1.64534326295437910E+01
  4.66797018098134940E-01  1.25967099687186090E+00  1.67414014964584550E+01
  3.89889811574280460E-01  1.24417016687839000E+00  1.76537835507705200E+01
  2.92456502136063850E-01  1.38467369519290690E+01  1.77833766938837210E+01
  3.63079661055833470E-01  1.83269060708258420E+01  1.33644489954744560E+01
  4.13811620468168510E-01  2.60353646467234410E+01  1.70274631462259050E+01
  2.60417758313763680E-01  6.46926297600273600E+00  1.02210352574534760E+01
  4.41940562555082740E-01  1.79980488039076500E+01  1.89370306023441440E+01
  3.08418768867630710E-01  1.15011142122399120E+01  1.91154760863873390E+01
  3.04461637453634990E-01  1.40128165401632110E+01  5.23097995790718960E+00
  4.75626642073745920E-01  2.43959714334303290E+01  9.25191257038547830E+00
  4.19693779402500590E-01  1.61069520355407430E+01  1.52039655101415750E+01
  3.26514001167033020E-01  2.59269778312974280E+01  4.06463712416012690E+00
  3.55388479881239270E-01  1.05241168059419490E+01  1.41835038208469780E+01
  5.33859136323620030E-01  2.02468736620319940E+01  1.36738808618089710E+00
  3.39481361119070080E-01  2.25060691256046930E+01  1.74643465685480950E+01
  2.51153087880769550E-01  1.67963719456277150E+01  2.96690576744672150E+01
  4.21603844523193420E-01  1.46977830391311560E+01  7.81571482584148750E+00
  5.20348764567513020E-01  2.86177319435019760E+01  1.31075332679671720E+01
  6.86210935380316480E-01  7.27075517915036510E+00  1.75702674829546090E+01
  4.41140732643827070E-01  1.58695684433538490E+01  2.84277528615661480E+01
  6.26908127420837150E-01  2.51526119615752750E+01  4.62056748168649100E+00
  5.11871480770454750E-01  1.42589521163644530E+01  1.38718757838040540E+01
  4.70990686464341570E-01  1.24773921137991300E+01  1.24317517268756270E+01
  5.20369884994360540E-01  5.27529050703463920E+00  3.90066081142507050E+00
  3.04306421741581800E-01  2.08067669934822880E+01  2.09526301861403650E+01
  5.88333222664750720E-01  7.71182372276128450E+00  6.30224835839323380E-01
  6.64541222436485860E-01  1.09957138501207760E+01  1.18008751629251040E+01
  4.24351701398837560E-01  4.95324362555400550E-01  5.20298908837578370E+00
  5.55920758830291820E-01  2.41548179815832850E+01  2.43206250884582680E+01
  2.89042915761794110E-01  1.01043570203017250E+01  1.76324267470995050E+01
  2.47647088603063280E-01  1.14548412086727840E+01  2.85277062258635330E+01
  5.88686278844574580E-01  5.68050196307948510E-01  1.83607553489926620E+01
  3.53063097104977870E-01  1.53349123121359870E+01  1.88227854145264000E+01
  4.50600139601478670E-01  1.32337669255716220E+01  2.56904432037770870E+00
  6.65634982039605120E-01  2.37655893983958890E+01  1.73824709408597930E+00
  4.69750256464274060E-01  7.49546995314693380E+00  2.39062426553516230E+01
  6.13801455222646290E-01  1.91103590769798510E+01  1.21053383955871640E+00
  5.14582826754803690E-01  1.30777969084720010E+01  7.86648114953829400E+00
  3.81419328643079860E-01  1.81112353668213470E+01  1.25356565860541010E+01
  7.28196096543639280E-01  1.75875192626451270E+01  1.41676745951031170E+01
  7.33199636544987770E-01  5.35620701997575210E+00  1.52368731054743980E+01
  2.86550378078914000E-01  1.66345323535499930E+01  1.26193393989815910E+01
  2.52169786807371790E-01  1.89914846575110160E+01  1.52770345406406580E+01
  5.01406606281285510E-01  2.58750002390549130E+01  1.00811381202915270E+01
  4.18948713530687210E-01  1.59874927839298880E+01  2.92786834619171720E+01
  3.62620749938717070E-01  2.57310661480887180E+01  2.17141458629373720E+01
  3.15231116497538320E-01  2.57502397580165050E+01  2.00563734801040570E+01
  2.83840017940612550E-01  2.71587989172228750E+01  1.32394200838715030E+01
  4.72199721516180480E-01  2.18909066532386070E+00  1.53536617501020110E+01
  4.41666133880560000E-01  1.66627980564327630E+01  1.34514003460222330E+01
  3.39073066583844400E-01  1.68403763532132160E+01  1.50108369206592420E+01
  2.54831192030272870E-01  1.05613705297812550E+01  1.73115704882699080E+01
  6.65634982039605120E-01  2.71468272009622670E+01  2.32360449210447690E+01
  2.69326463995374250E-01  5.21720649714607370E+00  1.78450178053608110E+01
  3.08418768867630710E-01  2.40394013942223130E+01  2.25064692033264040E+01
  5.63324676144028570E-01  2.78681462204973620E+01  2.65000048038588610E+01
  2.49794182180603610E-01  1.74394505888278390E+01  2.16990146607634780E+01
  6.44956217916396120E-01  1.79222674856342290E+01  4.22632232803425010E+00
  4.26043897269923290E-01  1.78024172080560810E+01  2.32893129709196710E+01
  7.44533748089133770E-01  2.25184223988740970E+01  6.30085286257256170E+00
  2.47647088603063280E-01  1.47199445177565490E+01  4.70266610342543600E+00
  3.47451934045076260E-01  1.77181581806541860E+01  1.65477208629513260E+01
  4.83182858574677270E-01  2.48584199454048650E+01  1.47758400688664510E+01
  5.38382388131525950E-01  2.37805744782652510E+01  6.07524261713813200E+00
  6.08690451339190200E-01  2.88908883930347360E+01  2.00015654165703010E+01
  3.93024383017402490E-01  8.18264850448024110E+00  1.63380126964831160E+01
  2.54611020839302520E-01  5.24256129652355440E+00  9.29968894458616550E+00
  6.82253548551889110E-01  2.13330387099874090E+01  2.80347760047700230E-01
  7.67665169660178040E-01  2.69157851684211490E+01  9.35527590977015500E+00
  3.95839252948554370E-01  6.20439387012641760E+00  2.17865933371481970E+01
  5.15379284759350490E-01  8.15954308841698150E+00  2.46324637443878170E+01
  5.09222041678605210E-01  2.91147665851023980E+01  1.73906176059905350E+00
  4.72038094207023740E-01  2.13878803977048440E+01  4.76134706991286730E+00
  6.64541222436485860E-01  1.43627061197898480E+00  2.48236021092004860E+01
  4.84167632717154460E-01  2.55519547735963040E+01  1.10116823064066410E+01
  5.39922025342825940E-01  2.76677691628883910E+01  2.43916239710863360E+01
  3.77759649416993960E-01  3.64603902220604330E+00  2.24094950154368500E+01
  5.06367095649294540E-01  5.74034392731042780E+00  2.19864339481670350E+00
  3.05466220251299840E-01  1.16750728308966460E+01  2.95229676360545600E+01
  7.55604472483241980E-01  2.11494561587921090E+01  1.86732543288005250E+01
  7.68548325332126940E-01  1.53775360103397460E+01  6.04453395432193830E-01
  3.09209541844886400E-01  2.65556593225076090E+01  2.58148759668080090E+00
  4.71553509741754610E-01  1.52242421876420750E+01  1.55931648363260180E+01
  3.65995101567518470E-01  1.58635721961271800E+00  1.23883848556930100E+01
  6.26517897412854200E-01  1.06520340337575770E+01  5.53964153875908050E+00
  3.55388479881239270E-01  1.58956336105813140E+01  1.36648339909055870E+01
  3.90423892796942250E-01  8.91175335060093230E+00  2.41046104419787820E+01
  4.92172780862642510E-01  2.20927130308884610E+01  2.59591754230033270E+01
  6.66683478841499700E-01  2.68066473861186090E+01  1.07849733990342610E+01
  6.94903868090152520E-01  1.41793431767345360E+01  1.50749256473647010E+01
  7.65642972591057180E-01  1.28653811353327700E+01  9.12876115021715860E+00
  3.52682444144397330E-01  2.47364610432930160E+01  1.08266189790463800E+01
  5.39466591144820300E-01  2.23294518686194720E+01  1.24132781585820490E+01
  4.26043897269923290E-01  2.15602378094763410E+01  1.97806623141026630E+01
  2.53364602799301860E-01  2.56289179284971600E+01  3.56750962426180160E+00
  3.83290088603488770E-01  1.65485341939798970E+01  2.79609477913223650E+01
  5.55920758830291820E-01  4.99556724604151550E+00  4.93970952522096950E+00
  4.13050329149462850E-01  5.81573260858444920E+00  2.00153206877534020E+01
  5.20369884994360540E-01  1.16952174895360890E+01  6.01589786269834550E+00
  6.99477888048091770E-01  1.31494463032261080E+01  1.33887836088860120E+01
  3.59079136884617700E-01  2.88280769701060780E+01  1.64573946757190510E+01
  3.01799748246536660E-01  3.66853655326063690E+00  2.81692098610883050E+01
  5.28731261397185740E-01  2.96621261183311730E+01  1.32035059529260330E+01
  6.80338287111455390E-01  2.21129383680461300E+01  2.33115705108822270E+01
  4.74033319401206570E-01  3.65562897738268600E+00  1.32699127904265670E+01
  3.53302408788900560E-01  1.96608094466750670E+01  4.35552430053584950E+00
  4.03052389307286420E-01  1.70851208614421280E+01  2.58305119490093380E+01
  3.33973424357718240E-01  1.45190403424559200E+01  2.87056870448982870E+01
  4.68162992243922280E-01  2.92674244456452970E+00  1.47710516290620770E+01
  4.72192289519205580E-01  2.47213705471227670E+01  2.83698389410413300E+01
  6.73658304681401180E-01  1.68297392816041800E+01  1.60234428533945670E+01
  4.61178090502161720E-01  2.49137602078684780E+01  1.00324329655795010E+01
  4.18189647978318300E-01  2.42297302333107750E+01  1.76354993079177300E+01
  5.15379284759350490E-01  1.56288413157121140E+01  7.96791834919314290E+00
  5.34553382826858140E-01  2.14921396217760550E+01  2.51268762706450350E+01
  3.70336582810533970E-01  1.60271587101959770E+01  1.29432883572087330E+01
  6.42747544188997020E-01  1.05488526512469430E+01  1.62611454766592270E+01
  4.50600139601478670E-01  1.72210696251129390E+01  9.68340770135998240E+00
  3.55036581058269410E-01  7.49781718924236710E+00  2.20166008076583740E+01
  3.54092873053847420E-01  2.44614821119606170E+01  2.05190688533593150E+01
  5.13614394364816020E-01  2.49025726224603970E+01  2.52137072709329640E+01
  3.65995101567518470E-01  2.63189990220877310E+01  2.89739164893583380E+01
  5.25383403930900440E-01  3.76792705232221610E+00  2.73481151822401390E+01
  3.83598938984435380E-01  9.95572517619094020E+00  1.20397558933889680E+01
  4.86073626967704090E-01  1.40424861242010800E+01  1.11555108038202810E+01
  5.96963967672292380E-01  2.67170983064932480E+00  2.23969236431029910E+01
  4.66553963192992600E-01  2.49092766466045320E+01  3.55482237684260660E+00
  4.15252526658189590E-01  1.74441182351076410E+01  2.23639447046141730E+01
  6.36786611163594070E-01  5.95335473798349750E+00  1.40055054704153420E+01
  6.06760633376156730E-01  9.16026260809458040E+00  2.23894040207465220E+00
  5.25895496843049500E-01  5.29162294568345450E+00  1.27026000890691290E+00
  5.05409982910693060E-01  2.01963460800621030E+01  2.14829146431972330E+01
  5.18912146576496980E-01  7.02635971847086530E+00  2.47763155925676410E+01
  5.81677556670477180E-01  2.65204036821075650E+00  2.04706054131391720E+01
  2.50625569857546320E-01  1.47201720392582270E+01  2.29373496321403670E+00
  6.67521681419926690E-01  3.59396982454805560E+00  2.44177036149788580E+01
  6.52034765531911640E-01  1.43096051751468970E+00  9.03858001513654940E+00
  3.81419328643079860E-01  2.55743824515364080E+01  2.90364841565038710E+01
  3.18942867500738640E-01  1.26609328597751710E+01  5.19304822152743920E+00
  6.63973334543257470E-01  2.05867187596470630E+01  1.73700872664779560E+01
  4.05793634226126800E-01  3.69932382325199340E+00  1.52097921455904410E+01
  2.88617724104866640E-01  2.15930843515224280E+01  9.38210900710955900E+00
  3.17587838135982990E-01  1.35998202782093320E+01  1.67216396289002810E+01
  6.94010688862415210E-01  2.71155490554828800E+01  2.54935683315723840E+01
  3.25036994184950640E-01  1.08653843504262970E+00  1.51937103789676220E+00
  4.41940562555082740E-01  2.48526798525721270E+01  1.51119063564388110E+00
  3.05466220251299840E-01  1.11184407474485900E+01  1.44716723832820370E+01
  7.22984261441823330E-01  1.90279589119441890E+01  2.11038689703760200E+01
  4.60682082706054620E-01  1.69073198147680370E+01  2.12284278325020420E+01
  4.22201084465533680E-01  1.90587141258328360E+00  1.92661815198266880E+01
  6.24824560398126750E-01  7.65992440816435320E+00  2.70835630039781670E+01
  3.63079661055833470E-01  2.17951408436852990E+01  2.68228909964157720E+01
  3.25516939164680520E-01  2.29097711518533700E+01  2.59351129554553770E+01
  4.87886881528419990E-01  2.33309298463167250E+01  1.75211290556277780E+01
  4.34172467284937990E-01  1.66436530031752530E+01  2.20831498190669140E+01
  7.04082361725448710E-01  1.21241791780395010E+01  1.99124471859499510E+01
  4.40295189098215370E-01  9.25936528420739080E+00  2.32418813219641400E+01
  4.54567147313974470E-01  2.50471496488569980E+01  1.56936850910933980E+01
  4.89717368181109780E-01  2.15566981730700180E+01  2.06959460330734720E+01
  4.82771447840326400E-01  2.76137697005919980E+01  1.69069591153705190E+01
  3.54092873053847420E-01  2.07248003296458520E+01  1.96982328292582840E+01
  7.67457697882333090E-01  1.10263925935176670E+01  2.08920894073707190E+01
  4.43129600128677660E-01  4.57778914385429130E+00  9.08995430417916590E+00
  5.61514797181737530E-01  2.43280227834599110E+01  2.61224048836873100E+01
  5.82207618145930890E-01  8.79612630593885390E+00  2.62654573510548910E+01
  5.94092381958372510E-01  2.27930506737169660E+01  7.61057972890624330E+00
  5.64318884198494160E-01  1.91556831177595800E+01  2.62811243808575200E+01
  6.16837537735261420E-01  1.83848156243413500E+01  2.92099758229357780E+01
  4.20581746236023420E-01  3.25201353808233410E+00  2.87592053162867210E+01
  3.16022212934137680E-01  4.34732293862614760E+00  2.54649540401279710E+01
  4.59502380082057990E-01  5.87780407014461300E+00  7.79739061355391170E+00
  7.48336469443998900E-01  2.32052023032457660E+01  1.42550354161371140E+01
  6.90159994875631000E-01  2.62757629546705520E+00  7.25222813102644180E+00
  4.68364091588631840E-01  8.97843911970239010E+00  4.73264123144169790E+00
  4.05593309893122810E-01  8.23818697324665730E+00  1.06082358410078810E+01
  5.55687039951364880E-01  2.32069685014260440E+01  2.27371257242308720E+01
  2.83840017940612550E-01  2.31900649737042710E+01  3.78852810715569310E+00
  5.98280766214214580E-01  1.30089780312168930E+01  2.53257697635225760E+01
  5.84913004272127690E-01  1.19569588700992010E+00  1.14071828869359780E+01
  2.83840017940612550E-01  2.39657444535254630E+01  9.87748912857792760E+00
  2.83517655556827110E-01  1.72287644694584370E+01  6.41708008582567140E+00
  5.27599340399055180E-01  9.18153648508922160E+00  9.24892489579108990E+00
  6.24824560398126750E-01  3.57396455531002080E+00  8.14204126663944190E-01
  4.84167632717154460E-01  2.16711355394587490E+01  2.10390239855086180E+00
  5.66562802601083430E-01  1.80474820535016460E+01  2.79256300222219020E+01
  5.81213412342838430E-01  2.96694365950225110E+01  2.79882146018301940E+01
  5.13285974501586400E-01  2.33183604877465380E+01  6.48197555526771300E-01
  5.29625185962053640E-01  6.43811819106551920E+00  1.58866569178784140E+01
  3.30104909316010620E-01  2.67046690218495220E+01  5.85261215619874430E+00
  5.48174971142568520E-01  4.94228509498809650E+00  8.16921373105976480E+00
  4.72192289519205580E-01  1.37417843502482830E+01  2.61036319046818050E+01
  4.53126113496558960E-01  2.87120162801686300E+01  3.68525714326147380E+00
  5.25993347610763350E-01  8.00883247494227390E+00  1.85306763111655530E+01
  4.75338540515479570E-01  1.47680146274585610E+01  5.42366558180822980E+00
  4.30858982518450690E-01  4.69604919989005600E+00  2.61277088925782270E+01
  7.09741570678139940E-01  4.66920978423188430E+00  1.86560209799012000E+01
  5.05409982910693060E-01  5.21243472422857130E+00  7.09970808358054750E+00
  5.20369884994360540E-01  1.27877091070168710E+00  1.57481774441806390E+01
  2.73281005279713530E-01  1.93726162748314970E+01  8.31977615744234100E+00
  3.09574052588245370E-01  2.72169845368307650E+01  7.82486849509477270E+00
  3.18095930761502070E-01  9.21490666215372120E-01  2.29873985140843830E+01
  4.46537248270915300E-01  1.74292594367578920E+01  1.30039424335547660E+01
  6.38830345620663920E-01  1.83097930171609210E+01  9.68929477960843500E+00
  6.68397269451762100E-01  1.57413838340804750E+01  6.02334959846491280E+00
  5.32488384254616510E-01  2.64361591543339930E+01  8.13959208985630590E+00
  3.17579752081870750E-01  1.96825497134455670E+01  9.98375145509913330E+00
  5.16710955738981780E-01  1.24496902052836180E+01  4.37878570761619730E+00
  4.49545157175862540E-01  1.34657668044616600E+01  1.59674356203133600E+01
  3.20574425314766210E-01  6.20092712066352370E+00  2.88391578003865860E+00
  4.12246671516209600E-01  1.53591499248702130E+01  1.80584112441888250E+01
  4.94550785807675550E-01  1.12065360037550800E+01  1.36770139616441000E+01
  3.59079136884617700E-01  1.13935093358249410E+00  1.91161383653099580E+01
  6.10572080928614460E-01  1.02798458412706990E+01  9.55067142869307520E+00
  4.75338540515479570E-01  2.90956604075730960E+01  2.35871747162862700E+01
  5.09574347305064630E-01  2.57721079502422830E+01  2.81834285691637110E+00
  4.18189647978318300E-01  2.40950318212141850E+01  5.17220909453117450E+00
  3.76753951196820710E-01  2.64889185726594080E+00  1.89731804910661770E+01
  3.84533934306195220E-01  2.80210193206771410E+01  2.84519451582438270E+01
  6.60767019732147710E-01  2.34395341389928480E+01  1.19577922983344520E+01
  5.64318884198494160E-01  2.26922447459981380E+01  2.33751739316803110E+00
  4.69750256464274060E-01  2.77916113259596640E+01  3.74924235639957710E+00
  6.88340418185590860E-01  8.87834035831913230E+00  1.14950714421233150E+01
  5.93150731645016190E-01  2.48799284790788210E+01  5.80942473079716940E+00
  7.17499092254363010E-01  5.42290539387971380E+00  1.24121878843328060E+01
  3.79322922295397280E-01  5.69066782889794000E-01  2.62483033761680990E+01
  3.20574425314766210E-01  9.33180464976991790E+00  1.00822918203951190E+01
  7.17953871372127320E-01  9.48045708152203660E+00  1.39345856470390430E+01
  3.42409596243210680E-01  2.19205354869139020E+01  2.91337157602994520E+01
  4.43129600128677660E-01  9.81642336921681750E+00  2.09134131751644650E+01
  3.78068289465320630E-01  2.89145813991276700E+01  1.03923786361924790E+01
  4.75338540515479570E-01  2.88810628766035860E+00  1.38285019739181740E+01
  7.38532964590205680E-01  1.21060213290338310E+01  3.17207894811458950E+00
  5.07606992315717240E-01  1.00225626954261140E+01  1.11516416041280660E+01
  2.86134314477376340E-01  2.84345091014295690E-01  2.17388995660482070E+01
  5.07437626189109900E-01  2.90717747894496060E+01  1.13395152167394590E+01
  6.15073771326759470E-01  3.45398800958084130E-02  2.26992276606471820E+01
  3.30104909316010620E-01  4.49842837708479060E+00  1.19174545255865320E+01
  6.66683478841499700E-01  1.35580163718272130E+00  7.72224283826870560E+00
  7.49545055295440930E-01  1.03674752580669960E+01  8.19464822193573110E+00
  2.54824432159977790E-01  2.41842949905401950E+01  1.64707512514387600E+01
  5.72142532162989690E-01  2.01205198911311700E+01  2.04085145217882880E+01
  2.77147605524350650E-01  2.19818955056180770E+01  2.19160648252649430E+01
  4.68364091588631840E-01  9.75015127405539060E+00  1.94162381637928550E+01
  4.82771447840326400E-01  2.43104734717830480E+01  7.27881463863351290E-01
  2.50971712925384870E-01  7.66624412462267020E+00  1.67216431032320540E+01
  5.38024295323284910E-01  1.40005769304083660E+01  4.38887956546332520E+00
  4.13050329149462850E-01  1.33715481256882320E+01  5.55187051570406440E+00
  4.86590143357422540E-01  1.20135887329782740E+01  1.79248605966618440E+01
  3.16148313226467530E-01  2.37423675938629690E+01  1.68311079197974250E+01
  3.81419328643079860E-01  1.39278808979170900E+01  7.58358349549695630E+00
  6.52911031193170470E-01  1.86742313339914890E+01  1.62501449873433690E+01
  4.49150663742554990E-01  2.79726142486109700E+01  2.76199603147810460E+01
  4.73113776075054650E-01  5.99296280713974830E+00  4.68963122914215360E+00
  3.65995101567518470E-01  2.69711714580493980E+01  7.19593336177119710E+00
  3.46028387031474870E-01  1.00754486912230750E+01  2.50395852892197900E+00
  4.23675716525973380E-01  1.31336916531471890E+01  1.11896584006327300E+01
  2.47261092463374420E-01  2.01944183992911590E+01  1.83674710244246770E+01
  2.63339374245984010E-01  9.25350631704136180E+00  2.16665369664120070E+01
  2.59062449636064510E-01  2.62365627370915600E+01  1.63780312113433090E+01
  5.77180454669814490E-01  2.92078231991580210E+01  1.88599136379562570E+01
  4.06599624824484800E-01  2.11864135685764550E+01  1.35814448369086780E+00
  4.65278877330243820E-01  2.86987897532148660E+00  6.12262959498604430E+00
  3.07263188066738420E-01  4.53194022935586990E+00  5.56440450551237480E-01
  3.88697647565240350E-01  6.74130445038135040E+00  2.23598027040615720E+01
  6.62122603690132470E-01  1.27979776923953850E+01  2.40846129432456100E+01
  3.79322922295397280E-01  2.55957107789015690E+01  1.63675190777103050E+01
  3.53063097104977870E-01  1.59510129673816050E+01  2.41376486473891990E+01
  6.88885956497308970E-01  2.55191096244164020E+01  8.94606073454459860E+00
  5.33066537704075310E-01  1.81804059571789620E+01  1.88160887302300890E+00
  3.42074681651230290E-01  2.75962842947204050E+01  1.51437842108882810E+01
  4.24351701398837560E-01  3.58345141593940620E+00  3.40172137412821930E+00
  2.92456502136063850E-01  1.58994921922171190E+01  1.85103872707972490E+01
  5.90639534364661320E-01  2.61337700370649910E+01  2.71286279156555000E+01
  4.09705559579089850E-01  1.24493935420132670E+00  2.82206657631637300E+01
  3.59079136884617700E-01  2.35700860644014830E+01  9.37088331925753160E+00
  5.27599340399055180E-01  2.91641591204075820E+01  2.17053956292484070E+01
  5.38382256471750510E-01  3.79995687953765150E+00  1.42711096966983870E+01
  5.96963967672292380E-01  2.36487532397090550E+01  2.99519180963795240E+00
  2.96503602823160150E-01  5.81268457623750570E+00  2.86073550615077250E+01
  3.64593218166308700E-01  6.94349049590309870E+00  6.70041769366562790E-02
  4.18947112612636110E-01  8.41425869954028020E+00  9.80293300726098770E+00
  5.40946473112310590E-01  2.52859793809229560E+01  2.08645721442425090E+01
  3.35017483125717060E-01  2.88357330195291150E+01  2.49733012325872930E+01
  4.75626642073745920E-01  1.26752527044237130E+01  2.09544742817272080E+01
  3.04461637453634990E-01  4.14840081548656590E+00  5.08846294351689020E+00
  4.36315933331792570E-01  1.74068700043834110E+01  1.21216212171267550E+01
  6.77666041374141330E-01  1.57021227978657580E+01  2.73222092344175100E+01
  5.67035311113654220E-01  2.47453985538690660E+01  2.30230719485952480E+01
  3.38650161839631010E-01  7.48198939182073450E-01  2.55530562371044640E+01
  6.94010183176834960E-01  1.69953532914445660E+01  2.40657731538962740E+01
  7.10410487391814980E-01  8.59665469940425630E+00  1.96585187352707540E+01
  4.54567147313974470E-01  1.88520736959929000E+01  1.86655635251983330E+01
  2.52169786807371790E-01  2.43923497900154980E+01  2.11327548286728870E+01
  3.01799748246536660E-01  1.47858829837110870E+01  1.14164275286901820E+01
  4.27719079604653450E-01  1.74907435739433270E+01  1.21325105523648440E+00
  3.87762191716535260E-01  1.44010979068995400E+01  1.22326383688106330E+00
  5.72951670348821020E-01  2.72719691262635990E+01  4.90977112556747390E+00
  5.09222041678605210E-01  6.76406091442359080E+00  2.32573290375629680E+01
  5.25993347610763350E-01  2.90667159594445150E+01  2.77301237175985630E+00
  3.12648490279368120E-01  2.58125285033855150E+01  1.57109617917214310E+01
  3.32399546609116130E-01  2.61645360387894530E+01  2.07370538305924510E+00
  4.43807889241729470E-01  2.07364792483534010E-01  6.02169603201434890E+00
  3.44170209092795430E-01  1.11947909089300100E+01  2.27587788990949810E+01
  2.54824432159977790E-01  2.01031386330202940E+00  1.99347592871565560E+01
  4.21963532045373490E-01  9.77493598189118980E-01  4.50774851999191210E+00
  4.11696508529454960E-01  2.09385598449973290E+00  2.95770026581201220E+01
  4.11346310528290360E-01  4.37638028513865240E+00  2.36755849322051830E+01
  6.16837537735261420E-01  1.30050327958332140E+01  1.74416535947637530E+01
  4.83570943621045310E-01  3.58052643318390600E+00  2.32673915159049010E+01
  4.32382463464541460E-01  1.07853815629219060E+01  1.05873672627804570E+01
  5.92513140571182980E-01  1.53474135207898460E+01  1.45363120370218370E+01
  3.55036581058269410E-01  1.32101040796505610E+01  4.80233108494439520E+00
  4.74581552528920360E-01  1.95066838858468690E+01  1.70102701141749900E+01
  3.44905765886116280E-01  8.30324827928100010E+00  2.54804351434115300E+01
  5.96963967672292380E-01  2.61566697637166750E+01  6.68291167295284530E+00
  2.68569610726517900E-01  2.06858169585006700E+01  2.92766613311848370E+01
  5.80290806494985740E-01  2.37249197699211760E+01  1.85127505413350270E+01
  6.25336422111717830E-01  2.68293426470933800E+01  2.81250348698314100E+01
  6.17452885167652710E-01  1.24064686469266170E+01  1.85142902581788960E+00
  3.29506256422424390E-01  1.19233145907735470E+01  2.89376780652682120E+01
  2.58355477869490890E-01  2.29269123451736830E+01  1.07682596810591690E+01
  4.69641390777102340E-01  2.50482293232943820E+01  1.38423525292439070E+01
  3.49095179616795370E-01  8.29692183619969010E+00  1.77049125690032980E+01
  3.27988333844876360E-01  1.38094336832592520E+01  2.96868770018667480E+01
  3.86383264228710210E-01  2.81618360254100290E+01  2.52281661235409760E+01
  4.75543307221801650E-01  2.14365236461154180E+01  1.55142649037605020E+01
  5.07815655211632320E-01  1.95393746630392360E+01  1.79920325406536530E+01
  6.08088426536500660E-01  2.81538580934815630E+01  1.20794005027479050E+01
  3.93024383017402490E-01  2.38694824008252380E+01  2.34158417041489810E+01
  7.48336469443998900E-01  6.68778900927294550E+00  1.88808649864958620E+01
  3.13454063710418570E-01  2.74356321035105180E+01  8.40802208892968750E+00
  4.43133439323318520E-01  4.70831198011896570E+00  9.96843706902303770E+00
  3.62493203924014780E-01  1.14440941034287950E+00  3.05496968369034820E+00
  5.72881440675418570E-01  9.87301753520235260E+00  2.40475156333993670E+01
  3.71299762957800540E-01  4.87336378193088840E+00  2.06392378572336100E+00
  5.13143010843963320E-01  4.66568868601741920E+00  2.27342898034933900E+01
  3.87533216804236250E-01  4.38016673391261340E+00  7.42212795149813860E+00
  3.90540239164096370E-01  2.40744941197135450E+00  1.82457976379299610E+01
  4.11696508529454960E-01  2.62066805841697250E+01  2.11037026103456680E+01
  4.19670751191123690E-01  2.89914380042270460E+00  1.14872115552345270E+01
  5.39922025342825940E-01  1.86784707067653710E+01  1.96443116984649930E+01
  3.73125396709624990E-01  1.69780309973466710E+01  2.29992192720484000E+01
  5.72628172168292430E-01  1.69632506359092440E+01  1.72618575065889670E+01
  5.63660960642019760E-01  1.98261218065431140E+01  2.38011392741070930E+00
  7.54397230300637300E-01  4.25392748993494680E-01  1.48012941276743710E+01
  4.07877171249442140E-01  2.11844029940244670E+01  2.81174761739524260E+01
  4.61178090502161720E-01  8.40272314823953260E+00  5.47865764715621490E+00
  3.50974061745161330E-01  2.12869556415290620E+00  1.14752173047000010E+01
  4.22541054278063120E-01  1.89236583694937330E+01  4.59454877753378810E+00
  3.25036994184950640E-01  1.89223212761120120E+01  2.90752364895215720E-01
  4.96042965314236020E-01  2.01380037388761690E+01  8.39426567447342540E+00
  3.04461637453634990E-01  7.68028759583279100E+00  2.52973283589206130E+01
  4.21290506291976640E-01  2.63068422544570910E+01  1.93559364428178530E+01
  4.26578460793149810E-01  2.07789756887941050E+01  3.68972340637280730E+00
  3.91816801400439550E-01  2.86982530244907540E+01  2.80440752901628900E+01
  5.32262962461145860E-01  2.71488497759616510E+01  2.11218817881080660E+01
  6.07718241283317260E-01  5.31743467896282600E-01  2.38299141370046640E+01
  5.13425754976809310E-01  2.26003695219648970E+01  2.86139165678438800E+01
  5.46829204411607870E-01  5.53187374557031840E+00  2.25995516469563280E-01
  2.99038091422116640E-01  2.17819142320024250E+01  2.85083735025225810E+01
  3.65374026971610010E-01  2.77445328852758490E+01  1.29615379650340060E+01
  3.46733456860136300E-01  1.08029892770576610E+01  2.86165257779569660E+01
  5.01833768532536340E-01  6.78186955480193190E+00  8.12213602692208350E+00
  2.88617724104866640E-01  1.46228704523553520E+01  2.43288941353153700E+01
  3.13454063710418570E-01  9.41640029587916950E+00  2.02714901216966120E+01
  4.43756654693070110E-01  2.13760971322304130E+01  1.03170685164875200E+01
  5.20369884994360540E-01  1.65767799314179490E+01  8.38416694173553980E+00
  7.41720708060832300E-01  1.20507830133728150E+01  2.19992875114044390E+01
  2.99038091422116640E-01  2.67311986666506090E+01  1.28446716304228340E+01
  3.93024383017402490E-01  1.24964901052439850E+00  2.11509294011813790E+01
  2.53364602799301860E-01  4.34327381199910170E+00  2.67136294882001200E+01
  5.48463672908306780E-01  2.16952863744852280E+01  7.29725009842220550E+00
  5.63660960642019760E-01  1.07678419983601530E+01  1.95873379211065630E+01
  4.99487474973056500E-01  2.20708207488020700E+01  1.47741558741175720E+01
  5.32488384254616510E-01  5.22704659230500290E-01  1.22983341727243030E+01
  3.62493203924014780E-01  9.45439879061448710E+00  1.76737918215718430E+01
  3.90540239164096370E-01  2.85919424130001650E+01  2.42905986033516510E+01
  6.25248164210708260E-01  2.90147300142076470E+01  8.76186049865201260E+00
  3.93024383017402490E-01  2.93657520395627320E+01  2.44122711696899550E+01
  2.83517655556827110E-01  1.94476637093297920E+00  9.81961945169995860E+00
  5.16562546778196820E-01  1.45204785943112180E+01  2.54019481123316280E+01
  5.96777348356598920E-01  1.47351319132580960E+01  2.64939922646610420E+01
  3.35017483125717060E-01  2.79564269752225630E+01  8.79722125514616240E+00
  5.69344335137112000E-01  2.15129107172523530E+01  1.65558088146685980E+01
  5.55509338843663690E-01  1.26950090222862060E+01  1.53232309593451050E+01
  4.09775903561979240E-01  2.27855117749899950E+01  1.53341347111955780E+01
  3.20574425314766210E-01  2.20703454474101050E+01  1.92298025320940060E+01
  5.39466591144820300E-01  2.73999266021027560E+01  2.66205081338910570E+00
  5.18725390566230620E-01  2.56857026477342350E+01  2.81433157428249780E+01
  3.62493203924014780E-01  5.54150190684419730E+00  3.05914067632162560E+00
  4.23675716525973380E-01  1.34331369537073790E+00  5.27005531853335980E+00
  4.13050329149462850E-01  1.45504768106464490E+01  2.02168397260832150E+01
  3.01731430220296380E-01  2.70400429954946660E+01  6.52566410450483400E+00
  3.48156346672602490E-01  8.87545768800130120E+00  1.86377150036370590E+01
  6.83531487369900860E-01  2.53744928838165290E+01  2.41026206804104960E+01
  3.27197753470684690E-01  2.81586167422950310E+01  1.63077866388753490E+01
  3.50974061745161330E-01  2.65464616103126580E+01  4.33821775856645160E+00
  5.77649046292645880E-01  2.47253060057576200E+01  2.52735716254718360E+00
  5.13614394364816020E-01  1.55980724165309750E+01  1.13442330960270560E+01
  7.17953871372127320E-01  6.95457135223573260E+00  2.82250768230713940E+01
  3.01731430220296380E-01  2.47327864717644990E+01  1.63805938814040000E+01
  6.14584822297879540E-01  2.25338745948654090E+01  1.84177762971641310E+01
  4.69641390777102340E-01  5.98941772412373300E+00  2.08804341394512500E+01
  4.49154676673646060E-01  2.82755366847564570E+01  2.20356494799676830E+00
  4.82268891960512480E-01  6.28907757345329980E+00  2.92229010933123870E+01
  6.26908127420837150E-01  2.04505228615109900E+01  1.60072313860601410E+01
  2.50971712925384870E-01  2.22195019979381530E+01  2.23875337394085500E+01
  2.62213147743524950E-01  2.21965201583559590E+01  1.56751448460351790E+01
  6.45167794061425240E-01  3.20400151068531210E+00  4.99335810515336310E+00
  5.94931591270377070E-01  3.61839029547633610E+00  1.22024551196100330E+01
  7.68548325332126940E-01  1.51131721271602330E+01  2.33924264779060140E+01
  4.36195486319121350E-01  1.32446941432451910E+01  3.45798623772525240E+00
  5.33066537704075310E-01  2.75384749688993690E+01  1.82963192475501230E+01
  5.62178328188990490E-01  2.12342219183803920E+01  1.25270947128755450E+01
  2.97561439636419770E-01  2.92514140428486550E+01  9.75777438266156060E+00
  4.82771447840326400E-01  8.38807169439505530E+00  1.47045312628423020E+00
  6.61562106526255890E-01  9.23675505400712100E+00  2.51043611702085770E+01
  5.04339573614743570E-01  1.65181263528803760E+01  1.18159816581494880E+01
  3.45648959319623030E-01  1.00668787479450420E+01  2.01659099270886410E+01
  6.95947079841625180E-01  2.09342235108513290E+01  2.40206720403999300E+01
  4.75626642073745920E-01  1.06675266116029800E+01  2.72548603606194850E+01
  2.57534358191145160E-01  2.23556503319639930E+01  1.04891260237993610E+01
  6.30423428531534040E-01  8.92649100286200440E+00  2.95565684123736220E+01
  3.25516939164680520E-01  1.61371491330931680E+01  2.10724625504558250E+01
  3.14110289759674140E-01  1.99052683830586120E+01  5.68555042316800650E+00
  3.99477862283745790E-01  2.80136830703422280E+01  1.96981838530100290E-01
  6.47236078597052340E-01  2.38413482783113860E+01  1.97338256028861740E+01
  5.28731261397185740E-01  1.78464294233748080E+00  6.37199443610200330E+00
  4.43807889241729470E-01  1.70751247758442300E-01  2.96698348035795010E+01
  4.82268891960512480E-01  2.65413462905646580E+01  1.84835566936882250E+01
  4.30858982518450690E-01  2.81897275202575840E+01  2.35746132849253910E+01
  4.18947112612636110E-01  1.32228906091783930E+01  1.45044647724015330E+01
  3.50662231740508900E-01  2.87242354251719940E+01  2.09456851280893300E+01
  2.85767805251094040E-01  2.74453322582948120E+01  2.87948333592168590E+01
  3.45648959319623030E-01  2.54899031906744860E+01  2.01105195921424150E+00
  3.45648959319623030E-01  2.91583146871253230E+00  1.29177278884304880E+01
  6.42005949159872720E-01  2.07449949075718590E+00  4.37752364253332700E+00
