1
  1002  2.96924426640336700E+01  2.96924426640336700E+01  1.00000000000000000E+00
        0.00000000000000000E+00  0.00000000000000000E+00  0.00000000000000000E+00
  6.83531487369900860E-01  1.69875535621001600E+01  2.49711138208132870E+01
  3.27197753470684690E-01  1.09279419907504230E+01  2.30545451605687180E+01
  3.50974061745161330E-01  2.27058105422758170E+01  2.52827619929377260E+01
  5.77649046292645880E-01  1.18025343951921300E+00  9.28151822763631000E-01
  5.13614394364816020E-01  1.08507478013014410E+01  2.71429185680706410E+01
  7.17953871372127320E-01  1.05142694163481080E+00  7.40899150585672750E+00
  3.01731430220296380E-01  1.98716208705431790E+01  8.85703848064055600E+00
  6.14584822297879540E-01  1.46581227206794880E+01  1.18994530160819960E+01
  4.69641390777102340E-01  1.44885061787940330E+01  2.63536223618636140E+01
  4.49154676673646060E-01  2.51683657846707650E-01  1.53646225688687310E+01
  4.82268891960512480E-01  1.78542993392186490E+01  2.76339826117865430E+00
  6.26908127420837150E-01  1.55237059863526830E+01  1.86430135910544620E+01
  2.50971712925384870E-01  6.42042229985357430E+00  1.96870141742155130E-01
  2.62213147743524950E-01  6.65188975784423510E+00  4.61898006374120570E+00
  6.45167794061425240E-01  2.00803377490340650E+01  4.22825778589443410E+00
  5.94931591270377070E-01  2.81830578500993100E+01  1.28540224712327170E+01
  7.68548325332126940E-01  3.49110617174917560E+00  2.08596330668511530E+01
  4.36195486319121350E-01  2.98876789956146640E-01  2.90430581496580160E+01
  5.33066537704075310E-01  1.71970419390271760E+01  5.68171785401777110E+00
  5.62178328188990490E-01  5.13175886015767980E+00  1.55431755716261350E+01
  2.97561439636419770E-01  5.47260598833649860E+00  6.42255937829843760E+00
  4.82771447840326400E-01  1.96906549134526830E+01  1.49104254094423500E+01
  6.61562106526255890E-01  2.16884331805271020E+01  4.19646292627271580E-01
  5.04339573614743570E-01  2.64215607151378580E+01  7.62148470593255300E+00
  3.45648959319623030E-01  3.80945810943558170E+00  8.66757645415990830E+00
  6.95947079841625180E-01  2.44217042024253540E+00  2.18812826950967650E+01
  4.75626642073745920E-01  1.02599734651853810E+00  2.52726940964489200E+01
  2.57534358191145160E-01  2.74870888199866310E+01  1.10446504173468970E+01
  6.30423428531534040E-01  1.11792423242514390E+00  1.70794242765471830E+01
  3.25516939164680520E-01  1.84859484100182100E+01  2.02022441178736900E+01
  3.14110289759674140E-01  1.91762334561836030E+01  4.54735734160785650E+00
  3.99477862283745790E-01  8.12444305105424820E+00  2.50991630298736440E+01
  6.47236078597052340E-01  1.34551230253822900E+00  1.54194383968820590E+01
  5.28731261397185740E-01  4.47763424049131050E+00  1.64133582624996280E+01
  4.43807889241729470E-01  1.03303930464112990E+01  2.03838867327380770E+01
  4.82268891960512480E-01  2.46846344447506710E+01  1.57942199008099030E+01
  4.30858982518450690E-01  3.92669415574382620E+00  1.46308853986585240E+01
  4.18947112612636110E-01  1.43742953716467280E+00  1.43068447193114620E+01
  3.50662231740508900E-01  1.81508560747194490E+01  2.33537556034686220E-01
  2.85767805251094040E-01  2.42881049037780270E+01  1.51375017097657910E+01
  3.45648959319623030E-01  4.04025698128406320E+00  1.38629079555454910E+01
  3.45648959319623030E-01  9.38792943960824110E-01  2.60891805812313250E+01
  6.42005949159872720E-01  1.89130004237225580E+01  2.31316076173862160E+01
  2.74003615458356760E-01  1.17099511472234350E+01  1.02938186692761030E+01
  3.87653287431749970E-01  1.51140560301037950E+01  2.26885034230627550E+01
  4.18948713530687210E-01  2.11583338290304500E+01  1.61772548893522840E+01
  4.53451232343747090E-01  2.12319558167126950E+01  1.42431446617489270E+01
  4.21603844523193420E-01  2.74450601208728810E+01  1.35528670323165400E+01
  2.62213147743524950E-01  2.38177393031049260E+01  2.75825739892186390E+00
  6.94903868090152520E-01  7.16730086518144560E+00  2.41509152858532300E+01
  6.31563936872940970E-01  1.80115229122079120E+01  8.71767687758637600E+00
  7.01778375544082420E-01  2.65600568794151640E+01  1.12887301584032720E+01
  3.46434506905438330E-01  2.91298908891484660E+01  2.91683676433578970E+00
  3.50662231740508900E-01  1.75315199451271370E+01  2.95973701950280950E+01
  3.01799748246536660E-01  6.68934911868871040E+00  1.38971397614292690E+01
  4.41298336829792340E-01  1.48883781348136230E+01  1.41378036347311300E+01
  3.39481361119070080E-01  1.77123179761001490E+01  1.69594489087278430E+01
  3.83181557852844270E-01  2.32211931470352440E+01  8.49717810799523750E+00
  6.75156127532392600E-01  2.89925126499711820E+01  2.30468275867529040E+01
  2.73281005279713530E-01  1.55850049327985280E+01  1.77453853481709770E+01
  6.65634982039605120E-01  9.96656725866600190E+00  9.20140476899901570E+00
  2.54824432159977790E-01  8.97445104716047300E+00  2.73523129064128310E+01
  2.84029264846615530E-01  3.40970735035736490E+00  9.25499600744917220E+00
  4.62836237406567810E-01  1.11702676652559260E+01  2.18731537930471520E+01
  3.33973424357718240E-01  7.98327930644856390E+00  1.34368379684162350E+01
  4.91872428060923640E-01  1.41266586131718770E+01  9.98377716453115130E+00
  5.52490392167627680E-01  1.99355145948493020E+00  2.75606260286430850E+01
  5.39466591144820300E-01  1.89285181092821160E+01  7.99246245232614340E+00
  5.65219172841477580E-01  7.15145905422545520E+00  1.30944714452043520E+01
  3.53776024442120150E-01  2.95281011457282820E+01  9.23696428625010850E+00
  5.54611473665029210E-01  2.01860784383147840E+01  2.76128895286740640E+01
  4.81368497469048420E-01  9.41401631614065510E+00  2.20209495341088550E+01
  2.84672167568555990E-01  1.04849177568903450E+01  1.83111691781496050E+01
  3.06898385793053400E-01  4.49416979637848610E+00  1.84027289420138410E+01
  4.49954956992444630E-01  2.33130261304427680E+01  2.47605778761692010E+01
  5.88686278844574580E-01  2.84838255299341970E+01  1.80079066655329070E+01
  4.36315933331792570E-01  8.64385071197553150E+00  2.14561180033540530E+01
  5.46155746035104350E-01  1.86639066531943630E+01  1.49577026739536300E+01
  4.11346310528290360E-01  6.23952139726200540E-01  2.82604705346193120E+01
  7.44650008855257360E-01  4.37950035718546090E+00  9.59644653358743230E+00
  4.68162992243922280E-01  1.84843390253691490E+00  2.57348834126458640E+01
  7.11073931023246340E-01  1.64937647728887560E+01  2.62739560432932000E+01
  3.02034441597155470E-01  2.80199998910138780E+01  2.50240460003603610E+01
  5.12509616084684260E-01  2.78923099281955440E+01  2.25997816182382460E+01
  3.40422717275118370E-01  2.12634657006674030E+01  1.20291501857676390E+01
  6.65634982039605120E-01  5.13907168615783940E+00  1.23024540973546180E+01
  3.75295693565172690E-01  2.67781802930758420E+01  1.50293320399436770E+01
  4.75626642073745920E-01  2.71681565283830260E+01  2.49745560247663820E+01
  4.72038094207023740E-01  2.10868264281910530E+01  2.81048786899060340E+01
  4.29902962432020440E-01  4.90617350647152330E-01  1.94489202226421300E-01
  5.68910711623079470E-01  1.09334427050727690E+01  9.96766761701898930E+00
  3.07263188066738420E-01  1.86137800505948730E+01  1.34390772780400740E+01
  6.10911033360540580E-01  2.08455668690117160E+01  2.91593926589673200E+01
  3.43353541919950760E-01  1.76125441659270690E+01  7.82841362847535030E+00
  3.15231116497538320E-01  2.34617143415496090E+01  6.69183664400110610E+00
  3.78068289465320630E-01  8.52601697708308850E+00  2.94272374663915070E+01
  2.54824432159977790E-01  5.03393033439218660E+00  1.70713869916684650E+01
  5.44558358435121190E-01  1.52941988178147440E+01  8.40991052341075650E+00
  3.56000803327192820E-01  2.56810417621289130E+01  2.33209241896072750E+01
  3.13454063710418570E-01  7.14841898054745960E+00  1.78966414560136540E+01
  6.12591031919131530E-01  2.21001798687921110E+01  1.24838812840823650E+01
  6.47236078597052340E-01  2.85008755773684010E+01  3.68318707626201560E+00
  2.65726189967390210E-01  2.84080326172601540E+01  2.08908875321442980E+01
  2.96653470797716330E-01  2.91336525179606660E+01  1.25896741186668580E+01
  3.45648959319623030E-01  1.11569778537736930E+01  2.79457025570081580E+01
  3.13454063710418570E-01  1.09840903739489430E+01  2.85817143246195580E+01
  3.39073066583844400E-01  2.71578898840063730E+01  2.79236687753782390E+01
  2.96256570285591500E-01  1.47599893070409930E+01  2.88950988923486740E+01
  4.19081387041561550E-01  2.22046798710847280E+01  1.90012119773997980E+01
  7.08391389715138510E-01  2.45926698548669000E+00  1.05519678237732850E+00
  7.16035261746952050E-01  1.60421480054507480E+01  1.40707288883574650E+01
  4.43133439323318520E-01  2.70497301681848690E+01  2.21326406603268500E+01
  2.73281005279713530E-01  2.02428786814922180E+01  2.16661657032928440E+01
  3.35017483125717060E-01  5.12671725710622540E+00  2.42420520231822710E+01
  5.09222041678605210E-01  9.71775448631116840E+00  1.00950119966487990E+00
  4.27719079604653450E-01  1.90360003817339920E+01  7.03254667958029960E+00
  5.81299825206354370E-01  1.26777955483921210E+01  1.02027727977509160E+01
  5.46155746035104350E-01  2.52409451235834900E+01  2.47680417045371220E+01
  3.05466220251299840E-01  1.79828227016800920E+01  2.29645757671698300E+01
  3.11838068626578210E-01  3.38506279757697600E-01  1.20991484406019170E+00
  6.27423008989955560E-01  9.27991564052152820E+00  1.23591750044432140E+01
  7.12424816007452400E-01  1.56566794005442380E+00  2.15786826088952250E+00
  4.41140732643827070E-01  1.35578896291798760E+01  1.07220806464751920E+01
  3.80273533482480450E-01  1.59510383684603790E+01  2.52053930585721450E+01
  3.29796701345061780E-01  2.87070362417620970E+01  2.14054896268235670E+01
  4.15252526658189590E-01  1.47181022466537680E+01  1.93038972459884090E+01
  2.59062449636064510E-01  2.38113104083630170E+01  1.55622223380558980E+01
  6.18419083689772810E-01  2.23635083767519270E+01  1.04488018460680010E+01
  5.04213456464067280E-01  2.69767657496750180E+01  2.71005825005598280E+01
  3.48156346672602490E-01  1.14527027725379080E+01  2.26323410992407440E+01
  2.89042915761794110E-01  8.28807786459425340E+00  1.43523903318631020E+01
  3.05466220251299840E-01  2.34035378987382390E+01  3.14588656885357220E+00
  6.49919166153384610E-01  8.53347840540432400E+00  1.10956356001691510E+01
  6.14379095469630790E-01  1.72308753866978710E+01  1.90006779289344260E+01
  7.00411917450214720E-01  1.01863696093213910E+01  1.92492408381945240E+01
  5.69344335137112000E-01  6.82182477876465400E+00  2.16305009176190590E+01
  2.57564851167384970E-01  3.30115553349400330E+00  8.34334231800551510E+00
  4.13050329149462850E-01  2.55855312786546340E+00  1.95918124490009120E+01
  6.18419083689772810E-01  1.00374583558761190E+01  4.13450437720816310E+00
  4.26523982883737140E-01  1.62493948802816130E+01  5.82900534154099150E+00
  3.78209123272245940E-01  2.42234387730382390E+01  1.14265058455014690E+01
  2.63055759251188670E-01  2.19975309299255390E+01  4.54673439661056200E+00
  5.00274833943758600E-01  1.72569207364272190E+01  1.40225572224927340E+01
  6.01687927537542500E-01  1.20692741003110110E+01  5.15146108014873680E+00
  4.86073626967704090E-01  2.55219678281000810E+01  8.03347904146577820E+00
  7.62474117278193650E-01  1.14924742913822480E+01  5.16789610455589350E-01
  4.87886881528419990E-01  2.29814298170816470E+01  2.02403093527420520E+01
  2.99038091422116640E-01  1.33325158770679370E+01  1.91886288620345590E+01
  3.50974061745161330E-01  2.62117768014049060E+01  2.28556284476964220E+01
  6.10572080928614460E-01  2.80011344319672940E+01  1.71417408388489460E+00
  3.01731430220296380E-01  9.75572926732399280E+00  1.44134689294030750E+01
  2.59062449636064510E-01  1.59834621592939570E+01  1.00823504498784760E+01
  6.99477888048091770E-01  1.03637385990480980E+01  6.18462538210108100E+00
  4.41666133880560000E-01  2.87447842938175880E+01  7.05777957664248400E+00
  6.86210935380316480E-01  1.59522202747918890E+01  1.26726844825492010E+01
  5.27425300578987690E-01  1.21706834518867310E+01  2.54040281548806030E+01
  7.54505484792745040E-01  2.81676150714301910E+01  2.75050804508504140E+01
  4.11696508529454960E-01  7.27724263969369110E+00  2.52509352382551700E+01
  6.26517897412854200E-01  9.04480207672825290E+00  2.45098444612061850E+01
  5.72142532162989690E-01  1.86333515385511320E+01  1.25162418607904760E+01
  3.47451934045076260E-01  1.12601647111987950E+01  5.64538210039769520E+00
  2.57564851167384970E-01  3.10763510301331980E+00  2.46182365319333480E+01
  5.33859136323620030E-01  1.44609617540870450E+01  2.33383113112302000E+01
  2.69169509893181310E-01  1.27429369167722990E+01  2.75428909904260200E+01
  4.24351701398837560E-01  1.92977247272409150E+01  1.74230843355168010E+01
  3.11762329988951370E-01  1.81714730512820250E+01  2.79046163423606400E+01
  3.50974061745161330E-01  2.15379953763971410E+01  2.68875747672350480E+01
  2.66929568161810020E-01  2.12933818161078890E+01  2.57181715235006040E+00
  7.20816873845379820E-01  1.17471742910370120E+01  2.37075018164288310E+01
  4.22201084465533680E-01  1.99372754388843420E+01  2.53617054499756410E+01
  3.09209541844886400E-01  1.63800505659881460E+01  9.67592250568181100E+00
  2.62213147743524950E-01  1.37125037234589570E+01  1.57634841310856330E+01
  7.60411681679863700E-01  1.91087410142193510E+01  2.10916395094783130E+01
  6.67521681419926690E-01  1.19674058755634700E+00  5.20835351340675070E+00
  4.37954134865551840E-01  6.02634114136221740E+00  2.01330732263146220E+01
  7.16654247500547470E-01  3.26210632663480870E+00  2.75921593936492330E+01
  7.12424816007452400E-01  9.38036566986079560E+00  2.32141408093159070E+01
  3.61198882346046800E-01  8.32554286621503610E+00  1.28323336538754840E+01
  3.82245446386266610E-01  2.35068694684902770E+00  1.56401526394519070E+01
  3.58737518624021320E-01  8.85941807689122030E+00  5.05203061243830740E+00
  5.81547682683179710E-01  1.26065464641190950E+01  1.36515798345868170E+01
  4.21963532045373490E-01  7.20835900444185820E+00  1.20076279905762520E+01
  3.12648490279368120E-01  2.46529024435223650E+01  9.83976395421716890E+00
  3.25036994184950640E-01  2.10116702861415270E+01  2.73117272830212410E+01
  3.83290088603488770E-01  5.58687457390058920E+00  7.09241677806213570E+00
  2.93443024193560210E-01  1.21569368189096810E+01  3.64473500977719310E+00
  2.66929568161810020E-01  2.00223519276044580E+01  1.08222278164695600E+01
  2.99038091422116640E-01  2.31198827852368680E+01  2.40388214312089520E+01
  6.00040109246873770E-01  1.72701068557114180E+01  1.77882062356824090E+01
  7.14535578675763720E-01  1.25038312702289080E+01  2.24885593714966840E+01
  3.06898385793053400E-01  1.87372385165589500E+01  9.31198117220615630E+00
  3.45648959319623030E-01  1.71179456923257190E+01  8.32382862866997900E+00
  3.87046365911375680E-01  5.85879822118437770E+00  1.93258557590742650E+01
  6.56539952722306990E-01  1.38094402849712200E+01  1.39435970229920870E+01
  5.07436062422724900E-01  1.92022700262108470E+01  1.97775842223247690E+01
  7.39270392714900380E-01  2.41249909788883170E+01  2.06846352777339500E+01
  5.38024295323284910E-01  2.01196193854138700E+01  2.02776662967654640E+01
  7.33199636544987770E-01  2.24442237433577280E+01  6.43911466768972220E+00
  6.31923671661538840E-01  1.75618936412566700E+01  2.70874875317656320E+01
  5.72951670348821020E-01  1.02535396966795960E+01  1.30608446958562290E+01
  6.40456937776772590E-01  1.48001382355920730E+01  1.72782506615006070E+01
  4.77241894706072770E-01  5.32758506464085540E+00  5.66193885680113150E+00
  7.64764367446448820E-01  2.39845973308799640E+01  1.78749084475687670E+01
  7.16535845940979770E-01  4.33787624876809550E+00  1.92028159946027090E+00
  3.10705613459761840E-01  2.57749061336845850E+01  2.45862114869722110E-01
  3.89901968262705180E-01  2.48478963992205060E+01  1.86389467934776010E+01
  7.15011499502423580E-01  5.68006004386660200E+00  4.52386249391251290E+00
  7.60297905848187840E-01  2.09817257192818790E+01  1.04569399758008270E+01
  2.65726189967390210E-01  1.83575147052428810E+01  6.89041227053952990E+00
  4.53492046339069340E-01  5.83267154013877760E+00  1.79928926692276330E+01
  5.18725390566230620E-01  1.35253732575669850E+01  2.74563886578005560E+01
  4.24020504903543660E-01  4.78065889923720280E+00  1.46233523875857840E+01
  5.17634268500846420E-01  4.58156419943925730E+00  2.58515238049494800E+01
  4.54567147313974470E-01  4.84113483732824790E+00  8.09918538068755640E-01
  3.65965634987757580E-01  7.53664821644448060E+00  1.12913645710280740E+01
  2.96256570285591500E-01  5.19802684018965700E+00  1.75975982050497210E+01
  5.50543265074639000E-01  2.81225035837770680E+00  6.35275428785461390E+00
  4.46540105696671490E-01  1.35968757748602730E+01  2.28758139811631800E+01
  6.47236078597052340E-01  3.90612829701649660E+00  4.26643067043479900E+00
  4.82769235883485770E-01  2.13613366877211530E+01  2.28063253098243810E+01
  2.97529618718302210E-01  1.25264142241798860E+01  1.58942607434200090E+01
  4.13811620468168510E-01  1.75858424415490440E+01  7.04629574120710970E+00
  4.87785457169642190E-01  1.68328021009303550E+01  7.54160817925373370E+00
  3.41778742319800830E-01  2.02856038122825060E+01  8.36466515788132090E+00
  4.05793634226126800E-01  7.29654879973731860E+00  4.79316639852246060E+00
  7.14516279726398110E-01  2.49348778430532080E+01  1.43753175952099910E+01
  3.71799304162545760E-01  1.68313032473421520E+01  1.32614031819312930E+01
  5.77820253962530560E-01  1.91973374512126110E+01  1.06442862908462370E+01
  4.75626642073745920E-01  1.11603333558726000E+01  1.25352318067582080E+01
  5.46562010559427060E-01  3.21436257291246500E+00  1.52991339031910290E+01
  3.29506256422424390E-01  1.55437088995439920E+01  1.15740582863960770E+01
  2.62213147743524950E-01  2.12243794525573120E+01  8.27287934522143690E+00
  3.63105686475124490E-01  5.28949267240076800E+00  2.11554975222260740E+01
  7.08391389715138510E-01  5.91405970367798430E+00  1.45442057516565980E+01
  4.26578460793149810E-01  9.43764133999651380E+00  2.11139747730983980E+01
  6.08873319065221350E-01  2.95302577796117410E+01  2.75018921248293720E+01
  5.39466591144820300E-01  1.67510348836633940E+01  1.65870245509524090E+00
  4.66553963192992600E-01  2.27585638707806410E+01  7.76518731098715610E-01
  4.82771447840326400E-01  4.81396697312906770E+00  3.34527567470947580E+00
  5.13004586318856950E-01  5.25301466501260880E-01  2.21164932031094600E+01
  3.17084428049163950E-01  1.37049135076622940E+01  8.17622158867287400E+00
  3.50974061745161330E-01  2.37313854977543710E+01  5.11702037684019830E-01
  3.82382183723224410E-01  2.53320252702713480E+01  4.48433292727594960E+00
  3.77759649416993960E-01  4.21531882936251900E-01  2.66432340366765960E+01
  5.74203886104520670E-01  1.56167990007620240E+01  2.90766543728592770E+01
  4.11346310528290360E-01  2.31981618943295370E+01  2.28430594487077660E+01
  5.06367095649294540E-01  3.67025305304000550E+00  1.06264198633353000E+01
  6.01687927537542500E-01  2.57356394928931710E+01  3.58781626449694140E+00
  2.49794182180603610E-01  2.83319202427407010E+01  6.50441359376776430E+00
  6.11481049571092420E-01  8.35840738346716350E+00  2.52673248802074960E+00
  5.03927515451986880E-01  1.79733365585129470E+00  4.21024708083706220E-02
  6.35485889077753010E-01  8.20755524701288410E+00  6.95021475664078460E-01
  2.99038091422116640E-01  1.99554586214031460E+01  1.01865004430783750E+01
  4.22541054278063120E-01  9.95504170360201710E+00  2.21169419341702820E+00
  3.05466220251299840E-01  5.66949832501758430E+00  1.72260262060141080E+01
  2.62213147743524950E-01  1.06300219207872890E+01  2.09708084115024060E+00
  3.61769499680632390E-01  6.61739454260267390E+00  1.14934897366612230E+01
  2.47647088603063280E-01  7.51261969117063530E+00  1.83208728098191570E+01
  3.11155895623034430E-01  1.13921437505573810E+01  1.45241877439468490E+01
  2.66929568161810020E-01  2.09884534502382780E+01  4.09459909889716030E+00
  6.90395435464654740E-01  2.67791555330769240E+01  1.26625701026795490E+01
  2.96503602823160150E-01  1.87666152571156960E+01  3.51478113408740360E-02
  6.57722721512726150E-01  2.75878295806318970E+01  7.02318869578300030E+00
  7.24777883420223110E-01  1.56705866501075590E+01  7.19868478259332890E+00
  5.48279863025970290E-01  2.83952261975438740E+01  1.50510026271324740E+01
  6.40748513009616880E-01  2.94112130917935060E+01  1.88135053053871070E+01
  2.56092450391898300E-01  2.26063809797117050E+01  8.69893006734269920E+00
  7.17499092254363010E-01  2.21244702407729790E+01  7.85283907361008900E+00
  4.66141488621800890E-01  1.58803149616355860E+01  1.07994916676443450E+01
  6.33759023001558490E-01  1.51862595361475720E+01  2.79491221122969340E+01
  5.48279863025970290E-01  1.53501202234367970E+00  2.85611659759553120E+01
  4.19081387041561550E-01  2.87103633118089410E+01  1.70046955942971040E+01
  5.70902198024309190E-01  2.77308462780303880E+01  2.13817570980449930E+01
  3.17950877609215300E-01  6.06433665202640350E-01  1.78163860344558970E+00
  5.96963967672292380E-01  7.52413220867335220E+00  7.53276492687265180E+00
  6.18832453479690690E-01  2.49866171628855550E+01  1.96368714591253590E+01
  2.63339374245984010E-01  6.87585236455824680E+00  2.96524139765073400E+01
  3.55036581058269410E-01  6.21571439913008120E+00  1.30966384074502870E+00
  5.84913004272127690E-01  1.89908071553583890E+01  6.02221579708957220E+00
  5.77235448209733180E-01  3.67807547102256120E+00  2.52267339887236940E+01
  5.01105313190319460E-01  6.86860668981968470E+00  2.05480582561734440E+01
  3.83598938984435380E-01  2.69963985637003990E+01  5.49761756574494600E+00
  5.98360795606824340E-01  1.22330570660632410E+01  1.25330470530821910E+01
  3.41778742319800830E-01  2.19682408995178520E+01  1.71828859299992440E+01
  3.29796701345061780E-01  9.55806879421764680E+00  2.73634589805369900E+01
  3.84420431658369740E-01  2.73502507231835490E+01  3.98083721250395330E-01
  4.91872428060923640E-01  8.57082267890217690E+00  7.23688950720882840E+00
  2.93443024193560210E-01  2.01617386519762260E+01  2.11067780760270520E+01
  5.81299825206354370E-01  6.99672109176590240E+00  7.95660411892049880E-01
  5.68243553274813350E-01  2.23488971802860660E+01  2.44357069792798390E+01
  5.39001667068871980E-01  1.41593720726688530E+01  2.89286965831739420E+00
  7.01587183784351610E-01  8.96533642628611460E+00  6.11170121863769380E+00
  4.45239477383046460E-01  2.31775654790934170E+01  3.86113933116020080E+00
  5.39001667068871980E-01  2.26941424502436680E+00  1.72711387177518600E+01
  2.86134314477376340E-01  1.16301529199099870E+01  2.12825534537046400E+01
  7.70254277643880240E-01  2.72885914130555630E+01  2.89652349939575020E+00
  3.45648959319623030E-01  7.43594910522742310E+00  2.27214036389080400E+00
  3.39481361119070080E-01  2.84387668280283600E+01  1.89346686379426960E+01
  3.04461637453634990E-01  5.70409134756336740E+00  2.80989343885488050E+01
  5.20369884994360540E-01  4.53404437145626020E+00  2.95126284844527190E+01
  2.65726189967390210E-01  3.88359028326988210E-01  2.48948624032476610E+01
  6.26908127420837150E-01  9.47028495228886410E+00  2.90885220399450650E+01
  3.48480710258510130E-01  1.85856322541236100E+01  9.94908389692036720E+00
  2.96653470797716330E-01  4.29483245574578020E+00  1.29570978155632450E+01
  6.31923671661538840E-01  4.97674341157374920E+00  1.35873763366420660E+01
  4.09705559579089850E-01  3.22084485268625050E+00  2.87173462697871460E+01
  6.72499163702481620E-01  2.36684155504763110E+01  2.71763793587331610E+01
  2.84029264846615530E-01  6.09466418338508480E+00  1.93679197999558110E+00
  5.34631033075580400E-01  2.18216180477784650E+01  2.19002588908766360E+01
  6.17076625982510940E-01  6.64985065632969350E+00  1.86820732304155900E+01
  6.55074006360275090E-01  1.37378063838894460E+01  2.00516271502989550E+01
  5.46562010559427060E-01  2.62929788574914140E+00  1.09406149249924600E+01
  5.17626013175185660E-01  2.74902471306943210E+01  1.44907326809266550E+01
  5.82207618145930890E-01  1.75794962389747380E+01  2.01597071558323610E+01
  5.98268629341587580E-01  1.47452282401184360E+01  1.31087205313530260E+01
  5.34553382826858140E-01  2.87965077942105340E+00  1.63887012594903890E+01
  3.76753951196820710E-01  1.53983467696748480E+01  4.82894989118054600E+00
  7.52518120402026810E-01  1.35313293733354140E+01  2.14436365799141980E+01
  4.81368497469048420E-01  2.56474857481633550E+01  1.59192415604730080E+01
  6.47413426355271770E-01  2.92221234262127040E-01  4.25511209632111510E+00
  3.05466220251299840E-01  2.98735711989359490E+00  1.18519295811721540E+01
  4.46689977500956030E-01  2.92700433061989390E+01  2.96208614827665460E+01
  6.18566685513849460E-01  3.60451234728921270E+00  5.49441692688658190E+00
  5.36592099856838090E-01  7.48734224454850580E+00  1.41516863681541360E+01
  5.09574347305064630E-01  1.05843802136097890E+01  2.93119060976675280E+01
  4.92328788949218680E-01  2.20585409344432830E+01  1.63103154649243760E+01
  4.83351594707823830E-01  1.11029673950250130E+01  1.61994868610098590E+01
  4.40650972415989980E-01  2.26334712212644080E+01  3.16247833375429900E+00
  6.10911033360540580E-01  2.62642887428124960E+01  4.82500488849901020E+00
  4.34172467284937990E-01  1.60562109423225930E+01  2.73302352070777880E+01
  7.03188417218805210E-01  8.99650737364034820E+00  1.36581093880223090E+01
  2.92799561075502800E-01  2.98463899620226270E+00  7.26678634172287640E+00
  5.68243553274813350E-01  9.05444076695905590E+00  1.49270950187406740E+01
  4.60682082706054620E-01  1.94340309855654960E+01  9.63348210093104740E+00
  6.41715074739605920E-01  1.91784239708876820E+01  1.86289193261391150E+01
  4.55206736325743130E-01  1.06071230327319200E+01  1.38019098186866130E+00
  4.22201084465533680E-01  1.34802911947265580E+01  2.91997146647058410E+01
  3.63079661055833470E-01  2.08215222373770100E+01  8.82072846827250600E+00
  2.63055759251188670E-01  1.66690466594040740E+01  2.94226560343857900E+00
  5.32877675645020420E-01  2.28795853617283380E+01  1.33222007272022650E+01
  5.77235448209733180E-01  2.09608520240523030E+00  3.33198816953955610E+00
  4.09775903561979240E-01  2.63134711012242520E+01  1.02058307892463290E+01
  6.93187364831086050E-01  1.01208528904644070E+01  1.68474130320900740E+01
  4.30054269381220950E-01  8.15930724017328220E+00  1.00826834830551950E+01
  5.07436062422724900E-01  1.38525506525133900E+01  8.93482693722056350E-01
  2.49948351789403130E-01  5.78327552641429140E+00  1.86939040091523270E+01
  3.16022212934137680E-01  2.20048060688025370E+01  2.04618220199718760E+01
  4.72818350263822220E-01  2.96502988459875000E+01  6.93862167940096610E+00
  4.46689977500956030E-01  4.21070953104237590E-01  2.30701121215162170E+01
  4.74581552528920360E-01  2.42279002627315730E+01  2.48885332009884190E+01
  4.86590143357422540E-01  2.65488021873697520E+01  6.03084640367585580E-02
  2.73281005279713530E-01  1.96727151394908970E+01  8.31780376760104370E+00
  5.20515140446715560E-01  1.28995608626886360E+01  8.40590700230275800E+00
  4.13811620468168510E-01  2.58447787277920080E+01  1.50476897796481200E+01
  3.81419328643079860E-01  2.72199652091900080E+01  1.94675122122097550E+01
  4.05593309893122810E-01  1.95328991747023510E+01  2.69096082732063520E+01
  5.85380732291966590E-01  2.24127298946774400E+01  2.72321859175292610E+01
  4.06599624824484800E-01  1.78242507897500990E+01  9.73775866543042490E+00
  6.40456937776772590E-01  1.33071854036495550E+01  5.23411745867435220E+00
  4.75626642073745920E-01  1.67444470695307710E+01  6.58281070276935680E+00
  5.09222041678605210E-01  1.31989542160012120E+01  1.63386343004234790E+01
  5.77820253962530560E-01  2.64488223871541320E+00  8.85884841262101300E+00
  3.80273533482480450E-01  2.86389396218994460E+01  2.90211905985168310E+01
  5.01406606281285510E-01  8.23297909625824790E+00  2.36081299942349680E+01
  3.59079136884617700E-01  1.92113090183492790E+01  8.84479220536585590E+00
  5.94092381958372510E-01  2.92861785740448820E+01  5.93646587551587320E+00
  2.54611020839302520E-01  1.71750470764697350E+01  3.04635926934997240E+00
  4.99223721401470310E-01  1.50751676504612760E+01  1.02684190375751480E+01
  2.54611020839302520E-01  1.67850975024174080E+01  1.63990344772293390E+01
  3.20574425314766210E-01  2.36499733505375430E+00  1.17842289085005320E+01
  2.85767805251094040E-01  1.44123114698328220E+01  2.41822067755516770E+01
  2.54611020839302520E-01  1.44019994578787300E+01  1.46354008480104870E+01
  4.12246671516209600E-01  1.19897582226095220E+01  1.09192144261503150E+01
  4.41298336829792340E-01  2.83278977050375320E+01  7.83486207675042130E+00
  7.09985914168247060E-01  1.51146699547166530E+01  5.87738422739487200E+00
  6.80956647410425740E-01  1.95569939801899720E+01  2.90795428638122790E+01
  4.75338540515479570E-01  2.23730190521317880E+01  2.60390076602809510E+01
  7.49588614928249000E-01  2.76998188567507770E+01  2.60766891450974680E+01
  4.74033319401206570E-01  2.00440393371427420E+01  5.92907448493136170E+00
  5.20515140446715560E-01  2.30288843975332680E+01  9.37995480861865080E+00
  5.48131117613959250E-01  2.40806290180045080E+01  9.19768544735192610E+00
  3.46733456860136300E-01  1.21687497318570430E+01  1.76954605396014590E+01
  6.97384645011991290E-01  6.20260044972974360E+00  2.89676244928237590E+01
  3.78209123272245940E-01  1.04194416713698550E+01  2.35407237174447740E+01
  3.82382183723224410E-01  2.95534433342035360E+01  7.07037677767204810E-01
  4.46537248270915300E-01  4.57004702711319940E+00  2.76303552740331180E+01
  6.08690451339190200E-01  1.16246883430452640E+01  6.52824270796055650E+00
  2.59062449636064510E-01  8.83585599361993880E+00  2.07880385885074150E+01
  4.43756654693070110E-01  2.03197641873630990E+01  9.45211210202111830E+00
  3.18942867500738640E-01  1.51179154734821760E+01  1.10853249135044930E+01
  7.16535845940979770E-01  2.58550009501514070E+01  2.66226326128459480E+01
  4.62836237406567810E-01  7.84544283975055200E+00  2.59145641140408710E+01
  6.97384645011991290E-01  4.48074230608673570E+00  6.47525872691688690E+00
  2.47647088603063280E-01  2.26529369817984660E+00  1.02355664505187760E+01
  4.05793634226126800E-01  6.98838420201033910E+00  4.04337693410863070E+00
  5.37364664263313330E-01  2.29917909304860530E+00  1.47206917056709370E+01
  5.72881440675418570E-01  1.77919409078430240E+01  2.12924451146439960E+01
  5.04213456464067280E-01  5.76922777529338670E+00  5.76111012829890790E-01
  3.86557871019070410E-01  1.85756507573847780E+01  2.21530015634688200E+01
  5.62178328188990490E-01  2.33702117905012620E+01  7.56384378193068940E+00
  6.41715074739605920E-01  3.75463639665297060E+00  6.81650922646247890E-01
  4.54567147313974470E-01  1.69288053511499400E+01  2.90643231818914390E+01
  3.97011970696729720E-01  8.48881046099313610E-01  2.44185016911597440E+01
  3.99477862283745790E-01  4.81705124832523610E+00  7.51905558660146140E+00
  5.15931587153482510E-01  1.27050354707699210E+01  6.21883745101107440E+00
  5.98026541173087530E-01  2.67231953831103690E+01  1.60008813123969770E+01
  5.94917806945655060E-01  7.43724161711455790E+00  2.82720474058480420E+01
  3.86557871019070410E-01  1.07737091651719900E+01  1.77059641030521750E+01
  5.52347772924787250E-01  1.03586577690080030E+01  1.09296545471751310E+01
  4.05793634226126800E-01  1.34151612915972400E+01  2.83742929284483760E+01
  4.66753989857397040E-01  2.32248382382983250E+01  1.42598998397452770E+01
  6.77666041374141330E-01  1.78722753594263640E+01  2.39395740341409780E+01
  3.23306573977224420E-01  2.34651612165589720E+01  1.12945741279055080E+00
  6.88340418185590860E-01  1.34327914828443970E+01  2.39975160671955800E+01
  4.11696508529454960E-01  6.64004888709599510E-01  1.46092200651837110E+01
  4.03052389307286420E-01  2.66877727549839820E+01  3.90367720365793060E+00
  2.97529618718302210E-01  1.92196864767831630E+01  4.18072632217915970E-01
  3.13090147150790890E-01  1.36383468319292800E+01  3.56593087042860720E+00
  5.01435669612667030E-01  1.82910869308107070E+01  1.93455070398663160E+01
  5.26482748420329030E-01  4.85789162945877710E-02  1.20347951005168050E+01
  6.75156127532392600E-01  8.83809141807516950E+00  1.89839324076334180E+01
  7.20816873845379820E-01  2.63592315761506550E+01  6.39888632768798530E+00
  5.30006102735105960E-01  1.52082834536828170E+01  3.94261703987026730E+00
  3.43353541919950760E-01  1.45953835599503100E+01  6.79330371775698260E+00
  5.32877675645020420E-01  2.82668292820170240E+01  9.70512562441161820E+00
  6.44956217916396120E-01  9.38418897967076760E+00  8.02907311471747320E+00
  3.55036581058269410E-01  6.34539194325687820E+00  2.25333092689439240E+01
  4.30054269381220950E-01  1.19518522412591310E+01  2.06432308357145370E+01
  4.93734512940847830E-01  2.87307319528933610E+01  2.53819724984216680E+01
  3.42409596243210680E-01  3.68763198107656540E+00  1.60501959444631980E+01
  5.58952633370732950E-01  1.74477156570001990E+01  8.10076868096037290E-01
  4.49954956992444630E-01  6.36307617861323930E+00  2.33374722820236150E+01
  4.11346310528290360E-01  9.84032188765532820E-01  1.19814617310783210E+01
  4.72818350263822220E-01  8.49651335836931130E+00  2.85779992242910020E+01
  5.00672486592370710E-01  8.85768793059591180E+00  2.56209661126481230E+01
  4.15334611176110170E-01  2.84243335741365540E+01  9.43799023430855750E-02
  7.70254277643880240E-01  1.28526718506774010E+01  2.82193464951110950E+00
  5.32262962461145860E-01  2.48371087381187260E+01  2.17371685475073240E+01
  4.01880163826280960E-01  1.23815349941034700E+01  2.13546748412279610E+01
  7.41720708060832300E-01  7.39071808693914090E+00  1.62597743577518190E+01
  3.01674668393272730E-01  2.27309191077335840E+01  1.94923445364830100E+01
  2.66929568161810020E-01  1.23975994726838850E+01  6.93736702113768370E+00
  4.15334611176110170E-01  1.18674782529522530E+01  9.62353360111783650E+00
  5.20369884994360540E-01  2.06965884805821080E+01  6.67749185777924570E+00
  2.84672167568555990E-01  1.62471221878587850E+01  1.63864802912456040E+01
  5.18912146576496980E-01  2.14071547767134690E+01  1.52742247828694320E+01
  3.90540239164096370E-01  2.21032569459166590E+01  1.38595607080765790E+00
  3.63079661055833470E-01  2.31914102808036550E+01  2.51223238956259640E+00
  4.73113776075054650E-01  1.52898849778381840E+01  2.68473653086605140E+01
  5.55687039951364880E-01  2.44860607258419090E+01  7.50767272291640800E+00
  6.97384645011991290E-01  2.64103000264957760E+01  2.40800958989426700E+01
  3.54092873053847420E-01  1.41074578324831330E+01  2.87422509065327350E+01
  7.37991961479508610E-01  2.37192500275342190E+01  1.04313429576733800E+01
  5.10790949981952740E-01  2.83633120298336440E+01  1.61080258664077400E+01
  7.03918080384424090E-01  4.84266137052848220E+00  1.09671693663625480E+01
  2.69326463995374250E-01  8.39756516977969980E+00  1.22066408956410760E+01
  5.39922025342825940E-01  7.96513926993999630E+00  1.51155615824207970E+01
  5.39922025342825940E-01  4.14964437530879330E+00  2.85224636933948190E+01
  3.52682444144397330E-01  2.16518056183901630E+01  2.10295770591815940E+01
  3.17084428049163950E-01  2.64333909167079430E+01  2.89579989988154690E+01
  3.92511582998476170E-01  1.63961484358357780E+00  1.30655303346169640E+01
  2.92799561075502800E-01  1.26662561678574800E+01  2.69865879513691630E+01
  3.63105686475124490E-01  2.53830149201367450E+01  5.23876568699566650E+00
  3.25036994184950640E-01  2.25415550895830530E+01  2.81332769886885000E+01
  5.70902198024309190E-01  2.43131420906775640E+00  5.29897209222588030E+00
  6.18138908065390960E-01  1.82641782801150470E+01  2.89641802347446600E+01
  3.10705613459761840E-01  1.43241967597381330E+01  1.86961420453368130E+01
  6.99092076263204730E-01  7.37082728973444650E+00  2.27732893564449700E+01
  4.40295189098215370E-01  4.59260195427888360E+00  5.11216720992312460E+00
  6.52034765531911640E-01  5.79940631807929300E+00  9.10575699947932900E+00
  5.12628979659419230E-01  2.95011801867495650E+00  9.90563094365194270E+00
  2.68569610726517900E-01  1.67608115141055940E+01  2.75515822473142080E+01
  4.41473589537221400E-01  2.08684716613824930E+01  2.09074939206448210E+01
  7.41623060643924430E-01  1.50580657200760420E+01  5.72007137053834210E-01
  2.49794182180603610E-01  2.11759805434092070E+01  1.14467536503770400E+01
  3.44856808658559500E-01  1.82068645211567530E+01  7.48187755172717490E+00
  6.83701617051292750E-01  1.32879945593404990E+01  7.26678458908092480E+00
  7.19599311285852310E-01  2.97923369635244040E+00  2.38297342798716680E+00
  6.67521681419926690E-01  1.46145156454383080E+01  1.59841568092855260E+01
  5.40946473112310590E-01  2.12600406932959200E+01  1.88353524159017810E+01
  3.83579206291793930E-01  2.08822204500888730E+01  5.75055510570257060E+00
  5.04339573614743570E-01  2.76244441522032820E+01  1.86803177486850200E+01
  6.35523375007872900E-01  1.28297596618002250E+01  1.40155376104723550E+00
  3.44905765886116280E-01  2.33126925520412520E+01  2.13994466076776670E+01
  2.65726189967390210E-01  1.46555452377024230E+01  1.99810977300003820E+01
  4.87785457169642190E-01  9.71543909611517260E+00  5.19078321779384930E+00
  3.71299762957800540E-01  9.14816578466909290E+00  3.39473958683611480E-01
  4.13811620468168510E-01  1.53606294817520280E+01  2.36330507069375030E+01
  5.69423614487483490E-01  6.54241876207045350E+00  1.72574408836704760E+01
  5.83429036676414100E-01  3.60555947852587980E+00  1.84561090197038600E+01
  5.30006102735105960E-01  7.62016284942324160E+00  2.93812201982114520E+01
  5.16710955738981780E-01  6.09631738592799350E+00  1.33339536857874100E+01
  2.65726189967390210E-01  4.80092877113471420E+00  4.09268961868164990E+00
  3.18942867500738640E-01  7.37881856279359470E+00  1.61016243570498640E+00
  3.23881608201221470E-01  1.47795349840870430E+01  9.49587335631090570E+00
  3.54092873053847420E-01  2.20130272294012240E+01  5.16327451076744030E+00
  5.12509616084684260E-01  5.77075621051191060E+00  2.18850090189701340E+01
  4.99223721401470310E-01  5.59189811062592400E+00  7.97369360402025330E+00
  2.56092450391898300E-01  2.47840704607796170E+01  1.17225921051661770E+01
  5.45765227979075810E-01  1.21605322658829100E+01  1.49014737058907270E+01
  6.94010183176834960E-01  1.33315340919659850E+01  2.62591987132972870E+01
  3.57201130995523370E-01  2.41435213790560570E+01  1.08734037917104760E+00
  5.25895496843049500E-01  5.56311658600354700E+00  2.72806895948216490E+01
  5.10790949981952740E-01  1.76707571985895590E+01  2.59504354301375950E+01
  4.89717368181109780E-01  1.69766285056511920E+01  9.14660723311936150E+00
  4.82769235883485770E-01  5.08786876169351570E+00  1.89231642032603380E+01
  6.93278360304079300E-01  8.16684968498123710E-01  9.60127683820837600E+00
  3.35017483125717060E-01  1.70945322019415120E+01  2.46252139482356650E+00
  3.26514001167033020E-01  6.30079977408475860E+00  2.68480858716527240E+01
  4.75880684447443510E-01  1.55548653097636210E+00  2.66312422441566990E+01
  4.22354771203238230E-01  8.78006240110226700E+00  1.58343229162546400E+00
  4.11966131227655820E-01  2.12364263134122630E+01  1.70037558779569230E+01
  7.30946391186454210E-01  8.06716134398026700E+00  2.01662841071050560E+01
  4.22201084465533680E-01  1.95728001697904080E+01  5.16724238190755520E+00
  5.15931587153482510E-01  1.83848829060687570E+01  1.77881518568902810E+01
  5.52347772924787250E-01  2.02286915348528710E+01  1.91947612312599740E+01
  2.49794182180603610E-01  1.10995804889435520E+01  1.69708483110992850E+01
  4.50103975287380020E-01  1.90895138192877770E+01  2.55597112524529460E+01
  3.61769499680632390E-01  2.86002931248987590E+01  2.20877422300851510E+01
  2.77147605524350650E-01  1.38365529578984180E+01  1.09068382096698000E-01
  7.64764367446448820E-01  2.48835248642531820E+01  6.24966304462852750E+00
  5.71326189973923350E-01  5.47476066810575100E+00  2.52524185735789030E+00
  4.07877171249442140E-01  9.62176947266378410E+00  7.00501539257176200E+00
  4.46540105696671490E-01  1.95581190020157350E+00  9.61498654681989070E+00
  5.07606992315717240E-01  2.59177489663064690E+01  2.78443245352193290E+01
  3.01731430220296380E-01  3.66899025343692250E+00  2.43366870536349640E+01
  4.32382463464541460E-01  5.09595163835082680E+00  2.87436373494607270E+01
  3.25762576013666160E-01  8.08509398786575420E+00  1.83251969942378600E+01
  6.24920360555607160E-01  1.01961015676737520E+01  2.80722376508337950E+01
  7.38532964590205680E-01  2.53784820028578830E+01  2.89670513126409510E+01
  3.92511582998476170E-01  1.58674788983356550E+01  1.36513079413224280E+00
  2.97561439636419770E-01  2.19320578443559810E+01  2.80077129171340470E+01
  3.46434506905438330E-01  2.33389544953539240E+01  1.25726894042584280E+01
  5.89502618647478990E-01  2.89896795749228710E+01  2.64334613069963180E+01
  3.32399546609116130E-01  8.02805036055169200E+00  1.64446585242625740E+00
  5.77649046292645880E-01  1.23676236653376050E+01  2.91950599674194390E+01
  4.31729360191427780E-01  2.05385734271878060E+01  2.57797053633994810E+00
  3.17950877609215300E-01  2.05327166326373390E+01  2.23518860063180430E+01
  4.75880684447443510E-01  8.30778361768851070E+00  2.76495575213320350E+01
  3.91816801400439550E-01  1.04174788721773520E+01  8.10501800309749680E+00
  2.50163292655703180E-01  2.40215092333422470E+01  6.82717535474114270E+00
  3.42074681651230290E-01  9.07456998541858440E+00  1.66061910289248970E+01
  3.50974061745161330E-01  2.88509862483116920E+01  9.04247622159499720E+00
  6.18566685513849460E-01  3.86720287310195270E+00  1.21376887873296230E+01
  3.24719866931951940E-01  2.89936111995673760E+01  2.08179026673472800E+01
  3.57201130995523370E-01  1.29743712682400090E+01  1.45145718122764280E+01
  3.13090147150790890E-01  2.63184944629963910E+01  8.44941654891847270E+00
  2.58355477869490890E-01  2.29705570889132250E+01  2.85423211069462610E+01
  4.83351594707823830E-01  1.77629927705734080E+01  1.80295421513215250E+00
  5.48463672908306780E-01  6.56573361691920440E+00  5.42394741123786430E+00
  4.24351701398837560E-01  5.92419984997582460E+00  1.06462444351227570E+01
  6.80557430527969220E-01  1.11098709626466730E+01  2.59789554764055700E+01
  3.73125396709624990E-01  1.64816050198444090E+01  1.83577520292845370E+01
  6.77808113742920780E-01  2.75286739266835420E+01  4.58026626162809340E+00
  7.67512613708393760E-01  2.78693606270959330E+01  2.39500662254781250E+01
  4.76544583128828500E-01  7.68810762443481190E+00  1.90218893148019820E+01
  6.97738347479756800E-01  2.32798845135659340E+00  1.85059177922233290E+01
  4.49545157175862540E-01  1.59744232551769530E+00  1.04352320236593150E+01
  6.25336422111717830E-01  2.28860362874999130E+01  1.55603011154498890E+01
  4.99487474973056500E-01  1.08660625218142520E+01  7.33530736031581650E+00
  6.67521681419926690E-01  2.35961857279590890E+01  2.58395185952816250E+01
  3.44170209092795430E-01  2.45950000226148900E+01  2.52155725417904190E+00
  4.01880163826280960E-01  4.93173900014436840E+00  2.22477526886293550E+01
  5.95035019805102560E-01  2.93535681601985980E+01  1.01683677367196520E+01
  5.20348764567513020E-01  1.91994405461863560E+01  1.40361545695667620E+01
  7.44845164893703690E-01  2.75479810755409740E+01  1.70604790191122330E+01
  6.94010688862415210E-01  2.74895802631519580E+00  1.28225237907963500E+01
  4.00156705760987560E-01  1.49613827832713380E+01  1.49751995587506300E+01
  6.57722721512726150E-01  2.03054846426965340E+01  1.17020251410467250E+01
  3.61198882346046800E-01  2.36672558616022250E+01  1.49588588965710070E+01
  6.07167866036927160E-01  6.62647581990397240E+00  2.77437808541619100E+00
  5.81677556670477180E-01  1.65295444175165290E+01  2.08227125675836650E+01
  3.17579752081870750E-01  5.37113595774165730E+00  2.95496537844499510E+01
  2.69169509893181310E-01  1.01101504869850290E+01  7.47378783414400430E+00
  5.36592099856838090E-01  2.11701584273081240E+01  4.87697738231273000E+00
  3.01799748246536660E-01  1.47005760458368930E+01  1.82141787887855600E+01
  4.05794678723965420E-01  2.84342553328699200E+01  2.63267055471440910E+00
  3.65995101567518470E-01  1.18759493991089400E+01  1.57673537483065470E+01
  3.39481361119070080E-01  2.66130760725678710E+01  2.83271352933296820E+01
  6.97384645011991290E-01  2.37125857204991850E+01  1.93092733844432910E+01
  6.82253548551889110E-01  1.89219519456270890E+01  3.22526059246273800E+00
  5.67035311113654220E-01  1.83254069136035160E+01  4.32106277715835850E+00
  6.47236078597052340E-01  2.30257649204127010E+01  1.16298563500354500E+01
  5.92513140571182980E-01  2.88568004692650140E+01  1.99124566611004280E+01
  4.71553509741754610E-01  1.31242220823352460E+01  2.51135086093612470E+01
  6.55885333720611730E-01  2.10888654028264600E+01  1.64035818801733990E+00
  2.83840017940612550E-01  1.46312865092237630E+01  2.16692378873607970E+01
  5.65219172841477580E-01  1.12404670103369140E+01  1.99482099665270200E+01
  3.48480710258510130E-01  6.32792856518394500E+00  3.68133581450043760E+00
  6.26908127420837150E-01  2.54871738450972320E+01  2.07790271329356240E+01
  2.62213147743524950E-01  5.13995380553957480E+00  2.80507390880532130E+01
  5.08737612195334600E-01  1.56072532793504500E+01  9.41353979903299450E+00
  4.59281804788439010E-01  2.23784597092274540E+00  7.18264336994629100E+00
  2.86550378078914000E-01  2.16436380440768160E+01  2.62590133878042020E+01
  2.99038091422116640E-01  9.35124989785305340E+00  1.60284625996484490E+01
  3.62493203924014780E-01  1.41934417616751270E+01  2.80309023989601510E+01
  5.64616421781660800E-01  3.14432161740955610E+00  1.40161509912477430E+01
  3.87533216804236250E-01  1.66703307616861630E+01  1.98293865238200770E+01
  3.90540239164096370E-01  1.42977090755410470E+01  3.81032640656130180E+00
  5.44640939783434240E-01  2.39097061002504320E+01  1.95725304752426650E+00
  3.84420431658369740E-01  1.06981761429203800E+01  2.42492369657014280E+01
  4.53492046339069340E-01  1.79840751976900680E+01  6.27610511179287920E+00
  6.38023782753992030E-01  1.19607331779923620E+01  7.72819518940939250E+00
  5.00672486592370710E-01  2.02826803309161720E+01  1.41268169421937860E+01
  6.08873319065221350E-01  1.72026845977444940E+01  1.23375325888526280E+01
  3.18942867500738640E-01  9.48769964406813490E+00  1.09297271511570100E+01
  2.65726189967390210E-01  1.81150658965839110E+01  1.03431993618648800E+01
  7.10410487391814980E-01  2.18073063094635340E+01  9.24268759439041250E+00
  4.66797018098134940E-01  2.18918244396546560E+01  1.14254063171419950E+01
  3.89889811574280460E-01  1.74939924035922230E+01  4.79283847459667720E+00
  2.92456502136063850E-01  2.15882559191941750E+01  2.75289317777703530E+01
  3.63079661055833470E-01  2.80298265984111870E+01  2.03891898269712510E+01
  4.13811620468168510E-01  2.90885823413021820E+01  1.32979042252953480E+01
  2.60417758313763680E-01  7.71359627592372110E+00  1.06214397446394320E+01
  4.41940562555082740E-01  1.92073679647473410E+01  1.16807342120574230E+01
  3.08418768867630710E-01  1.80242225417837960E+01  1.85294072777790330E+01
  3.04461637453634990E-01  7.76320340362442350E+00  1.24763398319053390E+01
  4.75626642073745920E-01  2.70135379776264630E+01  2.30503229448015720E+01
  4.19693779402500590E-01  2.39301523185154790E+00  2.04070762951726150E+01
  3.26514001167033020E-01  2.19112107835589460E+01  2.34110452431552930E+01
  3.55388479881239270E-01  2.62514726878338930E+01  2.21512147853245840E+01
  5.33859136323620030E-01  1.96871925022533390E+01  2.22490790332527230E+01
  3.39481361119070080E-01  2.03471132122328160E+01  5.17525459438091580E+00
  2.51153087880769550E-01  1.40108090153087930E+01  1.91874830722387730E+01
  4.21603844523193420E-01  1.44021314360541620E+01  1.08959807933551890E+01
  5.20348764567513020E-01  1.27166236985138140E+01  4.23504070940594520E+00
  6.86210935380316480E-01  1.56068256270653090E+01  1.99527035065734490E+01
  4.41140732643827070E-01  1.90498276534613570E+00  1.63527005538343100E+01
  6.26908127420837150E-01  2.31239846556866410E+01  2.94384187809834930E+01
  5.11871480770454750E-01  2.57451356193331230E+01  1.87166390188515590E+01
  4.70990686464341570E-01  1.16277896591608280E+00  2.36093118511883160E+01
  5.20369884994360540E-01  6.32292132786170760E+00  1.23238383515812090E+01
  3.04306421741581800E-01  1.95058453696806780E+01  2.61888293745371180E+01
  5.88333222664750720E-01  2.81310523788865790E+01  5.69187062753514360E+00
  6.64541222436485860E-01  3.74492956079116460E+00  2.22694948062017990E+01
  4.24351701398837560E-01  6.05909590033134910E+00  2.09942384650024820E+01
  5.55920758830291820E-01  2.20810159941770370E+01  2.33346269518782720E+00
  2.89042915761794110E-01  2.29476098693571800E+01  2.65414910012661450E+01
  2.47647088603063280E-01  6.14895652915958910E+00  1.65424540527480420E+01
  5.88686278844574580E-01  2.55460951652864170E+01  1.20864792426491410E+01
  3.53063097104977870E-01  2.94659002844468500E+01  2.49616491953826520E+01
  4.50600139601478670E-01  5.45236412475167140E+00  1.65028347646414350E+01
  6.65634982039605120E-01  1.06779631069766910E+01  3.02354218991487040E+00
  4.69750256464274060E-01  1.21783152644306190E+01  2.64006351117005060E+01
  6.13801455222646290E-01  5.98502381326900230E-01  1.97076561979137390E+01
  5.14582826754803690E-01  1.74098390059881960E+01  2.82229986579266490E+01
  3.81419328643079860E-01  2.55695679213443230E+01  7.16759856971992090E+00
  7.28196096543639280E-01  1.80904014717925890E+01  1.13359691847205470E+01
  7.33199636544987770E-01  2.63357071862575470E+01  1.40131667462087610E+01
  2.86550378078914000E-01  9.20839166744858770E+00  2.23775559565641660E+00
  2.52169786807371790E-01  1.74729232687327960E+01  1.64182353590700850E+01
  5.01406606281285510E-01  6.45042705519471670E+00  2.77959586654889850E+01
  4.18948713530687210E-01  2.26516406266905010E+01  2.34964035436410050E+01
  3.62620749938717070E-01  6.72849991248156520E+00  1.81071210495505660E+00
  3.15231116497538320E-01  1.91955570844784940E+01  1.32012297514284110E+01
  2.83840017940612550E-01  9.96122642774330200E+00  1.38656157041063410E+01
  4.72199721516180480E-01  2.80951993079092510E+01  8.71676033780873990E+00
  4.41666133880560000E-01  1.81963894773038000E+01  1.40887560753661380E+01
  3.39073066583844400E-01  2.57080857178009370E+01  2.17192185402021560E+01
  2.54831192030272870E-01  1.86621085122976460E+01  2.81874763077511760E+01
  6.65634982039605120E-01  2.14886973660143600E+01  2.53196548596117950E+01
  2.69326463995374250E-01  3.12296592332588220E+00  4.74260583122524260E+00
  3.08418768867630710E-01  2.93972703292649160E+01  2.21514074591867920E+01
  5.63324676144028570E-01  8.56606974277588580E+00  2.66438139097541150E+01
  2.49794182180603610E-01  1.18727301383889610E+01  2.17603191407333440E+01
  6.44956217916396120E-01  2.96257582166572530E+01  1.75468554621571930E+01
  4.26043897269923290E-01  4.75622925569540560E+00  2.67779794447241810E+01
  7.44533748089133770E-01  2.94731869855314170E+01  8.14133417354639910E+00
  2.47647088603063280E-01  2.28436713767334820E+01  1.64323110052500530E+01
  3.47451934045076260E-01  7.17476412335076840E-01  1.61886244722794290E+01
  4.83182858574677270E-01  2.29122595755210310E+01  1.71368773556395290E+00
  5.38382388131525950E-01  1.63594099512835100E+01  2.82516524805338350E+01
  6.08690451339190200E-01  1.45019512890196720E+01  1.80012297928777600E+00
  3.93024383017402490E-01  8.59025285290757350E-01  8.50316809785105930E+00
  2.54611020839302520E-01  2.54100823245636960E+01  2.57548207830775870E+01
  6.82253548551889110E-01  1.59195273788206500E+01  1.54773818048478700E+01
  7.67665169660178040E-01  2.55801140427375590E+01  9.28564818597568830E+00
  3.95839252948554370E-01  2.09060172794036530E+01  2.17437070603639280E+01
  5.15379284759350490E-01  7.59066062679512310E+00  3.34888072310454810E+00
  5.09222041678605210E-01  1.59792660598414890E+01  2.43173181905456630E+01
  4.72038094207023740E-01  1.76483040832502950E+01  1.49121850960946320E+01
  6.64541222436485860E-01  8.61664516105552990E+00  9.08826160804763990E+00
  4.84167632717154460E-01  2.18915951187482100E+01  1.35599624571652640E+01
  5.39922025342825940E-01  9.33759071033033730E+00  2.01530209428680180E+01
  3.77759649416993960E-01  2.47584621817560270E+01  2.55551022012054360E+01
  5.06367095649294540E-01  9.47478976736750060E-01  2.74019498740026820E+01
  3.05466220251299840E-01  2.31595467324686590E+01  2.80111133871395100E+01
  7.55604472483241980E-01  2.75056571019220190E+01  2.89612655183145690E+01
  7.68548325332126940E-01  7.20929074551920030E+00  9.35199075578500500E+00
  3.09209541844886400E-01  1.70592903503207540E+01  1.14317554873693190E+01
  4.71553509741754610E-01  5.58196457064293840E+00  2.28497642275808420E+01
  3.65995101567518470E-01  1.92548442756824660E+01  1.82249316967634060E+00
  6.26517897412854200E-01  1.61034662473696240E+01  2.29061996347454940E+01
  3.55388479881239270E-01  3.70966005042733650E+00  1.32447349131217380E+01
  3.90423892796942250E-01  1.17294278420794690E+01  3.11139183596730940E+00
  4.92172780862642510E-01  1.06831543146525990E+01  5.03680833046775690E+00
  6.66683478841499700E-01  1.92605132868711450E+01  2.44340207502640860E+01
  6.94903868090152520E-01  9.79193634907593770E+00  2.63666190892624780E+01
  7.65642972591057180E-01  2.00676083837769160E+00  2.45121077297650740E+01
  3.52682444144397330E-01  1.54455723428313050E+01  1.97888266916436440E+00
  5.39466591144820300E-01  5.58202152525968480E+00  2.52447198199284560E+01
  4.26043897269923290E-01  1.00485318012277160E+00  1.35812651087514190E+01
  2.53364602799301860E-01  3.30314233365615180E-01  5.51855030840155170E+00
  3.83290088603488770E-01  1.36197722495901290E+01  4.26059098760938420E+00
  5.55920758830291820E-01  2.11907833787580910E+01  1.99577855902845900E+01
  4.13050329149462850E-01  4.16014072997840060E+00  1.54607637527598810E+01
  5.20369884994360540E-01  2.04196865633122680E+01  1.55981331909055820E+01
  6.99477888048091770E-01  2.03311944989592740E+01  1.79482503406716630E+01
  3.59079136884617700E-01  1.04145493217999370E+00  2.93221478693877950E+01
  3.01799748246536660E-01  2.96187914139940530E+01  2.84072710496706480E+01
  5.28731261397185740E-01  2.46235683635518860E+01  2.64505400232833840E+01
  6.80338287111455390E-01  1.69999411106522410E+01  1.04452617045236270E+01
  4.74033319401206570E-01  2.14982534653505470E+01  1.78492862548531760E+01
  3.53302408788900560E-01  1.27637828810331000E+01  2.06461913115412230E+01
  4.03052389307286420E-01  1.35453676496292850E+00  2.17279735418545280E+01
  3.33973424357718240E-01  9.98126701015459260E+00  2.08963956714942610E-01
  4.68162992243922280E-01  2.45678084377590870E+01  2.40097641131412840E+01
  4.72192289519205580E-01  2.28166197161417510E+01  2.20466859366126610E+01
  6.73658304681401180E-01  2.50332151065305690E+01  1.68952973413818310E+01
  4.61178090502161720E-01  1.43360277665345850E+01  2.23516041273414710E+01
  4.18189647978318300E-01  5.22260596442638740E+00  1.98338517939490480E+01
  5.15379284759350490E-01  1.03502513872534790E+01  2.13423851020120740E+01
  5.34553382826858140E-01  1.81051491651035800E+01  1.58823663304669780E+01
  3.70336582810533970E-01  2.21267688467312350E+01  1.97865856658067680E+01
  6.42747544188997020E-01  2.62403718348777240E+01  1.97590949244795130E+01
  4.50600139601478670E-01  1.67594062158804250E+01  2.37598794129256700E+01
  3.55036581058269410E-01  1.24899149050446430E+01  2.44912632769543880E+01
  3.54092873053847420E-01  6.27068610600927200E+00  7.36776146643143370E+00
  5.13614394364816020E-01  1.54234966266204100E-01  2.57397336785313090E+01
  3.65995101567518470E-01  9.95853624216141850E+00  2.41241109866732980E+01
  5.25383403930900440E-01  1.52235382293854040E+01  2.88742293176833000E+00
  3.83598938984435380E-01  1.67948860921744440E+01  1.48700577308514430E+01
  4.86073626967704090E-01  2.17182863002770220E+01  3.30808296585693860E+00
  5.96963967672292380E-01  6.80443373230994730E+00  6.58083099221307680E+00
  4.66553963192992600E-01  2.78137101619653040E+00  2.57828732305682740E+01
  4.15252526658189590E-01  5.84084921052496320E+00  1.14812148580263890E+01
  6.36786611163594070E-01  2.25933374757415530E+01  1.80202476835717460E+01
  6.06760633376156730E-01  2.44586473422244590E+01  4.94612751363251490E+00
  5.25895496843049500E-01  2.88925346942701200E+00  2.95914228455490190E+01
  5.05409982910693060E-01  1.03486604687044390E+01  1.19868347357280310E+01
  5.18912146576496980E-01  2.05267759574678550E+01  2.46303482211643680E+01
  5.81677556670477180E-01  2.48743541533978350E+01  2.75320646742754180E+01
  2.50625569857546320E-01  1.26799213313350170E+01  2.34371577672127740E+01
  6.67521681419926690E-01  4.14546546477905680E+00  1.95819263762620470E+01
  6.52034765531911640E-01  2.37769963389598440E+01  1.64740030411178500E+01
  3.81419328643079860E-01  2.27995839354927060E+01  4.59610228439123510E+00
  3.18942867500738640E-01  7.93034400291599080E+00  1.18516956609006780E+01
  6.63973334543257470E-01  4.45267635900321320E-01  2.95373530303435460E+00
  4.05793634226126800E-01  1.96922298679848990E+01  2.45804363724742950E+00
  2.88617724104866640E-01  2.02936292180007810E+01  2.84491643727728490E+01
  3.17587838135982990E-01  3.21242231777563610E+00  1.92665640851875610E+01
  6.94010688862415210E-01  2.52968859079149690E+01  1.75689395869046240E+00
  3.25036994184950640E-01  7.51278187980551500E+00  2.10635465321672760E+01
  4.41940562555082740E-01  2.07978085367336230E+01  3.41217798524492900E+00
  3.05466220251299840E-01  9.68648534121725820E+00  1.15203490379752170E+01
  7.22984261441823330E-01  1.16099473043013770E+01  1.99658471338479530E+00
  4.60682082706054620E-01  2.60969985908168950E+01  2.58898080156159290E+00
  4.22201084465533680E-01  1.53269466415292740E+00  2.01553793189149030E+01
  6.24824560398126750E-01  7.69327846727041460E+00  5.74313112460520440E+00
  3.63079661055833470E-01  1.43488468590400820E+01  2.94175270647451800E+01
  3.25516939164680520E-01  9.19164150330200690E+00  1.72629986555842190E+01
  4.87886881528419990E-01  4.70826493192900220E+00  8.41014315059417330E+00
  4.34172467284937990E-01  1.76150801399509670E+00  2.09804162102101760E+01
  7.04082361725448710E-01  2.02013961658115560E+01  6.11877429395629950E-01
  4.40295189098215370E-01  2.93090838689566550E+01  1.46745656839698440E+01
  4.54567147313974470E-01  4.54199005815684580E+00  2.14853036344163720E+01
  4.89717368181109780E-01  1.78454942354983610E+01  1.32271147064719300E+01
  4.82771447840326400E-01  1.81585991575021810E+01  5.35652944074696260E+00
  3.54092873053847420E-01  1.24970159197876920E+01  9.18194479499734580E+00
  7.67457697882333090E-01  2.51829225279119660E+01  1.07801109190196340E+01
  4.43129600128677660E-01  1.96463612041689010E+01  1.25841552248560000E+01
  5.61514797181737530E-01  1.44587418149789040E+01  7.68726796087309780E+00
  5.82207618145930890E-01  1.68450266666476840E+01  2.19523294195145800E+01
  5.94092381958372510E-01  9.42111086128696580E+00  3.09200324313402990E+00
  5.64318884198494160E-01  1.35234225397029120E+01  1.83475517869538860E+01
  6.16837537735261420E-01  1.14096802460998000E+01  1.35975737654241070E+01
  4.20581746236023420E-01  1.55438550451013920E+00  1.93130310197114810E+01
  3.16022212934137680E-01  8.38306613667490550E+00  8.03105606736174590E+00
  4.59502380082057990E-01  4.65324450011203530E+00  2.48781520238562090E+01
  7.48336469443998900E-01  2.43860932259456900E+01  3.59336737318557460E+00
  6.90159994875631000E-01  2.40339301234695850E+01  2.84864255376292340E+01
  4.68364091588631840E-01  3.25638955728685130E+00  1.74642275176228560E+01
  4.05593309893122810E-01  2.41471685350053140E+01  2.95738583566517650E+01
  5.55687039951364880E-01  2.62499046160136120E+01  1.70524244246763280E+01
  2.83840017940612550E-01  2.92890814280980010E+01  2.88910658978396100E+01
  5.98280766214214580E-01  2.20252588139338740E+01  2.88982742889273080E+01
  5.84913004272127690E-01  1.44403335246688800E+01  4.77346827510452250E+00
  2.83840017940612550E-01  1.88674675091828520E+01  5.05945225869842030E+00
  2.83517655556827110E-01  1.13215916801844120E+01  1.07260754609028520E+01
  5.27599340399055180E-01  6.19704185042958680E+00  1.57695174963452680E+01
  6.24824560398126750E-01  1.21257866600810700E+01  1.67250138039906350E+01
  4.84167632717154460E-01  8.57359524142489700E+00  1.59390260939273980E+01
  5.66562802601083430E-01  1.72911233543276170E+01  3.85837960405424630E+00
  5.81213412342838430E-01  9.66380929387517360E+00  1.80370371715862350E+01
  5.13285974501586400E-01  2.72873262338250590E+01  8.15421520499502250E+00
  5.29625185962053640E-01  1.12805477530296990E+01  1.15378162238952890E+01
  3.30104909316010620E-01  1.35856659922581090E+01  2.00186757311187960E+00
  5.48174971142568520E-01  6.90427515150868490E+00  1.06314102136463260E+01
  4.72192289519205580E-01  2.54592042695656000E+01  2.25239182992979890E+01
  4.53126113496558960E-01  2.49372160092538020E+01  1.32077795800545540E+01
  5.25993347610763350E-01  3.77971719863013480E+00  2.34582562190895840E+01
  4.75338540515479570E-01  6.95186884171847460E+00  1.51106270556570550E+01
  4.30858982518450690E-01  1.77941670453770340E+00  1.22551326771056730E+01
  7.09741570678139940E-01  1.35385067783685070E+01  1.26056255775780710E+01
  5.05409982910693060E-01  2.13557498303919960E+01  2.40297193167761730E+01
  5.20369884994360540E-01  1.30776874400512850E+01  1.73602221492859070E+01
  2.73281005279713530E-01  2.66773317260322220E+01  2.60722583882936160E+01
  3.09574052588245370E-01  1.38914724097159660E+01  1.75551861166045920E+01
  3.18095930761502070E-01  2.37041728133532960E+01  4.41253029901981360E+00
  4.46537248270915300E-01  1.12389789709905850E+01  1.52652725298856890E+01
  6.38830345620663920E-01  1.13627035758766260E+01  4.13283725082976880E+00
  6.68397269451762100E-01  1.64382644756998960E+01  4.75069926830423390E+00
  5.32488384254616510E-01  1.03429733566707930E+01  2.24253264215292420E+01
  3.17579752081870750E-01  2.25770585514875320E+01  1.69311787754077230E+01
  5.16710955738981780E-01  1.33535533910536190E+01  9.33757673929294540E+00
  4.49545157175862540E-01  1.63215443871126600E+01  1.16004091231626630E+01
  3.20574425314766210E-01  2.53495995791226180E+01  2.39092462844270560E+01
  4.12246671516209600E-01  7.88738853476917790E+00  4.22765655434749020E+00
  4.94550785807675550E-01  2.87279066547448960E+01  1.19110884560263790E+01
  3.59079136884617700E-01  1.14239502612998920E+01  2.90904023303806660E+01
  6.10572080928614460E-01  1.28385147153873190E+01  1.14875581057311320E+01
  4.75338540515479570E-01  1.85120552151147780E+01  1.68062231818594260E+01
  5.09574347305064630E-01  4.81420349676139200E+00  2.34587787752713840E+01
  4.18189647978318300E-01  2.64618528237242860E-01  1.29544273786650660E+01
  3.76753951196820710E-01  2.57341022428052040E+01  1.78285023270436330E+01
  3.84533934306195220E-01  2.27246956938156540E+01  5.35766994890063940E+00
  6.60767019732147710E-01  6.25637933340256860E-01  1.09714637525497790E+01
  5.64318884198494160E-01  3.63036596327698110E+00  2.63662664484474370E+01
  4.69750256464274060E-01  2.50693626571308140E+00  2.66773481695904240E+01
  6.88340418185590860E-01  1.56027271677615570E+01  2.16910839460762440E+01
  5.93150731645016190E-01  4.31482274809931090E+00  1.75208310261939000E+01
  7.17499092254363010E-01  1.43100870643440800E+01  2.51802490177149210E+01
  3.79322922295397280E-01  2.82612384186085390E+00  7.91939777173156760E+00
  3.20574425314766210E-01  1.96646497725068490E+01  6.62695494264149950E+00
  7.17953871372127320E-01  2.70635126478796870E+01  9.36423010041083610E+00
  3.42409596243210680E-01  6.28778686318523140E+00  9.97174468941806680E+00
  4.43129600128677660E-01  8.66299572817111500E+00  1.78196330896630750E+01
  3.78068289465320630E-01  2.89442801313974090E+01  2.83272588658575230E+01
  4.75338540515479570E-01  5.48878283459194800E+00  2.62548967867354220E+01
  7.38532964590205680E-01  2.08042907891922080E+01  1.30043976415392100E+01
  5.07606992315717240E-01  5.96729373201695260E+00  2.42090791350809870E+01
  2.86134314477376340E-01  5.03351402735553940E+00  1.81562197440404200E+01
  5.07437626189109900E-01  6.49576723559452510E-01  6.24668182065530080E+00
  6.15073771326759470E-01  2.40729572583385210E+00  2.31910882612470490E+01
  3.30104909316010620E-01  6.01073784149997440E+00  6.10297368475502200E+00
  6.66683478841499700E-01  1.01513922978175750E+01  1.54891390481245650E+01
  7.49545055295440930E-01  2.02777490246779660E+01  2.33883150696774040E+01
  2.54824432159977790E-01  2.86202800080974700E+00  2.50670785828760320E+01
  5.72142532162989690E-01  1.46959806169416880E+01  2.08171091431709850E+01
  2.77147605524350650E-01  8.38040179308668880E+00  3.41507594225963370E+00
  4.68364091588631840E-01  1.63043321264378700E+01  8.33845134846212940E+00
  4.82771447840326400E-01  1.30564478229268470E+01  3.06859345472197730E-01
  2.50971712925384870E-01  2.47363718976731730E+01  2.25459892098758380E+01
  5.38024295323284910E-01  2.65275182004961250E+01  2.13022450091857890E+01
  4.13050329149462850E-01  1.77855170600799720E+01  2.22761387852938460E+01
  4.86590143357422540E-01  1.30898099066128870E+01  1.53494020771796670E+01
  3.16148313226467530E-01  1.70600554463079060E+01  1.68976278570444410E+01
  3.81419328643079860E-01  2.79807722113717720E+01  1.94908199640512440E+01
  6.52911031193170470E-01  1.12145572926489890E+01  8.77938912496760440E+00
  4.49150663742554990E-01  2.09823020604111470E+01  7.60395605260283420E+00
  4.73113776075054650E-01  1.61216276754289180E+01  2.45153824078439530E+00
  3.65995101567518470E-01  2.39423626946155960E+01  8.29429174553508020E+00
  3.46028387031474870E-01  4.31003162674856810E+00  2.41499299531724640E+01
  4.23675716525973380E-01  2.87720989666142870E+01  9.02224070648816930E-01
  2.47261092463374420E-01  2.39318142795569140E+01  1.43601081277997570E+01
  2.63339374245984010E-01  3.18632513707584050E-03  5.11872266261331000E+00
  2.59062449636064510E-01  2.94241044553255340E+01  3.54274650636392870E+00
  5.77180454669814490E-01  1.19075304427125970E+01  2.74104958957475730E+01
  4.06599624824484800E-01  2.47390082366754790E+00  2.83889877570629420E+01
  4.65278877330243820E-01  2.55783940305363840E+00  4.27140448167128990E+00
  3.07263188066738420E-01  2.24654093294410510E+00  2.90624939105726310E+01
  3.88697647565240350E-01  3.02897173261218460E+00  2.39779808274925300E+01
  6.62122603690132470E-01  1.92971778437827340E+01  1.59848528236797560E+01
  3.79322922295397280E-01  6.45218728684576970E+00  2.49513279192593340E+01
  3.53063097104977870E-01  7.84349295916504730E+00  8.42711777316912420E+00
  6.88885956497308970E-01  1.24573206066097630E+01  1.96457503145780810E+01
  5.33066537704075310E-01  1.42876488085746620E+01  8.79466297072428380E+00
  3.42074681651230290E-01  1.98113387856288630E+01  1.34287738414213770E+01
  4.24351701398837560E-01  1.25993375213253600E+01  2.82208002213137630E+01
  2.92456502136063850E-01  2.33833974621093680E+01  4.93114838931096240E+00
  5.90639534364661320E-01  1.86290523992297670E+01  2.64917633401289340E+01
  4.09705559579089850E-01  1.39585831378833750E+01  1.51298324306711280E+01
  3.59079136884617700E-01  2.80061057515410320E+01  7.45463587243054350E-01
  5.27599340399055180E-01  1.62009468786152380E+01  3.57880036675261830E+00
  5.38382256471750510E-01  6.60381438810720310E+00  8.19546274304273940E+00
  5.96963967672292380E-01  2.42662916263857120E+01  1.24003327946209650E+01
  2.96503602823160150E-01  2.15491810214281540E+01  5.61877440214369980E+00
  3.64593218166308700E-01  1.14902097478885690E+01  1.74824445264489440E+01
  4.18947112612636110E-01  1.17737699815137070E+01  2.83963088691048710E+01
  5.40946473112310590E-01  2.96805257588878210E+01  2.40485811397604970E+01
  3.35017483125717060E-01  1.63038157344233840E+01  1.92062965345168490E+01
  4.75626642073745920E-01  1.72034333107131340E+01  2.29474201148543560E+01
  3.04461637453634990E-01  2.73366552398666980E+01  6.09514693178630210E+00
  4.36315933331792570E-01  2.66902928381790970E+01  1.87792286526222410E+01
  6.77666041374141330E-01  9.61092808024738510E-01  1.83778042984013970E+01
  5.67035311113654220E-01  3.88074486173204660E+00  7.75790624604863590E+00
  3.38650161839631010E-01  3.68289091766611690E+00  1.67791175887332610E+01
  6.94010183176834960E-01  2.92928129098864290E+01  1.89075883778585470E+00
  7.10410487391814980E-01  7.33589399375183590E+00  2.69707770668362660E+01
  4.54567147313974470E-01  5.43045380614398000E+00  1.50100807637488080E+00
  2.52169786807371790E-01  4.52105118469436730E+00  2.27563491298838230E+01
  3.01799748246536660E-01  3.35894789991105070E+00  1.13716733695929050E+01
  4.27719079604653450E-01  7.82948249384519720E+00  2.17447429964598060E+01
  3.87762191716535260E-01  2.88769962134653890E+01  2.45131259420527170E+01
  5.72951670348821020E-01  2.89101305275826770E+01  4.83197483422737490E+00
  5.09222041678605210E-01  2.25081686269755540E+01  2.11156819419672640E+01
  5.25993347610763350E-01  1.82385297679732580E+01  2.50843457937127210E+01
  3.12648490279368120E-01  2.31446452774557980E+01  1.72021324147375620E+01
  3.32399546609116130E-01  2.15874136049227130E+01  4.11534800323680640E+00
  4.43807889241729470E-01  2.10461421862641630E+00  1.37598716281960950E+01
  3.44170209092795430E-01  2.52270940892322880E+01  2.79191375734347510E+00
  2.54824432159977790E-01  3.44865602250391490E+00  1.52906568951502210E+00
  4.21963532045373490E-01  1.61017967120474960E+00  8.81884981115692130E+00
  4.11696508529454960E-01  2.00243607365372360E+01  1.71238183583000420E+00
  4.11346310528290360E-01  1.44272672088251350E+01  2.72317909535546290E+01
  6.16837537735261420E-01  1.86001795597535380E+01  1.08996966152663650E+00
  4.83570943621045310E-01  1.13343046152779100E+01  2.48378982230163810E+01
  4.32382463464541460E-01  2.67358534091598760E+01  1.79122889257859230E+01
  5.92513140571182980E-01  1.99445751825084940E+01  7.49586641639345070E+00
  3.55036581058269410E-01  3.52400229107773510E+00  6.90942091722158920E+00
  4.74581552528920360E-01  2.95549627602066670E+01  2.13853160544533840E+01
  3.44905765886116280E-01  2.37603837280992740E+01  2.41036230576849600E+01
  5.96963967672292380E-01  2.49129000684532440E+01  5.25576930982433940E-01
  2.68569610726517900E-01  9.45207127827337600E+00  1.73944763982742660E+00
  5.80290806494985740E-01  2.61909059188552110E+01  2.53711013945250170E+01
  6.25336422111717830E-01  2.83493754908143320E+01  1.08580866411041620E+01
  6.17452885167652710E-01  1.63889233453570250E+01  2.97839178923688050E-01
  3.29506256422424390E-01  8.18559119222041080E+00  4.91079423274869600E+00
  2.58355477869490890E-01  1.94640374393491130E+01  1.23041319526319800E+00
  4.69641390777102340E-01  4.69573857281665320E+00  2.05744953519068190E+01
  3.49095179616795370E-01  2.15092705271462560E+01  6.98280816687639570E+00
  3.27988333844876360E-01  1.37781529629244850E+01  1.15201771923401070E+01
  3.86383264228710210E-01  1.25744934796143680E+01  1.83057629419068920E+01
  4.75543307221801650E-01  1.69508190660665430E+00  1.13540870315703730E+01
  5.07815655211632320E-01  1.17544270150268910E-01  1.38701640010219160E+01
  6.08088426536500660E-01  2.94631936324793350E+01  1.63060771929964260E+01
  3.93024383017402490E-01  2.92968827025921290E+01  1.12299529835929000E+01
  7.48336469443998900E-01  1.14780220648076800E+01  1.85950176801445370E+01
  3.13454063710418570E-01  2.50584809643127500E+01  1.79679599645445160E+01
  4.43133439323318520E-01  2.01526096255463250E+00  8.05582220912342000E+00
  3.62493203924014780E-01  1.38787261742974910E+01  1.68833946885397840E+01
  5.72881440675418570E-01  2.39644332735488490E+01  1.35302544299871830E+01
  3.71299762957800540E-01  5.40002713175670660E+00  1.00477926473196670E+01
  5.13143010843963320E-01  2.40988951474401180E+01  2.31486352125529220E+01
  3.87533216804236250E-01  2.74455405125293730E+01  1.04012138698354340E+01
  3.90540239164096370E-01  1.50826092280869680E+01  2.43871433101032160E+01
  4.11696508529454960E-01  1.85696970083063560E+01  2.18989113111607290E+00
  4.19670751191123690E-01  1.67419313964537700E+00  4.23365615776514040E+00
  5.39922025342825940E-01  2.84076223513704600E+01  1.39648037752120700E+01
  3.73125396709624990E-01  8.37968116653158820E+00  1.67740479124153410E+01
  5.72628172168292430E-01  2.22303204727786400E+01  1.45592155197949040E+01
  5.63660960642019760E-01  1.62473353234446910E+01  1.72344825781939480E+01
  7.54397230300637300E-01  2.66867070162793140E+01  1.35032654974582520E+00
  4.07877171249442140E-01  2.96578909409803090E+01  2.05092501119914270E+01
  4.61178090502161720E-01  3.89785395614809180E+00  3.12332922446213290E+00
  3.50974061745161330E-01  1.21283273424142310E+00  3.61697168763239670E+00
  4.22541054278063120E-01  1.55559965489701980E+01  1.65316859856749940E+01
  3.25036994184950640E-01  2.14090307173748040E+01  6.22391279915336250E+00
  4.96042965314236020E-01  7.80891763073036760E+00  1.74291795179696830E+01
  3.04461637453634990E-01  2.57489642216333220E+01  8.60392342605790720E-01
  4.21290506291976640E-01  7.04071743526739360E+00  1.96430934150497160E+01
  4.26578460793149810E-01  2.47169592693887520E+01  8.46128895115614020E+00
  3.91816801400439550E-01  1.99942064126993910E+01  3.19544308612781200E+00
  5.32262962461145860E-01  9.20863011097993400E+00  1.01269266535351510E+01
  6.07718241283317260E-01  6.52234278538846990E+00  2.59350787805075670E+01
  5.13425754976809310E-01  2.71575349917072230E+01  2.04614515816428340E+01
  5.46829204411607870E-01  2.38313977842115960E+01  2.21240835267061870E+01
  2.99038091422116640E-01  8.12735493502118090E+00  2.44012384188944300E+01
  3.65374026971610010E-01  5.65562076621724950E+00  3.44392381365556060E+00
  3.46733456860136300E-01  9.22543022782568830E+00  2.80277156676659370E+01
  5.01833768532536340E-01  1.70845256834996740E+01  1.57057554867266480E+01
  2.88617724104866640E-01  2.33871857125576850E+01  2.35164705102448510E+01
  3.13454063710418570E-01  2.07120020476702180E+01  1.48175979080513190E+01
  4.43756654693070110E-01  3.09485370622559900E+00  3.53921504393262690E+00
  5.20369884994360540E-01  1.41000297357893360E+00  2.26495018472867110E+01
  7.41720708060832300E-01  2.05382345159639680E+01  2.63571585170171400E+01
  2.99038091422116640E-01  1.04391732606587680E+01  6.45266320819263580E-01
  3.93024383017402490E-01  2.76236520905595920E+01  1.55888817851292990E+01
  2.53364602799301860E-01  2.52268506369651250E+01  1.52979024551194610E+01
  5.48463672908306780E-01  2.76886544294910950E+01  1.18247740750869990E+01
  5.63660960642019760E-01  8.85583411700513600E+00  4.10853224117642140E+00
  4.99487474973056500E-01  8.50236106494921270E+00  2.23809178627611620E+01
  5.32488384254616510E-01  1.39241366052514760E+01  6.23099441371216580E+00
  3.62493203924014780E-01  1.10918856571969450E+01  2.08725918648768700E+01
  3.90540239164096370E-01  1.87203407832599820E+01  2.74676263190512130E+01
  6.25248164210708260E-01  1.01494236700889150E+01  2.50962783242248120E+01
  3.93024383017402490E-01  2.57657747350206170E+01  1.30427116189154830E+01
  2.83517655556827110E-01  4.10944300743733050E+00  2.70647087335540310E+01
  5.16562546778196820E-01  1.53396314446030040E+01  2.58592210328258330E+01
  5.96777348356598920E-01  2.36037283923733630E+01  5.79157474202125750E+00
  3.35017483125717060E-01  3.70655072728930970E+00  2.92932640999546160E+01
  5.69344335137112000E-01  2.03099996403480460E+01  1.66817692413637990E+01
  5.55509338843663690E-01  1.70837848833356690E+00  6.31814875152858860E+00
  4.09775903561979240E-01  2.23289478366845660E+01  3.96151231595058380E+00
  3.20574425314766210E-01  2.91779493810392690E+01  1.54237007364311190E+01
  5.39466591144820300E-01  7.89131945975598100E-01  2.09745729506753480E+01
  5.18725390566230620E-01  1.05751692103868340E+01  1.43821082819006300E+01
  3.62493203924014780E-01  2.49641913402705560E+01  2.32798343407985690E+01
  4.23675716525973380E-01  2.22644674789804280E+01  2.27497146191690260E+01
  4.13050329149462850E-01  1.93070697817618890E+01  2.80154038293062370E+01
  3.01731430220296380E-01  9.66672763500879920E-01  1.27947133937813470E+01
  3.48156346672602490E-01  7.93895724253172300E+00  6.68395890290490960E+00
