1
  1002  2.96924426640336700E+01  2.96924426640336700E+01  1.00000000000000000E+00
        0.00000000000000000E+00  0.00000000000000000E+00  0.00000000000000000E+00
  6.30423428531534040E-01  1.73272484199766910E+01  2.09016844261262380E+01
  3.25516939164680520E-01  1.27564002640027820E+01  2.40052840210702460E+01
  3.14110289759674140E-01  1.74491712593434660E+01  1.93582159323903190E+01
  3.99477862283745790E-01  6.95583277331746430E+00  2.51805660663465640E+01
  6.47236078597052340E-01  1.16244457086226620E+01  2.69307006252964030E+01
  5.28731261397185740E-01  1.69107667099256090E+00  8.89770841431630540E+00
  4.43807889241729470E-01  2.23383413450678670E+01  5.30979219421611410E+00
  4.82268891960512480E-01  9.46993369338403210E+00  1.28831848894070080E+01
  4.30858982518450690E-01  1.26728088600366230E+01  2.47568787865747310E+01
  4.18947112612636110E-01  2.49462601973885360E+01  9.40246723816537510E+00
  3.50662231740508900E-01  2.50839524648142070E+01  3.59881747974592200E+00
  2.85767805251094040E-01  1.46478573307894830E+01  2.31475770940447100E+01
  3.45648959319623030E-01  3.08790085532844390E+00  1.41349628758376690E+00
  3.45648959319623030E-01  3.94334085949954480E+00  2.82504602863833090E+00
  6.42005949159872720E-01  1.94270388713580790E+01  5.59907649810678440E+00
  2.74003615458356760E-01  2.86361633275173380E+01  7.97628676443105270E+00
  3.87653287431749970E-01  3.22500599639388150E+00  2.40287061382933690E+01
  4.18948713530687210E-01  2.65071289166614400E+01  3.45131375129810890E-01
  4.53451232343747090E-01  1.68697829673086270E+01  5.09287635751869680E+00
  4.21603844523193420E-01  3.21686151632939540E+00  1.66485413806312580E+01
  2.62213147743524950E-01  2.88270557451398870E+01  7.47764002170507600E-01
  6.94903868090152520E-01  2.29713541561894240E+01  1.77206145697060220E+01
  6.31563936872940970E-01  2.27959131489889020E+01  3.82047185109970580E-01
  7.01778375544082420E-01  4.12589732134720410E+00  8.39807758537213010E+00
  3.46434506905438330E-01  4.54158311341561840E+00  3.17292148639608440E+00
  3.50662231740508900E-01  7.55547447946485380E+00  2.26849079846557690E+01
  3.01799748246536660E-01  2.29071239455765690E+01  2.19200664046322370E+01
  4.41298336829792340E-01  2.40435347010629950E+01  6.96660481842328850E+00
  3.39481361119070080E-01  9.93918396778306600E-01  1.73041593788343030E+01
  3.83181557852844270E-01  2.81708563668306910E+01  1.91149776830349940E+01
  6.75156127532392600E-01  1.92406788415374770E+01  4.29631396947050880E+00
  2.73281005279713530E-01  1.08316346815000180E+01  2.38740000786438530E+01
  6.65634982039605120E-01  3.88640728297184790E+00  1.75047847078476550E+01
  2.54824432159977790E-01  2.90911396768218110E+01  1.59923491744609190E+01
  2.84029264846615530E-01  1.36265013345567270E+01  1.89008552794391030E+01
  4.62836237406567810E-01  2.46960400509944340E+01  1.55221853411113720E+01
  3.33973424357718240E-01  3.55841226280162810E+00  1.34855040825411370E+01
  4.91872428060923640E-01  1.28139771296764950E+00  1.49976311387039940E+01
  5.52490392167627680E-01  1.92271838758886990E+01  2.56213128047035180E+01
  5.39466591144820300E-01  2.90525775948602640E+01  2.05731348138808770E+01
  5.65219172841477580E-01  4.18699683424496880E+00  1.03977128277751550E+01
  3.53776024442120150E-01  1.95447346194090500E+00  2.56013672297212800E+01
  5.54611473665029210E-01  1.60516953545935870E+01  2.23442229857628050E+01
  4.81368497469048420E-01  1.02495411977690360E+01  8.77029274027910510E+00
  2.84672167568555990E-01  1.85292326691255480E+01  2.49813970909925300E+01
  3.06898385793053400E-01  1.78788577390246710E+01  1.22373411678993060E+01
  4.49954956992444630E-01  2.43793262163825300E+01  1.66359080673305080E+01
  5.88686278844574580E-01  2.32517681604210710E+00  1.52741774108304590E+01
  4.36315933331792570E-01  1.85998890125536960E+01  2.84950583383920950E+01
  5.46155746035104350E-01  1.05158802568381250E+01  2.73654791112994720E+01
  4.11346310528290360E-01  2.24737573048895030E+01  6.15387586015723010E+00
  7.44650008855257360E-01  2.71189801305809830E+01  1.12140030550315470E+01
  4.68162992243922280E-01  2.41567204957769470E+00  1.86929818700286550E+00
  7.11073931023246340E-01  2.08102685280127840E+01  1.96720166418462270E+00
  3.02034441597155470E-01  1.23248549104751410E+01  1.93366809648282650E+01
  5.12509616084684260E-01  1.18676532832105290E+01  1.24145395598847320E+01
  3.40422717275118370E-01  1.09936714580011080E+01  1.97979780698192160E+01
  6.65634982039605120E-01  2.16582852543309240E+01  1.17873046912260100E+01
  3.75295693565172690E-01  2.76032907343572910E+01  1.67910216411579110E+01
  4.75626642073745920E-01  1.35780795476806960E+01  1.81017345321415350E+01
  4.72038094207023740E-01  1.31666489884045180E+01  4.08751844164591740E+00
  4.29902962432020440E-01  8.21609690390312860E+00  2.22695659032947370E+01
  5.68910711623079470E-01  3.49505709773566760E+00  9.49985755813756510E+00
  3.07263188066738420E-01  1.82450217637527140E+01  1.55438335158153810E+01
  6.10911033360540580E-01  8.65144179195056040E+00  1.21594263940893230E+01
  3.43353541919950760E-01  1.28662323845360740E+01  1.38759649901935060E+01
  3.15231116497538320E-01  2.89442851523839020E+01  2.51356573357571160E+00
  3.78068289465320630E-01  1.43388132865549040E+01  1.28920745930375420E+01
  2.54824432159977790E-01  5.68531337901958000E+00  1.40686656611859210E+01
  5.44558358435121190E-01  2.90879027762875710E+01  5.53852361035456650E+00
  3.56000803327192820E-01  1.74116994569381870E+01  2.90874474282745400E+01
  3.13454063710418570E-01  6.23807262139418930E+00  2.36284357004909930E+01
  6.12591031919131530E-01  1.18665678383399110E+01  2.01804108833119250E+01
  6.47236078597052340E-01  4.31165066786325020E+00  2.11993653085398460E+01
  2.65726189967390210E-01  2.50516631041356240E+01  2.31864591281267100E+01
  2.96653470797716330E-01  1.07562536201228860E+00  1.79384821323402480E+01
  3.45648959319623030E-01  1.04894846588594710E+01  1.59655753658742740E+01
  3.13454063710418570E-01  1.90432322347074250E+01  1.20836568137008860E+01
  3.39073066583844400E-01  2.61194794901630310E+00  2.64658017330883270E+01
  2.96256570285591500E-01  1.44060482115728930E+00  1.37912483189973600E+01
  4.19081387041561550E-01  2.73138450780510600E+01  7.16956319128730430E-01
  7.08391389715138510E-01  1.64057271465973820E+01  1.90182884326778280E+01
  7.16035261746952050E-01  4.74548979999910080E+00  2.69347603762770550E+01
  4.43133439323318520E-01  2.67652932223993290E+01  1.54146617474440560E+01
  2.73281005279713530E-01  2.31609819284467060E+01  1.55324172747935400E+01
  3.35017483125717060E-01  7.16101164502844870E+00  1.62859529640221470E+01
  5.09222041678605210E-01  2.29629254252035760E+01  1.47755736414953030E+01
  4.27719079604653450E-01  2.00459087145895230E+01  2.46068069229636950E+01
  5.81299825206354370E-01  2.53969015990487040E+01  2.45100979710678860E+01
  5.46155746035104350E-01  9.96271570656464970E+00  2.93467308597807740E+01
  3.05466220251299840E-01  1.17338020112001760E+01  1.47247683498669060E+01
  3.11838068626578210E-01  1.40696300886155670E+01  1.41865642404487410E+01
  6.27423008989955560E-01  1.66004484211223660E+01  7.86022082030926140E-01
  7.12424816007452400E-01  1.08100445882218070E+01  7.71717984180966350E+00
  4.41140732643827070E-01  2.55369251526210590E+01  8.77483762972716620E+00
  3.80273533482480450E-01  1.15815142860744620E+01  2.77438684992852250E+00
  3.29796701345061780E-01  1.04762788193240010E+01  2.06587778689221150E+01
  4.15252526658189590E-01  1.40198370376576910E+01  3.10223742008408900E+00
  2.59062449636064510E-01  2.84764391110388680E+01  2.48361197840816710E+01
  6.18419083689772810E-01  3.18861545288666860E+00  2.06159471226038950E+01
  5.04213456464067280E-01  2.35801856219290930E+01  1.24132123211266340E+01
  3.48156346672602490E-01  2.27046142722631750E+00  4.55600431613720150E+00
  2.89042915761794110E-01  2.54440033514941670E+01  1.28748589018438080E+01
  3.05466220251299840E-01  2.66703224377564800E+00  1.09967838315483420E+01
  6.49919166153384610E-01  1.31068238899759170E+01  2.87311492265811910E+01
  6.14379095469630790E-01  6.34728295846893250E+00  2.49394531793373630E+00
  7.00411917450214720E-01  2.65311790734358580E+01  2.84292502643938540E+01
  5.69344335137112000E-01  8.74630637279828170E+00  7.94413223985133500E-01
  2.57564851167384970E-01  2.41339995482678300E+01  1.59726235087929420E+01
  4.13050329149462850E-01  3.59785157992378090E+00  2.78236128149556520E+01
  6.18419083689772810E-01  1.43304014646691600E+01  1.08339242894853310E+01
  4.26523982883737140E-01  1.10721324063859130E+00  1.93553174801895370E+01
  3.78209123272245940E-01  2.50707693554443230E+01  1.70914848805218790E+01
  2.63055759251188670E-01  3.79725505408274700E+00  2.71779181396757540E+01
  5.00274833943758600E-01  6.46808437038986210E+00  7.52101345373132000E+00
  6.01687927537542500E-01  1.49086312952111410E+01  5.68306756863889540E+00
  4.86073626967704090E-01  8.34603625700074940E+00  7.06282554513095920E+00
  7.62474117278193650E-01  2.72123387735779790E+01  2.14247768028061960E+01
  4.87886881528419990E-01  2.12710045049474450E+01  1.32859866423557110E+01
  2.99038091422116640E-01  5.01530916470201230E+00  2.33147321734105550E+01
  3.50974061745161330E-01  5.64120667569478320E+00  7.24611613460077740E+00
  6.10572080928614460E-01  2.83703040301658400E+01  4.09183222798511710E-03
  3.01731430220296380E-01  1.45714139297403730E+01  8.91028230037394130E+00
  2.59062449636064510E-01  1.89619305491144350E+01  2.08294127546311890E+01
  6.99477888048091770E-01  3.66793073297460650E+00  2.50207670166690050E+01
  4.41666133880560000E-01  7.36959711323339310E+00  2.34546817971615450E+01
  6.86210935380316480E-01  2.56706034275503680E+01  1.79705906756922890E+01
  5.27425300578987690E-01  2.00940894402095720E+01  2.97678483958376670E+00
  7.54505484792745040E-01  2.42583935534643370E+01  2.25452576980308450E+01
  4.11696508529454960E-01  1.46947665363411680E+01  2.63809437716802970E+01
  6.26517897412854200E-01  8.09125925804287500E+00  1.10568081599392740E+01
  5.72142532162989690E-01  2.65387153445265120E+01  1.33432795310157260E+00
  3.47451934045076260E-01  1.32121675635401190E+01  1.22743589045769550E+01
  2.57564851167384970E-01  1.38212487772310360E+01  1.34543053191202960E+01
  5.33859136323620030E-01  6.57908212668804990E+00  1.86359292514654880E+01
  2.69169509893181310E-01  8.03710834824509310E+00  2.30784087102917930E+01
  4.24351701398837560E-01  2.93824557404416980E+00  1.03207199124543130E+01
  3.11762329988951370E-01  3.45697387241088450E-01  1.89331684185287730E+01
  3.50974061745161330E-01  8.63778221150154830E+00  3.09875751431279500E+00
  2.66929568161810020E-01  1.60263146259369980E+01  1.52155588922950640E+01
  7.20816873845379820E-01  1.99158429274182080E+01  1.00289679915165020E+01
  4.22201084465533680E-01  2.65960962554089950E+01  5.23730970398302360E+00
  3.09209541844886400E-01  1.75030680088435560E+01  1.12241430049565450E+01
  2.62213147743524950E-01  1.16231212017376640E+01  2.59706445720752120E+01
  7.60411681679863700E-01  2.44353331647604190E+01  1.14816199337554610E+01
  6.67521681419926690E-01  8.53360565086921060E+00  2.70143896623188300E+01
  4.37954134865551840E-01  2.49145794495152660E+01  2.01248184511920020E+01
  7.16654247500547470E-01  1.32250763084165990E+01  1.98173955030547260E+01
  7.12424816007452400E-01  2.26316842208615870E+01  2.87413692768834360E+01
  3.61198882346046800E-01  2.92930646329021830E+01  2.93750024012087040E+01
  3.82245446386266610E-01  6.75685352469700270E+00  1.23256376156568970E+01
  3.58737518624021320E-01  4.86247732295124010E+00  1.78148386697983160E+01
  5.81547682683179710E-01  9.85782791711327280E+00  1.00197996571279600E+01
  4.21963532045373490E-01  2.40191687629624230E+01  2.84141975858562560E+00
  3.12648490279368120E-01  2.11980140556654670E+01  9.68424232514925800E+00
  3.25036994184950640E-01  9.78317877478191100E+00  2.68961915357591760E+01
  3.83290088603488770E-01  8.82511584300289440E-01  2.86281766747153980E+01
  2.93443024193560210E-01  9.09939338231195730E+00  1.94009092995107860E+01
  2.66929568161810020E-01  1.25323499675079940E+01  2.70358987556710670E+01
  2.99038091422116640E-01  1.77982262266441150E+01  1.51310507308639240E+01
  6.00040109246873770E-01  5.42399878881612100E+00  1.10062869745109030E+01
  7.14535578675763720E-01  2.62402248028748590E+01  2.54929531411928390E+01
  3.06898385793053400E-01  1.74846171365326700E+01  2.32406897197030630E+01
  3.45648959319623030E-01  1.13494697012108500E+01  4.43270411818102610E+00
  3.87046365911375680E-01  2.29877090865398160E+01  1.30789873175288150E+01
  6.56539952722306990E-01  1.61220440650752760E+01  2.04506427456616110E+01
  5.07436062422724900E-01  2.73469008395633570E+01  2.60109652489020600E+01
  7.39270392714900380E-01  2.14609650031127220E+01  3.26257990849612690E+00
  5.38024295323284910E-01  1.24560662310667140E+01  2.31958557801562830E+01
  7.33199636544987770E-01  1.81624754281369190E+01  2.40290545488400300E+01
  6.31923671661538840E-01  1.68885797733042970E+01  1.49145570319933010E+01
  5.72951670348821020E-01  1.46107216487990020E+01  1.77000201020769520E+01
  6.40456937776772590E-01  1.48610754350722780E+01  2.22471867849346520E+01
  4.77241894706072770E-01  2.92350783089438300E+01  8.42764210649864150E+00
  7.64764367446448820E-01  4.32601855495107030E+00  1.97884505089454200E+01
  7.16535845940979770E-01  3.92380713630254000E+00  2.89045666622908400E+01
  3.10705613459761840E-01  8.50426889031123780E+00  1.93036592558052860E+01
  3.89901968262705180E-01  8.64320227453214330E+00  1.31587463788682650E+01
  7.15011499502423580E-01  3.20608921603071460E-01  1.64901898087427840E+01
  7.60297905848187840E-01  1.16347978221127080E+01  5.50062003843435040E+00
  2.65726189967390210E-01  1.11974118708140280E+01  1.20196572783503260E+01
  4.53492046339069340E-01  8.77290247103582740E+00  1.46899097891908530E+01
  5.18725390566230620E-01  2.20158730933955060E+01  9.82823220741218860E+00
  4.24020504903543660E-01  2.49032919071183340E+01  7.93994633992519640E-01
  5.17634268500846420E-01  4.78249813915161240E+00  7.37204627035433900E+00
  4.54567147313974470E-01  1.23639173502738520E+01  8.89405519792052960E-01
  3.65965634987757580E-01  2.16852939763448230E+01  6.40613222237137240E+00
  2.96256570285591500E-01  2.09709027130543430E+01  2.79912164930874350E+01
  5.50543265074639000E-01  1.93418822860995940E+01  1.55435378938656880E+01
  4.46540105696671490E-01  9.55483861650379570E+00  1.99817367135914030E+01
  6.47236078597052340E-01  1.70817786629424970E+01  7.30408427221732910E+00
  4.82769235883485770E-01  1.46495826093051950E+01  8.12996379075333130E+00
  2.97529618718302210E-01  1.02963033929393410E+01  2.00569162896637540E+01
  4.13811620468168510E-01  2.18797034253151390E+01  1.79108247733622290E+01
  4.87785457169642190E-01  2.11247902369405200E+01  1.74201608712644710E+01
  3.41778742319800830E-01  1.93803547797052040E+01  2.03998195330554810E+01
  4.05793634226126800E-01  2.34552770328577940E+01  2.01588577077485880E+01
  7.14516279726398110E-01  1.59273261916054080E+01  8.02586912712276050E+00
  3.71799304162545760E-01  1.72062222455300360E+01  2.83900960558517390E+01
  5.77820253962530560E-01  1.25482125751122220E+01  1.00645729754120500E+01
  4.75626642073745920E-01  2.03611171636820600E+01  1.54275584802275530E+01
  5.46562010559427060E-01  4.95846400977257410E+00  3.96199601788990390E+00
  3.29506256422424390E-01  2.09895891032467400E+01  1.99769252847735890E+01
  2.62213147743524950E-01  2.48817427647343070E+00  2.59552592058485350E+00
  3.63105686475124490E-01  2.51146548951463520E+01  2.84972153068001570E+01
  7.08391389715138510E-01  2.22972060041665580E+01  1.89503692008678360E+01
  4.26578460793149810E-01  8.21538230034982140E+00  4.33878742353491290E+00
  6.08873319065221350E-01  2.26783521539099910E+01  3.84036310258528600E+00
  5.39466591144820300E-01  2.39396468875739150E+01  6.28947895510940040E-01
  4.66553963192992600E-01  7.87546444764596390E+00  1.59229338472103810E+01
  4.82771447840326400E-01  7.32426752199853400E+00  2.43778804989174840E+01
  5.13004586318856950E-01  1.79463113641560050E+00  1.87152185985258510E+01
  3.17084428049163950E-01  2.94933315286366450E+01  2.13065544141653440E+01
  3.50974061745161330E-01  2.56261631057458460E+01  2.90546879998824890E+01
  3.82382183723224410E-01  1.04078184839712920E+01  1.11332711920781570E+01
  3.77759649416993960E-01  7.01918354859368780E+00  1.94325708210278130E+01
  5.74203886104520670E-01  4.62829006793762510E+00  1.24701768319504520E+00
  4.11346310528290360E-01  1.64526155976775180E+01  2.14659207547729810E+01
  5.06367095649294540E-01  4.63253512453803220E+00  2.32573720804599220E+00
  6.01687927537542500E-01  2.54595135696936200E+01  1.92403899595646660E+01
  2.49794182180603610E-01  9.96390738294948970E+00  1.70943650682744350E+01
  6.11481049571092420E-01  1.61736511250698030E+01  4.28790645233930870E+00
  5.03927515451986880E-01  1.67333132858145820E+01  1.09659198751982600E+01
  6.35485889077753010E-01  1.76520101615910900E+01  1.02925061970572430E+01
  2.99038091422116640E-01  6.11640603845516660E+00  6.80415724190650110E+00
  4.22541054278063120E-01  2.73835177965161200E+01  1.60199515701062300E+01
  3.05466220251299840E-01  1.77263914468400290E+01  1.44764426719182100E+01
  2.62213147743524950E-01  1.52876036814415280E+01  1.71766801302167880E+01
  3.61769499680632390E-01  1.41545730532251820E+01  1.59241100424306500E+01
  2.47647088603063280E-01  5.67486190616836340E+00  1.45710284932443340E+01
  3.11155895623034430E-01  1.63418838985022320E+01  1.24173088964191560E+01
  2.66929568161810020E-01  1.73919667820289480E+01  1.27101454468774480E+01
  6.90395435464654740E-01  7.80163417347183240E+00  1.85917880617636870E+01
  2.96503602823160150E-01  2.78559396529824890E+00  1.79578126529172550E+01
  6.57722721512726150E-01  5.41086059985526990E+00  1.88694836893549290E+01
  7.24777883420223110E-01  2.74947711840374040E+01  2.47881838224087120E+01
  5.48279863025970290E-01  1.65615157312536070E+01  2.54365934190761320E+01
  6.40748513009616880E-01  2.08819934528264460E+01  2.70597557366595930E+01
  2.56092450391898300E-01  5.10950628658320660E+00  9.03716699546265900E+00
  7.17499092254363010E-01  9.17682625978465260E+00  2.16432322048572200E+01
  4.66141488621800890E-01  1.40981509672850880E+01  3.97967244355743120E+00
  6.33759023001558490E-01  2.70423094392376090E+01  3.33716767758559340E+00
  5.48279863025970290E-01  1.70694465873928150E+01  1.19624074744841680E+01
  4.19081387041561550E-01  2.53322107449920110E+01  2.20676035561455350E+01
  5.70902198024309190E-01  2.11217718554506600E+01  5.10405432981677620E-02
  3.17950877609215300E-01  2.16411994628858010E+01  2.90235905410617400E+01
  5.96963967672292380E-01  4.93609998241932150E+00  1.67341420379755410E+01
  6.18832453479690690E-01  2.93406706563900140E+01  9.51706650578162080E+00
  2.63339374245984010E-01  3.37662861587134700E+00  4.43840083054196730E+00
  3.55036581058269410E-01  1.24297525164132670E+01  2.94726192158809790E+01
  5.84913004272127690E-01  6.04866825599551560E+00  2.55747693388993690E+01
  5.77235448209733180E-01  2.96200297254761850E+00  5.16959054793723730E+00
  5.01105313190319460E-01  1.87749610337116830E+01  1.04655666660442130E+01
  3.83598938984435380E-01  9.32226916350321130E+00  4.50985859881727610E+00
  5.98360795606824340E-01  3.44818104985340670E+00  1.56556094371930110E+01
  3.41778742319800830E-01  1.56128818893098900E+01  5.05719406540055160E+00
  3.29796701345061780E-01  1.25275940443301650E+01  1.56889408385393240E+01
  3.84420431658369740E-01  1.22683536991579950E+01  1.42897572247064350E+01
  4.91872428060923640E-01  7.28031709101520170E+00  1.38822821854587330E+01
  2.93443024193560210E-01  2.44787652834483750E+01  2.72859708927369270E+01
  5.81299825206354370E-01  2.60075322112228020E+01  1.47274832217767830E+01
  5.68243553274813350E-01  2.02732654074667520E+01  8.07430104555129980E-01
  5.39001667068871980E-01  2.92193759770621960E+01  7.41174082896685520E+00
  7.01587183784351610E-01  1.57531754493213500E+01  2.27322225562616960E+00
  4.45239477383046460E-01  2.51990030770942110E+01  1.62781543409221070E+01
  5.39001667068871980E-01  2.90884614790733840E+01  1.90382238440405160E+01
  2.86134314477376340E-01  2.78623528126765760E+01  3.74886522552279460E+00
  7.70254277643880240E-01  2.29822567811757490E+01  8.97665612253586610E+00
  3.45648959319623030E-01  1.39865872417010630E+01  9.18432688593902570E+00
  3.39481361119070080E-01  1.36507996007982280E+01  2.19958704549039650E+00
  3.04461637453634990E-01  7.03781373874861950E+00  1.27902289284676930E+00
  5.20369884994360540E-01  2.15913739431843380E+00  1.41782386152018830E+01
  2.65726189967390210E-01  2.52065357532734530E+01  1.50025852411779270E+01
  6.26908127420837150E-01  8.30228040654783510E-02  2.22062155130701770E+01
  3.48480710258510130E-01  8.06072764123984520E+00  9.35713962561690590E+00
  2.96653470797716330E-01  2.31498059561726560E+01  1.94810726390267560E+01
  6.31923671661538840E-01  7.88587470542041570E+00  2.81400515347798500E+01
  4.09705559579089850E-01  3.89497414444973170E+00  5.98260046789387530E+00
  6.72499163702481620E-01  1.78330862148235170E+01  3.32253311114093370E-01
  2.84029264846615530E-01  2.91003974286979170E-01  2.50356458578941530E+01
  5.34631033075580400E-01  6.26062723380003130E+00  2.44759083503519010E+01
  6.17076625982510940E-01  2.12637249755179610E+00  7.52831611613205180E+00
  6.55074006360275090E-01  1.33022883265352990E+01  1.47731413434072780E+01
  5.46562010559427060E-01  2.40180487016279290E+01  1.47744597319217020E+01
  5.17626013175185660E-01  9.50436764825616540E+00  2.76907129664429380E+01
  5.82207618145930890E-01  1.34408558096193700E+00  4.47764172785161740E+00
  5.98268629341587580E-01  1.32319945628186750E+01  2.94181859167292000E-01
  5.34553382826858140E-01  1.88191231057299750E+01  2.21688998904041340E+01
  3.76753951196820710E-01  3.84033170356929570E+00  6.88634850449058520E+00
  7.52518120402026810E-01  2.45144729342180700E+01  2.55087084314755150E+01
  4.81368497469048420E-01  2.31504024006653670E+01  6.73615020148487000E+00
  6.47413426355271770E-01  9.66502659750630850E+00  6.97234856139821700E+00
  3.05466220251299840E-01  2.17224693006481610E+01  5.73588624621105230E+00
  4.46689977500956030E-01  4.48347533583008850E+00  1.57940742303697630E+01
  6.18566685513849460E-01  1.68306369590445430E+01  2.43013235555047870E+01
  5.36592099856838090E-01  2.55993227064603630E+01  1.92186230426530090E+00
  5.09574347305064630E-01  9.64122163397444250E+00  5.81657360989514060E+00
  4.92328788949218680E-01  2.05476782547260940E+01  1.14599080566984810E+01
  4.83351594707823830E-01  5.97484631203511450E+00  2.66402781357032200E+01
  4.40650972415989980E-01  2.85023950127910460E+00  2.94444852098902250E+01
  6.10911033360540580E-01  2.51681694946299960E+01  2.67033226435687540E+01
  4.34172467284937990E-01  5.73143558247917810E+00  2.75247566896312180E+01
  7.03188417218805210E-01  2.07317123288279030E+01  5.92343826540668680E+00
  2.92799561075502800E-01  9.62632117516276330E-01  1.57140320167472720E+01
  5.68243553274813350E-01  9.27528152490607560E+00  1.66531636499420370E+01
  4.60682082706054620E-01  5.14417607873658690E+00  2.81998331474175360E+01
  6.41715074739605920E-01  2.46834163670174110E+01  2.94049757318859830E+01
  4.55206736325743130E-01  5.60738857541153820E+00  9.32066330380032330E-01
  4.22201084465533680E-01  2.40761753060540080E+01  2.37061879725557920E+01
  3.63079661055833470E-01  1.54644703949700480E+01  2.30485437720160360E+01
  2.63055759251188670E-01  9.18666378835944460E+00  2.05881079802570530E+01
  5.32877675645020420E-01  7.99498686928928490E-01  9.51701097813908170E+00
  5.77235448209733180E-01  2.60891034402224980E+01  1.67800628270759730E+01
  4.09775903561979240E-01  1.14639825095109970E+01  1.99402459993978190E+00
  6.93187364831086050E-01  1.57343407072882610E+01  1.42658816221087720E+01
  4.30054269381220950E-01  1.02019980967329340E+00  2.04355020669119800E+01
  5.07436062422724900E-01  9.36057871906354850E+00  2.61805678071688100E+01
  2.49948351789403130E-01  1.12940999520779780E+01  2.36294351079377270E+01
  3.16022212934137680E-01  2.81145499525867280E+01  1.61158049332183420E+01
  4.72818350263822220E-01  3.13404204528058820E+00  2.94416134788202390E+00
  4.46689977500956030E-01  8.87147347473966260E+00  7.83211756911459570E+00
  4.74581552528920360E-01  2.95157653245458390E+01  4.86525852786680170E-01
  4.86590143357422540E-01  6.82091070523608420E+00  6.46042221566934230E+00
  2.73281005279713530E-01  1.34825786764977500E+01  1.38626963284201670E+01
  5.20515140446715560E-01  1.16783074540047100E+01  2.24780856924815850E+01
  4.13811620468168510E-01  2.40917766278895760E+01  1.31751113988225780E+01
  3.81419328643079860E-01  1.50594305698192080E+01  2.36723587459996810E+01
  4.05593309893122810E-01  2.57749701021033280E+01  5.34003384680841810E+00
  5.85380732291966590E-01  2.12265510518061970E-01  4.75920925918431690E+00
  4.06599624824484800E-01  1.36422947118029750E+01  2.60907858064786740E+01
  6.40456937776772590E-01  1.36288195012541830E+01  1.69878607636408740E+01
  4.75626642073745920E-01  6.19757567055297900E+00  1.02597417837985820E+01
  5.09222041678605210E-01  1.15142767226616730E+01  1.91159288209444750E+01
  5.77820253962530560E-01  2.11435673155567800E+01  1.05721533370394100E+01
  3.80273533482480450E-01  1.69857259269606650E+01  2.23670161383700120E+01
  5.01406606281285510E-01  1.09626979406244040E+01  2.90351150185657620E+01
  3.59079136884617700E-01  1.61035092619160840E+01  2.64617935632989900E+01
  5.94092381958372510E-01  1.83673754649987800E+01  1.14807890024861460E+01
  2.54611020839302520E-01  1.53400318361940630E+01  4.05579185346897300E+00
  4.99223721401470310E-01  1.70640069829828890E+01  8.44845365310982820E+00
  2.54611020839302520E-01  1.88635627273544770E-01  3.92045115072394910E+00
  3.20574425314766210E-01  2.72792088412679230E+01  5.52854600444117140E+00
  2.85767805251094040E-01  2.48334300609485980E+00  1.68163150204525000E+01
  2.54611020839302520E-01  7.21500072448445890E+00  1.11408946884387100E+01
  4.12246671516209600E-01  1.18716302010893790E+01  2.89463291774894030E+01
  4.41298336829792340E-01  9.07251374274595080E+00  1.86679602454565270E+01
  7.09985914168247060E-01  2.12442851581061130E+01  2.43933098113995830E+01
  6.80956647410425740E-01  6.24024904256348560E+00  3.78657566412296200E+00
  4.75338540515479570E-01  2.90308504810412700E+01  2.79407517233793960E+01
  7.49588614928249000E-01  2.60541426275513250E+01  2.04537459863878580E+01
  4.74033319401206570E-01  1.98267866803063480E+00  2.74336330888545130E+01
  5.20515140446715560E-01  1.55652123673086090E+01  9.49445923639258990E+00
  5.48131117613959250E-01  1.07444601882821170E+01  6.45888717748371380E+00
  3.46733456860136300E-01  2.45653299784703520E+01  1.25803388731515970E+01
  6.97384645011991290E-01  2.30795027998656290E+01  2.57097349367790860E+01
  3.78209123272245940E-01  2.03034018736889980E+01  2.78974603665480710E+01
  3.82382183723224410E-01  2.31357950103533700E+01  2.74616081014757330E+01
  4.46537248270915300E-01  1.83166424735678000E+01  1.37395885745266960E+01
  6.08690451339190200E-01  8.66881225222345190E+00  5.26765442355449400E+00
  2.59062449636064510E-01  1.00520296049501870E+01  1.17514879264479150E+01
  4.43756654693070110E-01  1.54823344072812930E+01  1.56730142073654670E+01
  3.18942867500738640E-01  1.24010073595109940E+00  1.02914647923404380E+01
  7.16535845940979770E-01  2.79480969934538700E+01  2.84384209075588680E+01
  4.62836237406567810E-01  6.93008279953776100E+00  1.70492801920742460E+01
  6.97384645011991290E-01  1.36070454979447340E+01  7.57706683737622380E+00
  2.47647088603063280E-01  2.47209384849779210E+01  5.16270617222825210E+00
  4.05793634226126800E-01  2.32025343571147470E+01  2.97188083360203150E+00
  5.37364664263313330E-01  1.47520780397329180E+01  7.11606098423549850E+00
  5.72881440675418570E-01  1.85707021754982190E+01  1.47266518688972620E+01
  5.04213456464067280E-01  9.89325027813696250E-01  1.31306096826240650E+01
  3.86557871019070410E-01  1.31761477984827880E+01  2.69249676324474120E+01
  5.62178328188990490E-01  9.49988303680996180E+00  1.77605925057295730E+01
  6.41715074739605920E-01  9.38461428486383300E+00  1.11461959087494870E+01
  4.54567147313974470E-01  2.94814415920756370E+01  6.45492735187710660E+00
  3.97011970696729720E-01  1.25403218376498930E+01  7.82071347804424550E+00
  3.99477862283745790E-01  1.68769800700856470E+01  2.76936141091061180E+01
  5.15931587153482510E-01  1.90832224016872160E+01  2.31854573292646510E+01
  5.98026541173087530E-01  2.75552918967733120E+01  2.21799132931104030E+00
  5.94917806945655060E-01  1.81615882586258370E+01  6.69011358837124170E+00
  3.86557871019070410E-01  2.20717323284458510E+01  1.48597655306161070E+01
  5.52347772924787250E-01  1.94975151983800000E+01  1.12308143817996000E+01
  4.05793634226126800E-01  1.29588039563358710E+01  1.87279833394318730E+01
  4.66753989857397040E-01  1.06497300194789780E+01  1.67115975622651620E+00
  6.77666041374141330E-01  1.44132590941820990E+01  2.53287893534369710E+01
  3.23306573977224420E-01  2.19950277557288630E+01  2.95574829860946910E+01
  6.88340418185590860E-01  2.89817480953267970E+01  2.67788701224744090E+01
  4.11696508529454960E-01  1.01753564807377290E+01  3.31470288471676260E+00
  4.03052389307286420E-01  4.06961175750227430E+00  1.40163052050696460E+01
  2.97529618718302210E-01  1.58859538155964200E+01  3.42152373967338040E+00
  3.13090147150790890E-01  1.39600318623140890E+01  8.52624227414036540E+00
  5.01435669612667030E-01  2.07231197010308360E+01  2.87484954808818150E+01
  5.26482748420329030E-01  7.94730769881426810E+00  2.59760940345777980E+01
  6.75156127532392600E-01  2.89849690821353790E+00  6.41979761205631410E+00
  7.20816873845379820E-01  2.94585813991008050E+01  1.31858870285677110E+01
  5.30006102735105960E-01  7.27625456161085890E+00  3.16078542387152520E+00
  3.43353541919950760E-01  2.85801153728524420E+00  1.73229016590151800E+01
  5.32877675645020420E-01  1.55365240332561870E+01  2.57740398089771500E+01
  6.44956217916396120E-01  1.03654186028112850E+01  4.54216241880985110E+00
  3.55036581058269410E-01  1.49761104069104930E+01  2.09642281832781340E+01
  4.30054269381220950E-01  3.43045983814917580E-01  5.76546842572034630E+00
  4.93734512940847830E-01  5.36472284958255940E+00  3.00494221866223650E+00
  3.42409596243210680E-01  1.33268955946688710E+01  2.79816146604549410E+00
  5.58952633370732950E-01  3.97028012752056190E+00  2.23546606920223500E+01
  4.49954956992444630E-01  6.11790437002969420E+00  1.17932852545884370E+01
  4.11346310528290360E-01  1.15628862818852300E+01  1.01382267981516560E+01
  4.72818350263822220E-01  2.76368106267267990E+01  1.51358432431863110E+01
  5.00672486592370710E-01  3.67239461015533000E+00  2.02398572352538460E+00
  4.15334611176110170E-01  1.43315293359848590E+01  2.05437101137205750E+01
  7.70254277643880240E-01  1.02429339856215370E+01  1.89794759660122060E+01
  5.32262962461145860E-01  1.47565573652833600E+01  4.55169682745245920E-01
  4.01880163826280960E-01  2.81904493282886580E+01  7.47038429166408770E+00
  7.41720708060832300E-01  1.88259731938012070E+01  2.94308398556829150E+00
  3.01674668393272730E-01  1.77935288539698110E+01  3.23532326910663850E+00
  2.66929568161810020E-01  1.10162385477401320E+01  2.04049008469310000E+01
  4.15334611176110170E-01  6.03124278581279770E+00  1.26533828946281890E+01
  5.20369884994360540E-01  2.95975004775680010E+01  2.57404675683571610E+01
  2.84672167568555990E-01  1.79013005749080990E+01  2.86740724332642890E+01
  5.18912146576496980E-01  1.41210287951487070E+01  2.93108768618275020E+01
  3.90540239164096370E-01  1.71386788769059280E+01  1.82005140948171730E+01
  3.63079661055833470E-01  2.55302118617913650E+01  1.55415860510909510E+01
  4.73113776075054650E-01  2.51166805137598460E+00  1.94882298111238190E+01
  5.55687039951364880E-01  2.81535545743245980E+01  1.21147547777437700E+00
  6.97384645011991290E-01  1.37505486120952190E+01  5.09900739730570420E+00
  3.54092873053847420E-01  1.77931488606857440E+01  2.58006265912680680E+00
  7.37991961479508610E-01  2.84800465651838160E+01  1.42675890815438550E+01
  5.10790949981952740E-01  1.08468294160947390E+01  9.55996007145839850E+00
  7.03918080384424090E-01  5.90319089212486500E+00  1.76016574360406360E+01
  2.69326463995374250E-01  1.40584943930229420E+01  2.66230523345817430E+01
  5.39922025342825940E-01  2.85432787013368210E+01  2.56315619498223060E+01
  5.39922025342825940E-01  5.32510169462401000E+00  1.52802844058727660E+01
  3.52682444144397330E-01  1.21539016304585360E+01  2.31726373116827040E+00
  3.17084428049163950E-01  1.82280542510600260E+00  2.15817687949063880E+01
  3.92511582998476170E-01  3.01182279775040800E+00  1.28545616897758420E+01
  2.92799561075502800E-01  4.67526320585584540E+00  2.28315904051779800E+01
  3.63105686475124490E-01  9.79003197129049060E+00  2.07540806741479360E+01
  3.25036994184950640E-01  2.82068820652597760E+01  2.74305705604557630E+01
  5.70902198024309190E-01  1.42177412875465110E+01  2.82256440561654220E+01
  6.18138908065390960E-01  2.87582922442530630E+01  2.29236873720631420E+01
  3.10705613459761840E-01  1.38259519996271450E+01  2.34837252622529500E+01
  6.99092076263204730E-01  1.14994816616180290E+01  1.57014181879864410E+01
  4.40295189098215370E-01  2.30189415258677490E+01  2.26529781637535910E+01
  6.52034765531911640E-01  1.68402520807183680E+01  3.21642596295126020E+00
  5.12628979659419230E-01  1.18210457067514060E+01  9.25125580616230540E+00
  2.68569610726517900E-01  1.75495352700076380E+01  1.22682980809416200E+00
  4.41473589537221400E-01  1.83602715571014490E+01  2.11857933824335380E+01
  7.41623060643924430E-01  2.11528390944934800E+01  2.10753069256952090E+01
  2.49794182180603610E-01  1.97116021822658000E+01  2.76874875008342340E+01
  3.44856808658559500E-01  2.48372432649528820E+01  2.83807973196831220E+00
  6.83701617051292750E-01  2.19748549261614980E+01  2.22376694094576240E+01
  7.19599311285852310E-01  2.86664976207938660E+01  4.34905707158230910E+00
  6.67521681419926690E-01  3.36239768148317180E+00  1.87297646213615570E+01
  5.40946473112310590E-01  1.14282636556994390E+01  2.81025405630564010E+01
  3.83579206291793930E-01  2.26936384650422230E+01  1.23672897822422700E+01
  5.04339573614743570E-01  4.92523801706747210E+00  1.43175547314951310E+01
  6.35523375007872900E-01  3.13923235055877830E-01  1.05789166729896440E+01
  3.44905765886116280E-01  1.11114725861309420E+01  8.73429516732321960E+00
  2.65726189967390210E-01  6.32605901451492960E+00  2.19320326418042730E+01
  4.87785457169642190E-01  3.62028666325723860E-01  2.48036614959010170E+00
  3.71299762957800540E-01  2.02913522934232340E+01  2.38474037283359510E+01
  4.13811620468168510E-01  2.78552219809191680E+01  2.24245828434482850E+01
  5.69423614487483490E-01  2.06167950271546020E+00  1.30931768969769400E+01
  5.83429036676414100E-01  1.05336194715335590E+01  6.27873427966750960E-01
  5.30006102735105960E-01  4.38031153940815440E-01  7.96971141050381780E+00
  5.16710955738981780E-01  1.99889847340301610E+01  2.94530454107803440E+01
  2.65726189967390210E-01  2.76832096681617160E+01  7.03697694284211380E+00
  3.18942867500738640E-01  2.30074880976118940E+01  2.39154503147318560E+01
  3.23881608201221470E-01  8.64736101222526980E+00  1.80331319651251220E+01
  3.54092873053847420E-01  4.17685988664007010E+00  2.32430547406721400E+01
  5.12509616084684260E-01  3.25472407360826080E+00  7.55269554614053630E+00
  4.99223721401470310E-01  8.78849422547894400E+00  1.01740807891130910E+01
  2.56092450391898300E-01  3.65825185082671390E+00  1.29039833983636530E+01
  5.45765227979075810E-01  1.95812370512993080E+01  2.84721018069270250E+01
  6.94010183176834960E-01  1.97483694268581540E+01  2.13672149702468170E+01
  3.57201130995523370E-01  1.73029504717976330E+01  2.59844290447179770E+01
  5.25895496843049500E-01  2.34529422668725150E+01  1.38638687278950970E+01
  5.10790949981952740E-01  1.51234109250180650E+01  1.17493448059073380E+01
  4.89717368181109780E-01  1.48283525963408320E+01  4.59549447945257320E+00
  4.82769235883485770E-01  2.80709227614602700E+01  5.39334133294310190E+00
  6.93278360304079300E-01  1.68215215921960070E+01  1.71648924695081430E+01
  3.35017483125717060E-01  1.83433215409568080E+01  2.55727256071515970E+01
  3.26514001167033020E-01  2.24723330351976460E+01  2.92848114762377600E+00
  4.75880684447443510E-01  1.89759761152112480E+00  2.02107773573487180E+01
  4.22354771203238230E-01  1.49831879251359210E+01  1.45460421976334580E+00
  4.11966131227655820E-01  2.05915468108918240E+01  2.20821517743829860E+01
  7.30946391186454210E-01  1.35117467610410080E+01  2.24918670683089240E+01
  4.22201084465533680E-01  8.89164938334110210E+00  3.82875606279531090E+00
  5.15931587153482510E-01  7.41520958172541620E+00  2.12563382189663220E+00
  5.52347772924787250E-01  1.18847926125280970E+01  2.41707627758592030E+01
  2.49794182180603610E-01  5.73720750823652370E+00  2.06540942186823670E+01
  4.50103975287380020E-01  4.16633733078937320E+00  1.48937402731043470E+01
  3.61769499680632390E-01  2.56572376996641370E+01  1.02593624349225120E+00
  2.77147605524350650E-01  4.08781717246857210E+00  1.12335495186607610E+01
  7.64764367446448820E-01  9.61099738882272270E-01  6.78711747369172080E+00
  5.71326189973923350E-01  1.16052588798582760E+01  2.00262516010582200E-01
  4.07877171249442140E-01  1.80272921223313390E+01  1.29360453737852000E+01
  4.46540105696671490E-01  2.22563732863471240E+01  6.98345664196178010E+00
  5.07606992315717240E-01  9.22488236442030640E+00  1.38420233385601450E+01
  3.01731430220296380E-01  1.08627642097128300E+00  1.23323597349805480E+01
  4.32382463464541460E-01  2.62209557190674230E+01  7.65516365909715460E+00
  3.25762576013666160E-01  1.30001530916389520E+01  1.32214788387652040E+01
  6.24920360555607160E-01  1.39501508677333530E+01  1.28373145278289420E+00
  7.38532964590205680E-01  2.64975660838386670E+01  2.69222946190229140E+01
  3.92511582998476170E-01  5.12619342094131620E+00  2.58955189017060940E+01
  2.97561439636419770E-01  1.63160341569528310E+01  2.95990772803529190E+01
  3.46434506905438330E-01  1.07118773753027450E+01  1.38851593016852310E+01
  5.89502618647478990E-01  1.12377884140850370E+01  1.80526346231248880E+01
  3.32399546609116130E-01  1.63036627114085240E+00  9.75611678094345790E+00
  5.77649046292645880E-01  1.49920219157043080E+01  3.30058257636353240E+00
  4.31729360191427780E-01  5.52409580096963730E+00  2.38381557133773650E+01
  3.17950877609215300E-01  2.84628138596826510E+01  2.10312719166012350E+00
  4.75880684447443510E-01  7.39907213476534500E+00  7.22837391744155780E+00
  3.91816801400439550E-01  1.70286373329732720E+01  1.99246656089089880E+01
  2.50163292655703180E-01  2.49834638062637640E+00  1.84222113489874530E+01
  3.42074681651230290E-01  1.95418300217766260E+01  2.39310807657234080E+01
  3.50974061745161330E-01  1.44071603517098960E+01  1.36174930897920210E+01
  6.18566685513849460E-01  2.04948687008060590E+01  1.65118240267536220E+01
  3.24719866931951940E-01  1.26656436451858740E+01  1.26645283724170830E+01
  3.57201130995523370E-01  1.54134226755144220E+01  2.66534806824048080E+01
  3.13090147150790890E-01  2.23814256319888920E+00  2.09218177969263620E+01
  2.58355477869490890E-01  1.16479549532097200E+01  2.32572660456791280E+01
  4.83351594707823830E-01  1.77196757516569470E+01  9.17719409761035370E+00
  5.48463672908306780E-01  4.78599203200917160E+00  1.36398580036710930E-01
  4.24351701398837560E-01  6.79186633445532450E+00  4.87829504359857060E+00
  6.80557430527969220E-01  2.62582242770738180E+01  1.23489701643687300E+01
  3.73125396709624990E-01  2.15402697757356020E+01  2.83413785016700860E+01
  6.77808113742920780E-01  5.03074111897403940E+00  2.48308814894584700E+01
  7.67512613708393760E-01  5.62190140526233420E+00  5.09545313586130000E+00
  4.76544583128828500E-01  1.18848666636113550E+01  2.52058523279344410E+01
  6.97738347479756800E-01  1.05633281230767280E+01  2.61043674254986580E+01
  4.49545157175862540E-01  2.56500022611967570E+01  2.15232819788699460E-01
  6.25336422111717830E-01  1.24690857561251570E+01  3.24254343163028660E+00
  4.99487474973056500E-01  1.79042538583042690E+01  2.78699408899284760E+01
  6.67521681419926690E-01  1.95415149029647140E+01  8.67593638456066780E+00
  3.44170209092795430E-01  2.89574680332181880E+01  2.87565384592670660E+01
  4.01880163826280960E-01  6.45182100905925270E+00  2.95657735789623180E+01
  5.95035019805102560E-01  8.98955524483083930E+00  2.86754348805062480E+01
  5.20348764567513020E-01  2.06683896085088850E+01  9.04305883934836710E+00
  7.44845164893703690E-01  2.64711871202478970E+01  2.37350044693081800E+01
  6.94010688862415210E-01  8.65620400958340140E+00  2.05404976668541690E+00
  4.00156705760987560E-01  1.08227216378014860E+01  1.04703107592754300E+01
  6.57722721512726150E-01  2.13631817428195170E+01  4.71854757004743770E+00
  3.61198882346046800E-01  7.07384425515418600E+00  1.30545465066930180E+01
  6.07167866036927160E-01  2.75368310542578780E+01  1.24987871007249090E+01
  5.81677556670477180E-01  3.21262380189303620E+00  1.45007712154618160E+01
  3.17579752081870750E-01  2.32873431254206730E+01  1.86822839539524210E+01
  2.69169509893181310E-01  1.43849665900943380E+01  2.36353889811856990E+01
  5.36592099856838090E-01  2.42635383723545320E+01  8.73837596341489940E+00
  3.01799748246536660E-01  2.52106065185333930E+01  4.91355333589983620E+00
  4.05794678723965420E-01  1.62872972167164070E+01  2.82773966605167820E+01
  3.65995101567518470E-01  7.02158285567011830E+00  5.63290929521978520E+00
  3.39481361119070080E-01  7.16704914208181880E+00  1.17323592056912320E+01
  6.97384645011991290E-01  7.25566458059691400E+00  2.16809839650627760E+01
  6.82253548551889110E-01  1.24740638314279300E+01  1.77544731947635480E+01
  5.67035311113654220E-01  3.81648224586683420E+00  3.72773210349895660E+00
  6.47236078597052340E-01  2.86000859010750400E+01  2.16691872523149240E+01
  5.92513140571182980E-01  9.70840515272211670E+00  2.51380714501675440E+01
  4.71553509741754610E-01  3.35452791308640120E+00  2.31805502704532170E+01
  6.55885333720611730E-01  2.22721605729302010E+01  1.38375734765881670E+01
  2.83840017940612550E-01  2.27528666278271920E+01  1.59113310677285180E+01
  5.65219172841477580E-01  8.17953560278630220E+00  2.95050510137431810E+01
  3.48480710258510130E-01  2.48433031087189990E+01  2.37639532178761640E+01
  6.26908127420837150E-01  1.91192104596398660E+01  5.02234741998931700E-01
  2.62213147743524950E-01  8.81019354918975320E+00  1.99301320943184840E+01
  5.08737612195334600E-01  1.23242692424215350E+00  1.12605852396292080E+01
  4.59281804788439010E-01  1.60952382556623270E+01  1.16874611196227780E+01
  2.86550378078914000E-01  2.69440412261389430E+01  1.69666388602688340E+01
  2.99038091422116640E-01  4.63026084787110470E+00  1.14269168569210340E+01
  3.62493203924014780E-01  7.03864309221182350E+00  1.78668144290266890E+01
  5.64616421781660800E-01  1.89987022087946260E+01  1.29596449579215350E+01
  3.87533216804236250E-01  2.68625005354411960E+01  1.32293147922879670E+01
  3.90540239164096370E-01  4.50540075793456470E+00  6.50876763979245430E+00
  5.44640939783434240E-01  1.45127409366357480E+01  1.96019997511211490E+01
  3.84420431658369740E-01  8.70470259725985860E+00  2.29200485525974000E+01
  4.53492046339069340E-01  1.18280555876623230E+01  8.28528466002654260E+00
  6.38023782753992030E-01  2.30398343345674550E+01  1.14071700673782900E+01
  5.00672486592370710E-01  2.02116980585505640E+01  2.02660795049773380E+01
  6.08873319065221350E-01  2.77848243789449570E+00  8.56613407643060930E+00
  3.18942867500738640E-01  1.01834955750990430E+01  1.65680847915613860E+01
  2.65726189967390210E-01  2.18595157990239630E+01  4.57386573019034340E-01
  7.10410487391814980E-01  2.10505110246476510E+01  1.44632593437362600E+01
  4.66797018098134940E-01  1.72512846515029810E+01  4.25621777047038830E+00
  3.89889811574280460E-01  2.17819286697024100E+01  7.67171086384199970E+00
  2.92456502136063850E-01  2.66803845143623590E+01  1.61443709209073130E+01
  3.63079661055833470E-01  6.23952121517680160E+00  1.94650619624046010E+01
  4.13811620468168510E-01  1.59199536730182700E+01  2.90096804810468460E+01
  2.60417758313763680E-01  2.22739461968618780E+01  4.60899548926377280E+00
  4.41940562555082740E-01  1.56003907322370750E+01  2.14568755423191640E+01
  3.08418768867630710E-01  1.08137598037240500E+01  1.65320622933964960E+01
  3.04461637453634990E-01  6.16517028657004750E+00  6.01899324626192470E+00
  4.75626642073745920E-01  2.35748392234286150E+01  2.15234171518681560E+01
  4.19693779402500590E-01  6.32993801036481950E+00  1.43188322112155860E+00
  3.26514001167033020E-01  1.51757649360704610E+01  8.74389437066233200E+00
  3.55388479881239270E-01  2.36886788356833790E+00  3.26222186292325310E+00
  5.33859136323620030E-01  2.76934322205820610E+01  2.33617266207960450E+01
  3.39481361119070080E-01  1.05925041100972430E+01  1.20090397597406700E+01
  2.51153087880769550E-01  1.22643257718842880E+01  2.84124804363605500E+01
  4.21603844523193420E-01  4.41543174587164520E+00  1.84542276760584620E+01
  5.20348764567513020E-01  1.77863725246699540E+01  2.19564332127482160E+01
  6.86210935380316480E-01  1.19526997963083770E+01  6.91128416683987280E+00
  4.41140732643827070E-01  2.36013607941818650E+01  2.93660884283315760E+01
  6.26908127420837150E-01  1.08710554814012710E+01  2.47730099514207750E+01
  5.11871480770454750E-01  2.11020532636502870E+01  7.07988015059270740E+00
  4.70990686464341570E-01  1.45886623808119520E+01  9.75240429021958550E+00
  5.20369884994360540E-01  1.98263307952280030E+01  1.45892224709430560E+01
  3.04306421741581800E-01  2.37367350976549890E+01  1.55757132139132860E+01
  5.88333222664750720E-01  6.50594417542932660E+00  1.46613910721436320E+01
  6.64541222436485860E-01  1.56026694558443070E+01  1.06773765055843910E+01
  4.24351701398837560E-01  2.08262202029010800E+01  1.24903671420428300E+01
  5.55920758830291820E-01  2.31563151056813400E+01  1.51187720286259310E+00
  2.89042915761794110E-01  2.28057803080054810E+01  4.74537447653084140E+00
  2.47647088603063280E-01  2.49482731257164940E+01  1.85624387026269350E+01
  5.88686278844574580E-01  2.83754165029411000E+01  1.81653443947731570E+01
  3.53063097104977870E-01  2.09175804360697760E+00  1.13156215518408270E+01
  4.50600139601478670E-01  2.85023003149406410E+01  1.54556700130623350E+01
  6.65634982039605120E-01  2.01290336053386590E+01  1.34435632722877330E+01
  4.69750256464274060E-01  1.94580451644944860E+01  1.68411542837138410E+01
  6.13801455222646290E-01  4.04013700970633850E+00  1.21225568916758210E+01
  5.14582826754803690E-01  5.80859726577418910E+00  2.89136195834030540E+01
  3.81419328643079860E-01  3.99765103968141170E+00  1.64645595984967980E+01
  7.28196096543639280E-01  2.74431812341899750E+01  1.99533867591007020E+01
  7.33199636544987770E-01  2.15103968230273870E+00  2.32242999978730400E+01
  2.86550378078914000E-01  2.01034640896235640E+01  2.25812326129390330E+01
  2.52169786807371790E-01  1.92047524297823490E+01  7.71205217643716170E+00
  5.01406606281285510E-01  1.66783963433394540E+01  2.31928566965982130E+01
  4.18948713530687210E-01  1.91598866739462470E+01  1.39291952811534840E+01
  3.62620749938717070E-01  8.08353080525624890E+00  3.55499568828623770E+00
  3.15231116497538320E-01  1.22383778681756180E+01  1.87233231476241710E+01
  2.83840017940612550E-01  2.94980029499991940E+01  1.41875700543766300E+01
  4.72199721516180480E-01  2.64978833221294500E+01  2.37671906753336560E+00
  4.41666133880560000E-01  1.28956654506173970E+00  2.42083089132191490E+01
  3.39073066583844400E-01  2.64929089479502620E+00  1.61433185399496110E+01
  2.54831192030272870E-01  4.69902129195385760E+00  1.26852342731690810E+01
  6.65634982039605120E-01  1.96067972067966280E+01  2.67782860112721080E+01
  2.69326463995374250E-01  2.66830273899727790E+01  7.03974440879779630E+00
  3.08418768867630710E-01  3.89495891564531240E+00  2.38423584825351540E+01
  5.63324676144028570E-01  7.84666819788329310E+00  1.98783984525178600E+01
  2.49794182180603610E-01  9.41933087851198540E-01  5.26929232085984460E+00
  6.44956217916396120E-01  1.94776639600367860E+01  1.72147200927940250E+00
  4.26043897269923290E-01  4.26698954712817180E+00  1.32112246837164950E+01
  7.44533748089133770E-01  2.68946272937834540E+01  9.74259295004133460E+00
  2.47647088603063280E-01  2.96118782277966060E+01  2.30653052098257520E+01
  3.47451934045076260E-01  2.17205430443197360E+00  2.21449912866727490E+01
  4.83182858574677270E-01  1.07346271568502340E+01  2.61685431017717550E+00
  5.38382388131525950E-01  9.69197101978632600E+00  1.36822260094112200E+00
  6.08690451339190200E-01  1.94573917107270910E+01  1.94539534701874040E+01
  3.93024383017402490E-01  1.45686969263390630E+01  2.42706391980883750E+01
  2.54611020839302520E-01  2.73631726721623490E+01  1.38814304799209580E+00
  6.82253548551889110E-01  1.71935505345958330E+01  1.36376933269180450E+01
  7.67665169660178040E-01  2.50225599606138650E+01  7.68115380128448780E+00
  3.95839252948554370E-01  9.38043365918828800E+00  3.17405750119479090E+00
  5.15379284759350490E-01  2.13244560500231550E+01  1.56573012113633060E+01
  5.09222041678605210E-01  7.20519112484734950E+00  2.90548946015288010E+01
  4.72038094207023740E-01  2.69958522704615720E+01  2.26385186620769260E+01
  6.64541222436485860E-01  2.93082496855841690E+01  1.60446652836390280E+00
  4.84167632717154460E-01  1.33098092302028180E+01  1.59108264693198930E+01
  5.39922025342825940E-01  1.15421191848630360E+01  1.69650892054865390E+01
  3.77759649416993960E-01  2.48811764797626440E+01  1.32316933272678360E+01
  5.06367095649294540E-01  1.51617271396087360E+01  1.32127534892264510E+01
  3.05466220251299840E-01  2.50766553230580880E+01  2.08495258882257100E+01
  7.55604472483241980E-01  1.82596440811127710E+01  8.06237238065525120E+00
  7.68548325332126940E-01  2.05440652027438870E+01  2.56933580413413690E+01
  3.09209541844886400E-01  8.82742175842045110E-01  8.67992252669476730E+00
  4.71553509741754610E-01  8.68152113897394170E-01  2.13634706401326150E+01
  3.65995101567518470E-01  1.26883211320889040E+01  5.10512619973915080E+00
  6.26517897412854200E-01  1.34755769696833310E+01  2.11359449310678330E+01
  3.55388479881239270E-01  2.52255517994743630E+01  1.22688602836038460E+01
  3.90423892796942250E-01  4.59304334868319140E+00  2.38586755426056380E+01
  4.92172780862642510E-01  2.03470394727060540E+00  1.04736888088784780E+01
  6.66683478841499700E-01  2.43211935731376490E+01  1.78973401664995040E+01
  6.94903868090152520E-01  6.12117141954317660E+00  1.62219015781244520E+01
  7.65642972591057180E-01  2.49338344791929350E+01  6.15256551029140030E+00
  3.52682444144397330E-01  1.57215472998690320E+01  1.21944907436795940E+00
  5.39466591144820300E-01  1.53272247386710580E+01  2.82644719342397970E+01
  4.26043897269923290E-01  3.41727679157677460E+00  1.10229200467269180E+01
  2.53364602799301860E-01  1.58140383945785560E+00  1.15537179339761580E+00
  3.83290088603488770E-01  1.56504349313838600E+01  1.24703875583108080E+01
  5.55920758830291820E-01  5.91255966515296640E+00  9.26970129633261130E+00
  4.13050329149462850E-01  2.47356070532742830E+01  2.14809654147516190E+01
  5.20369884994360540E-01  1.22119926023230720E+01  4.35810252379700010E+00
  6.99477888048091770E-01  1.84838544522918870E+01  1.85820397379939630E+01
  3.59079136884617700E-01  1.23222585149691140E+01  1.50319128741327890E+01
  3.01799748246536660E-01  1.01040566234635630E+01  1.24233758773762180E+01
  5.28731261397185740E-01  2.16938440501815640E+01  8.83188474628816600E+00
  6.80338287111455390E-01  1.11754586483256620E+01  2.13878036509812400E+01
  4.74033319401206570E-01  7.57565448857000940E-01  2.62494870434944050E+01
  3.53302408788900560E-01  4.37429139027065440E+00  2.79359332514664300E+01
  4.03052389307286420E-01  2.56638710670987540E+01  2.29179912081252260E+01
  3.33973424357718240E-01  2.73368003552314680E+01  2.75868477510448780E+01
  4.68162992243922280E-01  1.81344604096530130E+00  1.20866986778580990E+01
  4.72192289519205580E-01  1.65247566395306860E+01  1.00126822750507730E+01
  6.73658304681401180E-01  8.67370494091281690E+00  2.43863067907519020E+01
  4.61178090502161720E-01  2.62613893082790920E+01  6.05614175644130630E+00
  4.18189647978318300E-01  1.33197823088830700E+01  2.53049074221979740E+01
  5.15379284759350490E-01  6.33744324303440630E+00  1.35320468075388580E+01
  5.34553382826858140E-01  1.45185430218531000E+01  2.29420894107913980E+00
  3.70336582810533970E-01  1.23962025446573510E+00  6.33669163147763030E-01
  6.42747544188997020E-01  2.09466160452867310E+01  2.30744487541369660E+01
  4.50600139601478670E-01  6.97387350385151980E+00  2.60342338310334430E+01
  3.55036581058269410E-01  4.38299294670429340E+00  2.58040655977095240E+01
  3.54092873053847420E-01  1.90754559948014590E+01  2.92153473132966860E+01
  5.13614394364816020E-01  1.31669499677011510E+00  2.22400064209185440E+01
  3.65995101567518470E-01  9.26199690567194440E-01  1.85839588732624250E+01
  5.25383403930900440E-01  2.72576676542199720E+01  2.94676100768706700E+01
  3.83598938984435380E-01  1.04947923709270140E+01  5.56162150637942960E+00
  4.86073626967704090E-01  2.18028182299383890E+01  2.00360437993123450E+01
  5.96963967672292380E-01  2.85640180561073360E+00  1.18781897518226740E+01
  4.66553963192992600E-01  2.28267959909845430E+01  7.69598550093818010E+00
  4.15252526658189590E-01  1.77824981881926370E+01  1.77168412207663690E+01
  6.36786611163594070E-01  7.82161822129157260E-01  2.32576249409325090E+01
  6.06760633376156730E-01  2.36296505079189960E+00  7.96454863373411200E-01
  5.25895496843049500E-01  2.57026275088825390E+01  2.97885848536799680E+00
  5.05409982910693060E-01  1.57744627156325770E+01  1.65826698043108140E+01
  5.18912146576496980E-01  2.41784173395912880E+01  2.07342923537678380E+01
  5.81677556670477180E-01  1.35973772592338020E+01  2.43452808482971970E+01
  2.50625569857546320E-01  7.98544820606674040E+00  2.37699567654410370E+01
  6.67521681419926690E-01  2.65563382373427450E+00  2.83541876381866440E+01
  6.52034765531911640E-01  2.21019895992345110E+01  2.74851273761381630E+01
  3.81419328643079860E-01  2.28364025747931660E+01  2.67595081104121740E+01
  3.18942867500738640E-01  2.12999372756430570E+01  1.94077140490601290E+01
  6.63973334543257470E-01  1.55791337453243400E+01  2.45790028589261560E+01
  4.05793634226126800E-01  1.03041433280415260E+01  1.52381241581773690E+01
  2.88617724104866640E-01  8.20063752142656450E+00  2.14024546388597340E+01
  3.17587838135982990E-01  2.37617833295060200E+01  1.70901021994165100E+01
  6.94010688862415210E-01  1.82576945049669490E+01  1.99599475799865470E+01
  3.25036994184950640E-01  2.14378587926977600E+01  1.64896389021881330E+01
  4.41940562555082740E-01  1.81263594904970730E+01  2.28557232807701210E+01
  3.05466220251299840E-01  1.03542325996901430E+01  1.79103779765626850E+01
  7.22984261441823330E-01  9.06529872684059510E+00  8.98477080697903750E+00
  4.60682082706054620E-01  4.30585599899195870E-02  2.85563172962725820E+01
  4.22201084465533680E-01  8.75311228849298400E+00  2.54780803754698010E+01
  6.24824560398126750E-01  1.70395369673541100E+01  1.95732525417110600E+00
  3.63079661055833470E-01  1.59225530399411270E+01  2.36115725408875430E+01
  3.25516939164680520E-01  1.69379250353296380E+01  2.95877987684225800E+01
  4.87886881528419990E-01  6.61339861074482550E+00  8.49758303246839300E+00
  4.34172467284937990E-01  2.76694513100128250E+01  2.68951686607243870E+01
  7.04082361725448710E-01  7.79403687095282030E+00  8.33914708414973840E+00
  4.40295189098215370E-01  2.61729267194112940E+01  2.22464434582251160E+01
  4.54567147313974470E-01  2.82645747218523270E+00  3.97727697959096460E+00
  4.89717368181109780E-01  9.79015069591088330E+00  2.39039122625322960E+00
  4.82771447840326400E-01  1.00515813442891580E+01  1.43865565390083140E+01
  3.54092873053847420E-01  2.33833567003254290E+01  2.33578090531350460E+01
  7.67457697882333090E-01  1.80884869395240490E+01  5.16268374017158220E+00
  4.43129600128677660E-01  1.23684342732474730E+01  2.77267201652612700E+01
  5.61514797181737530E-01  2.86612319676458260E+01  1.21823304285173850E+01
  5.82207618145930890E-01  2.49790572404674580E+01  1.41858906685144600E+01
  5.94092381958372510E-01  1.82393932923592640E+01  1.74348190642817880E+00
  5.64318884198494160E-01  1.40761820698234960E+01  1.19879313936817160E+01
  6.16837537735261420E-01  3.55817035737822310E+00  2.63314153719312360E+01
  4.20581746236023420E-01  1.98225012191615160E+01  6.58346425489104450E+00
  3.16022212934137680E-01  1.84058678368122380E+01  2.92207387448732340E+01
  4.59502380082057990E-01  2.95314960470026830E+00  2.23417094525533420E+01
  7.48336469443998900E-01  2.39883872381173190E+01  2.82031968898312970E+01
  6.90159994875631000E-01  6.65045532479570060E+00  2.04339439713177560E+01
  4.68364091588631840E-01  1.81266973460057310E+01  3.92892565096866840E+00
  4.05593309893122810E-01  6.56030105720425280E+00  1.10619244657664450E+01
  5.55687039951364880E-01  1.59795571106510490E+01  2.73678453816432530E+01
  2.83840017940612550E-01  2.08901300914768530E+00  3.95103937308108130E+00
  5.98280766214214580E-01  6.57615904022342780E+00  2.27827181463707260E+01
  5.84913004272127690E-01  7.83629487348102490E+00  6.12169992050692180E+00
  2.83840017940612550E-01  5.92861298425369740E-01  5.35501507085498130E-01
  2.83517655556827110E-01  8.46772491462629870E+00  1.63829214688893540E+01
  5.27599340399055180E-01  5.41256245264901370E+00  6.37324240521232620E+00
  6.24824560398126750E-01  1.92660115762766450E+00  1.75856357838658010E+01
  4.84167632717154460E-01  2.37647174757371680E+01  7.84853727409195480E+00
  5.66562802601083430E-01  6.54352960237526910E-01  1.41460104033953180E+01
  5.81213412342838430E-01  1.07233368806809090E+01  2.30266815366290340E+01
  5.13285974501586400E-01  2.34286014075543820E+01  1.63314177610803210E+01
  5.29625185962053640E-01  2.83022395670684470E+01  3.06235071665646030E+00
  3.30104909316010620E-01  1.25970098459623630E+01  1.19939039572296690E+01
  5.48174971142568520E-01  2.70521678995913750E+01  1.42990985248652170E+01
  4.72192289519205580E-01  1.61382330138960770E+01  1.31729838432670090E+01
  4.53126113496558960E-01  7.83482418693117740E+00  1.25423379110945740E+00
  5.25993347610763350E-01  1.75952101266280890E+01  2.51515202996960100E+01
  4.75338540515479570E-01  1.14342634264314840E+01  3.61669472430760310E+00
  4.30858982518450690E-01  1.42966535408578360E+01  1.86523751261419510E+01
  7.09741570678139940E-01  1.19334661550467680E+01  1.11948784976558520E+01
  5.05409982910693060E-01  5.50125950238410240E+00  2.13703449916208360E+01
  5.20369884994360540E-01  7.12637805090618490E+00  9.36538362030096220E+00
  2.73281005279713530E-01  6.77822638456856110E+00  2.38557581472945440E+01
  3.09574052588245370E-01  1.59534064641322960E+00  3.62308250855512170E+00
  3.18095930761502070E-01  2.31701133778671960E+01  5.93703058797563440E+00
  4.46537248270915300E-01  4.95394548290551740E+00  2.21478127931275960E+01
  6.38830345620663920E-01  2.18470911476970750E+01  2.62206770627765020E+01
  6.68397269451762100E-01  2.31231895699383690E-01  1.18788726826159400E+01
  5.32488384254616510E-01  1.74061357337446590E+00  2.64591958603084440E+01
  3.17579752081870750E-01  2.35018216527640180E+01  2.31355361029190480E+00
  5.16710955738981780E-01  5.20158271371741070E+00  1.21003995920500920E+01
  4.49545157175862540E-01  2.21478460516672480E+01  1.07864188919426030E+01
  3.20574425314766210E-01  9.58004580450050370E+00  1.20880944430992600E+01
  4.12246671516209600E-01  7.00281556134974630E+00  1.55559007477822200E+01
  4.94550785807675550E-01  7.87206687478132410E+00  1.68834052165811740E+01
  3.59079136884617700E-01  7.80869384051676010E+00  1.32155810730116430E+01
  6.10572080928614460E-01  2.21272282074105360E+01  2.05814203726258520E+00
  4.75338540515479570E-01  1.51915326255799920E+01  1.87924188066692470E+01
  5.09574347305064630E-01  2.64641418420867680E+01  8.56494606582906570E+00
  4.18189647978318300E-01  2.66843891672236650E+00  2.15123034365441870E+01
  3.76753951196820710E-01  5.70994183903427820E+00  1.06863452421553260E-01
  3.84533934306195220E-01  1.00564118727037040E+01  1.35204017301580030E+01
  6.60767019732147710E-01  2.25539441394460990E+01  2.10252039405255930E+01
  5.64318884198494160E-01  2.51444693105430730E+01  1.03640840809882700E+01
  4.69750256464274060E-01  3.82519711617270270E-01  2.42882050400451770E+01
  6.88340418185590860E-01  2.95987981509633930E+01  1.51523192963494860E+01
  5.93150731645016190E-01  5.53943261017849410E+00  8.18411616624884530E+00
  7.17499092254363010E-01  1.29802732605027840E+01  8.84427525938982660E+00
  3.79322922295397280E-01  1.78673097790400600E+01  1.69277249373849090E+01
  3.20574425314766210E-01  1.93052410574129890E+01  1.79629171591417780E+01
  7.17953871372127320E-01  2.41405556971166670E+01  1.92685720075676730E+01
  3.42409596243210680E-01  1.44131417798374120E+01  2.13737823707991770E+01
  4.43129600128677660E-01  2.37126137152161330E+01  3.65025602039741190E+00
  3.78068289465320630E-01  8.61874058269921050E+00  1.73330949548486370E+01
  4.75338540515479570E-01  7.33306317497012030E+00  4.16246715771056320E+00
  7.38532964590205680E-01  1.59058309857413250E+01  6.57432937629414300E+00
  5.07606992315717240E-01  1.23451362121978970E+01  2.11926069645770130E+01
  2.86134314477376340E-01  1.75151967512696910E+01  1.87621248672293110E+01
  5.07437626189109900E-01  1.36268147468772400E+01  9.95654013958044360E+00
  6.15073771326759470E-01  1.74570020781538560E+01  1.60225144589198050E+01
  3.30104909316010620E-01  2.81788020087216320E+01  2.07467653694921840E+01
  6.66683478841499700E-01  1.80970329368105190E+00  5.63574102494268470E+00
  7.49545055295440930E-01  2.80773525064566840E+01  8.83188575927912110E+00
  2.54824432159977790E-01  1.07105853289685570E+01  3.71145810076000200E+00
  5.72142532162989690E-01  1.32141088856526250E+01  1.12475166540563510E+01
  2.77147605524350650E-01  1.95416277798604270E+01  2.25383892892386260E+01
  4.68364091588631840E-01  5.48071281712241460E+00  1.84639159379662350E+00
  4.82771447840326400E-01  5.13972279208634310E+00  9.96228902536163650E+00
  2.50971712925384870E-01  2.53786830572115070E+01  2.13165575378732410E+01
  5.38024295323284910E-01  2.04139952921354040E+01  3.99243735079561760E+00
  4.13050329149462850E-01  2.76090706585083400E+01  1.35161631280499300E+01
  4.86590143357422540E-01  2.92110340518100710E+00  2.72313684154778850E+01
  3.16148313226467530E-01  9.10283304215491280E+00  2.34957536493909310E+01
  3.81419328643079860E-01  1.24826062912264640E+01  2.20706497370561510E+01
  6.52911031193170470E-01  1.67746186749583790E+00  1.63329878776121760E+01
  4.49150663742554990E-01  1.50844355976277220E+01  2.92227670430872840E+01
  4.73113776075054650E-01  2.90037796038796500E+01  1.12067439599805550E+01
  3.65995101567518470E-01  2.38031784471702790E+01  6.19594476967150510E+00
  3.46028387031474870E-01  2.81975601862354780E+01  1.13990536075084600E+01
  4.23675716525973380E-01  9.71586343414899470E+00  8.04097942968941130E+00
  2.47261092463374420E-01  1.70496071789220660E+01  2.17428227019310820E+01
  2.63339374245984010E-01  3.34798979494380070E-01  1.01798665408812060E+00
  2.59062449636064510E-01  1.77974219514367470E+00  1.94862959721473530E+01
  5.77180454669814490E-01  2.00668597991832240E+01  7.54897386510056560E+00
  4.06599624824484800E-01  5.57739941257701140E+00  2.28892799295241720E+01
  4.65278877330243820E-01  8.46710147145394390E+00  2.06976732213738580E+01
  3.07263188066738420E-01  2.22382930803294380E+01  8.19794536369560940E+00
  3.88697647565240350E-01  7.85784934998686870E+00  2.50660819232844430E+01
  6.62122603690132470E-01  3.60777740885443390E+00  5.52161494930786030E-01
  3.79322922295397280E-01  2.85629042518131810E+00  1.36097518211044870E+01
  3.53063097104977870E-01  2.19587600333630280E+01  2.51969228897021440E+01
  6.88885956497308970E-01  2.33579061219098220E+00  2.46331154103676790E+01
  5.33066537704075310E-01  1.47370227948176890E+01  1.66020410682772840E+01
  3.42074681651230290E-01  9.65444401974357550E+00  3.85887781961855190E+00
  4.24351701398837560E-01  1.64325215134398980E+01  9.12125177101086850E+00
  2.92456502136063850E-01  1.20387278738886000E+01  1.58405501260117500E+00
  5.90639534364661320E-01  2.05070716389775140E-01  1.98238492094403180E+01
  4.09705559579089850E-01  2.93963230068675650E+01  2.37292364810901470E+01
  3.59079136884617700E-01  1.51235479506691630E+01  2.02669647082269360E+01
  5.27599340399055180E-01  1.25233049158222230E+01  1.65460899267175920E+01
  5.38382256471750510E-01  2.01157290924025530E+01  1.76040166453599270E+01
  5.96963967672292380E-01  2.21941147319018230E+01  2.34976837851692300E+01
  2.96503602823160150E-01  1.09764823354855140E+01  1.15028392903227860E+01
  3.64593218166308700E-01  1.61615695164611420E+01  5.50161998446216140E+00
  4.18947112612636110E-01  1.38929309939137400E+01  2.72908096034186340E+01
  5.40946473112310590E-01  2.72063727788713270E+01  6.38688668400060600E+00
  3.35017483125717060E-01  3.41955729786509850E+00  2.16326985428142640E+01
  4.75626642073745920E-01  8.14272968986674960E-01  3.54490874423361560E+00
  3.04461637453634990E-01  3.26084813062106790E+00  1.96961695811370130E+01
  4.36315933331792570E-01  2.34881266296470770E+01  4.50021445399273560E+00
  6.77666041374141330E-01  4.18889037610543640E+00  4.91341358527776870E+00
  5.67035311113654220E-01  1.12480479463900450E+00  2.52033147012460720E+01
  3.38650161839631010E-01  5.77070199575039580E+00  2.21699288138317740E+01
  6.94010183176834960E-01  1.53323401541755720E+00  2.62281957841104200E+00
  7.10410487391814980E-01  1.70359092332601760E+00  2.93500343837392390E+01
  4.54567147313974470E-01  5.59357887598920110E+00  1.99654809980858370E+01
  2.52169786807371790E-01  1.48099780172137980E+01  1.40670170343421130E+01
  3.01799748246536660E-01  6.30812667698049270E+00  2.13648202359640500E+01
  4.27719079604653450E-01  8.83389872678993090E+00  6.29081118821708340E+00
  3.87762191716535260E-01  1.14429849853562220E+01  1.39518294308253380E+01
  5.72951670348821020E-01  1.39460478510487730E+01  6.35383063481398660E+00
  5.09222041678605210E-01  1.86687088043893430E+01  9.46251729215540570E+00
  5.25993347610763350E-01  1.48361779500627370E+01  2.73200434993964510E+01
  3.12648490279368120E-01  2.58930356899870380E-01  8.80325966277722220E+00
  3.32399546609116130E-01  1.90709357797806800E+01  6.50843582790095530E+00
  4.43807889241729470E-01  1.64083314376269020E+01  1.58767042696521530E+01
  3.44170209092795430E-01  2.20919703137256920E+01  1.08659206129544030E+00
  2.54824432159977790E-01  1.33928260540776520E+01  3.39307338983408040E+00
  4.21963532045373490E-01  1.13817412550613910E+01  1.16726639760098380E+00
  4.11696508529454960E-01  2.20266880629862880E+01  1.27991431307503160E+01
  4.11346310528290360E-01  2.57502925757218750E+01  9.59998442610947580E+00
  6.16837537735261420E-01  1.08669093103860560E+01  1.29345764830270780E+01
  4.83570943621045310E-01  1.02485192216931530E+01  2.83586540399194820E+01
  4.32382463464541460E-01  2.73636306378336200E+00  2.56800249403659930E+01
  5.92513140571182980E-01  1.57601523775853120E+01  1.78891152214759440E+01
  3.55036581058269410E-01  1.99537176636003470E+01  2.32047459873270620E+01
  4.74581552528920360E-01  2.41933483596049380E+00  9.58738874884591400E+00
  3.44905765886116280E-01  1.58184863693692890E+00  2.09673217436407810E+01
  5.96963967672292380E-01  7.73897055292481980E+00  1.48689973338245980E+01
  2.68569610726517900E-01  1.98508862072473310E+00  6.65410280658582210E+00
  5.80290806494985740E-01  5.26974585357747390E+00  1.32919031357387300E+01
  6.25336422111717830E-01  2.83697388274089060E+01  6.46025694770628880E+00
  6.17452885167652710E-01  7.25052873519325660E+00  2.70645191553963080E+01
  3.29506256422424390E-01  4.96710625933108750E+00  2.89698884920728260E+01
  2.58355477869490890E-01  8.41167480110861910E+00  2.34919696765356180E+01
  4.69641390777102340E-01  7.60273685624476500E+00  1.24137200059107810E+01
  3.49095179616795370E-01  5.11351434039809320E+00  2.06091138055155660E+01
  3.27988333844876360E-01  2.59194615909244630E+01  2.15221461123922850E+01
  3.86383264228710210E-01  4.44793576291781360E+00  9.43708070102444910E+00
  4.75543307221801650E-01  2.20235398857197640E+01  1.70346348014325390E+01
  5.07815655211632320E-01  1.86463648025739770E+01  1.73858913903723580E+01
  6.08088426536500660E-01  2.10554777590032640E+01  1.85138088444237890E+01
  3.93024383017402490E-01  2.13618645418041670E+01  9.84590507040465110E-01
  7.48336469443998900E-01  3.09836549804671790E-02  1.79214297443737640E+01
  3.13454063710418570E-01  2.44396881176071900E+01  3.44313223022458370E+00
  4.43133439323318520E-01  7.63047719040786010E+00  5.10006024352026620E+00
  3.62493203924014780E-01  1.32222933692990940E+00  8.08682814838159560E+00
  5.72881440675418570E-01  1.71213887870141050E+01  6.08682366267694430E+00
  3.71299762957800540E-01  1.67009057772823370E+01  2.89340188360340100E+01
  5.13143010843963320E-01  2.39635433943960090E+01  5.32119419964195290E+00
  3.87533216804236250E-01  1.31979856521508730E+01  2.76984272724682510E+01
  3.90540239164096370E-01  2.85486861389866180E+01  1.97929958496501830E+01
  4.11696508529454960E-01  2.02364788837774160E+01  4.92493280825706400E+00
  4.19670751191123690E-01  1.57659091532001130E+00  2.82278304583839090E+01
  5.39922025342825940E-01  2.73648932496012160E+01  1.86664856510841520E+01
  3.73125396709624990E-01  2.52823243956366190E-01  2.07856223656660720E+01
  5.72628172168292430E-01  2.37902004610092990E+01  2.67617111959691170E+01
  5.63660960642019760E-01  7.23733990706660710E+00  4.33757419067515570E-01
  7.54397230300637300E-01  1.81927673239345860E+01  2.66505775292792610E+01
  4.07877171249442140E-01  2.83321862145519180E+01  1.31286766456864430E+01
  4.61178090502161720E-01  1.88894088876504150E+01  2.76463748872467080E+01
  3.50974061745161330E-01  7.94821239701723230E+00  1.00472338088551360E+01
  4.22541054278063120E-01  1.56907575415236420E+01  2.62384060812046020E-01
  3.25036994184950640E-01  7.67861963331752580E+00  2.07504590824475240E+01
  4.96042965314236020E-01  2.09971324528815690E+01  8.08183164716074390E+00
  3.04461637453634990E-01  1.89660891518670950E+01  7.18289916413895830E+00
  4.21290506291976640E-01  1.06199061059302120E+01  1.72348461914493000E+01
  4.26578460793149810E-01  2.58914416046171460E+01  6.86242971210968380E+00
  3.91816801400439550E-01  2.26782761072828090E+01  1.99814309137119390E+01
  5.32262962461145860E-01  2.85093085641393320E+01  2.40461023720754100E+01
  6.07718241283317260E-01  2.73529812068333020E+01  4.53905827206308830E+00
  5.13425754976809310E-01  1.21546466139314600E+01  1.33992013908775260E+01
  5.46829204411607870E-01  1.98840860948336480E+01  1.22583131163180510E+01
  2.99038091422116640E-01  2.62148103151952260E+01  2.93773136291969870E+01
  3.65374026971610010E-01  1.35965560295593730E+01  1.28736662211796510E+01
  3.46733456860136300E-01  2.64814111829651400E+01  1.86080511848536290E+01
  5.01833768532536340E-01  7.16631989138702070E+00  1.03865338897176560E+01
  2.88617724104866640E-01  2.54509060585942070E+01  2.35756038777609550E+01
  3.13454063710418570E-01  2.60314023865273650E+01  1.03823280503190020E+01
  4.43756654693070110E-01  1.91753531053208230E+01  2.46268518093092470E+01
  5.20369884994360540E-01  1.69244763433361950E+01  2.67756543078234620E+01
  7.41720708060832300E-01  2.59851190839941390E+01  4.21427083483946600E+00
  2.99038091422116640E-01  2.26599718232549670E+01  1.65934980592781900E+01
  3.93024383017402490E-01  9.52118488275302970E+00  1.50820884572827540E+01
  2.53364602799301860E-01  1.67998402917975510E+01  1.27612261401322530E+01
  5.48463672908306780E-01  1.85775956136420320E+01  1.63319883710041120E+01
  5.63660960642019760E-01  2.93734415855287630E+01  3.27968680388221310E+00
  4.99487474973056500E-01  2.55430634779332490E+01  2.77485221148007500E+01
  5.32488384254616510E-01  9.11456372469934980E-01  1.56597463520836650E+00
  3.62493203924014780E-01  4.73680822553630240E+00  5.79498821836550700E+00
  3.90540239164096370E-01  1.54796081318108050E+01  1.96084422787148900E+01
  6.25248164210708260E-01  2.40405380270281630E+01  9.92128096207334660E+00
  3.93024383017402490E-01  9.76505679932243530E+00  1.58277122575671640E+01
  2.83517655556827110E-01  2.81171574167419220E+01  2.63352588818730810E+01
  5.16562546778196820E-01  8.82441825775407550E+00  1.56665564661192820E+01
  5.96777348356598920E-01  2.72413012771748240E+01  7.77754961892276770E+00
  3.35017483125717060E-01  2.31165083637022060E+01  5.28630223947270040E+00
  5.69344335137112000E-01  1.28509789114089550E+01  6.03437891326167810E+00
  5.55509338843663690E-01  1.28712707861587210E+01  1.76172899764742260E+00
  4.09775903561979240E-01  2.21038299359724920E+01  1.61541509974274400E+01
  3.20574425314766210E-01  2.61347526461862710E+01  1.58646534986945240E+01
  5.39466591144820300E-01  9.62267806905155080E+00  2.28174113523273830E+01
  5.18725390566230620E-01  4.78180122560080890E-01  2.94336303577477660E+01
  3.62493203924014780E-01  9.09901784801305170E+00  2.96257893006911600E+01
  4.23675716525973380E-01  2.04923215846577090E+01  1.93799509618177520E+01
  4.13050329149462850E-01  2.64655222230521440E+01  1.93667892572371900E+01
  3.01731430220296380E-01  2.23505982677370840E+01  1.54874000476110020E+01
  3.48156346672602490E-01  6.34469707682656030E+00  6.15469829265090860E-01
  6.83531487369900860E-01  2.86875178942503410E+01  1.69332644700190720E+01
  3.27197753470684690E-01  1.01715603374240220E+01  2.13266552855502880E+01
  3.50974061745161330E-01  9.61107789812113820E+00  4.79614589715144040E-01
  5.77649046292645880E-01  2.59606563328582460E+01  1.35703996979316590E+01
  5.13614394364816020E-01  2.29535806022272230E+01  1.02594911261029120E+01
  7.17953871372127320E-01  2.82498220526185160E+01  1.02879129856627200E+01
  3.01731430220296380E-01  8.04086117478923510E+00  2.83595167599699990E+00
  6.14584822297879540E-01  6.60045026615842370E+00  2.81095904054089230E+01
  4.69641390777102340E-01  1.09624339021505680E+01  1.46617605424602630E+01
  4.49154676673646060E-01  1.02928724237015410E+01  2.20919049509083610E+01
  4.82268891960512480E-01  2.24879540237848690E+01  2.45482429078559220E+01
  6.26908127420837150E-01  9.93396632133162600E+00  2.39406720302750100E+01
  2.50971712925384870E-01  2.42284481997577360E+01  1.38254422796836070E+01
  2.62213147743524950E-01  6.39239814843051590E+00  2.72578849865363890E+01
  6.45167794061425240E-01  1.25909849153726300E+01  2.60762723689328520E+01
  5.94931591270377070E-01  2.45078259422944950E+01  4.34833715568184510E+00
  7.68548325332126940E-01  6.48055720911752080E-01  2.74867470179962330E+01
  4.36195486319121350E-01  2.00136431209983280E+01  1.85716661512904190E+01
  5.33066537704075310E-01  2.58416709481191270E+01  1.12100624149112790E+01
  5.62178328188990490E-01  2.36000073032810040E+01  2.45654980728086760E+01
  2.97561439636419770E-01  2.65574061440488660E+01  1.75226789084935320E+01
  4.82771447840326400E-01  2.73599331624439190E+01  1.76138559914459950E+01
  6.61562106526255890E-01  1.45986644479646370E+01  1.50031281375506720E+01
  5.04339573614743570E-01  2.92370503566830140E+01  2.47826804925528560E+01
  3.45648959319623030E-01  2.44831273612760080E+01  2.43571981795165900E+01
  6.95947079841625180E-01  2.43768078107282700E+01  1.78337983397739460E+00
  4.75626642073745920E-01  8.24596658102108120E+00  1.39257571575648700E+01
  2.57534358191145160E-01  1.71606044614194400E+00  1.66650373829814540E+00
