1
  1002  2.96924426640336700E+01  2.96924426640336700E+01  1.00000000000000000E+00
        0.00000000000000000E+00  0.00000000000000000E+00  0.00000000000000000E+00
  6.42005949159872720E-01  1.58055354440868620E+01  2.61258732430015960E+01
  2.74003615458356760E-01  1.04964860066653520E+01  2.31851996985537060E+01
  3.87653287431749970E-01  2.33730688759367990E+01  2.67633834523236050E+01
  4.18948713530687210E-01  4.80382825157199280E+00  2.51968066549614310E+01
  4.53451232343747090E-01  1.31955562524810440E+01  2.52980250126233660E+01
  4.21603844523193420E-01  2.51230456114328010E+01  1.52142214344324400E+01
  2.62213147743524950E-01  1.85481496619111080E+01  7.40448818377497810E+00
  6.94903868090152520E-01  1.18214886677931150E+01  7.42995525411905610E+00
  6.31563936872940970E-01  1.41895511247926900E+01  2.80075661519049500E+01
  7.01778375544082420E-01  2.34728811741527710E+01  1.07970806445409120E+01
  3.46434506905438330E-01  2.79190608013075870E+01  2.86639504730513150E+01
  3.50662231740508900E-01  1.43845063136847790E+01  1.89897839873595480E+01
  3.01799748246536660E-01  3.44625073926375160E+00  2.93634935170513210E+01
  4.41298336829792340E-01  7.27151882889520530E+00  5.45503670453311430E+00
  3.39481361119070080E-01  2.10421563476803360E+01  1.21406861951773560E+01
  3.83181557852844270E-01  2.22589276871966260E+00  1.13820373190144630E+01
  6.75156127532392600E-01  2.76876180085046250E+01  1.93177939087827150E+01
  2.73281005279713530E-01  2.84197823383670920E+01  2.92683028088135440E+01
  6.65634982039605120E-01  1.39180658037379140E+01  7.64120031351752350E+00
  2.54824432159977790E-01  4.84915820973383480E+00  1.52288174272938480E+01
  2.84029264846615530E-01  4.99874252327824390E+00  2.92838364906351560E+01
  4.62836237406567810E-01  2.19657186457493480E+01  1.73790818440659900E+01
  3.33973424357718240E-01  1.86444490880769140E+01  4.24443710821266600E+00
  4.91872428060923640E-01  2.84681597987703480E+01  4.74839314609959120E+00
  5.52490392167627680E-01  1.19102583052747810E+00  7.55578940611860440E+00
  5.39466591144820300E-01  9.26179465270141830E+00  2.43668482825945030E+01
  5.65219172841477580E-01  2.91368263540278210E+01  2.76458861425584810E+01
  3.53776024442120150E-01  2.51057897543561170E+01  6.77281832384764650E+00
  5.54611473665029210E-01  2.82630063206798820E+01  1.41445244930754460E+01
  4.81368497469048420E-01  1.87371923448985810E+01  2.10977253715653210E+01
  2.84672167568555990E-01  1.72119689067713080E+01  2.09428483193182040E+00
  3.06898385793053400E-01  6.70520902311824510E+00  2.60628813093505340E+01
  4.49954956992444630E-01  4.34432672092978760E+00  1.71577517330691800E+01
  5.88686278844574580E-01  2.58685766586020880E+01  1.69985878611836580E+01
  4.36315933331792570E-01  1.23406800657578940E+01  1.71909955312619220E+01
  5.46155746035104350E-01  2.37239789468855480E+01  1.63296935499254090E+01
  4.11346310528290360E-01  4.32922763953971850E+00  8.06111839169157030E+00
  7.44650008855257360E-01  2.16990059628313460E+00  1.75629084020004630E+01
  4.68162992243922280E-01  1.77635907243313720E+01  2.90659951727736790E+01
  7.11073931023246340E-01  2.38573390314504580E+01  1.41118808984242980E+01
  3.02034441597155470E-01  5.25551270214673670E+00  9.99472451899740650E+00
  5.12509616084684260E-01  5.21858895509945510E+00  2.78942942559648440E+01
  3.40422717275118370E-01  2.13525098299880440E+01  2.42751994720783980E+01
  6.65634982039605120E-01  1.68382644646055010E+01  5.38968714947948960E+00
  3.75295693565172690E-01  1.74646988670002300E+01  2.03792254164441080E+01
  4.75626642073745920E-01  2.24283855533649760E+01  1.65633564314159580E+01
  4.72038094207023740E-01  1.99146567495152490E+01  1.86822797480776220E+01
  4.29902962432020440E-01  2.27403335565361220E+01  9.23945837805719350E+00
  5.68910711623079470E-01  2.07024313966048330E+01  2.73945453353718630E+00
  3.07263188066738420E-01  4.47307341761497050E+00  2.95536171005186010E+01
  6.10911033360540580E-01  1.92992746159509350E+01  6.50643197401804410E+00
  3.43353541919950760E-01  2.54192815639124060E+01  3.77169407189491010E+00
  3.15231116497538320E-01  2.93140982215250290E+01  4.79066062518372250E+00
  3.78068289465320630E-01  2.16297548364889710E+01  2.88032221408528950E+01
  2.54824432159977790E-01  1.00958781476019460E+01  1.68508421309948380E+01
  5.44558358435121190E-01  1.23723305223234380E+01  2.02967734748430320E+01
  3.56000803327192820E-01  1.30394303743502090E+01  1.68183922314366110E+01
  3.13454063710418570E-01  2.39097668749983610E+01  9.12661575846204800E+00
  6.12591031919131530E-01  6.35120663987551650E+00  1.93170007712480820E+01
  6.47236078597052340E-01  1.54419848867869000E+01  2.09153481537076540E+01
  2.65726189967390210E-01  9.03783462640305220E+00  4.05965046106967800E+00
  2.96653470797716330E-01  1.06747949714505380E+01  2.37268213416269060E+01
  3.45648959319623030E-01  4.04621726743723900E+00  1.41501717598548190E+01
  3.13454063710418570E-01  1.39866631461503130E+01  1.59920232137289350E+01
  3.39073066583844400E-01  2.05537534180582380E+00  1.06808341460192530E+01
  2.96256570285591500E-01  1.22331102429844340E+01  6.42597527281671430E+00
  4.19081387041561550E-01  6.56209854489854470E-01  2.62398855745623720E+01
  7.08391389715138510E-01  1.52905947128426140E+01  7.59409608777003870E+00
  7.16035261746952050E-01  2.99215086251283000E+00  1.42708314681820860E+01
  4.43133439323318520E-01  2.57394892148889730E+01  4.48923855301964280E+00
  2.73281005279713530E-01  1.80689076684498390E+01  2.43504052157261870E+01
  3.35017483125717060E-01  1.15275457274294710E+01  1.83905212362828720E+01
  5.09222041678605210E-01  1.11556248951487010E+01  1.91474677695614840E+01
  4.27719079604653450E-01  7.22008844483222930E+00  2.15230406738799760E+01
  5.81299825206354370E-01  2.43269845308891740E+01  2.20661942114630170E+01
  5.46155746035104350E-01  2.41623303421492430E+01  1.53297052597307030E+01
  3.05466220251299840E-01  2.76857893958519790E+00  2.00053767403934090E+01
  3.11838068626578210E-01  1.43319067019346420E+01  1.54708349906611140E+01
  6.27423008989955560E-01  3.27280570626147280E+00  2.75987808825324700E+01
  7.12424816007452400E-01  7.89074540638290230E+00  6.51878136406189150E+00
  4.41140732643827070E-01  1.73052911507107200E+00  2.75817906347509410E+01
  3.80273533482480450E-01  1.59255135343647400E+01  2.94843509519748820E+01
  3.29796701345061780E-01  2.72358652520802020E+01  2.54785261025320760E+01
  4.15252526658189590E-01  2.77007496618092580E+01  1.69308646219713270E+01
  2.59062449636064510E-01  2.47999360552992480E+01  1.36266615873653120E+01
  6.18419083689772810E-01  6.06557895843049980E+00  9.38243666775753300E+00
  5.04213456464067280E-01  2.88001126160361130E+01  1.51500500013377270E+01
  3.48156346672602490E-01  2.66912372473983840E+01  2.70387908198204560E+01
  2.89042915761794110E-01  2.41411968781486090E+01  2.66660169182509890E+01
  3.05466220251299840E-01  5.10376708753277960E+00  2.87040496611447620E+01
  6.49919166153384610E-01  1.47930700844220620E+01  1.27407617395139590E+01
  6.14379095469630790E-01  2.02290941011419850E+01  1.65025048324134750E+01
  7.00411917450214720E-01  1.86610046711175030E+01  2.72857751666529180E+01
  5.69344335137112000E-01  1.28201377792443820E+01  8.20505990629115090E+00
  2.57564851167384970E-01  2.40821211179129090E+01  7.41719182341197580E+00
  4.13050329149462850E-01  1.24009042736286710E+01  5.25550570057767170E-01
  6.18419083689772810E-01  5.31244524855039480E+00  1.86582180879079050E+01
  4.26523982883737140E-01  1.45992825880172870E+01  8.49341385327114650E+00
  3.78209123272245940E-01  2.68930460950426000E+01  2.21686482173786640E+01
  2.63055759251188670E-01  9.16427673438690250E+00  1.19026929026838990E+01
  5.00274833943758600E-01  2.15351723847141590E+01  1.99452865413206410E+01
  6.01687927537542500E-01  2.08909501893372610E+00  2.69879865269751520E+00
  4.86073626967704090E-01  2.68270920688407270E+01  1.50358140078285740E+01
  7.62474117278193650E-01  6.00919200359326930E+00  1.33488674858982840E+01
  4.87886881528419990E-01  1.53278291491890610E+01  2.51020602285813830E+01
  2.99038091422116640E-01  9.75921829860151210E+00  8.31060280501266390E+00
  3.50974061745161330E-01  2.80027623027253800E+01  2.91287399770307150E+00
  6.10572080928614460E-01  1.54218577941178090E+01  2.78599615599483560E+01
  3.01731430220296380E-01  2.33329432009324730E+01  1.99141053345052730E+01
  2.59062449636064510E-01  3.91814496384073010E+00  2.96664391551287960E+01
  6.99477888048091770E-01  1.03296059292099540E+01  9.19360802772081340E+00
  4.41666133880560000E-01  1.48921548482365460E+00  2.27727931396270050E+01
  6.86210935380316480E-01  2.33824446074718400E+01  2.49734036286676190E+01
  5.27425300578987690E-01  9.14662081377083250E+00  2.61690809210983280E+01
  7.54505484792745040E-01  1.64807061852321370E+01  2.83100047306798110E+00
  4.11696508529454960E-01  1.57667425964913740E+01  5.28037286846974400E+00
  6.26517897412854200E-01  9.43706668431043560E+00  1.09520969969405650E+01
  5.72142532162989690E-01  2.83190558258241720E+01  2.68554458558078720E+01
  3.47451934045076260E-01  2.06287486290145270E+01  1.81909209246824020E+01
  2.57564851167384970E-01  2.96357549280121230E+01  1.67127144408039300E+00
  5.33859136323620030E-01  8.40707948002983580E+00  1.24800687787788980E+01
  2.69169509893181310E-01  2.51207785927308470E+01  1.52565342815767110E+00
  4.24351701398837560E-01  1.30110362974552680E+01  9.74043637002654530E+00
  3.11762329988951370E-01  1.36179176889548860E+01  2.36904875188003710E+01
  3.50974061745161330E-01  6.96683060950636260E+00  2.71597012566182090E+01
  2.66929568161810020E-01  9.57854845648750160E+00  1.99050612402202740E+01
  7.20816873845379820E-01  2.33445753257305170E+01  8.26060255244702900E+00
  4.22201084465533680E-01  2.31859264296516410E+01  1.32001879973792790E+01
  3.09209541844886400E-01  2.03229140647981130E+01  2.85341004750468950E+01
  2.62213147743524950E-01  1.56003541357671800E+01  2.70060635078172490E+01
  7.60411681679863700E-01  8.32643387352118220E+00  1.01237947564147760E+01
  6.67521681419926690E-01  2.85293883506124570E+01  7.15714657210681880E+00
  4.37954134865551840E-01  1.19778394867983790E+01  1.23830663236466960E+01
  7.16654247500547470E-01  1.33635964470990590E+01  1.86786665547352050E+01
  7.12424816007452400E-01  9.23811045865133630E+00  1.72977351002683120E+01
  3.61198882346046800E-01  9.39000933327979940E+00  2.52573849062037080E+01
  3.82245446386266610E-01  4.09760754435085240E+00  6.74190691573671330E+00
  3.58737518624021320E-01  2.80617600143295360E+01  1.76144530384941400E+01
  5.81547682683179710E-01  9.05545043337582100E+00  2.88996211131734600E+01
  4.21963532045373490E-01  1.86664915657933080E+01  5.01256925519126910E+00
  3.12648490279368120E-01  2.34666946854354670E+01  5.92337339560588650E+00
  3.25036994184950640E-01  4.56490178155099800E+00  6.21137119751065290E+00
  3.83290088603488770E-01  1.61967998359815370E+01  1.09933915494987690E+01
  2.93443024193560210E-01  1.36287952377226490E+01  5.45725052124201860E+00
  2.66929568161810020E-01  1.93364557645606610E+01  8.81091181832231920E+00
  2.99038091422116640E-01  1.12546489757852510E+01  2.38601259875588530E+01
  6.00040109246873770E-01  2.18063215331185310E+01  2.33377719194820160E+01
  7.14535578675763720E-01  1.07813381087877730E+01  2.15738155788619110E+01
  3.06898385793053400E-01  2.66033863379458920E+01  2.55510063647684720E+01
  3.45648959319623030E-01  4.16574311092366220E-01  2.95950903248429110E+01
  3.87046365911375680E-01  1.00583247715001130E+01  1.34499580851690050E+01
  6.56539952722306990E-01  6.62942760900777460E+00  1.20733851235207300E+01
  5.07436062422724900E-01  1.50277307846848720E+01  4.69967289653598290E+00
  7.39270392714900380E-01  2.90775443333270050E+01  5.81753972739315910E+00
  5.38024295323284910E-01  2.01623685286063510E+01  1.06639445037505460E+01
  7.33199636544987770E-01  5.63785649607404250E+00  2.59904042475142740E+01
  6.31923671661538840E-01  2.66194041701297160E+01  2.08316680097967090E+00
  5.72951670348821020E-01  1.06381166996817350E+01  6.16960725402881050E-01
  6.40456937776772590E-01  1.21558913743081580E+01  2.66559983352830340E+01
  4.77241894706072770E-01  1.85565148414476620E+01  1.74629850852311710E+01
  7.64764367446448820E-01  1.29442244306240980E+01  1.09275384608639450E+01
  7.16535845940979770E-01  2.89532626237614860E+01  2.21581156428328040E+01
  3.10705613459761840E-01  1.63978508673108540E+01  2.08810905545343250E+01
  3.89901968262705180E-01  8.80463835315697100E+00  2.79613466511832700E+01
  7.15011499502423580E-01  2.24201618012250710E+01  1.40403534849217260E+01
  7.60297905848187840E-01  1.41869364590335450E+01  2.45983339130261560E+01
  2.65726189967390210E-01  2.00503872362294010E+01  2.22472367165200960E+01
  4.53492046339069340E-01  2.26506057596160450E+01  3.64752528006503680E+00
  5.18725390566230620E-01  1.39874717381524770E+01  2.58614730462041780E+01
  4.24020504903543660E-01  2.19078903246485410E+01  2.64334124675515090E+01
  5.17634268500846420E-01  1.57301802064433770E+01  1.67649985629756880E+01
  4.54567147313974470E-01  1.53295065908323060E+01  1.46372248045973680E+01
  3.65965634987757580E-01  1.85771445027229450E+01  2.39578363911437860E+01
  2.96256570285591500E-01  1.96402276223209110E+00  7.90559583530840640E+00
  5.50543265074639000E-01  2.86513827911589730E+01  2.09287448514215410E+01
  4.46540105696671490E-01  1.09676087085593400E+00  1.49066516803175240E+00
  6.47236078597052340E-01  9.83168826777488820E+00  2.25478148121818550E+01
  4.82769235883485770E-01  7.57453501798995530E+00  1.61208387474807680E+01
  2.97529618718302210E-01  2.66856705679787820E+01  1.79555499764035960E+01
  4.13811620468168510E-01  9.48131557301300280E+00  9.91358233347563460E+00
  4.87785457169642190E-01  9.56321414299412350E+00  1.61424205137575710E+01
  3.41778742319800830E-01  3.95544125337595090E+00  1.34694872399806530E+01
  4.05793634226126800E-01  2.44346947686742800E+01  7.97860316093893830E+00
  7.14516279726398110E-01  2.07754196354778670E+01  2.65318434642989730E+01
  3.71799304162545760E-01  8.00141373121312680E+00  7.59711654296961210E+00
  5.77820253962530560E-01  1.40773182371902210E+01  3.16439275110404240E+00
  4.75626642073745920E-01  1.78567944393392390E+01  7.76863847721809100E+00
  5.46562010559427060E-01  2.02802823594928010E+01  1.56054161856688990E+00
  3.29506256422424390E-01  1.71141777359080510E+01  1.43229120484048980E+01
  2.62213147743524950E-01  1.24610914137550710E+01  2.58064801060674290E+01
  3.63105686475124490E-01  1.20079759579650510E+01  8.66187671145439350E+00
  7.08391389715138510E-01  1.85709932734456870E+01  9.45959555558175500E+00
  4.26578460793149810E-01  1.00635147251036590E+01  2.06874566665990330E+01
  6.08873319065221350E-01  1.76382714299735750E+01  1.80428158055338700E+01
  5.39466591144820300E-01  1.97917469031948660E+01  1.96856564291402340E+01
  4.66553963192992600E-01  1.99311453864886940E+01  2.29686721058142280E+01
  4.82771447840326400E-01  2.25239734677410330E+01  2.20619801143745140E+01
  5.13004586318856950E-01  2.18944322895492150E+01  6.92583908254876150E+00
  3.17084428049163950E-01  2.06749677954881080E+01  2.75576409992511840E+01
  3.50974061745161330E-01  6.57995007423522620E+00  1.71326240604336600E+01
  3.82382183723224410E-01  1.66312063780832060E+01  1.36036706486371790E+01
  3.77759649416993960E-01  9.67755830637666570E+00  4.12794602714094780E+00
  5.74203886104520670E-01  2.50259466077236650E+01  2.38348920871601630E+01
  4.11346310528290360E-01  8.71636727443590510E+00  7.28025634395503920E+00
  5.06367095649294540E-01  2.58107742929193620E+01  2.57327625334196810E+01
  6.01687927537542500E-01  2.77321175295662850E+01  2.16644633927977890E+01
  2.49794182180603610E-01  1.19299366418535970E+01  9.26974979729692090E+00
  6.11481049571092420E-01  2.16463964870521510E+01  5.01246050794566940E+00
  5.03927515451986880E-01  2.46280617483322540E+01  3.15990996204858820E-01
  6.35485889077753010E-01  8.15097715403717520E+00  1.44379133253361050E+01
  2.99038091422116640E-01  7.09815093989064930E+00  2.65236628309524600E+01
  4.22541054278063120E-01  1.82839658826965170E-01  2.00565514888180160E+01
  3.05466220251299840E-01  1.16532978458143920E+00  1.98026762482673850E+01
  2.62213147743524950E-01  1.22592966224702370E+00  2.73288354601914430E+00
  3.61769499680632390E-01  1.13747224165034260E+01  9.01349005066183650E+00
  2.47647088603063280E-01  1.17226790481100580E+01  2.17690252195881760E+01
  3.11155895623034430E-01  3.65900882334172910E-01  1.29115183211218750E+00
  2.66929568161810020E-01  2.34342126307136200E+01  2.04730780373686340E+01
  6.90395435464654740E-01  1.93680108022708970E+00  7.24761773310343040E-01
  2.96503602823160150E-01  1.78869674202964500E+01  2.24526861374822850E+01
  6.57722721512726150E-01  6.85923064433430340E+00  1.44851937834698390E+01
  7.24777883420223110E-01  1.67270978559734190E+01  8.17347068001929600E+00
  5.48279863025970290E-01  1.87755813889274780E+01  8.21977778377579330E+00
  6.40748513009616880E-01  1.81838365541828790E+01  1.24343862336472330E+01
  2.56092450391898300E-01  3.73793465242669680E+00  5.68798171975048210E+00
  7.17499092254363010E-01  2.64073239636017830E+01  1.20752704130146040E+01
  4.66141488621800890E-01  1.75372859307793190E+01  1.49964690272957990E+01
  6.33759023001558490E-01  1.43405016943690170E+01  1.08676401251037720E+01
  5.48279863025970290E-01  1.39424335164824670E+01  1.68510879443464000E+01
  4.19081387041561550E-01  6.70931012273668340E+00  1.63737174198310380E+01
  5.70902198024309190E-01  1.71542874693118530E+01  1.06481509253267960E+01
  3.17950877609215300E-01  1.58548225857514230E+01  4.55754783427203320E+00
  5.96963967672292380E-01  7.78975264193565840E+00  2.26724290232540750E+01
  6.18832453479690690E-01  6.40882973401553360E+00  1.80870075011675480E+01
  2.63339374245984010E-01  1.05033693270722320E+01  1.87348280286223710E+01
  3.55036581058269410E-01  1.80742346733698550E+00  2.49742707335904510E+01
  5.84913004272127690E-01  1.51247353688396410E+01  1.53485740843700390E+00
  5.77235448209733180E-01  2.47888457982374750E+01  2.60907744007488420E+01
  5.01105313190319460E-01  4.88529594301771650E+00  7.13767552374821430E+00
  3.83598938984435380E-01  3.60554064772186990E+00  1.67718429043054120E+01
  5.98360795606824340E-01  7.24103173502021850E+00  7.92279021420154450E-01
  3.41778742319800830E-01  2.77750790431313380E+01  4.28602811606796320E+00
  3.29796701345061780E-01  1.78982541632550180E+01  8.64849408088457670E+00
  3.84420431658369740E-01  2.50019648830145830E+01  2.28768159388874360E+01
  4.91872428060923640E-01  1.87837087999503500E+01  2.91009375546904640E+01
  2.93443024193560210E-01  2.95083711623632330E+01  2.42058310690860670E+01
  5.81299825206354370E-01  3.48498785096022520E+00  1.77277726558975570E+01
  5.68243553274813350E-01  2.54587284938005390E+01  7.65992415183514550E+00
  5.39001667068871980E-01  2.34062080011320180E+00  3.80995671025995150E+00
  7.01587183784351610E-01  8.83013252024438170E+00  2.24852805185417550E+00
  4.45239477383046460E-01  7.06173341569275430E+00  2.34180124600580370E+01
  5.39001667068871980E-01  7.01004137689945050E+00  3.63860405631740490E+00
  2.86134314477376340E-01  1.78386281032384420E+01  1.01323280431927150E+01
  7.70254277643880240E-01  4.13768200015849970E+00  2.61812563425388480E+01
  3.45648959319623030E-01  3.34148349749578030E+00  1.60930943432973340E+01
  3.39481361119070080E-01  9.14728074076372620E+00  4.65586398832119470E+00
  3.04461637453634990E-01  1.39663644408828380E+01  1.22643395178365930E+01
  5.20369884994360540E-01  6.10821267301479320E+00  2.35621946418288180E+01
  2.65726189967390210E-01  9.83844053858836350E+00  1.45931646425003340E+01
  6.26908127420837150E-01  2.39989173923976470E+01  2.81920008885825690E+01
  3.48480710258510130E-01  2.74416224989386030E+01  1.23306720858936530E+01
  2.96653470797716330E-01  1.83742368737836050E+01  1.05099872305309350E+00
  6.31923671661538840E-01  2.56600229211091740E+01  1.33941451163943500E+01
  4.09705559579089850E-01  1.04922557941198690E+01  3.87177184628408390E+00
  6.72499163702481620E-01  2.30759966471638300E+01  1.21121082176133610E+01
  2.84029264846615530E-01  2.78264574487900020E+01  2.56442880316951260E+01
  5.34631033075580400E-01  2.12615896846193630E+01  6.09161632811355070E+00
  6.17076625982510940E-01  2.72705400510196160E+01  7.41056034220066180E+00
  6.55074006360275090E-01  1.59167416034016040E+01  6.33542806817428780E+00
  5.46562010559427060E-01  1.86709485007626090E+01  1.83920625789092970E+00
  5.17626013175185660E-01  7.86043179727807310E+00  3.01218793602729610E+00
  5.82207618145930890E-01  2.75573139474412160E+01  1.32539554904161270E+01
  5.98268629341587580E-01  2.85840088994525740E+01  1.84151622764234550E+01
  5.34553382826858140E-01  2.89170101866570310E+01  3.00257411609834830E+00
  3.76753951196820710E-01  9.64152516066550190E+00  5.26078927121198530E+00
  7.52518120402026810E-01  2.43818310789313660E+01  2.00080185398100380E+01
  4.81368497469048420E-01  5.74859886306878030E+00  2.94355522369981130E+01
  6.47413426355271770E-01  3.15363898915187590E+00  7.49601906657349470E+00
  3.05466220251299840E-01  1.82307909118367100E+01  3.75756294232336070E+00
  4.46689977500956030E-01  4.34164455621656310E+00  2.75058445368826630E+01
  6.18566685513849460E-01  3.85037674426669200E+00  2.47901935098335430E+01
  5.36592099856838090E-01  2.65089181406818890E+01  8.47856066495949710E+00
  5.09574347305064630E-01  1.36678461431774420E+01  1.46538598920884360E+01
  4.92328788949218680E-01  2.78036222715464130E+01  1.50842930041229800E+01
  4.83351594707823830E-01  1.30074407566117750E+01  2.31821216512174610E+01
  4.40650972415989980E-01  2.11147958073186850E+00  7.18370161762074840E+00
  6.10911033360540580E-01  9.20718646215725480E+00  6.38484577066326770E+00
  4.34172467284937990E-01  1.99454127479306860E+01  2.73790174872479040E+01
  7.03188417218805210E-01  2.88604104489234640E+01  1.10431937845672890E+00
  2.92799561075502800E-01  2.62641864890341520E+01  2.77969114294879560E+01
  5.68243553274813350E-01  1.96044927103867900E+01  2.44675273560112670E+00
  4.60682082706054620E-01  8.81418891987582850E+00  5.38866004184666460E+00
  6.41715074739605920E-01  2.07186399206413800E+01  3.94994730972365850E+00
  4.55206736325743130E-01  3.42861687483822890E+00  2.23780146578319400E+01
  4.22201084465533680E-01  2.07325175325264080E+01  1.94922362362236190E+01
  3.63079661055833470E-01  2.52602276555898690E+01  9.09067549572804980E-01
  2.63055759251188670E-01  6.73753679627209130E+00  2.15220536140601480E+00
  5.32877675645020420E-01  2.67483501253976180E+01  1.40204574055344220E+01
  5.77235448209733180E-01  5.43941315420300690E+00  2.44308796868183220E+01
  4.09775903561979240E-01  5.04752975695110710E+00  2.92655941868074980E-01
  6.93187364831086050E-01  2.42552499937762390E+01  2.50388919939728010E+00
  4.30054269381220950E-01  1.15895521973780900E+01  3.01593073085065560E-01
  5.07436062422724900E-01  1.93683225288522860E+01  1.13430001517690740E+01
  2.49948351789403130E-01  3.51685142704776690E+00  1.55239734694180620E+01
  3.16022212934137680E-01  5.01801180736347960E+00  1.67800357151652480E+01
  4.72818350263822220E-01  6.85307670127522070E+00  2.43309630751970540E+01
  4.46689977500956030E-01  2.37501821258982910E+01  2.92356864115125110E+01
  4.74581552528920360E-01  1.41420576384155530E+00  2.84408746754227370E+01
  4.86590143357422540E-01  2.42945858721088830E+01  1.71890054828664950E+01
  2.73281005279713530E-01  1.26896378922706980E+01  2.24493434830409450E+01
  5.20515140446715560E-01  1.21844879799336890E+01  1.91147613452143370E+01
  4.13811620468168510E-01  4.30774581754975740E+00  8.88575088065864270E+00
  3.81419328643079860E-01  1.35413773813703540E+00  1.58451201153509360E+01
  4.05593309893122810E-01  1.78460993942109880E+01  2.56064907276926310E+01
  5.85380732291966590E-01  1.44953891476373970E+01  1.39379808580464100E+01
  4.06599624824484800E-01  2.96001633308426830E+01  1.47147093495315460E+01
  6.40456937776772590E-01  1.62719967716463500E+01  8.57386216266643510E-01
  4.75626642073745920E-01  1.62898309489435680E+01  2.50966856648995250E+01
  5.09222041678605210E-01  2.58913806212969210E+01  1.80957609705092710E+01
  5.77820253962530560E-01  2.29260410027374740E+00  5.85433134346521910E+00
  3.80273533482480450E-01  7.00957840518738170E+00  9.05786468764582510E+00
  5.01406606281285510E-01  2.91704117732473310E+01  2.94591588775878640E+01
  3.59079136884617700E-01  9.54150165819046950E-01  8.43449310872866850E+00
  5.94092381958372510E-01  1.28537554970535270E+01  1.53990027543668260E+01
  2.54611020839302520E-01  1.06042858607363240E+01  2.83537734207815750E+01
  4.99223721401470310E-01  2.25332442908679590E+01  1.99226545984331050E+01
  2.54611020839302520E-01  9.72407153605183080E+00  1.93993713739494920E+01
  3.20574425314766210E-01  2.22712178584477910E+01  4.32164520058985690E+00
  2.85767805251094040E-01  4.08266588500773150E+00  7.40942501147526580E+00
  2.54611020839302520E-01  2.07121992237186490E+01  2.81271905063090270E+01
  4.12246671516209600E-01  1.69755363243455370E+01  1.56715828033203000E+01
  4.41298336829792340E-01  3.72590046054338360E+00  4.99093584224989770E+00
  7.09985914168247060E-01  7.55210494009366600E+00  1.87640714021098100E+01
  6.80956647410425740E-01  2.11606991393705640E+01  9.96558969057265290E+00
  4.75338540515479570E-01  1.52060974632969920E+01  1.90743483865835730E+01
  7.49588614928249000E-01  9.34458687942708370E+00  8.91989955154028640E-01
  4.74033319401206570E-01  1.52239612475177960E+01  4.81044895478201710E-01
  5.20515140446715560E-01  1.98685823032860290E+01  8.23050086510606780E+00
  5.48131117613959250E-01  1.55558774381139970E+01  3.74601358104359680E+00
  3.46733456860136300E-01  1.72397754896372780E+01  1.21452588728123400E+01
  6.97384645011991290E-01  2.57120903172921090E+01  2.93945738341379440E+01
  3.78209123272245940E-01  1.98438054899369900E+01  7.33212436223724850E+00
  3.82382183723224410E-01  4.58515382051766810E+00  1.79542025495575500E+01
  4.46537248270915300E-01  1.04291231261480280E+01  1.41961409875237340E+01
  6.08690451339190200E-01  1.74916599107697510E+01  1.24676324097207810E+00
  2.59062449636064510E-01  5.27341372943945960E+00  1.62648946480406200E+01
  4.43756654693070110E-01  2.37705845529577540E+01  2.60338796430990770E+01
  3.18942867500738640E-01  7.33758633144189880E+00  7.40724929841939430E+00
  7.16535845940979770E-01  1.72196359034212730E+00  2.39069386162302530E+01
  4.62836237406567810E-01  2.16973496279491510E+01  2.08940418515395230E+01
  6.97384645011991290E-01  2.80287943956012670E+01  2.46821304089114480E+01
  2.47647088603063280E-01  1.44517988018371160E+01  5.96195466247259280E+00
  4.05793634226126800E-01  1.38069207795541080E+01  9.97563436677728000E+00
  5.37364664263313330E-01  8.09905619547883940E-01  1.18386526447431210E+01
  5.72881440675418570E-01  2.94634404193488240E+01  2.33412631428792670E+01
  5.04213456464067280E-01  1.94171415378860640E+01  2.44464779983322270E+01
  3.86557871019070410E-01  2.26960981001747760E+01  2.29135868743294820E+01
  5.62178328188990490E-01  2.22247696159607490E+01  1.06043886286459250E+01
  6.41715074739605920E-01  1.14433117438681060E+01  2.55914865888094880E+01
  4.54567147313974470E-01  1.29010537744847650E+01  5.62959847265382240E+00
  3.97011970696729720E-01  1.32244606186957140E+01  2.06960783498356130E+01
  3.99477862283745790E-01  3.28162160365124620E-01  8.00798252138737610E+00
  5.15931587153482510E-01  1.25980086230948850E+00  2.94190429058103220E+01
  5.98026541173087530E-01  9.66538360622666560E+00  1.85386716579602440E+01
  5.94917806945655060E-01  1.36954383712031880E+01  8.97279179082040560E+00
  3.86557871019070410E-01  2.74785995991157820E+01  4.95094823752413670E+00
  5.52347772924787250E-01  2.05003572159775840E+01  5.20652076612354260E+00
  4.05793634226126800E-01  1.93418749456975760E+01  5.49080129835857990E+00
  4.66753989857397040E-01  1.37515411006458240E+01  1.31400915419084610E+01
  6.77666041374141330E-01  5.29619202080437560E+00  1.20989255090734030E+01
  3.23306573977224420E-01  1.11864565649597200E+01  2.32385313212958130E+01
  6.88340418185590860E-01  1.54357632268763560E+01  1.79344797488656160E+01
  4.11696508529454960E-01  7.80047925540181360E+00  9.07760925855743390E+00
  4.03052389307286420E-01  3.74737550446004210E-01  4.27476173119313610E+00
  2.97529618718302210E-01  1.21951245601554080E+01  1.16805717278322160E+01
  3.13090147150790890E-01  1.62887049334005490E+01  2.81765417776115930E+01
  5.01435669612667030E-01  1.77470357895268580E+01  2.65068452247267780E+01
  5.26482748420329030E-01  2.68385145939853940E+01  2.89165755231961010E+01
  6.75156127532392600E-01  1.80203610506668820E+01  6.62981494276323510E+00
  7.20816873845379820E-01  2.20179382337545490E+01  1.54179202115919910E+01
  5.30006102735105960E-01  2.28978348371206440E+01  2.69609931632418130E+00
  3.43353541919950760E-01  1.34143527897627400E+01  1.99806777336837380E+01
  5.32877675645020420E-01  1.61036566866934120E+01  2.27268719421771980E+01
  6.44956217916396120E-01  1.65503103622933740E+01  1.86657511291038180E+01
  3.55036581058269410E-01  2.88771389009373430E+01  2.40602558444399110E+01
  4.30054269381220950E-01  7.70918839222041190E-01  2.32672898029727410E+01
  4.93734512940847830E-01  9.94672491132433660E+00  2.94980020214803030E+01
  3.42409596243210680E-01  7.26369468550452440E+00  1.76493434954421280E+01
  5.58952633370732950E-01  1.61957280377448850E+01  1.00501651492187580E+01
  4.49954956992444630E-01  1.54070264825310210E+01  1.06768188778802080E+01
  4.11346310528290360E-01  2.40867777439221060E+01  2.41324143362785360E+01
  4.72818350263822220E-01  8.93364029658830460E+00  2.32147720707707810E+01
  5.00672486592370710E-01  3.11076506761711520E+00  3.11240830833718580E+00
  4.15334611176110170E-01  1.46146655748305900E+00  1.11446588529647650E+01
  7.70254277643880240E-01  8.06427423065160550E+00  4.41349630608574190E+00
  5.32262962461145860E-01  4.73165446780198980E+00  1.10302895717881050E+01
  4.01880163826280960E-01  2.00731733831765950E+01  2.38235462824796040E+01
  7.41720708060832300E-01  1.27704800588674350E+01  3.34559729040977460E+00
  3.01674668393272730E-01  1.92303119123208470E+01  1.70731200982470030E+01
  2.66929568161810020E-01  2.24476774148872490E+01  2.03874112502921450E+00
  4.15334611176110170E-01  4.26474746385660450E+00  5.52428426562932270E-01
  5.20369884994360540E-01  1.82215128482853390E+01  2.49327321109479530E-01
  2.84672167568555990E-01  2.75919658363042470E+01  2.25393980350761610E+01
  5.18912146576496980E-01  7.38983509682224420E+00  8.24323892572146380E+00
  3.90540239164096370E-01  1.18043245967674930E+01  1.11143418664417000E+01
  3.63079661055833470E-01  2.66200685267903340E+01  1.31341338970032670E+01
  4.73113776075054650E-01  5.25744859943140420E+00  3.89151328174532160E+00
  5.55687039951364880E-01  1.48354571143995170E+01  1.61754036389701700E+01
  6.97384645011991290E-01  7.46626599596419640E+00  1.32737877665887500E+01
  3.54092873053847420E-01  1.31505509078656240E+01  1.17772169671521710E-01
  7.37991961479508610E-01  2.43350102749628370E+01  1.27452055710780880E+01
  5.10790949981952740E-01  1.71939665699543160E+01  1.69071424322339680E-01
  7.03918080384424090E-01  2.32673804406258500E+01  1.51926306139907210E+00
  2.69326463995374250E-01  1.17108910143781910E+01  2.12523387885017950E+01
  5.39922025342825940E-01  2.88354907521856770E+01  9.41255557729713390E+00
  5.39922025342825940E-01  2.54623077771815960E+01  2.25898964298256290E+00
  3.52682444144397330E-01  1.86477423479259700E+01  5.79650417126264550E+00
  3.17084428049163950E-01  8.17609413685927680E+00  2.76380940858548240E+01
  3.92511582998476170E-01  1.51002468988153740E+01  1.99348135646828410E+01
  2.92799561075502800E-01  2.92364828589547410E+01  1.34462739662635470E+01
  3.63105686475124490E-01  1.15431119919165880E+01  1.99285634293420380E+01
  3.25036994184950640E-01  2.51337505452239650E+01  3.06251944068203400E+00
  5.70902198024309190E-01  1.15412429693545380E+01  3.80413929434105000E+00
  6.18138908065390960E-01  1.17067743960273950E+01  2.50070141395588500E+00
  3.10705613459761840E-01  2.50039955583142050E+01  1.18849537391768290E+01
  6.99092076263204730E-01  1.11808789917089180E+01  6.19317617452827560E+00
  4.40295189098215370E-01  5.48251695509400870E+00  1.99120296123336760E+01
  6.52034765531911640E-01  1.25891255203729710E+01  2.15299553230991450E+01
  5.12628979659419230E-01  2.73845708002343680E+01  2.63070850387417680E+01
  2.68569610726517900E-01  5.93881772080225460E+00  1.43780181773019180E+01
  4.41473589537221400E-01  1.08254267974736780E+01  3.08878072133777160E+00
  7.41623060643924430E-01  2.29078473849668680E+00  2.19023603409215680E+01
  2.49794182180603610E-01  2.74641722990421860E+01  1.43855834734651320E+01
  3.44856808658559500E-01  6.47250503565086180E+00  2.66710825648161250E+01
  6.83701617051292750E-01  7.83357926424089080E+00  2.85783312881137770E+01
  7.19599311285852310E-01  2.45785615597073730E+00  2.91086246129538930E+01
  6.67521681419926690E-01  1.49352980667456090E+01  2.90698025542589700E+01
  5.40946473112310590E-01  2.60008078063542950E+01  2.19519189095094410E+01
  3.83579206291793930E-01  1.10883822221637250E+01  2.05204812204718220E+01
  5.04339573614743570E-01  7.31723089378842760E+00  2.05965004383928370E+01
  6.35523375007872900E-01  2.49028264459411090E+01  1.62481105742650310E+01
  3.44905765886116280E-01  1.66837829198869550E+01  1.75170486072942320E+00
  2.65726189967390210E-01  5.64103750215147940E+00  1.77716676936963000E+00
  4.87785457169642190E-01  1.92225276713559590E+01  3.43062910718347560E+00
  3.71299762957800540E-01  1.45750091889670030E+01  2.14483859021640200E+01
  4.13811620468168510E-01  2.23627687807186280E+01  1.81604815581654790E+01
  5.69423614487483490E-01  2.61009602839126240E+01  3.16598935543817110E+00
  5.83429036676414100E-01  2.41911404355848130E+01  6.49229548042319850E+00
  5.30006102735105960E-01  1.69457482501309260E+01  2.58583143813466450E+01
  5.16710955738981780E-01  2.66322984390428740E+01  1.04096181051194120E+01
  2.65726189967390210E-01  2.30142700719152280E-01  1.68759849665043720E+01
  3.18942867500738640E-01  1.05753056405776870E+01  2.60008065904818080E+01
  3.23881608201221470E-01  2.25800653588809970E+01  4.96943438015370910E+00
  3.54092873053847420E-01  2.91693923109374930E+01  1.40888671449731430E+01
  5.12509616084684260E-01  4.74935417894174440E+00  1.31556755355105430E+01
  4.99223721401470310E-01  9.32163176623752320E+00  1.29579969454341910E+01
  2.56092450391898300E-01  4.44271073332121520E+00  1.85762207952781820E+01
  5.45765227979075810E-01  2.86161385147206730E+00  2.65011566248371470E+01
  6.94010183176834960E-01  2.05681027742685460E+01  2.06437758269091060E+01
  3.57201130995523370E-01  2.73766922996537510E+01  2.82158710988410030E+01
  5.25895496843049500E-01  2.14280190352009250E+00  1.62930981177453870E+01
  5.10790949981952740E-01  1.43323891800302320E+01  2.22959939130478840E+01
  4.89717368181109780E-01  6.06544146189631480E-01  5.94459788510595020E+00
  4.82769235883485770E-01  2.35664327815851210E+01  3.45658816429304140E+00
  6.93278360304079300E-01  1.41429310100677520E+00  4.62229268354765120E+00
  3.35017483125717060E-01  1.79452625127781250E+01  2.09016183338238550E+01
  3.26514001167033020E-01  1.49362499843251190E+01  1.70513859685792540E+01
  4.75880684447443510E-01  1.17506487632646330E+00  2.55119804811065480E+01
  4.22354771203238230E-01  2.82506749748312380E+01  3.68858408651458360E+00
  4.11966131227655820E-01  5.29323330752534280E+00  6.32228493322107350E+00
  7.30946391186454210E-01  8.73523188195081170E+00  8.42170711557634630E+00
  4.22201084465533680E-01  1.82777087298562930E+01  2.83399912651375950E+01
  5.15931587153482510E-01  2.07191906313217760E+01  2.18438617590098900E+01
  5.52347772924787250E-01  1.96811528546854010E+01  2.15181327901540980E+01
  2.49794182180603610E-01  2.34138796085182790E+01  1.55968750935274780E+01
  4.50103975287380020E-01  2.09001397844274630E+01  1.13209953741475720E+01
  3.61769499680632390E-01  1.41291535453913840E+01  1.42594744765305850E+00
  2.77147605524350650E-01  1.53926063761686120E+00  3.66042637376828850E+00
  7.64764367446448820E-01  1.61855049235826770E+01  1.24970275387460410E+01
  5.71326189973923350E-01  1.98939367428205040E+01  1.76394931088917840E+01
  4.07877171249442140E-01  2.03082080595575110E+01  6.64067338687620800E+00
  4.46540105696671490E-01  4.52917936261577840E+00  2.06083381171802710E+01
  5.07606992315717240E-01  1.52219228367504640E+01  2.74478724557348830E+00
  3.01731430220296380E-01  2.52025514037134390E+01  2.22212404611725740E+01
  4.32382463464541460E-01  1.88548572738776840E+01  1.99439819819507030E+01
  3.25762576013666160E-01  4.62937677941789260E+00  1.77509820645034910E+00
  6.24920360555607160E-01  1.36831649877356320E+01  6.37312888822431130E+00
  7.38532964590205680E-01  1.23486634375947940E+01  2.90680346789094630E+01
  3.92511582998476170E-01  7.79683549133188250E+00  1.98389150447135910E+01
  2.97561439636419770E-01  7.10727334043835680E+00  1.98228476822806950E+01
  3.46434506905438330E-01  2.90756553052423430E+01  2.47713887555730460E+01
  5.89502618647478990E-01  4.04296203291092040E+00  1.19150512377937190E+01
  3.32399546609116130E-01  1.04918914484560390E+00  3.29980607165783100E+00
  5.77649046292645880E-01  1.16256730562248710E+01  1.30815457455758490E+00
  4.31729360191427780E-01  1.60067405880664920E+01  9.07797015187766120E+00
  3.17950877609215300E-01  1.62547177449849730E+01  7.24601576439439030E+00
  4.75880684447443510E-01  1.03543121452002040E+00  1.80114792706722330E+01
  3.91816801400439550E-01  6.50903129952944860E+00  8.47101291304527140E+00
  2.50163292655703180E-01  2.78245944856754050E+01  1.18707428473284540E+01
  3.42074681651230290E-01  1.45657561800809500E+01  1.48616407132046450E+01
  3.50974061745161330E-01  1.58841495544109320E+01  2.87026784311936750E+01
  6.18566685513849460E-01  2.29449438065534430E+01  2.38722748529568210E-01
  3.24719866931951940E-01  6.22568839090307780E+00  1.85843916451053100E+00
  3.57201130995523370E-01  1.48602320505861200E+01  2.58044527596723330E+01
  3.13090147150790890E-01  1.43878295832551810E+01  1.18132046650549900E+01
  2.58355477869490890E-01  3.01461085599329290E+00  1.70223340908670120E+01
  4.83351594707823830E-01  2.82633141125520810E+01  1.24569960235921260E+01
  5.48463672908306780E-01  1.67614991115285290E+01  2.88962390229201310E+01
  4.24351701398837560E-01  5.02946331689765550E+00  2.69742207946812690E+01
  6.80557430527969220E-01  2.67610447893574130E-01  2.85806866948499910E+01
  3.73125396709624990E-01  7.01330597035840060E+00  2.72750289564866440E+00
  6.77808113742920780E-01  1.76626374405505470E+01  1.67320726172970780E+01
  7.67512613708393760E-01  5.45924054802170210E+00  2.13857302528955420E+01
  4.76544583128828500E-01  2.08385342411788340E+01  2.91254857150663720E+01
  6.97738347479756800E-01  1.89763843754708650E+01  1.45453425967864010E+01
  4.49545157175862540E-01  2.00923073885104910E+01  1.42810055323102580E+01
  6.25336422111717830E-01  1.30382034661373640E+01  1.23139679531123130E+01
  4.99487474973056500E-01  2.25503825756124950E+01  2.70950764455161670E+01
  6.67521681419926690E-01  5.20082657805213880E+00  2.27967151038085480E+01
  3.44170209092795430E-01  1.60009835925761660E+01  1.84275681943456210E+00
  4.01880163826280960E-01  2.58683566365750580E+01  1.37293571835097090E+00
  5.95035019805102560E-01  7.57160914553586470E+00  1.93815627983175730E+00
  5.20348764567513020E-01  3.35808109266252690E+00  4.10294312398369070E+00
  7.44845164893703690E-01  5.55817983844326060E-01  1.36755248573697760E+01
  6.94010688862415210E-01  2.56492338828019800E+01  2.70256235558217560E+01
  4.00156705760987560E-01  4.13831249861060610E+00  2.29016525409659940E+01
  6.57722721512726150E-01  5.98660863686046070E+00  2.81096327262892810E+00
  3.61198882346046800E-01  1.08345409755666630E+01  2.26480072711379780E+01
  6.07167866036927160E-01  8.23562780452758150E+00  1.11455334025954760E-01
  5.81677556670477180E-01  2.05465514839011480E+01  4.49611167022780480E-01
  3.17579752081870750E-01  1.25054224945493770E+01  1.48056481975537830E+00
  2.69169509893181310E-01  2.04576275655622840E+01  2.56017295521572700E+01
  5.36592099856838090E-01  2.09812378316573960E+01  1.47070110147630380E+01
  3.01799748246536660E-01  2.84648309086236150E+01  1.49017760162855950E-01
  4.05794678723965420E-01  4.89605412528181110E+00  1.09396376263642400E+00
  3.65995101567518470E-01  1.46577694506739980E+01  3.90794359764441880E+00
  3.39481361119070080E-01  2.32705380938688040E+01  6.55159947855334130E+00
  6.97384645011991290E-01  1.88786939627674220E+01  2.24751231204342330E+01
  6.82253548551889110E-01  5.96406957513909220E+00  8.86220385493881580E-01
  5.67035311113654220E-01  1.14420552264976950E+01  1.42036269736346160E+01
  6.47236078597052340E-01  2.24996641553501110E+01  5.93686533622406380E+00
  5.92513140571182980E-01  7.33473612529692080E+00  1.10433971689658430E+01
  4.71553509741754610E-01  6.25850388720569660E-01  1.08478998050622940E+01
  6.55885333720611730E-01  4.23506819121882840E+00  9.95272339501769390E+00
  2.83840017940612550E-01  2.49911566147891360E+00  1.94825906984896240E+01
  5.65219172841477580E-01  2.31641878852822640E+01  2.37416917636847170E+01
  3.48480710258510130E-01  2.56278497182135930E+01  8.55974791251309420E+00
  6.26908127420837150E-01  2.17067843210303590E+01  1.12737833973394430E-01
  2.62213147743524950E-01  1.74741831688379850E+01  2.61223906902504230E+00
  5.08737612195334600E-01  5.85476187671354250E+00  4.69710046123068280E+00
  4.59281804788439010E-01  8.63249871323777640E+00  1.83182307435663500E+01
  2.86550378078914000E-01  8.17086649147806020E+00  2.61865335210581700E+01
  2.99038091422116640E-01  1.82193101050916190E+01  2.03124935497952920E+01
  3.62493203924014780E-01  5.17321208068758050E+00  2.19591345098009820E+00
  5.64616421781660800E-01  1.06041542315142890E+00  1.68679122207045570E+01
  3.87533216804236250E-01  1.02325418347559530E+01  1.98920566234908660E+01
  3.90540239164096370E-01  2.94136975207315960E+01  1.89509415806213930E+01
  5.44640939783434240E-01  2.81231781520227170E+01  1.60698658070420070E+01
  3.84420431658369740E-01  2.24221229503389520E+01  1.29415737741729590E+01
  4.53492046339069340E-01  8.74992074928792900E+00  3.40063600567594550E+00
  6.38023782753992030E-01  1.67888531307848910E+00  2.65047197788222350E+01
  5.00672486592370710E-01  2.71679884121138040E+01  3.08763664730938280E+00
  6.08873319065221350E-01  5.82008288777263690E-01  2.22460315265903080E+01
  3.18942867500738640E-01  2.43775822156619850E+01  8.70108654761757450E+00
  2.65726189967390210E-01  2.19563370293163730E+01  2.15747183727628600E+01
  7.10410487391814980E-01  2.89594861912173090E+01  1.70343246136975640E+01
  4.66797018098134940E-01  3.95526860366154140E+00  1.49570543973245180E+01
  3.89889811574280460E-01  8.54634351029184810E+00  1.33929270982040140E+01
  2.92456502136063850E-01  1.49846288938242420E+01  1.53404606341511550E+01
  3.63079661055833470E-01  2.53905039748879490E+01  1.24366187213120720E+01
  4.13811620468168510E-01  1.01082218996124360E+01  5.89868180646854420E+00
  2.60417758313763680E-01  2.06371564486141000E+01  1.87986885929021600E+01
  4.41940562555082740E-01  3.10680142827110740E+00  2.55453199026389900E+01
  3.08418768867630710E-01  1.14156342857381700E+01  8.34604444187280060E+00
  3.04461637453634990E-01  1.99478346801438630E+01  5.86098560272293940E+00
  4.75626642073745920E-01  1.62166381986364210E+01  2.17252839749585720E+01
  4.19693779402500590E-01  2.91238983560747670E-01  5.09257035206296300E+00
  3.26514001167033020E-01  1.37576591639105460E+01  1.16688149563705340E+01
  3.55388479881239270E-01  2.33011658407249840E+01  2.75022477891124950E+01
  5.33859136323620030E-01  2.01814957803091270E+01  1.19930013198544730E+01
  3.39481361119070080E-01  1.78345229606367330E+01  2.13037414617355040E+00
  2.51153087880769550E-01  1.71805928839804490E+01  6.23964700678934390E+00
  4.21603844523193420E-01  2.50655091321381110E+01  1.76678191177287190E+01
  5.20348764567513020E-01  5.93809748560497750E-01  1.92084167858482930E+01
  6.86210935380316480E-01  1.28983498114453110E+01  2.77541320094393810E+01
  4.41140732643827070E-01  2.24212351602298590E+01  2.90112794114621160E+01
  6.26908127420837150E-01  1.28376759836982790E+01  2.42787951718135380E+01
  5.11871480770454750E-01  1.12251665774196550E+01  1.18057714256863590E+01
  4.70990686464341570E-01  5.22094248536452990E+00  5.44328197487703490E+00
  5.20369884994360540E-01  2.52577725986621540E+01  1.90846140475098310E+01
  3.04306421741581800E-01  5.71034957785317410E+00  2.86512994111673440E+01
  5.88333222664750720E-01  1.22611490655251160E+01  1.33684416610151850E+01
  6.64541222436485860E-01  3.04455141909908320E+00  1.05200932126086750E+01
  4.24351701398837560E-01  2.34045579398006040E+01  2.25205423176322310E+01
  5.55920758830291820E-01  9.26204580226292510E+00  1.40101409382923840E+01
  2.89042915761794110E-01  1.25142226722293600E+01  2.08712725062314150E+00
  2.47647088603063280E-01  2.89142846544218270E+01  1.60776098610862590E+01
  5.88686278844574580E-01  1.66093532098288070E+01  1.74337153653320480E+01
  3.53063097104977870E-01  1.25780504785182310E+01  9.09504628937131090E+00
  4.50600139601478670E-01  2.59893320281349530E+01  2.41816347663159270E+01
  6.65634982039605120E-01  1.46928792566942390E+01  2.68127420475396610E+01
  4.69750256464274060E-01  1.74945732898970260E+01  3.51611616325607690E+00
  6.13801455222646290E-01  1.06040654619884620E+01  7.90965255895394390E+00
  5.14582826754803690E-01  1.62855061038638170E+01  1.44809214671388200E+01
  3.81419328643079860E-01  1.72643157780331080E+01  1.28782748941156480E+01
  7.28196096543639280E-01  3.09738155443273570E+00  1.28316562362004300E+01
  7.33199636544987770E-01  1.48872627693702510E+01  9.61536343766424470E+00
  2.86550378078914000E-01  1.86250143923923090E+01  1.16199904348021920E+01
  2.52169786807371790E-01  2.52489374094679700E+01  6.18415971948821760E+00
  5.01406606281285510E-01  2.21166544302928290E+01  1.16358086119913610E+00
  4.18948713530687210E-01  2.51533489857659840E+01  2.15027269056755510E+01
  3.62620749938717070E-01  2.71328893958748800E+01  1.84408736746104010E+01
  3.15231116497538320E-01  3.88432646630111300E+00  1.10244333743909880E+01
  2.83840017940612550E-01  2.28401558714743660E-02  1.03929631432246020E+01
  4.72199721516180480E-01  2.15904755009870080E+01  1.27390752324316650E+01
  4.41666133880560000E-01  1.67584564333697090E+01  1.97318220015061100E+01
  3.39073066583844400E-01  5.38401560762353350E-01  1.00433980855413710E+01
  2.54831192030272870E-01  1.89128933523183720E-01  2.46061001354525390E+01
  6.65634982039605120E-01  8.77401550111187230E+00  1.94340167601359150E+01
  2.69326463995374250E-01  2.24713860365702910E+01  2.52925486949807090E+01
  3.08418768867630710E-01  2.51602962540625440E+01  2.07756657096321820E+01
  5.63324676144028570E-01  1.96327490016855500E+01  2.54916659134836900E+01
  2.49794182180603610E-01  2.04821536027683740E+01  6.00748017238626900E+00
  6.44956217916396120E-01  2.15615317557618200E+01  2.54227106764976580E+01
  4.26043897269923290E-01  1.76877318033984210E+01  1.14901681644730810E+01
  7.44533748089133770E-01  1.14726192134252770E+01  2.78598461403986550E+01
  2.47647088603063280E-01  1.23573310814849120E+01  2.28496441307945690E+01
  3.47451934045076260E-01  2.52153088267869310E+00  8.95459980191546560E+00
  4.83182858574677270E-01  2.76883336338826280E+01  2.94599685661000410E+01
  5.38382388131525950E-01  2.76399583618131610E+01  2.05293155767602580E+01
  6.08690451339190200E-01  4.47710342861704010E+00  1.95554625341261890E+01
  3.93024383017402490E-01  2.96604025494338720E+01  1.14068310975596820E+01
  2.54611020839302520E-01  2.11083834349370750E+01  2.84460077081865920E+01
  6.82253548551889110E-01  2.85882835173702720E+01  1.13359865207420980E+01
  7.67665169660178040E-01  3.18426720176707520E+00  2.35755500335042140E+01
  3.95839252948554370E-01  7.99420302772031550E+00  1.77505959464940300E+01
  5.15379284759350490E-01  2.05678974393626570E-01  3.37280332039777120E+00
  5.09222041678605210E-01  2.26729889391604720E+01  2.80957530010722320E+01
  4.72038094207023740E-01  5.87380647358801950E+00  1.66811118918721030E+01
  6.64541222436485860E-01  2.78392551455980380E+01  1.00883770296798050E+01
  4.84167632717154460E-01  2.69954654404489960E+01  2.30241671662440020E+01
  5.39922025342825940E-01  3.46237731712613340E+00  2.13840605497126430E+01
  3.77759649416993960E-01  1.43526944875208480E+01  5.34510532158938290E+00
  5.06367095649294540E-01  9.36871359206237740E+00  2.72650681781831990E+01
  3.05466220251299840E-01  2.65503406293326660E+01  2.36759160192275540E+01
  7.55604472483241980E-01  1.55182076656632940E+01  2.38739939192493580E+01
  7.68548325332126940E-01  1.72444888579533360E+01  2.76719674609540400E+01
  3.09209541844886400E-01  1.77621831105889290E+01  1.57426028513120660E+01
  4.71553509741754610E-01  3.38604877254579860E+00  9.21244209592901520E+00
  3.65995101567518470E-01  1.01398429545035300E+01  4.71034990825654720E+00
  6.26517897412854200E-01  1.91648210392039080E+01  1.32351857126694040E+01
  3.55388479881239270E-01  7.62913314997063360E+00  2.69044340686422490E+01
  3.90423892796942250E-01  2.46292548466175310E+01  2.73935673394158350E+01
  4.92172780862642510E-01  2.91167763639793370E+01  4.00867991188803520E+00
  6.66683478841499700E-01  1.78992186607252780E+01  1.37103802742632990E+01
  6.94903868090152520E-01  5.77200127704224820E+00  1.54519486195766740E+01
  7.65642972591057180E-01  2.07400450540706990E-01  1.58472200885279300E+01
  3.52682444144397330E-01  1.82830074603472890E+01  1.53341241949289220E+01
  5.39466591144820300E-01  1.86807541583265970E+01  2.60472054664898670E+01
  4.26043897269923290E-01  2.11917540703609010E+01  1.22224800902675890E+00
  2.53364602799301860E-01  1.70118049965887220E+01  2.66769092310079470E+01
  3.83290088603488770E-01  6.11187350438468260E+00  3.84379404756963120E+00
  5.55920758830291820E-01  3.57827597456420630E+00  2.02952206626285520E+01
  4.13050329149462850E-01  1.50581653551018350E+01  5.70110076000026030E+00
  5.20369884994360540E-01  1.15379214274027790E+01  1.66714416067285890E+01
  6.99477888048091770E-01  2.94443275938661450E+01  1.24768109211208460E+01
  3.59079136884617700E-01  2.38892180462536130E+00  2.80337116197793710E+01
  3.01799748246536660E-01  2.40072986639983470E+00  8.31372506312951920E+00
  5.28731261397185740E-01  2.20139227809586230E+01  1.90356587762572220E+01
  6.80338287111455390E-01  4.36499643441357050E+00  1.60279120907596460E+01
  4.74033319401206570E-01  2.41504452023774940E+01  5.43623423180506120E+00
  3.53302408788900560E-01  1.65945525423110850E+01  2.41400512316292150E+01
  4.03052389307286420E-01  1.44527108525876300E+01  2.25837025867848020E+00
  3.33973424357718240E-01  9.91541691155968150E-01  1.26899718175530880E+01
  4.68162992243922280E-01  2.87306466467907490E+01  2.85955128947006120E+01
  4.72192289519205580E-01  1.24599219529499800E+01  1.44094620165518740E+01
  6.73658304681401180E-01  2.57933357496626390E+01  9.56715032003503830E+00
  4.61178090502161720E-01  2.09021275803232240E+01  1.74200774884736940E+01
  4.18189647978318300E-01  1.79203649235523310E+01  5.54127286856596690E+00
  5.15379284759350490E-01  2.67496832268585610E+01  2.11327947895157560E+01
  5.34553382826858140E-01  1.05813589267431620E+01  1.62284591801011220E+01
  3.70336582810533970E-01  1.14112242221207240E+01  9.74307500848131090E+00
  6.42747544188997020E-01  1.99197814624470910E+01  9.50850028039938340E+00
  4.50600139601478670E-01  9.93304901885059270E+00  2.36403757825222910E+01
  3.55036581058269410E-01  2.53707963345540790E+01  2.46974768959886040E+01
  3.54092873053847420E-01  2.79546061815070740E+01  5.59911849519943950E-01
  5.13614394364816020E-01  2.48062073591612280E+01  4.69861480633455830E+00
  3.65995101567518470E-01  4.45695998291407310E-01  2.39937944104887320E+01
  5.25383403930900440E-01  8.38598481558472030E+00  1.14215551892722300E+01
  3.83598938984435380E-01  1.68255073703719300E+01  1.15438898489164060E+01
  4.86073626967704090E-01  7.46439454579353790E+00  2.58306526001906180E+01
  5.96963967672292380E-01  2.18727231233296100E+01  1.17082877122019920E+01
  4.66553963192992600E-01  1.80073568172987530E+01  2.17006193496699140E+01
  4.15252526658189590E-01  6.87655545512757000E+00  1.55570114388010920E+01
  6.36786611163594070E-01  1.23847658806891520E+01  4.66835771982731540E+00
  6.06760633376156730E-01  9.77899405543872650E+00  3.14879507375531360E+00
  5.25895496843049500E-01  1.85445328253807880E+01  2.49914697517751170E+01
  5.05409982910693060E-01  1.10116058351392730E+01  2.66987864604687890E+01
  5.18912146576496980E-01  4.32509408862821680E+00  2.19972266310346070E+01
  5.81677556670477180E-01  1.94712097138744080E+01  2.82772197042547330E+01
  2.50625569857546320E-01  5.96943530795779240E+00  2.50649739220814530E+01
  6.67521681419926690E-01  1.74246021706438810E+00  1.89085890893181060E+01
  6.52034765531911640E-01  2.67879892837133970E+01  4.17561077840579480E+00
  3.81419328643079860E-01  1.14945778235589880E+01  5.16043533465845880E+00
  3.18942867500738640E-01  1.65147177474325560E+01  2.34726787872855490E+01
  6.63973334543257470E-01  1.75485050700180450E+00  1.48797509523109570E+01
  4.05793634226126800E-01  1.92772328916662940E+01  1.03367665383459610E+01
  2.88617724104866640E-01  1.37331948323080300E+01  1.54478335458104790E+01
  3.17587838135982990E-01  2.68735095196662320E+01  2.77665572051514790E+01
  6.94010688862415210E-01  4.10857447861766630E+00  2.86215251513757560E+01
  3.25036994184950640E-01  2.39299818996455260E+01  2.72425623322342890E+01
  4.41940562555082740E-01  1.31753063833640720E+01  1.38412139148627670E+01
  3.05466220251299840E-01  2.11879291080122770E+01  1.89257391691779410E+01
  7.22984261441823330E-01  1.78605650719057500E+01  1.93554635395766080E+01
  4.60682082706054620E-01  2.67668510780526250E+00  2.07648239909433730E+01
  4.22201084465533680E-01  8.20026535453767380E+00  1.13973158946272760E+00
  6.24824560398126750E-01  2.16053977876770420E+01  2.77042411341845170E+01
  3.63079661055833470E-01  1.85731601683730180E+01  1.83027346874410920E+01
  3.25516939164680520E-01  2.74063929418912910E+01  1.78098104161245200E+01
  4.87886881528419990E-01  1.23014205308331840E+01  1.81134023416662160E+01
  4.34172467284937990E-01  1.33893934020322350E+01  2.23485912911190990E+01
  7.04082361725448710E-01  6.51596791414547650E+00  2.24080269598333250E+01
  4.40295189098215370E-01  2.08878762421948250E+01  1.56793185608575600E+01
  4.54567147313974470E-01  2.68847927648984140E+01  1.72304777899367740E+01
  4.89717368181109780E-01  2.38275628542201120E+01  2.11188273410713380E+01
  4.82771447840326400E-01  1.37227708563703620E+01  2.14951247172217420E+01
  3.54092873053847420E-01  1.39700188156730750E+01  1.95594538487991870E+01
  7.67457697882333090E-01  6.00378289042093270E+00  1.07667044751385600E+01
  4.43129600128677660E-01  2.46219872428634300E+01  2.90616193236130440E+01
  5.61514797181737530E-01  4.49275709435629360E+00  2.38004050770832550E+01
  5.82207618145930890E-01  1.66592452010981060E+01  4.15509395134933700E+00
  5.94092381958372510E-01  2.27491781653064820E+01  2.09943458652276110E+01
  5.64318884198494160E-01  1.83191016809512530E+01  2.89257676275247950E+00
  6.16837537735261420E-01  2.90278146013182160E+00  1.79145022603910210E+00
  4.20581746236023420E-01  2.24745640249092250E+00  2.56123902140712860E+01
  3.16022212934137680E-01  1.75839428403821320E+00  9.50261390229205820E+00
  4.59502380082057990E-01  2.16028188478237800E+01  2.22565163050192540E+01
  7.48336469443998900E-01  2.76142050720381110E+01  6.07720914590044270E+00
  6.90159994875631000E-01  6.54350156845441420E+00  2.81102349394941590E+01
  4.68364091588631840E-01  1.07168900065849420E+01  1.72214050780128180E+01
  4.05593309893122810E-01  2.08711398675470540E+01  2.37058301496423840E+01
  5.55687039951364880E-01  2.16278697176940010E+01  2.10083515289627210E+00
  2.83840017940612550E-01  1.64810429906737670E+01  2.67588294784075950E+01
  5.98280766214214580E-01  1.89847062991625710E+00  1.35418836159667550E+01
  5.84913004272127690E-01  2.59977211939346870E+01  1.57121457152388220E+01
  2.83840017940612550E-01  1.99922979479666200E+01  3.34609496039699070E+00
  2.83517655556827110E-01  9.34755608021394300E+00  9.22973693516539130E+00
  5.27599340399055180E-01  3.28876528620309600E+00  6.32974045248740590E+00
  6.24824560398126750E-01  1.95712765497528450E+01  4.48620201370048210E+00
  4.84167632717154460E-01  1.95782027813056030E+01  2.65374964089054540E+01
  5.66562802601083430E-01  2.94141982739029900E+01  2.65492658258647300E+01
  5.81213412342838430E-01  2.52058990950853390E+01  2.82205688837395990E+01
  5.13285974501586400E-01  5.37325575940230490E+00  1.75290027127606150E+01
  5.29625185962053640E-01  2.45512339867728390E+01  3.68855914498928250E+00
  3.30104909316010620E-01  6.66576532621350810E+00  7.74965182692156860E+00
  5.48174971142568520E-01  1.36350826913842640E+01  2.90487092416982260E+01
  4.72192289519205580E-01  2.83594516424850520E+01  2.16665877049810260E+00
  4.53126113496558960E-01  2.81192416856359540E+00  1.85740234906969840E+01
  5.25993347610763350E-01  7.05082543449174450E+00  9.96261335679718480E+00
  4.75338540515479570E-01  8.45889682502605740E+00  2.68980523487389610E+01
  4.30858982518450690E-01  1.08135731143685910E+01  1.81147871812673600E+01
  7.09741570678139940E-01  5.43999031955277260E+00  8.21145215269249640E+00
  5.05409982910693060E-01  2.76345796191101380E+00  1.54699390995972750E+01
  5.20369884994360540E-01  2.38083373625439200E+01  4.43002205661341100E+00
  2.73281005279713530E-01  2.46609238081999040E+01  1.46803522185002020E+01
  3.09574052588245370E-01  2.40544694470104000E+00  2.72443055372702930E+01
  3.18095930761502070E-01  1.92515775897900450E+01  1.82537830528408770E+01
  4.46537248270915300E-01  1.69302925082593670E+01  6.89054051860091650E+00
  6.38830345620663920E-01  1.72253224788615110E+01  9.44088674870308250E+00
  6.68397269451762100E-01  2.31667620676059120E+01  1.74365921931706790E+01
  5.32488384254616510E-01  1.52149607211507670E+01  1.16381512627807150E+01
  3.17579752081870750E-01  8.04409547032259730E+00  5.50070883335178530E+00
  5.16710955738981780E-01  8.56753038490990270E+00  1.60139654704634750E+01
  4.49545157175862540E-01  1.29256865187767660E+01  7.13392019153133640E+00
  3.20574425314766210E-01  1.62185485331307110E+01  2.02744897541084900E+01
  4.12246671516209600E-01  1.19354631867930540E+01  1.03227369273377520E+01
  4.94550785807675550E-01  6.27229171755284480E+00  2.04207811813630650E+01
  3.59079136884617700E-01  1.06038767442191610E+01  5.30637924128924610E+00
  6.10572080928614460E-01  8.41980158322872190E+00  2.52936691802769080E+01
  4.75338540515479570E-01  2.44205443717094400E+01  1.27297110235266420E+00
  5.09574347305064630E-01  2.65813386360523150E+01  5.32626092455631730E+00
  4.18189647978318300E-01  2.67410764231124530E-01  1.75565423107299200E+01
  3.76753951196820710E-01  2.92078337230963320E+01  2.13913708819419710E+00
  3.84533934306195220E-01  2.85848378971830250E+01  1.32626330462224460E+01
  6.60767019732147710E-01  2.68101674625263970E+01  5.00318546943567630E-01
  5.64318884198494160E-01  2.17300318469430740E+01  3.21543826583004040E+00
  4.69750256464274060E-01  1.01956535710576140E+01  6.82129758960660840E+00
  6.88340418185590860E-01  2.08827833212449650E+01  7.57271271299398310E+00
  5.93150731645016190E-01  6.00093012043873130E+00  7.03571551940996190E+00
  7.17499092254363010E-01  8.05607499216720240E+00  2.40167289798771190E+01
  3.79322922295397280E-01  7.65832166886059170E+00  1.19590799480046180E+01
  3.20574425314766210E-01  1.28755592610577240E+01  1.95934935248845900E+01
  7.17953871372127320E-01  1.37212540008300310E+01  4.45099953550211680E+00
  3.42409596243210680E-01  1.38434726462748990E+01  1.77355590520524800E+01
  4.43129600128677660E-01  2.43216720401930640E+01  1.15648889064156590E+01
  3.78068289465320630E-01  7.28013615183143510E+00  1.69295474256558940E+01
  4.75338540515479570E-01  1.03387062391481150E+01  2.74114974762151920E+01
  7.38532964590205680E-01  1.07658740875867100E+01  1.06435220525113210E+01
  5.07606992315717240E-01  2.45744437786999010E+01  2.50275888002389170E+01
  2.86134314477376340E-01  2.44591871877374130E+01  1.08492856375118390E+01
  5.07437626189109900E-01  2.63237087171217170E+00  2.47241989118632650E+01
  6.15073771326759470E-01  1.86060875950918960E+00  1.23104958759850620E+01
  3.30104909316010620E-01  3.70122407088311610E+00  8.45512138529456260E+00
  6.66683478841499700E-01  1.00783860720208550E+01  1.20729147574131300E+01
  7.49545055295440930E-01  1.75826538832777080E+01  2.34516123956555620E+01
  2.54824432159977790E-01  2.14361512286153230E+01  2.15620946061399830E+01
  5.72142532162989690E-01  2.22526108043281670E+01  2.44212746850581440E+01
  2.77147605524350650E-01  1.08966829257117310E+01  1.98890643847519510E+01
  4.68364091588631840E-01  2.81295858117728700E+01  2.78775873264338330E+01
  4.82771447840326400E-01  3.72864844682150220E+00  1.87620038070425710E+01
  2.50971712925384870E-01  1.09315480856783510E+01  7.10961888757119630E+00
  5.38024295323284910E-01  1.32187599612869280E+01  1.00784822694092280E+00
  4.13050329149462850E-01  1.94634928405856190E+01  2.05781950659000830E+01
  4.86590143357422540E-01  2.14627011380212910E+01  1.81835626066721260E+01
  3.16148313226467530E-01  1.01532529672099160E+01  1.77662296833071060E+01
  3.81419328643079860E-01  1.84670576103853390E+01  1.60445161068836450E+01
  6.52911031193170470E-01  6.71725995183936410E-01  2.73114138500557960E+01
  4.49150663742554990E-01  6.77535326687765770E+00  6.19687797607852710E+00
  4.73113776075054650E-01  1.73742039764047940E+00  8.71395118278463520E+00
  3.65995101567518470E-01  1.20807892471728360E+01  5.62390118786655350E+00
  3.46028387031474870E-01  1.53603949349053580E+01  8.64576418859666520E+00
  4.23675716525973380E-01  1.92441974406984390E+01  2.35348881503601710E+01
  2.47261092463374420E-01  4.23545548499763940E+00  2.12365627473723750E+01
  2.63339374245984010E-01  2.90068451325923460E+00  1.65132541500312830E+01
  2.59062449636064510E-01  2.77360972997068450E+01  1.82922684582358990E+01
  5.77180454669814490E-01  2.20734093937970500E+01  8.00055164729756110E+00
  4.06599624824484800E-01  2.90269496862468550E+01  1.03394607845807050E+01
  4.65278877330243820E-01  3.94859386843721350E+00  1.37344233911958380E+00
  3.07263188066738420E-01  2.59868971914292500E+01  2.49391431243806570E+01
  3.88697647565240350E-01  1.52209231580397210E+01  2.19290992508612810E+01
  6.62122603690132470E-01  2.45009051835591620E+01  9.90252280313290360E+00
  3.79322922295397280E-01  1.23729756243588640E+01  2.51708716728812090E+01
  3.53063097104977870E-01  2.35121416871030210E+01  7.20007702882687180E+00
  6.88885956497308970E-01  1.93211899966291870E+01  7.82099570455345640E-01
  5.33066537704075310E-01  2.58566857591347880E+01  1.46035460376559790E+01
  3.42074681651230290E-01  2.17640486293394140E+00  1.00107655591424990E+01
  4.24351701398837560E-01  1.51471172857986570E+01  2.27541523507552910E+01
  2.92456502136063850E-01  2.58738489684509570E+01  6.78636623057934060E-01
  5.90639534364661320E-01  4.26307383176608750E-02  2.54380900964926790E+01
  4.09705559579089850E-01  2.34512996221326550E+01  9.68585803321670550E+00
  3.59079136884617700E-01  1.85263461318297630E+00  1.76910307201573250E+00
  5.27599340399055180E-01  8.17409087639138220E+00  2.15443720664299260E+01
  5.38382256471750510E-01  2.55406511063944140E+01  5.44953320775161120E+00
  5.96963967672292380E-01  6.82408254031449250E+00  2.93656160336106420E+01
  2.96503602823160150E-01  1.34974148917953140E+00  2.18883754280645480E+00
  3.64593218166308700E-01  7.60309929525216880E+00  1.52741685326993470E+01
  4.18947112612636110E-01  2.74211685082886940E+01  2.72743852905437870E+01
  5.40946473112310590E-01  2.86434037524834610E+01  2.57559316068500870E+01
  3.35017483125717060E-01  1.44920514331913320E+01  1.75411564723666480E+01
  4.75626642073745920E-01  6.83904197038953490E+00  4.63816663607256350E+00
  3.04461637453634990E-01  1.22836432208409420E+01  9.69636243040550920E+00
  4.36315933331792570E-01  1.35924602268080100E+01  2.68715480966047800E+01
  6.77666041374141330E-01  2.81685485232323960E+01  2.33096572490344800E+01
  5.67035311113654220E-01  2.59356066359058170E+01  2.30576285803781400E+01
  3.38650161839631010E-01  1.61972674862936120E+01  2.73127289849162410E+01
  6.94010183176834960E-01  1.15680105766255610E+01  1.54580314885668420E+01
  7.10410487391814980E-01  2.05003524226152190E+01  1.31955132620488840E+01
  4.54567147313974470E-01  2.67284365562910540E+01  2.01397092644034110E+01
  2.52169786807371790E-01  1.45758525564946280E+01  1.95609989796654200E+01
  3.01799748246536660E-01  2.48042401749611090E+01  5.85384828626616380E+00
  4.27719079604653450E-01  1.09238247857262680E+01  4.58826893815506230E+00
  3.87762191716535260E-01  6.65966356820061730E-02  9.49160464229321480E+00
  5.72951670348821020E-01  2.57038528144423030E+01  2.00825600960563800E+01
  5.09222041678605210E-01  2.61878087758598090E+00  4.81881421564032570E+00
  5.25993347610763350E-01  1.94296268742372820E+00  2.00936772935125880E+01
  3.12648490279368120E-01  2.16627564236368000E+01  4.08914957646205850E+00
  3.32399546609116130E-01  3.13131423992870680E+00  5.48528414274159020E+00
  4.43807889241729470E-01  8.76651290507633620E+00  2.23136847495148910E+01
  3.44170209092795430E-01  2.24447358268565720E+00  2.29853065144320150E+01
  2.54824432159977790E-01  2.75745095949293070E+01  3.72426857357234460E+00
  4.21963532045373490E-01  3.98673189450699270E+00  3.40196567555940540E+00
  4.11696508529454960E-01  9.56089009613661740E-01  2.04880352751220440E+01
  4.11346310528290360E-01  1.30917628640932500E+01  1.75839330816703450E+01
  6.16837537735261420E-01  3.23281443280855550E+00  5.63455550626297000E-01
  4.83570943621045310E-01  9.57137262047293900E+00  7.54129335571904310E+00
  4.32382463464541460E-01  1.15228922334795300E+01  1.76234150449917100E+01
  5.92513140571182980E-01  1.77678003171368320E+01  4.54238044108282680E+00
  3.55036581058269410E-01  1.90491751247580830E+01  1.55947112627087740E+01
  4.74581552528920360E-01  9.88347983163457580E+00  2.82448134823860250E+01
  3.44905765886116280E-01  2.75615147416562780E+01  2.33972250629175700E+00
  5.96963967672292380E-01  1.41589391319959880E+01  3.74386168105112160E-01
  2.68569610726517900E-01  1.86150728796257990E+01  1.67051781338029030E+01
  5.80290806494985740E-01  4.81876038600316560E-01  2.31283862047338970E+00
  6.25336422111717830E-01  1.34307920928515650E+01  2.15012070949177140E+00
  6.17452885167652710E-01  1.09946113668364620E+01  2.91334705898573850E+01
  3.29506256422424390E-01  2.49524796467518430E+01  9.02102944939642980E+00
  2.58355477869490890E-01  2.28106310216688040E+01  1.00224409227703470E+01
  4.69641390777102340E-01  8.12694448463367180E+00  1.68959991170943620E+01
  3.49095179616795370E-01  7.51130081530680550E+00  2.75983693819433820E+01
  3.27988333844876360E-01  6.53819952104814290E+00  2.11987593090111590E+01
  3.86383264228710210E-01  1.43812138296712180E+01  1.82533399719765370E+01
  4.75543307221801650E-01  2.08613023100116270E+01  2.28249733254654890E+01
  5.07815655211632320E-01  9.41238902421162930E-01  9.29942628649623160E+00
  6.08088426536500660E-01  2.88789709801577140E+01  1.97934635184375550E+01
  3.93024383017402490E-01  2.42364515709219710E-01  1.83663478291318930E+01
  7.48336469443998900E-01  2.77780909117113840E+01  8.67731896687714870E+00
  3.13454063710418570E-01  6.90307387659002990E+00  6.94836317947438610E+00
  4.43133439323318520E-01  2.69072074827726230E+01  9.49007712488154450E+00
  3.62493203924014780E-01  9.22766901258726340E+00  2.04273951608509710E+01
  5.72881440675418570E-01  3.92167289882938960E+00  2.40989741212702000E+00
  3.71299762957800540E-01  9.93699809542843230E+00  2.57425278285157690E+01
  5.13143010843963320E-01  1.42827217460865600E+00  6.51816220413588440E+00
  3.87533216804236250E-01  7.48020396887961600E+00  2.49579834312295080E+01
  3.90540239164096370E-01  2.58168704073394690E+01  2.10390827033810520E+01
  4.11696508529454960E-01  5.04394883068075650E+00  9.25904153289097030E+00
  4.19670751191123690E-01  1.92062395718867480E+01  1.63527614347330010E+01
  5.39922025342825940E-01  1.70728770888841370E+01  2.22679955477583680E+01
  3.73125396709624990E-01  2.13452106693997620E+01  1.38734516105930190E+01
  5.72628172168292430E-01  2.76258622410513760E+01  1.42461139231018130E+00
  5.63660960642019760E-01  2.70259066921390700E+01  1.62222429586961740E+01
  7.54397230300637300E-01  2.61937609290200300E+01  6.56273658623720020E+00
  4.07877171249442140E-01  6.42228778908915480E+00  5.41645991642504040E+00
  4.61178090502161720E-01  3.02788020734821920E+00  1.16450201416420390E+01
  3.50974061745161330E-01  2.29382459177236950E+01  4.39820232165747970E+00
  4.22541054278063120E-01  1.30989824407309040E+01  2.61684626072682600E+01
  3.25036994184950640E-01  1.91474336863559990E+01  7.42980362977601860E+00
  4.96042965314236020E-01  1.17356736861617940E+01  2.44926258328171040E+01
  3.04461637453634990E-01  2.93648528075732570E+01  1.79646333559969240E+01
  4.21290506291976640E-01  2.32842067495790910E+01  5.21198207497007180E+00
  4.26578460793149810E-01  8.67202142309181840E-01  2.46646539399311320E+01
  3.91816801400439550E-01  2.64814217842686330E+01  2.63292171814644400E+01
  5.32262962461145860E-01  2.68006662997667210E+01  2.47353740144536260E+01
  6.07718241283317260E-01  2.05198640545470350E+01  2.47277544960660830E+01
  5.13425754976809310E-01  4.83174149886484550E+00  3.00212937288680280E+00
  5.46829204411607870E-01  2.41205066881522220E+01  2.31751663640972300E+01
  2.99038091422116640E-01  2.50017128475594500E+01  8.39577808606485830E+00
  3.65374026971610010E-01  9.99231340654294090E+00  2.65864751636301090E+01
  3.46733456860136300E-01  5.99592005064873050E+00  6.03845332545111370E+00
  5.01833768532536340E-01  1.16867060835697880E+01  2.25170943333817560E+01
  2.88617724104866640E-01  1.02357885912216990E+01  1.92168477077643270E+01
  3.13454063710418570E-01  2.21829853486522490E+01  9.73072551083162370E+00
  4.43756654693070110E-01  1.48364439522858030E+01  6.53580934624975370E+00
  5.20369884994360540E-01  1.43659435519984540E+01  2.33264203953937680E+01
  7.41720708060832300E-01  2.54820319317826750E+01  1.09474694188394860E+01
  2.99038091422116640E-01  2.46108211266176010E+01  2.10337948760301430E+01
  3.93024383017402490E-01  3.17370858793819590E+00  1.94374441093278350E+01
  2.53364602799301860E-01  4.13047201287341090E+00  4.06144915290652620E+00
  5.48463672908306780E-01  1.55972217520755190E+01  1.36708088529070830E+01
  5.63660960642019760E-01  1.99370928732906770E+01  1.53612631782618440E+01
  4.99487474973056500E-01  1.36011097378264070E+00  1.02141034818354190E+01
  5.32488384254616510E-01  1.03737717474162880E+01  1.51829111389760230E+01
  3.62493203924014780E-01  2.50633312536446090E+01  1.41891013952824650E+01
  3.90540239164096370E-01  4.36346949114173200E+00  5.52501549884492340E+00
  6.25248164210708260E-01  1.20913843959898440E-01  2.11020768969907700E+01
  3.93024383017402490E-01  7.02239637789464410E-01  1.48018963866672240E+01
  2.83517655556827110E-01  1.68107330826649740E+01  2.04546858086281630E+01
  5.16562546778196820E-01  1.71536150345804370E+01  2.12148686353140970E+01
  5.96777348356598920E-01  2.90688376542950130E+01  8.30033317120123650E+00
  3.35017483125717060E-01  2.29375934951514360E+01  1.59341014651981950E+01
  5.69344335137112000E-01  9.20246315879016310E+00  1.51336200878230150E+01
  5.55509338843663690E-01  2.13983842431728630E+01  1.65335522487652930E+01
  4.09775903561979240E-01  1.59115692249643780E+01  1.96117866933184290E+01
  3.20574425314766210E-01  2.69524747675188390E+00  9.59927881978652660E+00
  5.39466591144820300E-01  2.27880337948469640E+01  2.60444399618872920E+01
  5.18725390566230620E-01  4.62446045795582790E+00  4.65424782852059150E+00
  3.62493203924014780E-01  2.53927329693116380E-01  8.76570445195127060E+00
  4.23675716525973380E-01  1.66062194031011930E+01  1.64213723646141610E+01
  4.13050329149462850E-01  2.27504713994925890E+01  7.27826196288071610E+00
  3.01731430220296380E-01  1.34013783509853500E+01  1.61846566035564090E+01
  3.48156346672602490E-01  2.96788477099690340E+01  4.46358232709802220E-01
  6.83531487369900860E-01  1.10387278943747860E+01  1.30204172755027550E+01
  3.27197753470684690E-01  2.46496689491119230E+01  7.27819655358485560E+00
  3.50974061745161330E-01  2.38325307575309790E+01  6.28647126613861480E-01
  5.77649046292645880E-01  1.84025867882262520E+01  1.07856452843786780E+01
  5.13614394364816020E-01  1.19902430149821180E+01  2.35158174884033430E+01
  7.17953871372127320E-01  2.32515379786056080E+01  1.88983755805059670E+01
  3.01731430220296380E-01  2.48646239111266890E+01  1.83626440904071440E+01
  6.14584822297879540E-01  9.30647110343782740E+00  2.14011545923496980E+01
  4.69641390777102340E-01  7.81963423440316690E-01  6.30781800068974440E-01
  4.49154676673646060E-01  5.87376730540157600E+00  2.71905157832340550E+01
  4.82268891960512480E-01  1.90179008534399440E+01  1.90203786348317050E+01
  6.26908127420837150E-01  2.64036987046571280E+01  1.91087732427767380E+01
  2.50971712925384870E-01  2.26580434260122380E+01  1.12905137459263290E+01
  2.62213147743524950E-01  2.56638215575996890E+00  6.64834296426752580E+00
  6.45167794061425240E-01  5.01670524456166330E+00  1.43453711935642310E+01
  5.94931591270377070E-01  1.73066776555121180E+01  2.47658179152816590E+01
  7.68548325332126940E-01  1.04384860066980710E+01  1.94280981107288930E+00
  4.36195486319121350E-01  2.40640100725024160E+01  1.80803139530737620E+01
  5.33066537704075310E-01  2.08514200449791250E+01  8.79241525475408990E+00
  5.62178328188990490E-01  2.73507407662016710E+01  1.12125462658853290E+01
  2.97561439636419770E-01  6.76697498920288340E+00  1.55216428036565390E+00
  4.82771447840326400E-01  6.67090687215010810E+00  2.52747520978408640E+01
  6.61562106526255890E-01  1.59045924978239700E+01  1.55936358008421150E+01
  5.04339573614743570E-01  8.36714631332892010E+00  2.05308742381861010E+01
  3.45648959319623030E-01  2.32940887210720790E+01  2.17596036116703320E+01
  6.95947079841625180E-01  1.04524910844902820E+01  2.46938770132850110E+01
  4.75626642073745920E-01  2.18326325459807010E+01  9.02456424621866840E+00
  2.57534358191145160E-01  1.16952556504603460E+01  2.07260458017191350E+01
  6.30423428531534040E-01  1.42334129879842250E+01  2.05067444838161920E+01
  3.25516939164680520E-01  2.63520158728727620E+01  7.63092138042955260E+00
  3.14110289759674140E-01  1.87881010474680430E+00  2.09307969603708200E+01
  3.99477862283745790E-01  2.43676300931342200E+01  1.88572512737789640E+01
  6.47236078597052340E-01  1.39115276830685830E-01  6.97993183691316690E+00
  5.28731261397185740E-01  1.97745884314102080E+01  2.93447288736588730E+01
  4.43807889241729470E-01  2.30969466696551140E+01  1.49805435003016050E+01
  4.82268891960512480E-01  1.20047973116214330E+00  2.13475655869727950E+01
  4.30858982518450690E-01  1.24242801467851150E+01  1.63283728769259220E+01
  4.18947112612636110E-01  2.72406718701342850E+01  2.38927638893287550E+01
  3.50662231740508900E-01  2.61148185100298700E+01  2.84224688381414910E+01
  2.85767805251094040E-01  2.31116972834435150E+01  2.87782979614752530E+01
  3.45648959319623030E-01  3.02604951280073740E+00  8.47986421968203890E+00
  3.45648959319623030E-01  1.39083985722226400E+00  5.66026795329616310E+00
