1
  1002  2.97703143874021730E+01  2.97703143874021730E+01  1.00000000000000000E+00
        0.00000000000000000E+00  0.00000000000000000E+00  0.00000000000000000E+00
  3.13454063710418570E-01  1.71808487138605380E+01  2.16944835798332460E+01
  4.43756654693070110E-01  1.25839859357822020E+01  2.68434512368228300E+01
  5.20369884994360540E-01  2.08259195428912420E+01  2.57717795263046380E+01
  7.41720708060832300E-01  6.42672898313693250E+00  2.74486552026355640E+01
  2.99038091422116640E-01  1.08706465132244010E+01  2.44982102940365960E+01
  3.93024383017402490E-01  2.77147545829882170E+01  9.26264362311311550E+00
  2.53364602799301860E-01  1.93397790105273550E+01  6.26610698298668380E+00
  5.48463672908306780E-01  1.23614561019220320E+01  1.00600983250429190E+01
  5.63660960642019760E-01  9.86786582555238210E+00  2.69174370486843880E+01
  4.99487474973056500E-01  9.46003052290815380E-01  1.40672426826200140E+01
  5.32488384254616510E-01  2.48482189035112350E+01  7.25034757265915000E+00
  3.62493203924014780E-01  1.29817420063560470E+01  2.13853104520929380E+01
  3.90540239164096370E-01  2.17474375484655620E+00  2.08065886322610940E+00
  6.25248164210708260E-01  5.66587152053013730E+00  2.33352309928326340E+00
  3.93024383017402490E-01  2.21287400173804050E+01  6.56873592887243520E+00
  2.83517655556827110E-01  4.56008669109554180E-01  7.58445201854021440E+00
  5.16562546778196820E-01  2.75529808772035520E+00  1.87262921351339240E+01
  5.96777348356598920E-01  2.51244823397628420E+01  2.47652964586761910E+00
  3.35017483125717060E-01  1.78705061687337760E+01  6.70331402659508860E+00
  5.69344335137112000E-01  7.30226745025654010E+00  1.72715442442558780E+01
  5.55509338843663690E-01  3.36801714438074250E+00  2.84042560162825200E+01
  4.09775903561979240E-01  2.31647527747281820E+01  1.42285986047631000E+01
  3.20574425314766210E-01  2.28186148526142320E+01  2.74605704354333930E+01
  5.39466591144820300E-01  2.76241474313992440E+01  3.90559261761903190E+00
  5.18725390566230620E-01  2.98995765551656550E+00  5.24952235028970280E+00
  3.62493203924014780E-01  6.03529199100811460E+00  2.25487971434308920E+01
  4.23675716525973380E-01  3.39119002314079720E+00  2.43123158688516520E+01
  4.13050329149462850E-01  2.41261845875718810E+01  6.64019888117488490E+00
  3.01731430220296380E-01  4.51599692171993090E+00  1.56063613195801590E+01
  3.48156346672602490E-01  2.04583851925475560E+01  1.83211564622505600E+01
  6.83531487369900860E-01  1.92330447451174110E+01  2.85704918350642280E+01
  3.27197753470684690E-01  5.09701144638550210E+00  2.44604313185551340E+01
  3.50974061745161330E-01  2.75211270467370730E+00  1.66265575758125370E+01
  5.77649046292645880E-01  4.28659842905261710E+00  2.19295706959562970E+01
  5.13614394364816020E-01  8.84104589812333510E+00  1.56603204474585630E+01
  7.17953871372127320E-01  2.75106775502702630E+01  1.97804620217045790E+01
  3.01731430220296380E-01  1.78548903283712200E+00  1.40529926007737630E+01
  6.14584822297879540E-01  9.80520096550684170E-01  1.61804363166641780E+01
  4.69641390777102340E-01  2.06910299364106830E+01  2.67524105337910460E+01
  4.49154676673646060E-01  2.47760295545620470E+01  1.12153003146458710E+01
  4.82268891960512480E-01  7.60502154984815260E+00  1.35203101793981590E+01
  6.26908127420837150E-01  2.91599131473427240E+01  2.73507010762666670E+01
  2.50971712925384870E-01  2.27804969261164240E+01  2.48317828418657420E+01
  2.62213147743524950E-01  1.33644321139856250E+01  5.66432258986976760E+00
  6.45167794061425240E-01  1.35152427949846510E+01  2.36679993167885950E+01
  5.94931591270377070E-01  2.17821561154788090E+01  1.44584781447193290E+01
  7.68548325332126940E-01  2.04939155472011800E+01  1.49032094617865560E+01
  4.36195486319121350E-01  2.88299573453635990E+01  1.76236507704584150E+01
  5.33066537704075310E-01  2.12444676976725900E+01  1.17513543421409850E-01
  5.62178328188990490E-01  1.04659738412665500E+01  2.52574283676311570E+01
  2.97561439636419770E-01  2.20580290688684530E+01  7.25497997062788610E+00
  4.82771447840326400E-01  2.39851604094670810E+01  9.83085342951629220E+00
  6.61562106526255890E-01  4.40831789435865320E-01  3.55144933314781540E+00
  5.04339573614743570E-01  2.30203843943182740E+01  2.82600885327740340E+01
  3.45648959319623030E-01  1.10601027426654210E+01  1.74233479843766370E+01
  6.95947079841625180E-01  1.21739654732981200E+01  2.07017136427797790E+01
  4.75626642073745920E-01  1.74411889644433630E+01  1.55702428888952170E+01
  2.57534358191145160E-01  2.07392634723658770E+01  1.12198600649848550E+01
  6.30423428531534040E-01  3.59487401803798120E-01  2.02832945973754450E+01
  3.25516939164680520E-01  1.39583354397505030E+01  1.94838437127660530E+01
  3.14110289759674140E-01  1.00430118812632680E+01  9.82519588083520820E+00
  3.99477862283745790E-01  8.81045541654954080E+00  2.54263912032051640E+01
  6.47236078597052340E-01  1.92244481377530080E+00  1.05547784259687770E+01
  5.28731261397185740E-01  1.64228552281760790E+01  1.84167863455586980E+01
  4.43807889241729470E-01  4.50941955070303190E+00  8.40452243612273800E+00
  4.82268891960512480E-01  1.00256393904369430E+01  8.05257942605601680E+00
  4.30858982518450690E-01  6.64877375961336800E-01  3.66277117645606550E-01
  4.18947112612636110E-01  1.98322746496525570E+01  6.72330530916465110E+00
  3.50662231740508900E-01  4.40492352810786430E+00  1.35418853324113700E+01
  2.85767805251094040E-01  2.83130562591242980E+01  7.81807538534199600E+00
  3.45648959319623030E-01  1.98957694305532800E+01  2.70274703474557540E+01
  3.45648959319623030E-01  8.97868824339006010E+00  2.20773449388967400E+01
  6.42005949159872720E-01  1.29844090674704570E+01  1.74220536520651590E+01
  2.74003615458356760E-01  6.79082277425483930E+00  2.16850191213452210E+01
  3.87653287431749970E-01  2.44954727985928860E+01  2.17480999699511660E+01
  4.18948713530687210E-01  2.42922653782206020E+01  1.56994569719994620E+01
  4.53451232343747090E-01  4.17085166399898630E+00  1.97517535255571200E+01
  4.21603844523193420E-01  2.04916095935614560E+01  1.21072839099696670E+01
  2.62213147743524950E-01  2.89787020449725250E+01  2.64385397191290960E+01
  6.94903868090152520E-01  6.45049531281888110E+00  1.06131514436863980E+01
  6.31563936872940970E-01  1.17340091419984720E+00  2.78686156309376470E+01
  7.01778375544082420E-01  1.52149079679228120E+01  2.52980610938168910E+01
  3.46434506905438330E-01  4.24177145661891420E+00  2.60196666823168100E+01
  3.50662231740508900E-01  1.90125127213337560E+00  1.85407960606567880E+01
  3.01799748246536660E-01  2.46102141517378930E+01  1.29660465856171660E+01
  4.41298336829792340E-01  5.31636948543809230E+00  1.05555950126787540E+01
  3.39481361119070080E-01  2.22099267509827530E+01  1.23148054615743470E+01
  3.83181557852844270E-01  2.42866615572505820E+01  2.43460635266066100E+01
  6.75156127532392600E-01  2.60463017005626190E+01  2.69737122508762890E+01
  2.73281005279713530E-01  7.22333894770405750E+00  9.21571347346345960E-01
  6.65634982039605120E-01  1.15006993363658550E+01  1.09797691806595040E+01
  2.54824432159977790E-01  2.10437619009098360E+01  1.40385101294340960E+01
  2.84029264846615530E-01  1.86659383516444920E+01  9.05149875071058930E-01
  4.62836237406567810E-01  1.23588389691844770E+01  8.30677371775498940E+00
  3.33973424357718240E-01  2.10179274426090000E+01  5.74942307871136200E+00
  4.91872428060923640E-01  1.10300213684128570E+01  2.94537533882385500E+01
  5.52490392167627680E-01  7.23658127052115670E+00  1.83909022696666180E+01
  5.39466591144820300E-01  1.42470985338360110E+01  7.76841041599758240E+00
  5.65219172841477580E-01  2.66075409535391390E+01  2.29354564014594440E+01
  3.53776024442120150E-01  6.70950199868905270E+00  2.23073850550375570E+01
  5.54611473665029210E-01  2.24824886088681420E+01  1.35473725790810720E+01
  4.81368497469048420E-01  2.90016552281418390E+01  2.91979855614733170E+01
  2.84672167568555990E-01  2.58603827002799630E+01  1.18956506857848670E+01
  3.06898385793053400E-01  3.76905225309201920E+00  8.09639705471959910E+00
  4.49954956992444630E-01  1.66574010694149020E+01  2.77043528314817920E+01
  5.88686278844574580E-01  8.40238471241305440E+00  4.11516852096243020E+00
  4.36315933331792570E-01  2.85572699517508570E+01  2.30562772295338370E-01
  5.46155746035104350E-01  1.11304198468487350E+01  2.61436123740767920E+01
  4.11346310528290360E-01  2.30028933259953840E+01  1.64232513278114960E+01
  7.44650008855257360E-01  4.76304778241268870E+00  1.30323037935566080E+00
  4.68162992243922280E-01  1.38430918844009380E+01  1.37050607293368380E+01
  7.11073931023246340E-01  2.77020118067398440E+01  1.74157772261652330E+01
  3.02034441597155470E-01  2.31075068025517150E+01  2.03820142188621030E+01
  5.12509616084684260E-01  5.70665825243828810E+00  2.63496550870366950E+01
  3.40422717275118370E-01  1.07338390556706860E+01  7.44205784689345060E+00
  6.65634982039605120E-01  1.71466043661782810E+01  8.91461817190866230E+00
  3.75295693565172690E-01  1.14457415187620520E+01  9.94065416737988090E+00
  4.75626642073745920E-01  2.49516013256606900E+01  2.66194878808301180E+01
  4.72038094207023740E-01  2.21758859625427610E+01  1.99420401513093490E+01
  4.29902962432020440E-01  1.58359071250058390E+00  2.67879652804705590E+01
  5.68910711623079470E-01  6.44460434947724270E+00  1.18766424782480820E+01
  3.07263188066738420E-01  2.94531836499498030E+01  2.94819602998132260E+00
  6.10911033360540580E-01  1.27659473759515440E+01  1.11463469695412750E+01
  3.43353541919950760E-01  1.26558409258987530E+01  2.25855628697025320E+01
  3.15231116497538320E-01  4.27218342056604780E+00  2.66806144794353200E+01
  3.78068289465320630E-01  1.32437504512047880E+01  2.06070434074020310E+01
  2.54824432159977790E-01  2.26183777929485610E+01  1.46063374916225650E+01
  5.44558358435121190E-01  2.37582357669551350E+01  7.52397276176645760E+00
  3.56000803327192820E-01  2.35525896859705280E+01  2.62099579097373440E+01
  3.13454063710418570E-01  1.63150474451465220E+01  1.92519232603693950E+01
  6.12591031919131530E-01  9.36229102249890670E+00  1.06303609327449260E+01
  6.47236078597052340E-01  2.72696627592514740E+01  2.03268844430801910E+00
  2.65726189967390210E-01  1.03002539364823530E+01  1.54775934393483960E+01
  2.96653470797716330E-01  1.73929549136971500E+01  1.88718490976382500E+01
  3.45648959319623030E-01  8.04666201807092030E+00  1.78367607736682420E+01
  3.13454063710418570E-01  8.94020307292656290E+00  2.27351031573257320E+01
  3.39073066583844400E-01  2.72350225047593990E+00  3.46212800081248730E+00
  2.96256570285591500E-01  2.80392929301821140E+01  2.25928580305419440E+01
  4.19081387041561550E-01  7.84251811989667220E+00  2.94793059281808740E+01
  7.08391389715138510E-01  1.48103795461921610E+01  8.88111522588140900E+00
  7.16035261746952050E-01  2.29068257432871970E+01  1.03618586632240180E+01
  4.43133439323318520E-01  9.12576870791407300E-01  9.45471421415100370E+00
  2.73281005279713530E-01  1.33475459668605170E+01  1.47197624364982180E+01
  3.35017483125717060E-01  1.45818856326118880E+01  2.08055495538785260E+00
  5.09222041678605210E-01  2.24252915682199970E+01  5.71699502150568770E+00
  4.27719079604653450E-01  9.59759421084036650E+00  2.57318475085066010E+01
  5.81299825206354370E-01  2.38225116648968470E+01  2.24445911284630530E+01
  5.46155746035104350E-01  1.45055701224149820E+01  2.06668746458219560E+01
  3.05466220251299840E-01  2.36411860874955340E+01  2.33220786299806480E+01
  3.11838068626578210E-01  2.93018913405027770E+01  1.61551979241212090E-01
  6.27423008989955560E-01  9.11616334662912210E+00  1.28051990345778090E+01
  7.12424816007452400E-01  8.44495512046662530E+00  1.16459955966353020E+01
  4.41140732643827070E-01  1.03941353109751610E+01  1.09852416801345750E+01
  3.80273533482480450E-01  1.52598978560612440E+00  7.76795362294022680E+00
  3.29796701345061780E-01  1.92267592490173840E+01  1.11915459130713980E+01
  4.15252526658189590E-01  5.78206491981715680E+00  2.47458734707465200E+01
  2.59062449636064510E-01  2.77677823316912120E+01  2.97638792331805430E+01
  6.18419083689772810E-01  7.82412578378924370E+00  2.57868217035426040E+01
  5.04213456464067280E-01  1.33909210627755170E+01  2.63460678916894580E+01
  3.48156346672602490E-01  1.53077152560942360E+01  1.58164895140861380E+01
  2.89042915761794110E-01  6.77268763244328030E+00  7.80654462430031600E+00
  3.05466220251299840E-01  2.91191241846702520E+01  2.58885823322955740E+01
  6.49919166153384610E-01  1.80296845113013330E+01  2.34120372397479100E+01
  6.14379095469630790E-01  1.23541232245377780E+01  2.79456077187079190E+01
  7.00411917450214720E-01  2.32338157274601440E+01  1.53363739004328730E+01
  5.69344335137112000E-01  9.71278164142582940E+00  2.15315864374264050E+01
  2.57564851167384970E-01  2.14736364058886690E+01  2.53016250305153920E+01
  4.13050329149462850E-01  2.66703551412310630E+01  4.69102461245226720E+00
  6.18419083689772810E-01  1.05029099917144410E+01  2.36581522476155330E+01
  4.26523982883737140E-01  2.08350084988913120E+01  2.82879260695480350E+01
  3.78209123272245940E-01  1.55261480220083870E+01  1.48338556825066730E+01
  2.63055759251188670E-01  1.72108046399428680E+01  1.83427643931879660E+01
  5.00274833943758600E-01  1.77177357145806060E+01  2.23055549588626080E+01
  6.01687927537542500E-01  7.89937505771380440E-01  8.41746545276443390E+00
  4.86073626967704090E-01  2.55787578828579990E+00  2.13683557538710290E+01
  7.62474117278193650E-01  2.07083996625234330E+00  9.32427546073940410E-01
  4.87886881528419990E-01  1.08144791078172560E+01  2.22712912412127330E+01
  2.99038091422116640E-01  8.06920475206738710E+00  1.59136412227984840E+01
  3.50974061745161330E-01  3.97732902697805990E-01  1.33375261875251390E+01
  6.10572080928614460E-01  1.17883545627668140E+01  7.39757347141936440E+00
  3.01731430220296380E-01  8.37272560330849560E+00  1.33620997770143040E+01
  2.59062449636064510E-01  7.58237914545648280E+00  1.20983477694924440E+01
  6.99477888048091770E-01  2.72997151070920870E+01  6.01149953523703930E+00
  4.41666133880560000E-01  2.21418952461139610E+01  2.78113152848881140E+01
  6.86210935380316480E-01  5.63850770205903200E+00  8.37017171977964480E+00
  5.27425300578987690E-01  1.30415902437405510E+01  7.64510316118578000E-01
  7.54505484792745040E-01  2.06844013786639780E+01  8.84666190784715840E+00
  4.11696508529454960E-01  1.71080679461508540E+01  2.69705484787715580E+01
  6.26517897412854200E-01  1.92349856903264040E+01  1.71274851575475000E+01
  5.72142532162989690E-01  1.11772955784937780E+01  1.99178117321784430E+01
  3.47451934045076260E-01  1.30966935399105480E+01  9.54815938784348720E+00
  2.57564851167384970E-01  1.90630559776892450E+01  6.69716228368876900E+00
  5.33859136323620030E-01  1.14839224580082040E+01  2.30424045324981570E+01
  2.69169509893181310E-01  2.05489339441930030E+01  1.38670264279940090E+01
  4.24351701398837560E-01  2.39486279546568750E+01  2.02213417553869480E+01
  3.11762329988951370E-01  2.46634783849468490E+01  1.99540996800152010E+01
  3.50974061745161330E-01  2.34716692396798510E+01  1.70502587918709840E+01
  2.66929568161810020E-01  2.07494828434366100E+01  7.75922253155127620E+00
  7.20816873845379820E-01  1.61457685950117740E+01  2.63736763132185390E+01
  4.22201084465533680E-01  8.33371434603439100E+00  1.05174414132159770E+01
  3.09209541844886400E-01  1.46465327637062670E+01  1.58653616628105350E+01
  2.62213147743524950E-01  7.49092253834022340E+00  5.39365254436344440E+00
  7.60411681679863700E-01  2.24949145225228160E+01  2.22513437848247550E+01
  6.67521681419926690E-01  3.89718103704986700E+00  6.01324709798336080E+00
  4.37954134865551840E-01  2.57190701195045900E+01  2.80440927676760940E+01
  7.16654247500547470E-01  2.62431699982446350E+01  1.90904036835203390E+01
  7.12424816007452400E-01  6.26551265657534540E+00  4.36822281856150240E+00
  3.61198882346046800E-01  2.22730681736998620E+01  4.86027298244190310E+00
  3.82245446386266610E-01  2.17826077707347810E+01  3.08060949253704130E+00
  3.58737518624021320E-01  4.87770135627113800E+00  1.72577348963128370E+01
  5.81547682683179710E-01  1.16437159103110040E+01  2.51395845037042460E+01
  4.21963532045373490E-01  4.95790931788853050E+00  2.01339370762908950E+01
  3.12648490279368120E-01  2.50464282817448060E+00  2.32084780794074810E+01
  3.25036994184950640E-01  2.67614730345636540E+01  3.95874418186511290E+00
  3.83290088603488770E-01  6.36054076516059030E+00  6.99811174390312020E+00
  2.93443024193560210E-01  1.14756114331316080E+01  1.91059700101327010E+01
  2.66929568161810020E-01  2.96815779327236200E+01  1.71202347653835750E+00
  2.99038091422116640E-01  2.16794369955466380E+01  2.05313875016202980E+01
  6.00040109246873770E-01  4.00665315629315180E+00  2.41397266523464760E+00
  7.14535578675763720E-01  2.13330427955770290E+01  2.31596973289900840E+01
  3.06898385793053400E-01  7.99400719310612030E+00  1.53124076554577420E+01
  3.45648959319623030E-01  1.89141177590161650E+01  5.15364061767704220E+00
  3.87046365911375680E-01  1.34847725729086090E+01  6.43161463265509250E+00
  6.56539952722306990E-01  1.74652130713244950E+01  1.01971483321635490E+01
  5.07436062422724900E-01  9.60869264113297380E+00  6.03526893327632590E+00
  7.39270392714900380E-01  2.52927090666525950E+01  1.51166296602260830E+01
  5.38024295323284910E-01  1.64927536508336950E+01  1.18644157699315560E+01
  7.33199636544987770E-01  1.49330681679189820E+01  1.03170794124780500E+01
  6.31923671661538840E-01  1.11875729373989130E+01  1.64541899507455760E+01
  5.72951670348821020E-01  2.29922954120296200E+00  1.97146651540064150E+01
  6.40456937776772590E-01  1.62729128496397020E+01  1.07068762142822140E+01
  4.77241894706072770E-01  1.93853534123271060E+01  1.04004575411924240E+01
  7.64764367446448820E-01  8.59755368097231990E+00  1.88100076495442820E+01
  7.16535845940979770E-01  7.06758454050343770E+00  1.57472344359497110E+01
  3.10705613459761840E-01  1.77454533534220800E+00  2.12231900205698420E+01
  3.89901968262705180E-01  2.51180439152436820E+01  2.37427496523096050E+01
  7.15011499502423580E-01  1.31652981500967900E+01  2.00031356695549030E+00
  7.60297905848187840E-01  2.45005405131033310E+01  2.54692173675329240E+01
  2.65726189967390210E-01  6.24473181742949010E+00  7.63650617539619960E+00
  4.53492046339069340E-01  4.21149538970662630E+00  1.77217537431784500E+01
  5.18725390566230620E-01  1.01118934052355950E+01  3.39085588174022190E+00
  4.24020504903543660E-01  2.71484615404819320E+01  4.75679216013824210E-01
  5.17634268500846420E-01  1.75511265642607200E+01  1.21915578650212560E+01
  4.54567147313974470E-01  2.59371904134819430E+01  2.09011285688459840E+01
  3.65965634987757580E-01  2.06470679668165930E+01  7.88891132283737310E-01
  2.96256570285591500E-01  2.80219915306921980E+01  2.72426956001608720E+01
  5.50543265074639000E-01  1.89451833908683160E+00  1.69024917969315920E+01
  4.46540105696671490E-01  2.75072210175008180E+01  4.88445887118418120E+00
  6.47236078597052340E-01  2.97493388864572810E+01  4.77565231944710080E+00
  4.82769235883485770E-01  1.24223627386186520E+01  2.95041056837485950E+00
  2.97529618718302210E-01  2.68645256387406840E+00  2.89325961263608240E+01
  4.13811620468168510E-01  5.06281240747611340E+00  5.00762636254442390E+00
  4.87785457169642190E-01  2.14484426020843490E+01  1.34159162863785610E+01
  3.41778742319800830E-01  5.67820006755450630E+00  2.39962946634042920E+01
  4.05793634226126800E-01  8.26416591761296890E+00  1.71122465274856170E+01
  7.14516279726398110E-01  1.12261230763173540E+01  2.86344363116641570E+00
  3.71799304162545760E-01  8.78321986454642810E+00  2.13871968139721820E+01
  5.77820253962530560E-01  6.27181274926065150E+00  1.67679713405038270E+01
  4.75626642073745920E-01  9.10565242163505320E+00  1.39074023128394300E+01
  5.46562010559427060E-01  2.51216764907475110E+01  1.33375270216184940E+00
  3.29506256422424390E-01  2.78190103335216430E+01  1.24950942133131130E+01
  2.62213147743524950E-01  1.88147240679087490E+01  1.43028344079336780E+00
  3.63105686475124490E-01  2.70856255248635380E+01  1.04957383732542930E+01
  7.08391389715138510E-01  1.40899859329242180E+01  3.08173993695571860E+00
  4.26578460793149810E-01  2.68366581028641560E+01  1.65709643547761340E+01
  6.08873319065221350E-01  3.88003505449131940E+00  1.87304967566036100E+01
  5.39466591144820300E-01  2.80419409291938320E+01  7.00325532788142180E+00
  4.66553963192992600E-01  2.45161942545530350E+01  8.19257776069854770E+00
  4.82771447840326400E-01  1.38861653674280190E+01  1.09351809817015600E+01
  5.13004586318856950E-01  1.44608418285412550E+01  2.71211529759501960E+01
  3.17084428049163950E-01  7.73227014236353580E+00  2.87515802674112240E+01
  3.50974061745161330E-01  2.84166706266825390E+01  1.28869293356135440E+01
  3.82382183723224410E-01  2.71931768667550140E+01  1.46510908703982460E+01
  3.77759649416993960E-01  2.83841407955061090E+01  2.66746759253874540E+01
  5.74203886104520670E-01  5.41255799886245730E+00  7.13029380704289740E+00
  4.11346310528290360E-01  2.41938705467829680E+01  1.47763693689162620E+01
  5.06367095649294540E-01  5.72073078607341220E+00  2.93831458560445820E+01
  6.01687927537542500E-01  3.46265361389602160E+00  7.20549447677975770E+00
  2.49794182180603610E-01  1.80728820908453400E+01  4.07021863529630060E+00
  6.11481049571092420E-01  2.46718775678973850E+00  2.62194180305199540E+01
  5.03927515451986880E-01  4.31058659911234980E+00  2.41922463022667390E+01
  6.35485889077753010E-01  2.66374813443967680E+01  7.16990689377079790E+00
  2.99038091422116640E-01  1.85411328135335690E+01  1.39580904758461450E+01
  4.22541054278063120E-01  2.28894769729385740E+01  1.26592513618991840E+01
  3.05466220251299840E-01  6.52249525101200160E+00  2.64060649403414050E+01
  2.62213147743524950E-01  2.89058086649461110E+01  4.42320857936316610E+00
  3.61769499680632390E-01  1.03988122682789900E+01  4.69650609097284730E+00
  2.47647088603063280E-01  1.94120328109027440E+01  2.66762103261327110E+01
  3.11155895623034430E-01  7.39487661367984030E+00  2.70357417039313500E+01
  2.66929568161810020E-01  2.15111846730113250E+01  2.81342331522278180E+01
  6.90395435464654740E-01  1.96930731300944080E+01  2.92788436234351050E+00
  2.96503602823160150E-01  1.04026748873614570E+01  2.27685952685789060E+00
  6.57722721512726150E-01  2.45836471616430570E+01  3.93492274680333140E+00
  7.24777883420223110E-01  3.82715527491260050E+00  1.66083011035630900E+01
  5.48279863025970290E-01  1.78363443905579220E+01  2.45941859011788610E+01
  6.40748513009616880E-01  2.39210614141485000E+01  2.13532669681140860E+00
  2.56092450391898300E-01  4.29985342575117620E+00  4.04827239342346430E+00
  7.17499092254363010E-01  2.68127509626752350E+01  1.22059029143274100E+01
  4.66141488621800890E-01  2.08441025615962780E+00  2.94743284052012240E+01
  6.33759023001558490E-01  7.65036307623033270E-01  1.42604844959986380E+00
  5.48279863025970290E-01  2.66665426704598400E+01  2.59201214794198830E+01
  4.19081387041561550E-01  1.13394246376064450E+01  1.73631482378658290E+00
  5.70902198024309190E-01  1.53917099393687610E+01  1.15374671117542550E+01
  3.17950877609215300E-01  4.48266995824498780E+00  1.20019958736821480E+01
  5.96963967672292380E-01  5.23962620504048180E+00  1.50732635708136690E+01
  6.18832453479690690E-01  4.98092287808780650E+00  2.53990058869151480E+01
  2.63339374245984010E-01  2.64398156541802290E+01  2.84658228483215690E+01
  3.55036581058269410E-01  2.05293644345716690E+00  2.81620978907328590E+00
  5.84913004272127690E-01  2.69743217694992910E+01  2.09678054774333620E+01
  5.77235448209733180E-01  9.82804719864115840E+00  2.26718271527680070E+01
  5.01105313190319460E-01  9.67927741781205060E+00  1.81530314478725750E+01
  3.83598938984435380E-01  2.94465379071229310E+00  1.21211729158382720E+01
  5.98360795606824340E-01  2.63029973389235360E+01  1.42413234474126470E+01
  3.41778742319800830E-01  1.24536630440726860E+01  2.60691161760918000E+01
  3.29796701345061780E-01  1.39604897496778140E+01  1.29158675436410830E+01
  3.84420431658369740E-01  3.41424872034183040E+00  2.15243607384590550E+01
  4.91872428060923640E-01  1.51768931919552210E+01  2.92727633648337180E+01
  2.93443024193560210E-01  1.32672038439676450E+01  2.55581392255552870E+01
  5.81299825206354370E-01  2.58545693898011070E+01  1.63448844630789410E+01
  5.68243553274813350E-01  1.16641298379671450E+00  2.55895430529224790E+00
  5.39001667068871980E-01  6.05228496340357050E+00  1.29122816952082860E+01
  7.01587183784351610E-01  2.46314207280166640E+00  2.75320971813123880E+01
  4.45239477383046460E-01  1.70082067629646620E-01  2.37514029355953400E+00
  5.39001667068871980E-01  9.27197030083595840E+00  1.66596218042540760E+01
  2.86134314477376340E-01  1.08394125546514530E+01  2.86997807533785620E+01
  7.70254277643880240E-01  1.91975994047995400E+01  1.57314209801587650E+01
  3.45648959319623030E-01  1.37912591914920760E+01  2.01338195876126240E+01
  3.39481361119070080E-01  2.20800290027339160E+01  1.53305899574906590E+00
  3.04461637453634990E-01  2.58503895985536540E+01  8.50722165134704510E+00
  5.20369884994360540E-01  1.75422859699499480E+01  2.88022976745464130E+01
  2.65726189967390210E-01  1.42800028562284710E+01  1.54100574311802330E+01
  6.26908127420837150E-01  3.63664155310268590E+00  9.02404768730127670E+00
  3.48480710258510130E-01  3.86721900872336820E+00  1.55358873432694920E+01
  2.96653470797716330E-01  2.26764453324400610E+01  9.37627379714762550E+00
  6.31923671661538840E-01  1.67727760390037690E+01  2.08423169166943970E+01
  4.09705559579089850E-01  1.01937782011450470E+01  9.60711192711435300E-01
  6.72499163702481620E-01  1.55377293908922830E+01  2.76298544592323660E+01
  2.84029264846615530E-01  1.93011733573068510E+01  7.18366612790418020E+00
  5.34631033075580400E-01  1.90463620716128080E+01  2.73673310855602840E+01
  6.17076625982510940E-01  2.17345982578586110E+01  9.72816151078951560E+00
  6.55074006360275090E-01  2.63092788377778960E+01  1.15358987137254280E+00
  5.46562010559427060E-01  2.17607954472514960E+01  1.08913665687651000E+01
  5.17626013175185660E-01  6.47441640172188570E+00  1.91418900170680640E+01
  5.82207618145930890E-01  9.73353736963137630E+00  1.17658693121566600E+01
  5.98268629341587580E-01  1.30970913122716560E+01  2.89036123516039820E+01
  5.34553382826858140E-01  8.29767452583167930E+00  2.32876649086099370E+01
  3.76753951196820710E-01  2.04741362815912500E+01  2.75704051969096260E+01
  7.52518120402026810E-01  5.92489808867551470E+00  5.79280027270187860E+00
  4.81368497469048420E-01  2.97208153153418380E+01  2.63951365975441450E+01
  6.47413426355271770E-01  2.35959485304944860E+01  2.12369821620027710E+01
  3.05466220251299840E-01  2.81704757288347560E+01  2.93682540759642700E+01
  4.46689977500956030E-01  1.96978628806444080E+01  9.53132256847138140E+00
  6.18566685513849460E-01  1.34707361125593260E+01  8.65750293548966350E+00
  5.36592099856838090E-01  2.59862384779352030E+01  9.33699408237846740E+00
  5.09574347305064630E-01  2.52996198682402710E+01  1.83077397244565850E+01
  4.92328788949218680E-01  2.39679364733840820E+01  2.85679773803564460E+01
  4.83351594707823830E-01  2.35063071647266000E+01  2.47222869909828870E+01
  4.40650972415989980E-01  1.63412378113384840E+01  8.15629961423412200E+00
  6.10911033360540580E-01  1.38772373209758480E+01  4.90250683927194860E+00
  4.34172467284937990E-01  9.97691831803245320E+00  8.96741321629014370E+00
  7.03188417218805210E-01  1.38366102888038790E+01  1.84625399205037830E+01
  2.92799561075502800E-01  2.87834291318112430E+01  1.14577160467296830E+01
  5.68243553274813350E-01  2.84489561975568040E+01  1.22906183488468290E+00
  4.60682082706054620E-01  6.41630874479333800E+00  1.77963146676959600E+01
  6.41715074739605920E-01  1.62358994412267740E+01  6.77250032588573080E+00
  4.55206736325743130E-01  2.88842810807569850E+01  6.47476888869090410E+00
  4.22201084465533680E-01  2.16060330652022260E+01  5.27436281190162950E+00
  3.63079661055833470E-01  1.94150716389120670E+01  5.65441907894976570E+00
  2.63055759251188670E-01  1.44614345569094610E+01  1.77257758592197230E+01
  5.32877675645020420E-01  2.64232234810295050E+00  9.62024117732216410E+00
  5.77235448209733180E-01  1.25498641651444100E+01  2.44173926469799550E+01
  4.09775903561979240E-01  1.60504832652524490E+01  1.74205077375925510E+01
  6.93187364831086050E-01  1.11938050211540500E+01  1.51293707452463040E+01
  4.30054269381220950E-01  2.58225793527146830E+01  5.13742725098884460E+00
  5.07436062422724900E-01  6.53216258999389690E+00  3.06324507718732560E+00
  2.49948351789403130E-01  2.15423434701920940E+01  2.67443132635174590E+01
  3.16022212934137680E-01  1.98054437677472280E+01  2.77511355941773810E+01
  4.72818350263822220E-01  2.63717153695647400E+01  2.74997134269262490E-02
  4.46689977500956030E-01  1.56984465431071330E+01  5.82692582170354800E+00
  4.74581552528920360E-01  2.00355769117769780E+01  1.28786383484250740E+01
  4.86590143357422540E-01  2.33237305914091420E+01  5.28813802921594260E+00
  2.73281005279713530E-01  1.57889800839369040E+01  2.20111369841523050E+01
  5.20515140446715560E-01  1.11067272782790860E+01  2.79391672619143350E+01
  4.13811620468168510E-01  1.68038652832858090E+01  2.23158488068419740E+01
  3.81419328643079860E-01  2.41132149149780300E+01  2.94293270045974960E+01
  4.05593309893122810E-01  6.37800184495632560E+00  2.37347692133044140E+01
  5.85380732291966590E-01  8.32606499755321220E+00  5.53824737374855760E+00
  4.06599624824484800E-01  3.35644608561381740E+00  1.78457910368692230E+01
  6.40456937776772590E-01  1.86126441063104550E+01  9.59290431472184760E+00
  4.75626642073745920E-01  2.00171209870545750E+01  1.13458471414280610E+01
  5.09222041678605210E-01  2.18227683952804450E+01  2.60265809275025570E+01
  5.77820253962530560E-01  8.84920908684788010E+00  2.64027999010605150E+01
  3.80273533482480450E-01  2.11415561429537660E+00  5.45066864407404950E+00
  5.01406606281285510E-01  2.11311040913327950E+00  1.24240985265888500E+01
  3.59079136884617700E-01  3.74746067248283010E+00  8.71625622824849700E-01
  5.94092381958372510E-01  6.59982578846740870E+00  1.39038057097776090E+01
  2.54611020839302520E-01  2.01437265835350880E+01  2.82195735048193440E+01
  4.99223721401470310E-01  8.54488320844471790E+00  2.88262036978901470E+01
  2.54611020839302520E-01  2.28541232586192000E+01  2.53315650583044240E+01
  3.20574425314766210E-01  2.58618541483517110E+01  3.02178749535705120E+00
  2.85767805251094040E-01  1.35353135771021840E+00  1.68279887919271150E-01
  2.54611020839302520E-01  1.83165732792386680E+01  2.87704430386459580E+01
  4.12246671516209600E-01  2.44766334276341980E-01  1.92475350605313090E+01
  4.41298336829792340E-01  3.02271994828520450E+00  8.15060824126961410E+00
  7.09985914168247060E-01  1.13931150661574030E+01  5.09631359279353460E+00
  6.80956647410425740E-01  2.76570174416473690E-01  1.50932066230146450E+01
  4.75338540515479570E-01  4.81895930328794010E+00  3.11821517755718030E+00
  7.49588614928249000E-01  1.82164415835848600E+01  1.82267864111389670E+01
  4.74033319401206570E-01  1.18732865522007510E+01  1.73212241679365460E+01
  5.20515140446715560E-01  1.01074049827458730E+01  2.90380977366665110E+01
  5.48131117613959250E-01  2.35691338488490060E+01  1.33605758819824420E+01
  3.46733456860136300E-01  2.09943803471289210E+01  2.90444640311242600E+01
  6.97384645011991290E-01  2.20335834110431430E+01  2.89447683555500070E+01
  3.78209123272245940E-01  1.26226766447381880E+01  2.53696447477504810E+01
  3.82382183723224410E-01  9.25664680421504290E-01  1.08095925147133800E+01
  4.46537248270915300E-01  2.61411591058836020E+01  2.24229330456579130E+00
  6.08690451339190200E-01  1.79879754482466830E+01  4.92417634815550630E+00
  2.59062449636064510E-01  1.53207223959075400E+01  2.85357593319731220E+01
  4.43756654693070110E-01  1.61245719447166210E+01  1.99846677530433680E+01
  3.18942867500738640E-01  2.74877934152150520E+01  1.52870885921671640E+01
  7.16535845940979770E-01  5.17389051224629530E+00  1.90161453630895640E+01
  4.62836237406567810E-01  2.24889848451575500E+01  3.54418653125631520E+00
  6.97384645011991290E-01  1.54420682416162230E+01  1.34860697773327720E+00
  2.47647088603063280E-01  1.48370774256405420E+01  5.00022540895950660E+00
  4.05793634226126800E-01  1.73858005627203970E+00  1.15978256801486590E+01
  5.37364664263313330E-01  9.87818015534249480E+00  7.04439618800284870E+00
  5.72881440675418570E-01  5.41256063704221370E+00  2.10184740564815300E+01
  5.04213456464067280E-01  1.43523374644394010E+01  2.44554383279488260E+01
  3.86557871019070410E-01  2.80359748062996840E+01  2.49247201031225640E+01
  5.62178328188990490E-01  7.54952313301495440E+00  1.45632001006016920E+01
  6.41715074739605920E-01  1.60554396628184790E+01  4.04618851453324440E+00
  4.54567147313974470E-01  4.91721449112567650E-01  2.43949061588147170E+01
  3.97011970696729720E-01  3.55880174136697390E+00  1.48147326383242140E+01
  3.99477862283745790E-01  5.58533785147484620E+00  5.08147498813159440E-01
  5.15931587153482510E-01  7.27728682737197460E+00  2.35347934274473690E+01
  5.98026541173087530E-01  1.09053365310064270E+00  2.90949971820770190E+01
  5.94917806945655060E-01  1.48246572751638780E+01  4.15771571269412640E+00
  3.86557871019070410E-01  2.69947374944634860E+01  2.20668138042870370E+01
  5.52347772924787250E-01  1.46036883590833640E+01  2.31694604290036780E+01
  4.05793634226126800E-01  5.60543632570485070E+00  1.74914459263892610E+01
  4.66753989857397040E-01  2.43642157569965720E+01  1.85892470091177270E+01
  6.77666041374141330E-01  2.05972061419378600E+01  1.89300245954769150E+00
  3.23306573977224420E-01  1.39672366117126150E+01  6.95279446828674090E+00
  6.88340418185590860E-01  1.84599784226125970E+01  2.31141370638565660E+00
  4.11696508529454960E-01  1.86163260020521550E+01  2.21507361137634860E+01
  4.03052389307286420E-01  2.22665944106630000E+01  1.60753518012000280E+01
  2.97529618718302210E-01  2.55354435314219610E+01  5.98131879590111560E-01
  3.13090147150790890E-01  2.63947939791101230E+01  3.36404836398008070E+00
  5.01435669612667030E-01  2.05705632137308920E+01  2.41065816425515000E+01
  5.26482748420329030E-01  2.27126744025681550E+01  7.75481699888584510E+00
  6.75156127532392600E-01  2.77092922597712740E+01  2.35065000268106670E+01
  7.20816873845379820E-01  1.63012529573564640E+01  2.88191422543805980E+01
  5.30006102735105960E-01  1.99584700797699210E+01  7.66372235131725700E+00
  3.43353541919950760E-01  1.92308384730082090E+00  1.60097237459475250E+01
  5.32877675645020420E-01  3.10051924611800270E+00  1.06209110872747080E+01
  6.44956217916396120E-01  6.92007383454841030E+00  8.72879726295722950E+00
  3.55036581058269410E-01  4.29299605404555340E+00  1.49760036826156910E+01
  4.30054269381220950E-01  2.90570625866422250E+01  2.02071306596045860E+00
  4.93734512940847830E-01  2.00857691113914570E+01  2.50793608969534600E+01
  3.42409596243210680E-01  2.26642837180985380E+01  2.58972343874450280E+01
  5.58952633370732950E-01  1.11215120351597240E+00  1.27739900247140350E+01
  4.49954956992444630E-01  1.34824040903397910E+01  2.48466173300308530E+01
  4.11346310528290360E-01  2.95611969916061810E+01  5.81734375894181710E+00
  4.72818350263822220E-01  2.58849914173394780E+01  2.89494499504502160E+01
  5.00672486592370710E-01  6.92050572824849830E-01  5.67495296017798180E+00
  4.15334611176110170E-01  1.69154813961162520E+01  2.48779201844180630E+01
  7.70254277643880240E-01  1.63614678004179410E+01  1.62824018083946600E+01
  5.32262962461145860E-01  1.68179754236610530E+00  2.53888603537591740E+01
  4.01880163826280960E-01  7.42045253249972260E-02  9.55808219302043400E+00
  7.41720708060832300E-01  7.29898508368518510E+00  6.37846192945366310E+00
  3.01674668393272730E-01  6.66846335552373050E+00  9.64103827334767340E+00
  2.66929568161810020E-01  2.15404663461601940E+01  1.80961587386871370E+00
  4.15334611176110170E-01  2.06011390604533200E+01  2.22993503650087490E+01
  5.20369884994360540E-01  1.80346836884300890E+01  2.70690641007210430E+01
  2.84672167568555990E-01  2.54311954820424650E+01  1.41021190968280800E+01
  5.18912146576496980E-01  1.84735482497895730E+01  1.08008328736225470E+01
  3.90540239164096370E-01  1.20703912945197250E+01  2.15110414633340240E+00
  3.63079661055833470E-01  2.82736833214548220E+01  2.14334605330156290E+00
  4.73113776075054650E-01  1.49959586687530100E+01  1.41683909364403050E+01
  5.55687039951364880E-01  2.24315769295687170E+01  2.09369689764255820E+01
  6.97384645011991290E-01  2.09445351886164880E+01  6.81484874920309740E+00
  3.54092873053847420E-01  2.58985103329931760E+01  2.23511094804612680E+01
  7.37991961479508610E-01  1.55046964919243260E+01  2.78192654436548730E+00
  5.10790949981952740E-01  2.54801452646877670E+01  2.00514505205940770E+01
  7.03918080384424090E-01  1.36709187045022330E+01  2.23280114854325900E+01
  2.69326463995374250E-01  2.92653666402587870E+01  3.99767101304948690E+00
  5.39922025342825940E-01  1.30702602733114530E+01  3.80146844466690850E+00
  5.39922025342825940E-01  1.79306685556240770E+01  2.12877032850487030E+01
  3.52682444144397330E-01  1.04441274555514210E+01  1.93543606345366540E+01
  3.17084428049163950E-01  2.31107018997955160E+00  2.06043961912608790E+01
  3.92511582998476170E-01  1.84230923722614470E+00  2.44787590813789360E+01
  2.92799561075502800E-01  1.51985848929215380E+00  1.35213544987670670E+01
  3.63105686475124490E-01  2.23602786523807180E+00  3.96688993259754990E+00
  3.25036994184950640E-01  7.15149363602347510E+00  2.64482464612146440E+01
  5.70902198024309190E-01  1.56975433629721940E+01  1.26371848758836300E+01
  6.18138908065390960E-01  1.78069364725289390E+01  1.18023374477094850E+00
  3.10705613459761840E-01  7.66347600047518450E+00  2.02557022866401760E+01
  6.99092076263204730E-01  4.27006872069437730E+00  1.10077948847720690E+01
  4.40295189098215370E-01  2.45499815381953110E+01  9.09845032807124810E+00
  6.52034765531911640E-01  1.65551061001053520E+01  1.48734648249631490E+01
  5.12628979659419230E-01  1.16535923329509450E+01  2.70632919297291110E+01
  2.68569610726517900E-01  2.70729039597664280E+01  2.95577305320950150E+01
  4.41473589537221400E-01  1.98870858439847320E+00  2.85718743231894590E+01
  7.41623060643924430E-01  1.58889746582663210E+01  2.30211005499695600E+01
  2.49794182180603610E-01  1.69810465940193150E+01  1.12462564294818360E+01
  3.44856808658559500E-01  6.01003487223293040E+00  1.58302255924356260E+01
  6.83701617051292750E-01  2.96467343703985830E+01  1.06251388685901450E+01
  7.19599311285852310E-01  1.40542617054001640E+01  3.87452682836908480E-02
  6.67521681419926690E-01  3.17231298985648640E+00  2.15549938833376630E-02
  5.40946473112310590E-01  3.80779528991992140E+00  2.73998659457397440E+01
  3.83579206291793930E-01  9.41893936581092820E+00  7.91229609035433160E-01
  5.04339573614743570E-01  2.03086871071783750E+01  1.74821740866348420E+01
  6.35523375007872900E-01  5.15168901533649850E+00  1.63023322966563030E+01
  3.44905765886116280E-01  1.74520650086612260E+01  2.77086881949197910E+01
  2.65726189967390210E-01  1.57805176554590330E+01  1.54250441374843580E+01
  4.87785457169642190E-01  2.24275450177412980E+01  1.83878452718333880E+01
  3.71299762957800540E-01  1.48906766686045130E+01  1.52302878772401230E+01
  4.13811620468168510E-01  2.02344261213555330E+01  2.90188284408637430E+01
  5.69423614487483490E-01  3.80745560993512290E+00  2.52136347099443550E+01
  5.83429036676414100E-01  1.11639905614460470E+01  7.49730851556885190E-01
  5.30006102735105960E-01  2.22186958598507760E+01  8.68850140511350590E+00
  5.16710955738981780E-01  8.24027218035558920E+00  2.09064381102377930E+00
  2.65726189967390210E-01  6.68538884215260150E+00  9.54246449270484830E-01
  3.18942867500738640E-01  2.88143719371357780E+01  1.23420200539681560E+01
  3.23881608201221470E-01  2.75590697271886820E+01  2.92196338040156040E+01
  3.54092873053847420E-01  6.58778995786198610E+00  2.30046730145865010E+01
  5.12509616084684260E-01  4.79917438245285770E+00  4.69917682685799940E-02
  4.99223721401470310E-01  7.52677285700115380E+00  2.25512222169167590E+01
  2.56092450391898300E-01  9.97606067578881370E+00  2.62807336109440430E+00
  5.45765227979075810E-01  2.71932643091036570E+01  2.73904102245694890E+01
  6.94010183176834960E-01  1.73099182302839660E+01  7.56550512673355690E+00
  3.57201130995523370E-01  1.86523029369454210E+01  2.42031647028330140E+01
  5.25895496843049500E-01  2.15316851958312090E+01  7.88747345016585480E+00
  5.10790949981952740E-01  2.58500756835480310E+01  2.42674554473687540E+01
  4.89717368181109780E-01  7.05672846119045170E+00  1.65270384128927360E-01
  4.82769235883485770E-01  1.08952874903206350E+01  4.01351958624762070E+00
  6.93278360304079300E-01  2.05502420796508080E+01  1.02881889611333060E+01
  3.35017483125717060E-01  2.34073955782146540E+01  2.55345712593659580E+01
  3.26514001167033020E-01  6.31078609234719150E+00  4.95757733951419330E-01
  4.75880684447443510E-01  1.02421031253474780E+01  1.27457099401699700E+01
  4.22354771203238230E-01  1.98155387928459630E+01  4.89199371300836820E+00
  4.11966131227655820E-01  8.49502009131487950E+00  1.47969659908136320E+01
  7.30946391186454210E-01  2.56580168725282260E+01  1.30797483149112010E+01
  4.22201084465533680E-01  5.97760532316228770E+00  9.42538286063350130E+00
  5.15931587153482510E-01  1.49354193532663770E+00  2.04459981717859880E+01
  5.52347772924787250E-01  1.90064063548260870E+01  1.92606151443654600E+01
  2.49794182180603610E-01  2.55545093867052840E+01  6.82149136101125640E+00
  4.50103975287380020E-01  2.48387351327940490E+01  2.82084086719152580E+01
  3.61769499680632390E-01  1.50884482245095500E+01  3.51130662620719750E-01
  2.77147605524350650E-01  4.40441579504795650E+00  5.21653591019254480E+00
  7.64764367446448820E-01  1.11825428501743500E+01  1.36716880986232120E+01
  5.71326189973923350E-01  4.78126066518291730E+00  2.29664807904837080E+01
  4.07877171249442140E-01  1.46612675933285070E+01  1.96917947362938540E+01
  4.46540105696671490E-01  2.87096818027923430E+01  2.82535371004229050E+00
  5.07606992315717240E-01  2.97300466441965910E+01  2.20973229396688140E+01
  3.01731430220296380E-01  8.83277256852520760E+00  2.07124334472922410E+01
  4.32382463464541460E-01  2.88502123384005460E+01  2.50098910967680050E+01
  3.25762576013666160E-01  3.95940076637764130E+00  1.42135873753241140E+01
  6.24920360555607160E-01  1.73745494368635140E+01  1.38945615077024570E+01
  7.38532964590205680E-01  6.99892074082906750E+00  1.90815236884210400E+00
  3.92511582998476170E-01  2.61198111635825260E+01  2.51545918096786810E+01
  2.97561439636419770E-01  2.53352556274698880E+01  3.34545526375438040E+00
  3.46434506905438330E-01  4.84786636795169910E+00  2.63544860564706550E+01
  5.89502618647478990E-01  2.45919260803170550E+01  1.38582393065399890E+01
  3.32399546609116130E-01  1.80594115504139520E+01  1.71570636831247930E+01
  5.77649046292645880E-01  1.23402661707312960E+00  1.92799705769488910E+01
  4.31729360191427780E-01  8.03205576849862270E+00  1.27126188779124830E+01
  3.17950877609215300E-01  9.66881714049809200E+00  1.55830280995570440E+01
  4.75880684447443510E-01  1.46824844220249840E+01  1.32731188136319620E+01
  3.91816801400439550E-01  2.66464090102663640E+01  1.11095577097470760E+01
  2.50163292655703180E-01  7.84475642615876460E+00  1.31062241935198290E+00
  3.42074681651230290E-01  2.00256453448611720E+01  2.18074729388202290E+01
  3.50974061745161330E-01  8.36397656318411540E+00  2.24047221134959780E+01
  6.18566685513849460E-01  1.59940205420890250E+01  9.47961535831598570E+00
  3.24719866931951940E-01  2.52752143091611430E+01  8.84620432677559520E+00
  3.57201130995523370E-01  1.76560794972355240E+01  2.03981966821871410E+01
  3.13090147150790890E-01  2.83303325403054630E+01  4.38288977820480950E+00
  2.58355477869490890E-01  1.35877541082127000E+01  1.51935524229869990E+01
  4.83351594707823830E-01  2.31780589915274580E+01  2.92350256974980840E+01
  5.48463672908306780E-01  1.92710034671823540E+01  1.44149405985685190E+01
  4.24351701398837560E-01  2.02880687070040330E+01  8.48912281779483640E-02
  6.80557430527969220E-01  1.30787418001575320E+01  7.41898287254652460E+00
  3.73125396709624990E-01  2.90807815695078240E+01  1.46733458508791180E+01
  6.77808113742920780E-01  3.29651759363333860E+00  2.04689836766512880E+01
  7.67512613708393760E-01  1.75484502961998640E+01  2.58771038757244010E+01
  4.76544583128828500E-01  2.02201830092116450E+01  5.89129036066772290E+00
  6.97738347479756800E-01  1.29367091266027090E+01  1.95360057999420250E+01
  4.49545157175862540E-01  1.01402063996323390E+01  1.61879355653854590E+01
  6.25336422111717830E-01  2.60626265340618790E+00  6.32717527443043440E+00
  4.99487474973056500E-01  2.53788166269066340E+01  2.16743524840496310E+01
  6.67521681419926690E-01  6.75031877232210850E+00  2.88198826484565200E+01
  3.44170209092795430E-01  1.55081290147792340E+01  1.35320355537421020E+01
  4.01880163826280960E-01  1.69585670458732500E+00  6.81513078096757850E+00
  5.95035019805102560E-01  2.70579991448770480E+01  2.48465620688320390E+01
  5.20348764567513020E-01  1.29171095287953150E+01  1.40537554973620010E+01
  7.44845164893703690E-01  1.43303188303544750E+01  2.83716583581716290E+01
  6.94010688862415210E-01  2.95931311616639800E+01  1.67901657482160540E+01
  4.00156705760987560E-01  1.70281566620443170E+01  2.30974434936560660E+01
  6.57722721512726150E-01  1.72343609649095800E+01  5.94151779116949010E+00
  3.61198882346046800E-01  2.55426293451881930E+01  2.97098644905201180E+01
  6.07167866036927160E-01  1.18666050153640670E+01  2.19677686878633760E+01
  5.81677556670477180E-01  1.72655320285317730E+01  3.87374891216386210E+00
  3.17579752081870750E-01  9.27932067333955150E+00  7.65463378469095090E+00
  2.69169509893181310E-01  2.06235540411443200E+01  1.33340510332124240E+01
  5.36592099856838090E-01  1.67726114615653330E+01  1.29016930932566570E+01
  3.01799748246536660E-01  6.71672341229041690E+00  1.47915598130800080E+01
  4.05794678723965420E-01  1.32905930259535200E+01  1.02760170058842770E+01
  3.65995101567518470E-01  1.84209194489067020E+01  1.65599869288927230E+01
  3.39481361119070080E-01  2.16275936217719110E+01  6.03518981542595960E+00
  6.97384645011991290E-01  1.67161712085920120E+01  1.91541122526847120E+00
  6.82253548551889110E-01  2.88175384709159030E+01  2.02831500544879010E+01
  5.67035311113654220E-01  2.77310221943357680E+01  1.61384846378700180E+01
  6.47236078597052340E-01  2.88521917634623190E+01  1.56728887697640270E+01
  5.92513140571182980E-01  2.88146944295136610E+01  1.37453989117621860E+01
  4.71553509741754610E-01  1.62840340565919380E+01  1.37831631679353970E+01
  6.55885333720611730E-01  2.13811895424554310E+01  1.79263071022502950E+01
  2.83840017940612550E-01  9.82830754816040300E+00  1.33828510542862880E+01
  5.65219172841477580E-01  6.05321265774350080E-02  2.33893794551857860E+01
  3.48480710258510130E-01  6.18055603740288810E+00  1.51585284014360900E+01
  6.26908127420837150E-01  2.49954838421527580E+01  2.27334049500416280E+01
  2.62213147743524950E-01  1.19161792447889320E+00  2.45491777013287770E+01
  5.08737612195334600E-01  1.98353510690518960E+01  2.60498460198373040E+01
  4.59281804788439010E-01  2.14128500247581000E+01  1.09501420686202060E+00
  2.86550378078914000E-01  2.10959938393203610E+01  2.04857858075235770E+01
  2.99038091422116640E-01  2.08043496750786720E+01  1.27955343788097300E+01
  3.62493203924014780E-01  1.05643946528703480E+01  1.63802522244299100E+00
  5.64616421781660800E-01  1.70841448463221610E+01  1.96755622363513680E+01
  3.87533216804236250E-01  2.85173564062800720E+01  1.66795389134692660E+01
  3.90540239164096370E-01  2.69110947723419970E+01  2.89189056244283830E+01
  5.44640939783434240E-01  2.88577846981117720E+01  2.15092179567080920E+01
  3.84420431658369740E-01  3.83865396872009730E+00  2.28108841036963530E+01
  4.53492046339069340E-01  2.26402778416906700E+00  1.34690593970063470E+01
  6.38023782753992030E-01  1.70192179153393080E+01  2.02234504136184110E-01
  5.00672486592370710E-01  2.89932189895906620E+01  7.42386526954018060E+00
  6.08873319065221350E-01  2.93694299879949450E+00  2.23951686838423570E+01
  3.18942867500738640E-01  5.04264063842173730E+00  2.38169303451978610E+01
  2.65726189967390210E-01  1.56885795085996340E+00  1.82914709074520780E+00
  7.10410487391814980E-01  1.83459566417121850E+01  2.97344620969761380E+01
  4.66797018098134940E-01  6.88626497519977310E+00  2.02413464793302290E+01
  3.89889811574280460E-01  2.53549626949435130E+01  8.02090412803950060E+00
  2.92456502136063850E-01  2.74439732183368790E+01  2.25759752809794600E+01
  3.63079661055833470E-01  6.15286641042524530E+00  2.18185616632251540E+01
  4.13811620468168510E-01  7.61008791326348530E+00  4.72881613762251000E+00
  2.60417758313763680E-01  1.19137359998828580E+01  2.63354402253740540E+01
  4.41940562555082740E-01  2.50211543761691610E+01  1.92170665673080880E+01
  3.08418768867630710E-01  1.51763065970739500E+01  2.67181630855056720E+01
  3.04461637453634990E-01  2.27150942744556020E+01  1.42897415083727000E+00
  4.75626642073745920E-01  1.46998256456884490E+01  1.23221311837978420E+01
  4.19693779402500590E-01  2.77450830601038130E+01  1.00744222942850410E+01
  3.26514001167033020E-01  9.43392623471382660E+00  3.89539633115601770E+00
  3.55388479881239270E-01  2.21783285259494430E+01  1.53221155561003570E+01
  5.33859136323620030E-01  9.48119223948106790E+00  2.47774457626173400E+01
  3.39481361119070080E-01  2.41372747095580460E+01  2.65864427601629170E+01
  2.51153087880769550E-01  2.92759504419669700E+01  3.47749534564851940E+00
  4.21603844523193420E-01  1.76522193309424510E+01  1.12584362608849150E+01
  5.20348764567513020E-01  1.31184894098669090E+01  1.30328751903487050E+01
  6.86210935380316480E-01  2.87566417483520770E+01  9.54364417211560760E+00
  4.41140732643827070E-01  1.93020175796883890E+01  1.34261156907653570E+01
  6.26908127420837150E-01  1.99826933455636820E+01  2.31372536860256060E+01
  5.11871480770454750E-01  2.08892224200461850E+01  3.04613927885814920E+00
  4.70990686464341570E-01  2.22542008906426010E+01  2.69060278525776300E+01
  5.20369884994360540E-01  2.90642467227028240E+00  2.62274023724297000E+00
  3.04306421741581800E-01  6.02542741588784560E+00  1.84535729421311570E+01
  5.88333222664750720E-01  1.10549143799212630E+01  8.34505028260260320E+00
  6.64541222436485860E-01  1.21490656079673020E+01  1.84254953686357720E+01
  4.24351701398837560E-01  2.38508423468634100E-02  1.40172610106561440E+01
  5.55920758830291820E-01  2.70116495808406580E+00  2.50086421893788290E+01
  2.89042915761794110E-01  3.45859475974173550E-01  1.24111189605736720E+01
  2.47647088603063280E-01  2.84506694851459510E+01  2.21888459378056880E+01
  5.88686278844574580E-01  5.41885932076670600E+00  1.38451393418152870E+01
  3.53063097104977870E-01  2.38835587441219420E+01  5.91371743096754350E+00
  4.50600139601478670E-01  1.87607218983224870E+01  2.64246458050442180E+01
  6.65634982039605120E-01  1.21509310158988870E+01  2.97414680245053730E+01
  4.69750256464274060E-01  7.13138649853066650E+00  1.26720172603257380E+01
  6.13801455222646290E-01  4.34475862149206190E-02  2.84050768482679570E+01
  5.14582826754803690E-01  1.41313309197712280E+01  1.46443766298254090E+01
  3.81419328643079860E-01  2.96850246801996390E+01  7.97039370736463670E+00
  7.28196096543639280E-01  2.32039252782301300E+01  1.93234740469037970E+01
  7.33199636544987770E-01  1.45444334307114240E+01  6.06871714355899790E+00
  2.86550378078914000E-01  2.08607340633820190E+01  2.49576460508111030E+01
  2.52169786807371790E-01  1.57180918705128220E+01  1.42336776736222730E+01
  5.01406606281285510E-01  1.02653651228352790E+01  1.71305487521110960E+01
  4.18948713530687210E-01  2.12227251831635330E+01  1.16927523970093180E+01
  3.62620749938717070E-01  1.07787140742102000E+01  2.70887886657927410E+01
  3.15231116497538320E-01  2.74862544062678540E+01  2.56494596199693950E+01
  2.83840017940612550E-01  2.80559627896490580E-01  2.75393969476440150E+01
  4.72199721516180480E-01  2.29411836966241260E+01  4.36239749980399520E+00
  4.41666133880560000E-01  1.16779108169350110E-01  2.94578741895713740E+01
  3.39073066583844400E-01  8.51557027465275770E+00  9.77868225991430510E+00
  2.54831192030272870E-01  1.10886234833379690E+01  1.26567271196120060E+01
  6.65634982039605120E-01  8.87644589322097490E+00  2.76456481360548490E+01
  2.69326463995374250E-01  2.19284309670768960E+01  1.17303376516936950E+01
  3.08418768867630710E-01  1.89379787753132230E+01  2.27949065880029810E+01
  5.63324676144028570E-01  5.32642148170361460E+00  1.16989857970836050E+01
  2.49794182180603610E-01  1.39156512538552240E+01  4.02485833314993610E+00
  6.44956217916396120E-01  7.68331288480183530E+00  3.11001084367951240E+00
  4.26043897269923290E-01  2.21934369309574820E+01  2.51683400439287440E+01
  7.44533748089133770E-01  6.94122582004291290E+00  2.47488990362910000E+01
  2.47647088603063280E-01  1.96319934408854380E+00  2.33525781610336840E+01
  3.47451934045076260E-01  1.65739595153329910E+01  3.05334555060387380E+00
  4.83182858574677270E-01  5.33778749156851880E+00  2.20713071738568200E+01
  5.38382388131525950E-01  8.02626797922636830E-01  1.17215441627691470E+01
  6.08690451339190200E-01  2.58385700390660600E+01  4.09885783688059660E+00
  3.93024383017402490E-01  1.60799440260765460E+01  5.07992205376912050E+00
  2.54611020839302520E-01  2.31901045079951690E+01  2.29904393075800360E+01
  6.82253548551889110E-01  1.63734736101297780E+00  1.50253535850802640E+01
  7.67665169660178040E-01  2.39388567322300610E+01  1.20982193786840660E+01
  3.95839252948554370E-01  1.53061995954870580E+01  2.01709291012940110E+01
  5.15379284759350490E-01  2.83052942657363540E+01  2.57852513056667800E+01
  5.09222041678605210E-01  2.94920433249427520E+01  9.59761262751443310E-01
  4.72038094207023740E-01  2.42825518968707390E+01  2.74729921812541460E+01
  6.64541222436485860E-01  1.25488246501629990E+01  1.52105478447236530E+01
  4.84167632717154460E-01  2.00149342336120990E+01  1.90249774267925140E+01
  5.39922025342825940E-01  1.49596875231002590E+01  2.21370950178349370E+01
  3.77759649416993960E-01  2.00855359290233480E+00  2.27288193477106120E+01
  5.06367095649294540E-01  4.45928100881407200E+00  2.82196152259660980E+01
  3.05466220251299840E-01  2.54451746406007970E+01  2.49760992369376420E+01
  7.55604472483241980E-01  2.26381377648243610E+01  2.38358538879716870E+01
  7.68548325332126940E-01  2.45967475269961220E+01  1.72409662371274520E+01
  3.09209541844886400E-01  1.43834844119408860E+01  2.15134598273823380E+01
  4.71553509741754610E-01  8.08607068267297540E+00  2.09134431503538490E+01
  3.65995101567518470E-01  7.43070279317999560E+00  2.16916962789119050E+01
  6.26517897412854200E-01  1.83016152793538180E+01  1.30546085491665430E+01
  3.55388479881239270E-01  2.13497951389177170E+01  1.98950436496541590E+01
  3.90423892796942250E-01  2.63894459298515860E+01  2.01875140492005580E+01
  4.92172780862642510E-01  1.94580645168679180E+01  1.82234236846898730E+01
  6.66683478841499700E-01  1.08772933616751240E+01  2.11190461623538430E+01
  6.94903868090152520E-01  4.86410635990181280E+00  9.51358106354103050E+00
  7.65642972591057180E-01  2.81393780790203930E+01  2.82978121245474730E+01
  3.52682444144397330E-01  8.14792728694124690E+00  2.17352405739664040E+01
  5.39466591144820300E-01  1.94174159144903730E+01  8.58604474786620920E+00
  4.26043897269923290E-01  1.80339931449884680E+01  1.93893436141538660E+01
  2.53364602799301860E-01  1.52878132677125400E+01  6.75130770215250120E+00
  3.83290088603488770E-01  1.62134150507495580E+00  6.03357587881840020E+00
  5.55920758830291820E-01  1.25583439398359920E+00  2.37338232863377100E+01
  4.13050329149462850E-01  4.44309882999391980E+00  6.94563044328640360E+00
  5.20369884994360540E-01  2.10171341017686760E+01  1.90845350115789610E+01
  6.99477888048091770E-01  2.85433858321442600E+01  5.37244424751919160E+00
  3.59079136884617700E-01  7.28167480401410040E+00  4.02961984066144920E+00
  3.01799748246536660E-01  5.97197608847861080E+00  1.45428014192062080E+01
  5.28731261397185740E-01  2.15290230420967250E+01  2.44831144691549270E+01
  6.80338287111455390E-01  2.26044502815505230E+01  2.40721101585818740E+00
  4.74033319401206570E-01  1.24359149140865760E+01  2.33725770217875310E+01
  3.53302408788900560E-01  4.62403080063152850E+00  1.43498620363003670E+01
  4.03052389307286420E-01  2.38151438253801300E+01  1.63685122583157960E+01
  3.33973424357718240E-01  1.94133100387989150E+01  1.94289604663844240E+00
  4.68162992243922280E-01  9.29009973373161380E+00  9.55215291232251570E+00
  4.72192289519205580E-01  4.09742021698786370E+00  2.91277601270103970E+01
  6.73658304681401180E-01  1.96219527566906500E+01  9.57613329889760220E-01
  4.61178090502161720E-01  2.34657527068162180E+01  2.70223496675499250E+01
  4.18189647978318300E-01  2.87908723081159830E+01  2.36664336732292070E+01
  5.15379284759350490E-01  2.35791267285752970E+01  3.79264772734305920E-01
  5.34553382826858140E-01  5.90832150007475490E+00  2.00285704194550290E+01
  3.70336582810533970E-01  2.37618672434497780E+01  4.55199930059329820E+00
  6.42747544188997020E-01  7.69866277632823250E+00  7.70346157253745380E+00
  4.50600139601478670E-01  1.16498463750838010E+01  2.87441123694481210E+01
  3.55036581058269410E-01  2.74827119892633650E+01  3.01186182388758940E+00
  3.54092873053847420E-01  5.00626518238389110E+00  1.79587983892012170E+01
  5.13614394364816020E-01  1.08151467983804860E+01  1.19388988085915420E+01
  3.65995101567518470E-01  9.36567045860438800E+00  2.85533485621965750E+01
  5.25383403930900440E-01  7.47324225223027310E+00  1.94419479947901620E+01
  3.83598938984435380E-01  4.90840770733047370E+00  6.29935040049513440E+00
  4.86073626967704090E-01  2.46338051464829680E+00  1.77680803213053520E+01
  5.96963967672292380E-01  2.31183726675745190E+01  6.57886081998194070E+00
  4.66553963192992600E-01  2.69531015335725250E+01  9.67690818839312250E+00
  4.15252526658189590E-01  3.49098024699522420E+00  2.61460173350184280E+01
  6.36786611163594070E-01  1.91904522877537860E+01  1.21571803468879050E+01
  6.06760633376156730E-01  1.85162992339233840E+01  6.01861193256415380E+00
  5.25895496843049500E-01  1.84986765481275840E+01  7.29179983467538580E+00
  5.05409982910693060E-01  2.94591162236875660E+01  1.28570989235586120E+01
  5.18912146576496980E-01  1.18311568952744630E+01  9.13415358844210700E+00
  5.81677556670477180E-01  1.19566013573438640E+01  3.93375765749717810E+00
  2.50625569857546320E-01  1.02176445864324080E+01  2.44832226213471560E+01
  6.67521681419926690E-01  8.99095006512956730E+00  3.00576284559193900E+00
  6.52034765531911640E-01  1.52742565514521760E+01  1.81446162964185830E+01
  3.81419328643079860E-01  1.07536913486184020E+01  1.02461060332772540E+01
  3.18942867500738640E-01  1.65889744778213770E+00  1.77394041413595750E+01
  6.63973334543257470E-01  9.39064986603628250E+00  4.88466213623359200E+00
  4.05793634226126800E-01  6.07978097467687650E+00  2.55108995212617270E+01
  2.88617724104866640E-01  2.80909326296678400E+01  3.22193417355372790E+00
  3.17587838135982990E-01  2.43647190043855200E+01  2.98467818289105260E+00
  6.94010688862415210E-01  5.50961722834983900E-02  1.81582430043052380E+01
  3.25036994184950640E-01  2.64722290362147420E+01  2.78785216212811410E+01
  4.41940562555082740E-01  2.51458392882397670E+01  1.20253530624653950E+01
  3.05466220251299840E-01  2.75114723028430850E+01  1.11028305981885620E+00
  7.22984261441823330E-01  2.14641528166841620E+01  4.13877845686912500E+00
  4.60682082706054620E-01  9.20470436129637730E+00  8.51547891151365730E+00
  4.22201084465533680E-01  2.06863811927462390E+01  5.02719670746550930E+00
  6.24824560398126750E-01  8.18110158890334200E+00  8.87510103947484020E+00
  3.63079661055833470E-01  7.25461999945464340E+00  2.09845715108050260E+01
  3.25516939164680520E-01  1.02052133003264660E+01  1.48846962037577290E+01
  4.87886881528419990E-01  9.39419710905041510E+00  1.48259885938071050E+01
  4.34172467284937990E-01  1.81590848576901960E+01  3.39192356574407360E+00
  7.04082361725448710E-01  1.49885740508164640E+01  1.68190780154246760E+01
  4.40295189098215370E-01  2.51133675564306350E+01  9.77443689470975840E+00
  4.54567147313974470E-01  6.43942031669770820E+00  2.10469542367970490E+01
  4.89717368181109780E-01  8.62886765989656900E+00  1.16279397247943090E+00
  4.82771447840326400E-01  1.07937154502650150E+01  9.38330320903236090E+00
  3.54092873053847420E-01  2.50116694832988850E+01  2.44790642901719870E+01
  7.67457697882333090E-01  2.74716657075199390E+01  1.35355497308596990E+01
  4.43129600128677660E-01  2.93690039233630070E+01  2.43047480133790370E+01
  5.61514797181737530E-01  2.70270127229614410E+00  1.43841979296982920E+01
  5.82207618145930890E-01  4.93956009191341040E+00  1.27772046829852800E+01
  5.94092381958372510E-01  7.52521865962913240E+00  9.90208455784515530E+00
  5.64318884198494160E-01  1.92232655770640510E+01  2.13865776131020020E+01
  6.16837537735261420E-01  1.55627624420942020E+01  2.11502464949375410E+01
  4.20581746236023420E-01  2.43323591281441520E+01  2.35438620396355810E+01
  3.16022212934137680E-01  1.47201816764492110E+01  1.89703138730897650E+01
  4.59502380082057990E-01  2.13243428817290630E+01  2.74322513386215090E+01
  7.48336469443998900E-01  1.36428079486718300E+01  1.61981824834795420E+01
  6.90159994875631000E-01  1.09331939725732270E+01  6.41805415941926240E+00
  4.68364091588631840E-01  1.74297781722303320E+01  2.83692316710624670E+00
  4.05593309893122810E-01  1.37316201380181870E+01  2.12202832056704840E+01
  5.55687039951364880E-01  2.04222936380131440E+01  1.99812086365504410E+01
  2.83840017940612550E-01  1.57575412674467810E+01  8.58546774357582270E+00
  5.98280766214214580E-01  1.81924178804392370E+01  1.48033431405670800E+01
  5.84913004272127690E-01  4.41895474064644130E-02  2.53330464034756950E+01
  2.83840017940612550E-01  4.77404827525507080E+00  5.64336434612730730E+00
  2.83517655556827110E-01  1.07886819528265670E+00  1.01617901160475700E+01
  5.27599340399055180E-01  1.00601096794997920E+01  2.79912798568922660E+01
  6.24824560398126750E-01  1.36434639051192100E+01  1.20155906261370740E+01
  4.84167632717154460E-01  2.02064329281038160E+01  2.10013350057890270E+01
  5.66562802601083430E-01  7.66504098070517340E+00  2.78706749258293480E+01
  5.81213412342838430E-01  3.79340372602596880E+00  1.25792291719826540E+01
  5.13285974501586400E-01  9.12452194583584490E-01  1.73092170140428790E+01
  5.29625185962053640E-01  2.43932830182863290E+01  5.19317237726808760E+00
  3.30104909316010620E-01  4.27115305135207280E+00  7.66844950550807080E+00
  5.48174971142568520E-01  3.20113131120470170E+00  1.59577320577475450E+00
  4.72192289519205580E-01  2.55551690178915440E+00  2.39910159752713990E+01
  4.53126113496558960E-01  1.51873971726110440E+01  2.39879405839776180E+01
  5.25993347610763350E-01  2.95139221606366500E+01  1.18273628327719820E+01
  4.75338540515479570E-01  1.81973826130949020E+01  2.80508370464873910E+01
  4.30858982518450690E-01  2.95659372966590760E+01  8.77366822901228010E+00
  7.09741570678139940E-01  2.34571612722161650E+01  8.74150285636461890E+00
  5.05409982910693060E-01  2.75487973838028000E+01  1.12301164409996890E+01
  5.20369884994360540E-01  2.36718714286562060E+00  7.44737667753446160E+00
  2.73281005279713530E-01  1.27469652644751810E+01  2.19759094113823040E+01
  3.09574052588245370E-01  2.70659325443530110E+01  2.82361738730837930E+01
  3.18095930761502070E-01  9.01624447813500040E-01  2.50514371568436050E+01
  4.46537248270915300E-01  2.39443454640650980E+01  1.08843914476133200E+01
  6.38830345620663920E-01  1.00538604272353100E+00  2.25662212866221630E+01
  6.68397269451762100E-01  2.85330169437597050E+00  1.56124459515354900E+01
  5.32488384254616510E-01  2.49143844681871090E+01  6.11864526668209850E+00
  3.17579752081870750E-01  3.18329987150113780E+00  2.68110354592179190E+01
  5.16710955738981780E-01  5.07164914285564360E+00  4.07739382017945930E+00
  4.49545157175862540E-01  7.32006570597577080E+00  1.13566639621800910E+01
  3.20574425314766210E-01  2.37088092996401160E+01  2.39443852581747020E+01
  4.12246671516209600E-01  2.62898430298194330E+01  2.16925422470682820E+01
  4.94550785807675550E-01  1.15371920294273180E+01  2.40688087321412500E+01
  3.59079136884617700E-01  6.88905082449823420E+00  5.23959795943138750E+00
  6.10572080928614460E-01  1.53947036463123760E+01  7.69922415860819690E+00
  4.75338540515479570E-01  1.59067347997911510E+01  1.77876928227590270E-01
  5.09574347305064630E-01  2.78326026825470370E+01  2.17517635050399500E+01
  4.18189647978318300E-01  1.86179346191658370E+00  2.19466790089955770E+01
  3.76753951196820710E-01  1.94189502236645030E+01  2.23069773308427700E+01
  3.84533934306195220E-01  1.39994305809675370E+01  1.72729652135938810E+01
  6.60767019732147710E-01  2.04959572600140230E+01  1.63324535252509090E+01
  5.64318884198494160E-01  2.47359366428411070E+01  2.08270389748278040E+01
  4.69750256464274060E-01  1.00288411152848710E+01  1.41092849204118970E+01
  6.88340418185590860E-01  1.90088920360507420E+01  4.12455199369618430E+00
  5.93150731645016190E-01  1.26746417746657530E+01  4.86313105956447430E+00
  7.17499092254363010E-01  2.69138156652850280E+01  8.49382739200805400E+00
  3.79322922295397280E-01  2.97315687362534500E+01  2.12106313662132560E+01
  3.20574425314766210E-01  2.66732485015057070E+01  2.79486471009174850E+00
  7.17953871372127320E-01  2.62817372259016690E+01  1.75718439996692800E+01
  3.42409596243210680E-01  2.51495125569044190E+01  4.75905712382445860E+00
  4.43129600128677660E-01  1.59920859522282580E+00  3.47269306830556920E+00
  3.78068289465320630E-01  8.08063886210409340E+00  2.69706776754210760E+01
  4.75338540515479570E-01  4.37366061466948700E+00  2.08802274778610130E+01
  7.38532964590205680E-01  1.35602667657628140E+00  4.62873484138741630E+00
  5.07606992315717240E-01  8.74347178703771990E-01  2.60432099891052610E+01
  2.86134314477376340E-01  4.03247481158199510E+00  2.34527850542110560E+01
  5.07437626189109900E-01  1.54810453392705480E+01  1.92849165824245790E+01
  6.15073771326759470E-01  5.08005137528614980E+00  2.72867274056674950E+01
  3.30104909316010620E-01  8.66092451479126880E+00  7.84719969950723770E+00
  6.66683478841499700E-01  1.08185098672552580E+01  1.84063085316562510E+01
  7.49545055295440930E-01  1.23783857127423450E+01  6.17245825083501830E+00
  2.54824432159977790E-01  1.83565979566236200E+01  1.18413499629578670E+01
  5.72142532162989690E-01  1.34185406162572020E+01  2.74219604377791950E+01
  2.77147605524350650E-01  2.69836323042232460E+01  3.39925055301459310E+00
  4.68364091588631840E-01  1.69129631831592630E+01  4.86247322484737940E+00
  4.82771447840326400E-01  2.15938729766033220E+01  1.66515863961414430E+01
  2.50971712925384870E-01  2.79964650115109740E+01  2.69087345629319110E+00
  5.38024295323284910E-01  1.42018340568600210E+01  1.29457608612561570E+00
  4.13050329149462850E-01  1.03337336555460270E+01  5.46851208512180520E+00
  4.86590143357422540E-01  2.62536735019410300E+01  1.03242100793905710E+01
  3.16148313226467530E-01  2.60536278482214490E+01  7.92099587800354050E+00
  3.81419328643079860E-01  1.22956819115411020E+01  1.34010388969571040E+01
  6.52911031193170470E-01  9.56521686029893030E+00  1.81724843167204140E+00
  4.49150663742554990E-01  3.29723766148022030E+00  2.34445810894972130E+01
  4.73113776075054650E-01  1.75837626900969790E+01  1.65076638436569960E+01
  3.65995101567518470E-01  1.90441599273071740E+01  2.34607854646079770E+01
  3.46028387031474870E-01  2.55611780389544450E+01  1.13407464185961930E+01
  4.23675716525973380E-01  2.71588106944646020E+01  1.84116013533123210E+01
  2.47261092463374420E-01  3.27710772057869400E+00  1.94581823628745630E+01
  2.63339374245984010E-01  2.51675050324321670E+01  5.36437705316527410E+00
  2.59062449636064510E-01  7.68448548778248150E+00  1.07406327982240290E+01
  5.77180454669814490E-01  2.60237620829547290E+01  6.12433326349937970E+00
  4.06599624824484800E-01  5.71744156684368400E+00  2.32490376527940300E+01
  4.65278877330243820E-01  5.97231341863010460E+00  1.28096741467297990E+00
  3.07263188066738420E-01  4.91335821025464000E+00  2.89999083817764360E+01
  3.88697647565240350E-01  3.80372025223702790E+00  1.00254225973170320E+01
  6.62122603690132470E-01  8.32223306111992400E+00  2.44838228063252500E+01
  3.79322922295397280E-01  2.79329509107919980E+01  2.08688617070093690E+01
  3.53063097104977870E-01  1.02257414576102710E+00  6.46181458407476940E+00
  6.88885956497308970E-01  2.12939378492540000E+01  2.14406246867346650E+01
  5.33066537704075310E-01  1.95417145691893350E+01  2.42093458146309250E+01
  3.42074681651230290E-01  2.42680329451101430E+01  1.94336417102154470E+01
  4.24351701398837560E-01  2.41791295002151650E+01  1.10232934167704010E+00
  2.92456502136063850E-01  3.01130958054981330E+00  1.72154229779882040E+01
  5.90639534364661320E-01  2.35119860842769550E+01  3.29644285146857420E+00
  4.09705559579089850E-01  5.66767990520525710E+00  3.36847326438424450E+00
  3.59079136884617700E-01  3.32555165353684590E+00  1.14839580143266410E+01
  5.27599340399055180E-01  2.02197939375050560E+01  4.02587353799280300E+00
  5.38382256471750510E-01  1.60828419405199020E+01  2.44129802803488970E+01
  5.96963967672292380E-01  1.82975198187590000E+01  8.39637450196974020E+00
  2.96503602823160150E-01  9.30960469016935830E+00  2.92132364101825210E+01
  3.64593218166308700E-01  2.49275290493535520E+01  1.61577964182514040E+01
  4.18947112612636110E-01  1.94715155468870300E+01  2.96462225036158280E+01
  5.40946473112310590E-01  5.51977215424775910E+00  2.83555793610572980E+01
  3.35017483125717060E-01  2.84660359778864600E+01  2.43456527073094690E+01
  4.75626642073745920E-01  2.75587866884365940E+01  2.64368712314287500E+01
  3.04461637453634990E-01  2.29114125170227790E+01  2.64946961807946200E+01
  4.36315933331792570E-01  2.96469696404087880E+00  4.29509266087205610E+00
  6.77666041374141330E-01  2.23924867487635740E+01  5.01630485293494740E-01
  5.67035311113654220E-01  2.81413048347897360E+01  1.46892039328146510E+01
  3.38650161839631010E-01  1.62638263572779960E+01  2.52738764637840740E+01
  6.94010183176834960E-01  8.67398687248549290E+00  6.78973099890417140E+00
  7.10410487391814980E-01  1.88967211325050500E+01  2.52719879544781210E+01
  4.54567147313974470E-01  8.46661701186432940E+00  2.00367121730489970E+01
  2.52169786807371790E-01  2.20314913045715070E+01  1.28787836077333630E+01
  3.01799748246536660E-01  1.44912751824710640E+01  1.14345745991217140E+01
  4.27719079604653450E-01  8.89560404484018900E+00  1.76554613772143580E+01
  3.87762191716535260E-01  1.00760857373703930E+00  7.20213447421735520E+00
  5.72951670348821020E-01  9.01500306683620960E-01  2.13593379403141230E+01
  5.09222041678605210E-01  2.89539389116101550E+01  2.27538405882099750E+01
  5.25993347610763350E-01  2.84410977445481880E+01  1.07140197438289260E+01
  3.12648490279368120E-01  8.46317657340449970E+00  1.63947298854103990E+01
  3.32399546609116130E-01  1.99478630853904160E+01  1.38514761541610540E+01
  4.43807889241729470E-01  2.80749304565549840E+01  8.50752375662788830E+00
  3.44170209092795430E-01  1.20901362661758420E+01  1.43088772433679810E+01
  2.54824432159977790E-01  2.38289571578519240E+01  1.42191997826801250E+01
  4.21963532045373490E-01  2.54722772106975760E+00  1.14213627934410160E+01
  4.11696508529454960E-01  2.66989536820880320E+01  2.39070677150434040E+01
  4.11346310528290360E-01  2.82095250067375930E+01  1.18655968305641510E+01
  6.16837537735261420E-01  1.86290401555788420E+01  2.03662698702266630E+01
  4.83570943621045310E-01  1.70079208634533250E+01  2.39802303491765440E+01
  4.32382463464541460E-01  2.86298993762773650E+01  3.70051546733121220E+00
  5.92513140571182980E-01  2.65874545461978900E+01  1.54280582571228710E+01
  3.55036581058269410E-01  8.28223780770697720E+00  1.40124255379602310E+01
  4.74581552528920360E-01  2.14428074606491630E+01  1.57062501619261110E+01
  3.44905765886116280E-01  1.63388121123774540E+01  2.17172419030163470E+01
  5.96963967672292380E-01  1.23676904778738050E-01  6.76909926699805630E+00
  2.68569610726517900E-01  2.35924334808100010E+01  2.77408804540418570E+01
  5.80290806494985740E-01  3.63970499838355100E+00  3.53532994483834440E+00
  6.25336422111717830E-01  2.06389708943607530E+00  8.61699908434630400E+00
  6.17452885167652710E-01  1.70762360201293720E+01  1.74727375254750430E+01
  3.29506256422424390E-01  2.76982220261134770E+01  7.80100629302070910E+00
  2.58355477869490890E-01  9.55660788512432900E+00  1.74039858611480620E+01
  4.69641390777102340E-01  2.49581070906839740E+01  2.91196962347591150E+01
  3.49095179616795370E-01  7.81199767048674330E+00  1.65083759155415070E+01
  3.27988333844876360E-01  2.56981580276107590E+01  7.38387774834295300E+00
  3.86383264228710210E-01  2.33843093620474750E+01  1.25965284217149450E+00
  4.75543307221801650E-01  1.39166140564824770E+01  9.65658797257470880E+00
  5.07815655211632320E-01  1.21308953285136880E+01  1.25501919270417010E+00
  6.08088426536500660E-01  2.34563931661466750E+01  1.80114002369569130E+01
  3.93024383017402490E-01  2.19294907736584150E+01  1.91134644106217380E+01
  7.48336469443998900E-01  9.75758530743095780E+00  2.02150778466501290E+01
  3.13454063710418570E-01  2.78813778568671930E+01  5.54641530635206690E-01
  4.43133439323318520E-01  7.87209675318011560E+00  6.17846774299362520E-01
  3.62493203924014780E-01  1.96072690239373100E+01  2.04034304944545470E+01
  5.72881440675418570E-01  2.81319014232918190E+01  1.86255373343313230E+01
  3.71299762957800540E-01  2.46113390142076190E+01  1.04116614875179750E+01
  5.13143010843963320E-01  3.83942300294876690E+00  4.66415839893511210E+00
  3.87533216804236250E-01  2.87136775651575600E+00  1.28880425796455070E+01
  3.90540239164096370E-01  1.46653889389365040E+01  2.62415928216586140E+01
  4.11696508529454960E-01  9.93073203639050920E+00  1.82765075231070990E-01
  4.19670751191123690E-01  1.16146582596554640E+00  1.82853342860097250E+01
  5.39922025342825940E-01  2.27281436153174210E+01  1.16047129574943390E+01
  3.73125396709624990E-01  1.72241474364084260E+00  9.55472898327323070E+00
  5.72628172168292430E-01  8.75035556430825780E+00  1.07748890072535630E-01
  5.63660960642019760E-01  9.31844988588942160E+00  2.36923294223498790E+01
  7.54397230300637300E-01  1.20314072652904720E+01  1.22968116348515140E+01
  4.07877171249442140E-01  9.74327176880117920E+00  1.90593387373193440E+01
  4.61178090502161720E-01  2.56440876758229770E+01  2.59042554124055680E+01
  3.50974061745161330E-01  6.85556964109075380E+00  2.58406704465458430E+01
  4.22541054278063120E-01  2.53855458020148600E+01  1.05927520543712390E+01
  3.25036994184950640E-01  1.02596079589916920E+01  2.61200462542593610E+01
  4.96042965314236020E-01  1.40555505110448370E+01  2.55986712609832880E+01
  3.04461637453634990E-01  2.65117259035062070E+01  5.39034567087106000E+00
  4.21290506291976640E-01  6.63938754161311100E-01  2.69476917718357070E+01
  4.26578460793149810E-01  2.14673579550221090E+01  1.25017967347149120E+01
  3.91816801400439550E-01  2.88866775583172740E+01  8.30984258473235290E+00
  5.32262962461145860E-01  2.47373221185929990E+01  3.26091169092522030E-01
  6.07718241283317260E-01  2.24748612401992530E+01  1.72939597663589590E+01
  5.13425754976809310E-01  2.90981101232829720E+01  1.91214143445708620E+01
  5.46829204411607870E-01  1.23649680077350550E+01  1.64076717843179270E+01
  2.99038091422116640E-01  2.57932873292136300E+01  2.33253252995306360E+01
  3.65374026971610010E-01  2.51188911009969790E+01  2.74433759192408080E+01
  3.46733456860136300E-01  2.14759341838039290E+01  2.41952711099547460E+00
  5.01833768532536340E-01  3.41278372166003850E+00  1.35929742270852460E+01
  2.88617724104866640E-01  2.37885695029909170E+00  4.72200458160505750E+00
