 5.000000e-04
 0.000000e+00  0.000000e+00  0.000000e+00
 3.172413e-08  0.000000e+00  0.000000e+00
 1.768976e-07  0.000000e+00  0.000000e+00
 5.221444e-07  0.000000e+00  0.000000e+00
 1.100030e-06  0.000000e+00  0.000000e+00
 1.888255e-06  0.000000e+00  0.000000e+00
 2.864733e-06  0.000000e+00  0.000000e+00
 4.025512e-06  0.000000e+00  0.000000e+00
 5.359346e-06  0.000000e+00  0.000000e+00
 6.838274e-06  0.000000e+00  0.000000e+00
 8.432305e-06  0.000000e+00  0.000000e+00
 1.011656e-05  0.000000e+00  0.000000e+00
 1.185947e-05  0.000000e+00  0.000000e+00
 1.361055e-05  0.000000e+00  0.000000e+00
 1.530645e-05  0.000000e+00  0.000000e+00
 1.689372e-05  0.000000e+00  0.000000e+00
 1.834985e-05  0.000000e+00  0.000000e+00
 1.968009e-05  0.000000e+00  0.000000e+00
 2.089608e-05  0.000000e+00  0.000000e+00
 2.201252e-05  0.000000e+00  0.000000e+00
 2.306496e-05  0.000000e+00  0.000000e+00
 2.410164e-05  0.000000e+00  0.000000e+00
 2.513287e-05  0.000000e+00  0.000000e+00
 2.610075e-05  0.000000e+00  0.000000e+00
 2.692147e-05  0.000000e+00  0.000000e+00
 2.754636e-05  0.000000e+00  0.000000e+00
 2.796974e-05  0.000000e+00  0.000000e+00
 2.820510e-05  0.000000e+00  0.000000e+00
 2.827068e-05  0.000000e+00  0.000000e+00
 2.818182e-05  0.000000e+00  0.000000e+00
 2.795149e-05  0.000000e+00  0.000000e+00
 2.760373e-05  0.000000e+00  0.000000e+00
 2.717875e-05  0.000000e+00  0.000000e+00
 2.671555e-05  0.000000e+00  0.000000e+00
 2.623015e-05  0.000000e+00  0.000000e+00
 2.570976e-05  0.000000e+00  0.000000e+00
 2.512464e-05  0.000000e+00  0.000000e+00
 2.445297e-05  0.000000e+00  0.000000e+00
 2.370473e-05  0.000000e+00  0.000000e+00
 2.291776e-05  0.000000e+00  0.000000e+00
 2.212695e-05  0.000000e+00  0.000000e+00
 2.135451e-05  0.000000e+00  0.000000e+00
 2.064630e-05  0.000000e+00  0.000000e+00
 2.009393e-05  0.000000e+00  0.000000e+00
 1.978407e-05  0.000000e+00  0.000000e+00
 1.973798e-05  0.000000e+00  0.000000e+00
 1.992886e-05  0.000000e+00  0.000000e+00
 2.034186e-05  0.000000e+00  0.000000e+00
 2.099899e-05  0.000000e+00  0.000000e+00
 2.194833e-05  0.000000e+00  0.000000e+00
 2.325042e-05  0.000000e+00  0.000000e+00
 2.497693e-05  0.000000e+00  0.000000e+00
 2.722153e-05  0.000000e+00  0.000000e+00
 3.009969e-05  0.000000e+00  0.000000e+00
 3.371659e-05  0.000000e+00  0.000000e+00
 3.812835e-05  0.000000e+00  0.000000e+00
 4.333397e-05  0.000000e+00  0.000000e+00
 4.929198e-05  0.000000e+00  0.000000e+00
 5.593540e-05  0.000000e+00  0.000000e+00
 6.318114e-05  0.000000e+00  0.000000e+00
 7.093850e-05  0.000000e+00  0.000000e+00
 7.911715e-05  0.000000e+00  0.000000e+00
 8.762960e-05  0.000000e+00  0.000000e+00
 9.637629e-05  0.000000e+00  0.000000e+00
 1.052309e-04  0.000000e+00  0.000000e+00
 1.140662e-04  0.000000e+00  0.000000e+00
 1.228050e-04  0.000000e+00  0.000000e+00
 1.314322e-04  0.000000e+00  0.000000e+00
 1.399548e-04  0.000000e+00  0.000000e+00
 1.483465e-04  0.000000e+00  0.000000e+00
 1.565108e-04  0.000000e+00  0.000000e+00
 1.642788e-04  0.000000e+00  0.000000e+00
 1.714405e-04  0.000000e+00  0.000000e+00
 1.777785e-04  0.000000e+00  0.000000e+00
 1.830805e-04  0.000000e+00  0.000000e+00
 1.871718e-04  0.000000e+00  0.000000e+00
 1.899737e-04  0.000000e+00  0.000000e+00
 1.915261e-04  0.000000e+00  0.000000e+00
 1.919479e-04  0.000000e+00  0.000000e+00
 1.913827e-04  0.000000e+00  0.000000e+00
 1.899646e-04  0.000000e+00  0.000000e+00
 1.877961e-04  0.000000e+00  0.000000e+00
 1.849321e-04  0.000000e+00  0.000000e+00
 1.813829e-04  0.000000e+00  0.000000e+00
 1.771358e-04  0.000000e+00  0.000000e+00
 1.721735e-04  0.000000e+00  0.000000e+00
 1.664908e-04  0.000000e+00  0.000000e+00
 1.601206e-04  0.000000e+00  0.000000e+00
 1.531514e-04  0.000000e+00  0.000000e+00
 1.457167e-04  0.000000e+00  0.000000e+00
 1.379616e-04  0.000000e+00  0.000000e+00
 1.300095e-04  0.000000e+00  0.000000e+00
 1.219402e-04  0.000000e+00  0.000000e+00
 1.137804e-04  0.000000e+00  0.000000e+00
 1.055097e-04  0.000000e+00  0.000000e+00
 9.708396e-05  0.000000e+00  0.000000e+00
 8.846253e-05  0.000000e+00  0.000000e+00
 7.962202e-05  0.000000e+00  0.000000e+00
 7.056307e-05  0.000000e+00  0.000000e+00
 6.132847e-05  0.000000e+00  0.000000e+00
 5.202490e-05  0.000000e+00  0.000000e+00
 4.281585e-05  0.000000e+00  0.000000e+00
 3.387631e-05  0.000000e+00  0.000000e+00
 2.533815e-05  0.000000e+00  0.000000e+00
 1.726808e-05  0.000000e+00  0.000000e+00
 9.684745e-06  0.000000e+00  0.000000e+00
 2.573023e-06  0.000000e+00  0.000000e+00
-4.127242e-06  0.000000e+00  0.000000e+00
-1.052551e-05  0.000000e+00  0.000000e+00
-1.675126e-05  0.000000e+00  0.000000e+00
-2.290902e-05  0.000000e+00  0.000000e+00
-2.904345e-05  0.000000e+00  0.000000e+00
-3.512202e-05  0.000000e+00  0.000000e+00
-4.104086e-05  0.000000e+00  0.000000e+00
-4.665713e-05  0.000000e+00  0.000000e+00
-5.181901e-05  0.000000e+00  0.000000e+00
-5.636168e-05  0.000000e+00  0.000000e+00
-6.009434e-05  0.000000e+00  0.000000e+00
-6.282046e-05  0.000000e+00  0.000000e+00
-6.437580e-05  0.000000e+00  0.000000e+00
-6.465049e-05  0.000000e+00  0.000000e+00
-6.360449e-05  0.000000e+00  0.000000e+00
-6.128501e-05  0.000000e+00  0.000000e+00
-5.780721e-05  0.000000e+00  0.000000e+00
-5.328448e-05  0.000000e+00  0.000000e+00
-4.776379e-05  0.000000e+00  0.000000e+00
-4.121137e-05  0.000000e+00  0.000000e+00
-3.353716e-05  0.000000e+00  0.000000e+00
-2.462878e-05  0.000000e+00  0.000000e+00
-1.436434e-05  0.000000e+00  0.000000e+00
-2.594939e-06  0.000000e+00  0.000000e+00
 1.085400e-05  0.000000e+00  0.000000e+00
 2.611243e-05  0.000000e+00  0.000000e+00
 4.317467e-05  0.000000e+00  0.000000e+00
 6.189041e-05  0.000000e+00  0.000000e+00
 8.205030e-05  0.000000e+00  0.000000e+00
 1.034650e-04  0.000000e+00  0.000000e+00
 1.259602e-04  0.000000e+00  0.000000e+00
 1.493220e-04  0.000000e+00  0.000000e+00
 1.732782e-04  0.000000e+00  0.000000e+00
 1.975399e-04  0.000000e+00  0.000000e+00
 2.218468e-04  0.000000e+00  0.000000e+00
 2.459543e-04  0.000000e+00  0.000000e+00
 2.695694e-04  0.000000e+00  0.000000e+00
 2.922953e-04  0.000000e+00  0.000000e+00
 3.136282e-04  0.000000e+00  0.000000e+00
 3.330029e-04  0.000000e+00  0.000000e+00
 3.498371e-04  0.000000e+00  0.000000e+00
 3.635498e-04  0.000000e+00  0.000000e+00
 3.736160e-04  0.000000e+00  0.000000e+00
 3.797168e-04  0.000000e+00  0.000000e+00
 3.819196e-04  0.000000e+00  0.000000e+00
 3.807446e-04  0.000000e+00  0.000000e+00
 3.770356e-04  0.000000e+00  0.000000e+00
 3.716813e-04  0.000000e+00  0.000000e+00
 3.653349e-04  0.000000e+00  0.000000e+00
 3.582994e-04  0.000000e+00  0.000000e+00
 3.506162e-04  0.000000e+00  0.000000e+00
 3.422235e-04  0.000000e+00  0.000000e+00
 3.330447e-04  0.000000e+00  0.000000e+00
 3.229964e-04  0.000000e+00  0.000000e+00
 3.119866e-04  0.000000e+00  0.000000e+00
 2.999532e-04  0.000000e+00  0.000000e+00
 2.869456e-04  0.000000e+00  0.000000e+00
 2.731837e-04  0.000000e+00  0.000000e+00
 2.590153e-04  0.000000e+00  0.000000e+00
 2.447953e-04  0.000000e+00  0.000000e+00
 2.308034e-04  0.000000e+00  0.000000e+00
 2.172669e-04  0.000000e+00  0.000000e+00
 2.044237e-04  0.000000e+00  0.000000e+00
 1.925244e-04  0.000000e+00  0.000000e+00
 1.817517e-04  0.000000e+00  0.000000e+00
 1.721356e-04  0.000000e+00  0.000000e+00
 1.635443e-04  0.000000e+00  0.000000e+00
 1.557517e-04  0.000000e+00  0.000000e+00
 1.485263e-04  0.000000e+00  0.000000e+00
 1.416908e-04  0.000000e+00  0.000000e+00
 1.351227e-04  0.000000e+00  0.000000e+00
 1.287198e-04  0.000000e+00  0.000000e+00
 1.223846e-04  0.000000e+00  0.000000e+00
 1.160506e-04  0.000000e+00  0.000000e+00
 1.097120e-04  0.000000e+00  0.000000e+00
 1.034195e-04  0.000000e+00  0.000000e+00
 9.724495e-05  0.000000e+00  0.000000e+00
 9.124567e-05  0.000000e+00  0.000000e+00
 8.544680e-05  0.000000e+00  0.000000e+00
 7.984579e-05  0.000000e+00  0.000000e+00
 7.443051e-05  0.000000e+00  0.000000e+00
 6.918567e-05  0.000000e+00  0.000000e+00
 6.409674e-05  0.000000e+00  0.000000e+00
 5.917748e-05  0.000000e+00  0.000000e+00
 5.449091e-05  0.000000e+00  0.000000e+00
 5.012675e-05  0.000000e+00  0.000000e+00
 4.615999e-05  0.000000e+00  0.000000e+00
 4.262288e-05  0.000000e+00  0.000000e+00
 3.950075e-05  0.000000e+00  0.000000e+00
 3.677109e-05  0.000000e+00  0.000000e+00
 3.448000e-05  0.000000e+00  0.000000e+00
 3.278738e-05  0.000000e+00  0.000000e+00
 3.192434e-05  0.000000e+00  0.000000e+00
 3.210375e-05  0.000000e+00  0.000000e+00
 3.346731e-05  0.000000e+00  0.000000e+00
 3.608433e-05  0.000000e+00  0.000000e+00
 3.995629e-05  0.000000e+00  0.000000e+00
 4.500212e-05  0.000000e+00  0.000000e+00
 5.104371e-05  0.000000e+00  0.000000e+00
 5.781442e-05  0.000000e+00  0.000000e+00
 6.498534e-05  0.000000e+00  0.000000e+00
 7.220063e-05  0.000000e+00  0.000000e+00
 7.913552e-05  0.000000e+00  0.000000e+00
 8.557354e-05  0.000000e+00  0.000000e+00
 9.145169e-05  0.000000e+00  0.000000e+00
 9.682457e-05  0.000000e+00  0.000000e+00
 1.017701e-04  0.000000e+00  0.000000e+00
 1.063114e-04  0.000000e+00  0.000000e+00
 1.104045e-04  0.000000e+00  0.000000e+00
 1.139793e-04  0.000000e+00  0.000000e+00
 1.169877e-04  0.000000e+00  0.000000e+00
 1.194231e-04  0.000000e+00  0.000000e+00
 1.213034e-04  0.000000e+00  0.000000e+00
 1.226412e-04  0.000000e+00  0.000000e+00
 1.234367e-04  0.000000e+00  0.000000e+00
 1.236950e-04  0.000000e+00  0.000000e+00
 1.234271e-04  0.000000e+00  0.000000e+00
 1.226340e-04  0.000000e+00  0.000000e+00
 1.213303e-04  0.000000e+00  0.000000e+00
 1.196098e-04  0.000000e+00  0.000000e+00
 1.176751e-04  0.000000e+00  0.000000e+00
 1.157907e-04  0.000000e+00  0.000000e+00
 1.142080e-04  0.000000e+00  0.000000e+00
 1.131278e-04  0.000000e+00  0.000000e+00
 1.127100e-04  0.000000e+00  0.000000e+00
 1.130888e-04  0.000000e+00  0.000000e+00
 1.143645e-04  0.000000e+00  0.000000e+00
 1.165828e-04  0.000000e+00  0.000000e+00
 1.197227e-04  0.000000e+00  0.000000e+00
 1.237131e-04  0.000000e+00  0.000000e+00
 1.284745e-04  0.000000e+00  0.000000e+00
 1.339586e-04  0.000000e+00  0.000000e+00
 1.401518e-04  0.000000e+00  0.000000e+00
 1.470506e-04  0.000000e+00  0.000000e+00
 1.546231e-04  0.000000e+00  0.000000e+00
 1.627673e-04  0.000000e+00  0.000000e+00
 1.712992e-04  0.000000e+00  0.000000e+00
 1.799964e-04  0.000000e+00  0.000000e+00
 1.886509e-04  0.000000e+00  0.000000e+00
 1.970814e-04  0.000000e+00  0.000000e+00
 2.051300e-04  0.000000e+00  0.000000e+00
 2.126844e-04  0.000000e+00  0.000000e+00
 2.196898e-04  0.000000e+00  0.000000e+00
 2.261162e-04  0.000000e+00  0.000000e+00
 2.319147e-04  0.000000e+00  0.000000e+00
 2.369877e-04  0.000000e+00  0.000000e+00
 2.411676e-04  0.000000e+00  0.000000e+00
 2.442195e-04  0.000000e+00  0.000000e+00
 2.458749e-04  0.000000e+00  0.000000e+00
 2.458773e-04  0.000000e+00  0.000000e+00
 2.440296e-04  0.000000e+00  0.000000e+00
 2.402324e-04  0.000000e+00  0.000000e+00
 2.345035e-04  0.000000e+00  0.000000e+00
 2.269807e-04  0.000000e+00  0.000000e+00
 2.179068e-04  0.000000e+00  0.000000e+00
 2.075909e-04  0.000000e+00  0.000000e+00
 1.963657e-04  0.000000e+00  0.000000e+00
 1.845686e-04  0.000000e+00  0.000000e+00
 1.725329e-04  0.000000e+00  0.000000e+00
 1.605458e-04  0.000000e+00  0.000000e+00
 1.487880e-04  0.000000e+00  0.000000e+00
 1.373244e-04  0.000000e+00  0.000000e+00
 1.261525e-04  0.000000e+00  0.000000e+00
 1.152509e-04  0.000000e+00  0.000000e+00
 1.045981e-04  0.000000e+00  0.000000e+00
 9.418431e-05  0.000000e+00  0.000000e+00
 8.404390e-05  0.000000e+00  0.000000e+00
 7.428608e-05  0.000000e+00  0.000000e+00
 6.507183e-05  0.000000e+00  0.000000e+00
 5.655143e-05  0.000000e+00  0.000000e+00
 4.883157e-05  0.000000e+00  0.000000e+00
 4.199935e-05  0.000000e+00  0.000000e+00
 3.616347e-05  0.000000e+00  0.000000e+00
 3.145917e-05  0.000000e+00  0.000000e+00
 2.800663e-05  0.000000e+00  0.000000e+00
 2.586315e-05  0.000000e+00  0.000000e+00
 2.501587e-05  0.000000e+00  0.000000e+00
 2.542115e-05  0.000000e+00  0.000000e+00
 2.703392e-05  0.000000e+00  0.000000e+00
 2.977361e-05  0.000000e+00  0.000000e+00
 3.347204e-05  0.000000e+00  0.000000e+00
 3.788531e-05  0.000000e+00  0.000000e+00
 4.276138e-05  0.000000e+00  0.000000e+00
 4.789281e-05  0.000000e+00  0.000000e+00
 5.312330e-05  0.000000e+00  0.000000e+00
 5.833853e-05  0.000000e+00  0.000000e+00
 6.347903e-05  0.000000e+00  0.000000e+00
 6.856383e-05  0.000000e+00  0.000000e+00
 7.368075e-05  0.000000e+00  0.000000e+00
 7.892744e-05  0.000000e+00  0.000000e+00
 8.434254e-05  0.000000e+00  0.000000e+00
 8.987410e-05  0.000000e+00  0.000000e+00
 9.538457e-05  0.000000e+00  0.000000e+00
 1.006670e-04  0.000000e+00  0.000000e+00
 1.054608e-04  0.000000e+00  0.000000e+00
 1.094805e-04  0.000000e+00  0.000000e+00
 1.124851e-04  0.000000e+00  0.000000e+00
 1.143708e-04  0.000000e+00  0.000000e+00
 1.152077e-04  0.000000e+00  0.000000e+00
 1.151897e-04  0.000000e+00  0.000000e+00
 1.145627e-04  0.000000e+00  0.000000e+00
 1.135743e-04  0.000000e+00  0.000000e+00
 1.124371e-04  0.000000e+00  0.000000e+00
 1.112912e-04  0.000000e+00  0.000000e+00
 1.101686e-04  0.000000e+00  0.000000e+00
 1.089785e-04  0.000000e+00  0.000000e+00
 1.075329e-04  0.000000e+00  0.000000e+00
 1.056173e-04  0.000000e+00  0.000000e+00
 1.030834e-04  0.000000e+00  0.000000e+00
 9.991228e-05  0.000000e+00  0.000000e+00
 9.621772e-05  0.000000e+00  0.000000e+00
 9.221074e-05  0.000000e+00  0.000000e+00
 8.815762e-05  0.000000e+00  0.000000e+00
 8.433272e-05  0.000000e+00  0.000000e+00
 8.096431e-05  0.000000e+00  0.000000e+00
 7.819702e-05  0.000000e+00  0.000000e+00
 7.608595e-05  0.000000e+00  0.000000e+00
 7.460946e-05  0.000000e+00  0.000000e+00
 7.369445e-05  0.000000e+00  0.000000e+00
 7.324782e-05  0.000000e+00  0.000000e+00
 7.317258e-05  0.000000e+00  0.000000e+00
 7.337751e-05  0.000000e+00  0.000000e+00
 7.380393e-05  0.000000e+00  0.000000e+00
 7.444214e-05  0.000000e+00  0.000000e+00
 7.529910e-05  0.000000e+00  0.000000e+00
 7.634386e-05  0.000000e+00  0.000000e+00
 7.748630e-05  0.000000e+00  0.000000e+00
 7.859385e-05  0.000000e+00  0.000000e+00
 7.951319e-05  0.000000e+00  0.000000e+00
 8.009566e-05  0.000000e+00  0.000000e+00
 8.024423e-05  0.000000e+00  0.000000e+00
 7.995758e-05  0.000000e+00  0.000000e+00
 7.932723e-05  0.000000e+00  0.000000e+00
 7.849393e-05  0.000000e+00  0.000000e+00
 7.761849e-05  0.000000e+00  0.000000e+00
 7.688657e-05  0.000000e+00  0.000000e+00
 7.649509e-05  0.000000e+00  0.000000e+00
 7.658817e-05  0.000000e+00  0.000000e+00
 7.719413e-05  0.000000e+00  0.000000e+00
 7.821871e-05  0.000000e+00  0.000000e+00
 7.947854e-05  0.000000e+00  0.000000e+00
 8.073512e-05  0.000000e+00  0.000000e+00
 8.172297e-05  0.000000e+00  0.000000e+00
 8.218706e-05  0.000000e+00  0.000000e+00
 8.193788e-05  0.000000e+00  0.000000e+00
 8.091115e-05  0.000000e+00  0.000000e+00
 7.919647e-05  0.000000e+00  0.000000e+00
 7.700245e-05  0.000000e+00  0.000000e+00
 7.457364e-05  0.000000e+00  0.000000e+00
 7.211685e-05  0.000000e+00  0.000000e+00
 6.977324e-05  0.000000e+00  0.000000e+00
 6.761970e-05  0.000000e+00  0.000000e+00
 6.567328e-05  0.000000e+00  0.000000e+00
 6.390111e-05  0.000000e+00  0.000000e+00
 6.224175e-05  0.000000e+00  0.000000e+00
 6.062069e-05  0.000000e+00  0.000000e+00
 5.895137e-05  0.000000e+00  0.000000e+00
 5.714270e-05  0.000000e+00  0.000000e+00
 5.512338e-05  0.000000e+00  0.000000e+00
 5.286284e-05  0.000000e+00  0.000000e+00
 5.036693e-05  0.000000e+00  0.000000e+00
 4.765511e-05  0.000000e+00  0.000000e+00
 4.474541e-05  0.000000e+00  0.000000e+00
 4.166114e-05  0.000000e+00  0.000000e+00
 3.845422e-05  0.000000e+00  0.000000e+00
 3.522591e-05  0.000000e+00  0.000000e+00
 3.212129e-05  0.000000e+00  0.000000e+00
 2.929513e-05  0.000000e+00  0.000000e+00
 2.686533e-05  0.000000e+00  0.000000e+00
 2.487467e-05  0.000000e+00  0.000000e+00
 2.328986e-05  0.000000e+00  0.000000e+00
 2.204073e-05  0.000000e+00  0.000000e+00
 2.104887e-05  0.000000e+00  0.000000e+00
 2.021537e-05  0.000000e+00  0.000000e+00
 1.941702e-05  0.000000e+00  0.000000e+00
 1.855452e-05  0.000000e+00  0.000000e+00
 1.760085e-05  0.000000e+00  0.000000e+00
 1.658378e-05  0.000000e+00  0.000000e+00
 1.553363e-05  0.000000e+00  0.000000e+00
 1.446892e-05  0.000000e+00  0.000000e+00
 1.341907e-05  0.000000e+00  0.000000e+00
 1.242844e-05  0.000000e+00  0.000000e+00
 1.152857e-05  0.000000e+00  0.000000e+00
 1.071713e-05  0.000000e+00  0.000000e+00
 9.968331e-06  0.000000e+00  0.000000e+00
 9.260323e-06  0.000000e+00  0.000000e+00
 8.596549e-06  0.000000e+00  0.000000e+00
 8.009063e-06  0.000000e+00  0.000000e+00
 7.549823e-06  0.000000e+00  0.000000e+00
 7.287479e-06  0.000000e+00  0.000000e+00
 7.306997e-06  0.000000e+00  0.000000e+00
 7.687705e-06  0.000000e+00  0.000000e+00
 8.473979e-06  0.000000e+00  0.000000e+00
 9.689597e-06  0.000000e+00  0.000000e+00
 1.138509e-05  0.000000e+00  0.000000e+00
 1.364909e-05  0.000000e+00  0.000000e+00
 1.657270e-05  0.000000e+00  0.000000e+00
 2.021810e-05  0.000000e+00  0.000000e+00
 2.461419e-05  0.000000e+00  0.000000e+00
 2.975585e-05  0.000000e+00  0.000000e+00
 3.558234e-05  0.000000e+00  0.000000e+00
 4.193876e-05  0.000000e+00  0.000000e+00
 4.855333e-05  0.000000e+00  0.000000e+00
 5.506081e-05  0.000000e+00  0.000000e+00
 6.106357e-05  0.000000e+00  0.000000e+00
 6.619489e-05  0.000000e+00  0.000000e+00
 7.017072e-05  0.000000e+00  0.000000e+00
 7.284521e-05  0.000000e+00  0.000000e+00
 7.425918e-05  0.000000e+00  0.000000e+00
 7.463454e-05  0.000000e+00  0.000000e+00
 7.429870e-05  0.000000e+00  0.000000e+00
 7.357894e-05  0.000000e+00  0.000000e+00
 7.271571e-05  0.000000e+00  0.000000e+00
 7.181524e-05  0.000000e+00  0.000000e+00
 7.082962e-05  0.000000e+00  0.000000e+00
 6.955656e-05  0.000000e+00  0.000000e+00
 6.768569e-05  0.000000e+00  0.000000e+00
 6.489460e-05  0.000000e+00  0.000000e+00
 6.093627e-05  0.000000e+00  0.000000e+00
 5.567921e-05  0.000000e+00  0.000000e+00
 4.913470e-05  0.000000e+00  0.000000e+00
 4.150330e-05  0.000000e+00  0.000000e+00
 3.319139e-05  0.000000e+00  0.000000e+00
 2.472662e-05  0.000000e+00  0.000000e+00
 1.660237e-05  0.000000e+00  0.000000e+00
 9.158560e-06  0.000000e+00  0.000000e+00
 2.554347e-06  0.000000e+00  0.000000e+00
-3.199072e-06  0.000000e+00  0.000000e+00
-8.204114e-06  0.000000e+00  0.000000e+00
-1.265251e-05  0.000000e+00  0.000000e+00
-1.676971e-05  0.000000e+00  0.000000e+00
-2.071965e-05  0.000000e+00  0.000000e+00
-2.453170e-05  0.000000e+00  0.000000e+00
-2.810322e-05  0.000000e+00  0.000000e+00
-3.126426e-05  0.000000e+00  0.000000e+00
-3.385868e-05  0.000000e+00  0.000000e+00
-3.580714e-05  0.000000e+00  0.000000e+00
-3.713277e-05  0.000000e+00  0.000000e+00
-3.795417e-05  0.000000e+00  0.000000e+00
-3.846939e-05  0.000000e+00  0.000000e+00
-3.892659e-05  0.000000e+00  0.000000e+00
-3.955141e-05  0.000000e+00  0.000000e+00
-4.045895e-05  0.000000e+00  0.000000e+00
-4.162591e-05  0.000000e+00  0.000000e+00
-4.293195e-05  0.000000e+00  0.000000e+00
-4.420721e-05  0.000000e+00  0.000000e+00
-4.526006e-05  0.000000e+00  0.000000e+00
-4.592050e-05  0.000000e+00  0.000000e+00
-4.610700e-05  0.000000e+00  0.000000e+00
-4.586194e-05  0.000000e+00  0.000000e+00
-4.530722e-05  0.000000e+00  0.000000e+00
-4.453934e-05  0.000000e+00  0.000000e+00
-4.353561e-05  0.000000e+00  0.000000e+00
-4.213486e-05  0.000000e+00  0.000000e+00
-4.009139e-05  0.000000e+00  0.000000e+00
-3.715361e-05  0.000000e+00  0.000000e+00
-3.314425e-05  0.000000e+00  0.000000e+00
-2.805238e-05  0.000000e+00  0.000000e+00
-2.211590e-05  0.000000e+00  0.000000e+00
-1.583367e-05  0.000000e+00  0.000000e+00
-9.873080e-06  0.000000e+00  0.000000e+00
-4.901621e-06  0.000000e+00  0.000000e+00
-1.425003e-06  0.000000e+00  0.000000e+00
 2.968176e-07  0.000000e+00  0.000000e+00
 2.658630e-07  0.000000e+00  0.000000e+00
-1.271496e-06  0.000000e+00  0.000000e+00
-3.895735e-06  0.000000e+00  0.000000e+00
-7.144859e-06  0.000000e+00  0.000000e+00
-1.064334e-05  0.000000e+00  0.000000e+00
-1.417026e-05  0.000000e+00  0.000000e+00
-1.767205e-05  0.000000e+00  0.000000e+00
-2.126526e-05  0.000000e+00  0.000000e+00
-2.523731e-05  0.000000e+00  0.000000e+00
-2.999982e-05  0.000000e+00  0.000000e+00
-3.597577e-05  0.000000e+00  0.000000e+00
-4.345966e-05  0.000000e+00  0.000000e+00
-5.250364e-05  0.000000e+00  0.000000e+00
-6.286380e-05  0.000000e+00  0.000000e+00
-7.401880e-05  0.000000e+00  0.000000e+00
-8.526933e-05  0.000000e+00  0.000000e+00
-9.590731e-05  0.000000e+00  0.000000e+00
-1.053862e-04  0.000000e+00  0.000000e+00
-1.134068e-04  0.000000e+00  0.000000e+00
-1.198974e-04  0.000000e+00  0.000000e+00
-1.249538e-04  0.000000e+00  0.000000e+00
-1.288033e-04  0.000000e+00  0.000000e+00
-1.317826e-04  0.000000e+00  0.000000e+00
-1.342701e-04  0.000000e+00  0.000000e+00
-1.365700e-04  0.000000e+00  0.000000e+00
-1.388045e-04  0.000000e+00  0.000000e+00
-1.408780e-04  0.000000e+00  0.000000e+00
-1.425453e-04  0.000000e+00  0.000000e+00
-1.435504e-04  0.000000e+00  0.000000e+00
-1.437584e-04  0.000000e+00  0.000000e+00
-1.432098e-04  0.000000e+00  0.000000e+00
-1.420833e-04  0.000000e+00  0.000000e+00
-1.406182e-04  0.000000e+00  0.000000e+00
-1.390588e-04  0.000000e+00  0.000000e+00
-1.376330e-04  0.000000e+00  0.000000e+00
-1.365336e-04  0.000000e+00  0.000000e+00
-1.358637e-04  0.000000e+00  0.000000e+00
-1.355850e-04  0.000000e+00  0.000000e+00
-1.355514e-04  0.000000e+00  0.000000e+00
-1.356027e-04  0.000000e+00  0.000000e+00
-1.356034e-04  0.000000e+00  0.000000e+00
-1.354218e-04  0.000000e+00  0.000000e+00
-1.349490e-04  0.000000e+00  0.000000e+00
-1.341704e-04  0.000000e+00  0.000000e+00
-1.331906e-04  0.000000e+00  0.000000e+00
-1.321583e-04  0.000000e+00  0.000000e+00
-1.311571e-04  0.000000e+00  0.000000e+00
-1.301509e-04  0.000000e+00  0.000000e+00
-1.290014e-04  0.000000e+00  0.000000e+00
-1.275019e-04  0.000000e+00  0.000000e+00
-1.253966e-04  0.000000e+00  0.000000e+00
-1.224218e-04  0.000000e+00  0.000000e+00
-1.184048e-04  0.000000e+00  0.000000e+00
-1.133782e-04  0.000000e+00  0.000000e+00
-1.076079e-04  0.000000e+00  0.000000e+00
-1.015122e-04  0.000000e+00  0.000000e+00
-9.557399e-05  0.000000e+00  0.000000e+00
-9.032656e-05  0.000000e+00  0.000000e+00
-8.632897e-05  0.000000e+00  0.000000e+00
-8.403967e-05  0.000000e+00  0.000000e+00
-8.365090e-05  0.000000e+00  0.000000e+00
-8.502977e-05  0.000000e+00  0.000000e+00
-8.781593e-05  0.000000e+00  0.000000e+00
-9.159665e-05  0.000000e+00  0.000000e+00
-9.604407e-05  0.000000e+00  0.000000e+00
-1.009608e-04  0.000000e+00  0.000000e+00
-1.062705e-04  0.000000e+00  0.000000e+00
-1.120205e-04  0.000000e+00  0.000000e+00
-1.183938e-04  0.000000e+00  0.000000e+00
-1.256582e-04  0.000000e+00  0.000000e+00
-1.340496e-04  0.000000e+00  0.000000e+00
-1.436717e-04  0.000000e+00  0.000000e+00
-1.544502e-04  0.000000e+00  0.000000e+00
-1.660969e-04  0.000000e+00  0.000000e+00
-1.780825e-04  0.000000e+00  0.000000e+00
-1.897036e-04  0.000000e+00  0.000000e+00
-2.002549e-04  0.000000e+00  0.000000e+00
-2.091761e-04  0.000000e+00  0.000000e+00
-2.160801e-04  0.000000e+00  0.000000e+00
-2.207311e-04  0.000000e+00  0.000000e+00
-2.230717e-04  0.000000e+00  0.000000e+00
-2.232528e-04  0.000000e+00  0.000000e+00
-2.215622e-04  0.000000e+00  0.000000e+00
-2.182846e-04  0.000000e+00  0.000000e+00
-2.136364e-04  0.000000e+00  0.000000e+00
-2.078184e-04  0.000000e+00  0.000000e+00
-2.010769e-04  0.000000e+00  0.000000e+00
-1.936922e-04  0.000000e+00  0.000000e+00
-1.859342e-04  0.000000e+00  0.000000e+00
-1.780537e-04  0.000000e+00  0.000000e+00
-1.703104e-04  0.000000e+00  0.000000e+00
-1.629897e-04  0.000000e+00  0.000000e+00
-1.563584e-04  0.000000e+00  0.000000e+00
-1.505766e-04  0.000000e+00  0.000000e+00
-1.456537e-04  0.000000e+00  0.000000e+00
-1.414966e-04  0.000000e+00  0.000000e+00
-1.379988e-04  0.000000e+00  0.000000e+00
-1.350894e-04  0.000000e+00  0.000000e+00
-1.327447e-04  0.000000e+00  0.000000e+00
-1.310118e-04  0.000000e+00  0.000000e+00
-1.300520e-04  0.000000e+00  0.000000e+00
-1.301554e-04  0.000000e+00  0.000000e+00
-1.316898e-04  0.000000e+00  0.000000e+00
-1.349897e-04  0.000000e+00  0.000000e+00
-1.402254e-04  0.000000e+00  0.000000e+00
-1.473230e-04  0.000000e+00  0.000000e+00
-1.559831e-04  0.000000e+00  0.000000e+00
-1.657708e-04  0.000000e+00  0.000000e+00
-1.762100e-04  0.000000e+00  0.000000e+00
-1.868533e-04  0.000000e+00  0.000000e+00
-1.973455e-04  0.000000e+00  0.000000e+00
-2.074762e-04  0.000000e+00  0.000000e+00
-2.171928e-04  0.000000e+00  0.000000e+00
-2.265629e-04  0.000000e+00  0.000000e+00
-2.357075e-04  0.000000e+00  0.000000e+00
-2.447376e-04  0.000000e+00  0.000000e+00
-2.537025e-04  0.000000e+00  0.000000e+00
-2.625305e-04  0.000000e+00  0.000000e+00
-2.709799e-04  0.000000e+00  0.000000e+00
-2.786617e-04  0.000000e+00  0.000000e+00
-2.851506e-04  0.000000e+00  0.000000e+00
-2.901282e-04  0.000000e+00  0.000000e+00
-2.934939e-04  0.000000e+00  0.000000e+00
-2.953911e-04  0.000000e+00  0.000000e+00
-2.961438e-04  0.000000e+00  0.000000e+00
-2.961580e-04  0.000000e+00  0.000000e+00
-2.958443e-04  0.000000e+00  0.000000e+00
-2.955543e-04  0.000000e+00  0.000000e+00
-2.954956e-04  0.000000e+00  0.000000e+00
-2.956637e-04  0.000000e+00  0.000000e+00
-2.958689e-04  0.000000e+00  0.000000e+00
-2.958550e-04  0.000000e+00  0.000000e+00
-2.954317e-04  0.000000e+00  0.000000e+00
-2.945575e-04  0.000000e+00  0.000000e+00
-2.933567e-04  0.000000e+00  0.000000e+00
-2.920739e-04  0.000000e+00  0.000000e+00
-2.909948e-04  0.000000e+00  0.000000e+00
-2.903702e-04  0.000000e+00  0.000000e+00
-2.903723e-04  0.000000e+00  0.000000e+00
-2.910763e-04  0.000000e+00  0.000000e+00
-2.924341e-04  0.000000e+00  0.000000e+00
-2.942479e-04  0.000000e+00  0.000000e+00
-2.961840e-04  0.000000e+00  0.000000e+00
-2.978548e-04  0.000000e+00  0.000000e+00
-2.989413e-04  0.000000e+00  0.000000e+00
-2.992896e-04  0.000000e+00  0.000000e+00
-2.989217e-04  0.000000e+00  0.000000e+00
-2.979755e-04  0.000000e+00  0.000000e+00
-2.966430e-04  0.000000e+00  0.000000e+00
-2.951388e-04  0.000000e+00  0.000000e+00
-2.936720e-04  0.000000e+00  0.000000e+00
-2.923913e-04  0.000000e+00  0.000000e+00
-2.913210e-04  0.000000e+00  0.000000e+00
-2.903335e-04  0.000000e+00  0.000000e+00
-2.891872e-04  0.000000e+00  0.000000e+00
-2.876231e-04  0.000000e+00  0.000000e+00
-2.854782e-04  0.000000e+00  0.000000e+00
-2.827511e-04  0.000000e+00  0.000000e+00
-2.795875e-04  0.000000e+00  0.000000e+00
-2.762301e-04  0.000000e+00  0.000000e+00
-2.729951e-04  0.000000e+00  0.000000e+00
-2.702481e-04  0.000000e+00  0.000000e+00
-2.683149e-04  0.000000e+00  0.000000e+00
-2.673609e-04  0.000000e+00  0.000000e+00
-2.673491e-04  0.000000e+00  0.000000e+00
-2.681227e-04  0.000000e+00  0.000000e+00
-2.695246e-04  0.000000e+00  0.000000e+00
-2.714500e-04  0.000000e+00  0.000000e+00
-2.738290e-04  0.000000e+00  0.000000e+00
-2.765965e-04  0.000000e+00  0.000000e+00
-2.796774e-04  0.000000e+00  0.000000e+00
-2.829920e-04  0.000000e+00  0.000000e+00
-2.864728e-04  0.000000e+00  0.000000e+00
-2.900611e-04  0.000000e+00  0.000000e+00
-2.936605e-04  0.000000e+00  0.000000e+00
-2.970976e-04  0.000000e+00  0.000000e+00
-3.001528e-04  0.000000e+00  0.000000e+00
-3.026362e-04  0.000000e+00  0.000000e+00
-3.044293e-04  0.000000e+00  0.000000e+00
-3.054782e-04  0.000000e+00  0.000000e+00
-3.057699e-04  0.000000e+00  0.000000e+00
-3.053101e-04  0.000000e+00  0.000000e+00
-3.041114e-04  0.000000e+00  0.000000e+00
-3.021964e-04  0.000000e+00  0.000000e+00
-2.996026e-04  0.000000e+00  0.000000e+00
-2.963753e-04  0.000000e+00  0.000000e+00
-2.925517e-04  0.000000e+00  0.000000e+00
-2.881393e-04  0.000000e+00  0.000000e+00
-2.831175e-04  0.000000e+00  0.000000e+00
-2.774864e-04  0.000000e+00  0.000000e+00
-2.713238e-04  0.000000e+00  0.000000e+00
-2.647866e-04  0.000000e+00  0.000000e+00
-2.580690e-04  0.000000e+00  0.000000e+00
-2.513895e-04  0.000000e+00  0.000000e+00
-2.450192e-04  0.000000e+00  0.000000e+00
-2.392781e-04  0.000000e+00  0.000000e+00
-2.344631e-04  0.000000e+00  0.000000e+00
-2.307700e-04  0.000000e+00  0.000000e+00
-2.282724e-04  0.000000e+00  0.000000e+00
-2.269356e-04  0.000000e+00  0.000000e+00
-2.266167e-04  0.000000e+00  0.000000e+00
-2.270499e-04  0.000000e+00  0.000000e+00
-2.278653e-04  0.000000e+00  0.000000e+00
-2.286653e-04  0.000000e+00  0.000000e+00
-2.291024e-04  0.000000e+00  0.000000e+00
-2.288890e-04  0.000000e+00  0.000000e+00
-2.277786e-04  0.000000e+00  0.000000e+00
-2.255932e-04  0.000000e+00  0.000000e+00
-2.222909e-04  0.000000e+00  0.000000e+00
-2.180049e-04  0.000000e+00  0.000000e+00
-2.130146e-04  0.000000e+00  0.000000e+00
-2.076671e-04  0.000000e+00  0.000000e+00
-2.022949e-04  0.000000e+00  0.000000e+00
-1.971552e-04  0.000000e+00  0.000000e+00
-1.923976e-04  0.000000e+00  0.000000e+00
-1.880531e-04  0.000000e+00  0.000000e+00
-1.840413e-04  0.000000e+00  0.000000e+00
-1.802151e-04  0.000000e+00  0.000000e+00
-1.764515e-04  0.000000e+00  0.000000e+00
-1.727295e-04  0.000000e+00  0.000000e+00
-1.691457e-04  0.000000e+00  0.000000e+00
-1.658945e-04  0.000000e+00  0.000000e+00
-1.632574e-04  0.000000e+00  0.000000e+00
-1.616168e-04  0.000000e+00  0.000000e+00
-1.615033e-04  0.000000e+00  0.000000e+00
-1.636523e-04  0.000000e+00  0.000000e+00
-1.689939e-04  0.000000e+00  0.000000e+00
-1.785090e-04  0.000000e+00  0.000000e+00
-1.929436e-04  0.000000e+00  0.000000e+00
-2.124637e-04  0.000000e+00  0.000000e+00
-2.364402e-04  0.000000e+00  0.000000e+00
-2.635678e-04  0.000000e+00  0.000000e+00
-2.922972e-04  0.000000e+00  0.000000e+00
-3.213159e-04  0.000000e+00  0.000000e+00
-3.498049e-04  0.000000e+00  0.000000e+00
-3.773677e-04  0.000000e+00  0.000000e+00
-4.037561e-04  0.000000e+00  0.000000e+00
-4.286649e-04  0.000000e+00  0.000000e+00
-4.517164e-04  0.000000e+00  0.000000e+00
-4.725329e-04  0.000000e+00  0.000000e+00
-4.907976e-04  0.000000e+00  0.000000e+00
-5.062803e-04  0.000000e+00  0.000000e+00
-5.187872e-04  0.000000e+00  0.000000e+00
-5.280607e-04  0.000000e+00  0.000000e+00
-5.337692e-04  0.000000e+00  0.000000e+00
-5.356589e-04  0.000000e+00  0.000000e+00
-5.337404e-04  0.000000e+00  0.000000e+00
-5.283170e-04  0.000000e+00  0.000000e+00
-5.197934e-04  0.000000e+00  0.000000e+00
-5.084012e-04  0.000000e+00  0.000000e+00
-4.940924e-04  0.000000e+00  0.000000e+00
-4.767136e-04  0.000000e+00  0.000000e+00
-4.563154e-04  0.000000e+00  0.000000e+00
-4.333318e-04  0.000000e+00  0.000000e+00
-4.085023e-04  0.000000e+00  0.000000e+00
-3.826441e-04  0.000000e+00  0.000000e+00
-3.564881e-04  0.000000e+00  0.000000e+00
-3.306775e-04  0.000000e+00  0.000000e+00
-3.058354e-04  0.000000e+00  0.000000e+00
-2.825605e-04  0.000000e+00  0.000000e+00
-2.613094e-04  0.000000e+00  0.000000e+00
-2.422718e-04  0.000000e+00  0.000000e+00
-2.253734e-04  0.000000e+00  0.000000e+00
-2.104189e-04  0.000000e+00  0.000000e+00
-1.972388e-04  0.000000e+00  0.000000e+00
-1.857203e-04  0.000000e+00  0.000000e+00
-1.757391e-04  0.000000e+00  0.000000e+00
-1.671031e-04  0.000000e+00  0.000000e+00
-1.595708e-04  0.000000e+00  0.000000e+00
-1.529247e-04  0.000000e+00  0.000000e+00
-1.470182e-04  0.000000e+00  0.000000e+00
-1.417154e-04  0.000000e+00  0.000000e+00
-1.367322e-04  0.000000e+00  0.000000e+00
-1.315170e-04  0.000000e+00  0.000000e+00
-1.253004e-04  0.000000e+00  0.000000e+00
-1.172956e-04  0.000000e+00  0.000000e+00
-1.069223e-04  0.000000e+00  0.000000e+00
-9.393833e-05  0.000000e+00  0.000000e+00
-7.844178e-05  0.000000e+00  0.000000e+00
-6.077642e-05  0.000000e+00  0.000000e+00
-4.141290e-05  0.000000e+00  0.000000e+00
-2.086327e-05  0.000000e+00  0.000000e+00
 3.633646e-07  0.000000e+00  0.000000e+00
 2.178123e-05  0.000000e+00  0.000000e+00
 4.292496e-05  0.000000e+00  0.000000e+00
 6.330145e-05  0.000000e+00  0.000000e+00
 8.229425e-05  0.000000e+00  0.000000e+00
 9.908659e-05  0.000000e+00  0.000000e+00
 1.127097e-04  0.000000e+00  0.000000e+00
 1.222472e-04  0.000000e+00  0.000000e+00
 1.270887e-04  0.000000e+00  0.000000e+00
 1.270850e-04  0.000000e+00  0.000000e+00
 1.225385e-04  0.000000e+00  0.000000e+00
 1.140657e-04  0.000000e+00  0.000000e+00
 1.024093e-04  0.000000e+00  0.000000e+00
 8.827369e-05  0.000000e+00  0.000000e+00
 7.222978e-05  0.000000e+00  0.000000e+00
 5.467649e-05  0.000000e+00  0.000000e+00
 3.580997e-05  0.000000e+00  0.000000e+00
 1.558545e-05  0.000000e+00  0.000000e+00
-6.280276e-06  0.000000e+00  0.000000e+00
-3.021597e-05  0.000000e+00  0.000000e+00
-5.660425e-05  0.000000e+00  0.000000e+00
-8.555108e-05  0.000000e+00  0.000000e+00
-1.167306e-04  0.000000e+00  0.000000e+00
-1.493751e-04  0.000000e+00  0.000000e+00
-1.823922e-04  0.000000e+00  0.000000e+00
-2.145460e-04  0.000000e+00  0.000000e+00
-2.446432e-04  0.000000e+00  0.000000e+00
-2.717064e-04  0.000000e+00  0.000000e+00
-2.951553e-04  0.000000e+00  0.000000e+00
-3.149527e-04  0.000000e+00  0.000000e+00
-3.316049e-04  0.000000e+00  0.000000e+00
-3.459605e-04  0.000000e+00  0.000000e+00
-3.589023e-04  0.000000e+00  0.000000e+00
-3.711124e-04  0.000000e+00  0.000000e+00
-3.829870e-04  0.000000e+00  0.000000e+00
-3.946344e-04  0.000000e+00  0.000000e+00
-4.059032e-04  0.000000e+00  0.000000e+00
-4.164781e-04  0.000000e+00  0.000000e+00
-4.260407e-04  0.000000e+00  0.000000e+00
-4.343951e-04  0.000000e+00  0.000000e+00
-4.414993e-04  0.000000e+00  0.000000e+00
-4.474288e-04  0.000000e+00  0.000000e+00
-4.523057e-04  0.000000e+00  0.000000e+00
-4.562030e-04  0.000000e+00  0.000000e+00
-4.590701e-04  0.000000e+00  0.000000e+00
-4.607521e-04  0.000000e+00  0.000000e+00
-4.610932e-04  0.000000e+00  0.000000e+00
-4.600224e-04  0.000000e+00  0.000000e+00
-4.575809e-04  0.000000e+00  0.000000e+00
-4.539463e-04  0.000000e+00  0.000000e+00
-4.494531e-04  0.000000e+00  0.000000e+00
-4.445096e-04  0.000000e+00  0.000000e+00
-4.393751e-04  0.000000e+00  0.000000e+00
-4.339488e-04  0.000000e+00  0.000000e+00
-4.277431e-04  0.000000e+00  0.000000e+00
-4.200473e-04  0.000000e+00  0.000000e+00
-4.101671e-04  0.000000e+00  0.000000e+00
-3.976322e-04  0.000000e+00  0.000000e+00
-3.823157e-04  0.000000e+00  0.000000e+00
-3.644433e-04  0.000000e+00  0.000000e+00
-3.444939e-04  0.000000e+00  0.000000e+00
-3.230330e-04  0.000000e+00  0.000000e+00
-3.005660e-04  0.000000e+00  0.000000e+00
-2.774623e-04  0.000000e+00  0.000000e+00
-2.539316e-04  0.000000e+00  0.000000e+00
-2.300238e-04  0.000000e+00  0.000000e+00
-2.056463e-04  0.000000e+00  0.000000e+00
-1.806017e-04  0.000000e+00  0.000000e+00
-1.546594e-04  0.000000e+00  0.000000e+00
-1.276587e-04  0.000000e+00  0.000000e+00
-9.960394e-05  0.000000e+00  0.000000e+00
-7.068348e-05  0.000000e+00  0.000000e+00
-4.118979e-05  0.000000e+00  0.000000e+00
-1.141889e-05  0.000000e+00  0.000000e+00
 1.834510e-05  0.000000e+00  0.000000e+00
 4.776490e-05  0.000000e+00  0.000000e+00
 7.640920e-05  0.000000e+00  0.000000e+00
 1.037915e-04  0.000000e+00  0.000000e+00
 1.294319e-04  0.000000e+00  0.000000e+00
 1.528654e-04  0.000000e+00  0.000000e+00
 1.735759e-04  0.000000e+00  0.000000e+00
 1.908935e-04  0.000000e+00  0.000000e+00
 2.039540e-04  0.000000e+00  0.000000e+00
 2.118254e-04  0.000000e+00  0.000000e+00
 2.137947e-04  0.000000e+00  0.000000e+00
 2.096481e-04  0.000000e+00  0.000000e+00
 1.997350e-04  0.000000e+00  0.000000e+00
 1.847492e-04  0.000000e+00  0.000000e+00
 1.654129e-04  0.000000e+00  0.000000e+00
 1.423605e-04  0.000000e+00  0.000000e+00
 1.163029e-04  0.000000e+00  0.000000e+00
 8.820888e-05  0.000000e+00  0.000000e+00
 5.919861e-05  0.000000e+00  0.000000e+00
 3.021058e-05  0.000000e+00  0.000000e+00
 1.793760e-06  0.000000e+00  0.000000e+00
-2.579488e-05  0.000000e+00  0.000000e+00
-5.237562e-05  0.000000e+00  0.000000e+00
-7.775942e-05  0.000000e+00  0.000000e+00
-1.017951e-04  0.000000e+00  0.000000e+00
-1.244152e-04  0.000000e+00  0.000000e+00
-1.456214e-04  0.000000e+00  0.000000e+00
-1.654496e-04  0.000000e+00  0.000000e+00
-1.839595e-04  0.000000e+00  0.000000e+00
-2.012395e-04  0.000000e+00  0.000000e+00
-2.173819e-04  0.000000e+00  0.000000e+00
-2.324427e-04  0.000000e+00  0.000000e+00
-2.464356e-04  0.000000e+00  0.000000e+00
-2.593220e-04  0.000000e+00  0.000000e+00
-2.709501e-04  0.000000e+00  0.000000e+00
-2.810415e-04  0.000000e+00  0.000000e+00
-2.893125e-04  0.000000e+00  0.000000e+00
-2.956446e-04  0.000000e+00  0.000000e+00
-3.001769e-04  0.000000e+00  0.000000e+00
-3.032901e-04  0.000000e+00  0.000000e+00
-3.055179e-04  0.000000e+00  0.000000e+00
-3.074110e-04  0.000000e+00  0.000000e+00
-3.093978e-04  0.000000e+00  0.000000e+00
-3.116971e-04  0.000000e+00  0.000000e+00
-3.142930e-04  0.000000e+00  0.000000e+00
-3.169474e-04  0.000000e+00  0.000000e+00
-3.192660e-04  0.000000e+00  0.000000e+00
-3.208503e-04  0.000000e+00  0.000000e+00
-3.214791e-04  0.000000e+00  0.000000e+00
-3.212012e-04  0.000000e+00  0.000000e+00
-3.202812e-04  0.000000e+00  0.000000e+00
-3.190485e-04  0.000000e+00  0.000000e+00
-3.177422e-04  0.000000e+00  0.000000e+00
-3.164284e-04  0.000000e+00  0.000000e+00
-3.150128e-04  0.000000e+00  0.000000e+00
-3.133191e-04  0.000000e+00  0.000000e+00
-3.111555e-04  0.000000e+00  0.000000e+00
-3.083276e-04  0.000000e+00  0.000000e+00
-3.046302e-04  0.000000e+00  0.000000e+00
-2.998781e-04  0.000000e+00  0.000000e+00
-2.939487e-04  0.000000e+00  0.000000e+00
-2.867555e-04  0.000000e+00  0.000000e+00
-2.781523e-04  0.000000e+00  0.000000e+00
-2.678901e-04  0.000000e+00  0.000000e+00
-2.557143e-04  0.000000e+00  0.000000e+00
-2.415210e-04  0.000000e+00  0.000000e+00
-2.254159e-04  0.000000e+00  0.000000e+00
-2.076549e-04  0.000000e+00  0.000000e+00
-1.885790e-04  0.000000e+00  0.000000e+00
-1.686270e-04  0.000000e+00  0.000000e+00
-1.483873e-04  0.000000e+00  0.000000e+00
-1.285820e-04  0.000000e+00  0.000000e+00
-1.099207e-04  0.000000e+00  0.000000e+00
-9.289480e-05  0.000000e+00  0.000000e+00
-7.764831e-05  0.000000e+00  0.000000e+00
-6.398870e-05  0.000000e+00  0.000000e+00
-5.148585e-05  0.000000e+00  0.000000e+00
-3.958522e-05  0.000000e+00  0.000000e+00
-2.771766e-05  0.000000e+00  0.000000e+00
-1.541767e-05  0.000000e+00  0.000000e+00
-2.441832e-06  0.000000e+00  0.000000e+00
 1.115130e-05  0.000000e+00  0.000000e+00
 2.501311e-05  0.000000e+00  0.000000e+00
 3.863043e-05  0.000000e+00  0.000000e+00
 5.150570e-05  0.000000e+00  0.000000e+00
 6.328706e-05  0.000000e+00  0.000000e+00
 7.379906e-05  0.000000e+00  0.000000e+00
 8.301131e-05  0.000000e+00  0.000000e+00
 9.100627e-05  0.000000e+00  0.000000e+00
 9.796191e-05  0.000000e+00  0.000000e+00
 1.041232e-04  0.000000e+00  0.000000e+00
 1.097481e-04  0.000000e+00  0.000000e+00
 1.150473e-04  0.000000e+00  0.000000e+00
 1.201419e-04  0.000000e+00  0.000000e+00
 1.250408e-04  0.000000e+00  0.000000e+00
 1.296241e-04  0.000000e+00  0.000000e+00
 1.336417e-04  0.000000e+00  0.000000e+00
 1.367525e-04  0.000000e+00  0.000000e+00
 1.385993e-04  0.000000e+00  0.000000e+00
 1.388745e-04  0.000000e+00  0.000000e+00
 1.373543e-04  0.000000e+00  0.000000e+00
 1.339327e-04  0.000000e+00  0.000000e+00
 1.286464e-04  0.000000e+00  0.000000e+00
 1.216477e-04  0.000000e+00  0.000000e+00
 1.131332e-04  0.000000e+00  0.000000e+00
 1.032932e-04  0.000000e+00  0.000000e+00
 9.227723e-05  0.000000e+00  0.000000e+00
 8.013864e-05  0.000000e+00  0.000000e+00
 6.679161e-05  0.000000e+00  0.000000e+00
 5.204385e-05  0.000000e+00  0.000000e+00
 3.568350e-05  0.000000e+00  0.000000e+00
 1.757231e-05  0.000000e+00  0.000000e+00
-2.257944e-06  0.000000e+00  0.000000e+00
-2.351858e-05  0.000000e+00  0.000000e+00
-4.565253e-05  0.000000e+00  0.000000e+00
-6.793690e-05  0.000000e+00  0.000000e+00
-8.963031e-05  0.000000e+00  0.000000e+00
-1.100567e-04  0.000000e+00  0.000000e+00
-1.286160e-04  0.000000e+00  0.000000e+00
-1.447995e-04  0.000000e+00  0.000000e+00
-1.582552e-04  0.000000e+00  0.000000e+00
-1.688716e-04  0.000000e+00  0.000000e+00
-1.768306e-04  0.000000e+00  0.000000e+00
-1.825869e-04  0.000000e+00  0.000000e+00
-1.867570e-04  0.000000e+00  0.000000e+00
-1.899528e-04  0.000000e+00  0.000000e+00
-1.926338e-04  0.000000e+00  0.000000e+00
-1.950309e-04  0.000000e+00  0.000000e+00
-1.971469e-04  0.000000e+00  0.000000e+00
-1.988259e-04  0.000000e+00  0.000000e+00
-1.998531e-04  0.000000e+00  0.000000e+00
-2.000294e-04  0.000000e+00  0.000000e+00
-1.992210e-04  0.000000e+00  0.000000e+00
-1.974103e-04  0.000000e+00  0.000000e+00
-1.947351e-04  0.000000e+00  0.000000e+00
-1.914620e-04  0.000000e+00  0.000000e+00
-1.878936e-04  0.000000e+00  0.000000e+00
-1.842910e-04  0.000000e+00  0.000000e+00
-1.808781e-04  0.000000e+00  0.000000e+00
-1.778938e-04  0.000000e+00  0.000000e+00
-1.756218e-04  0.000000e+00  0.000000e+00
-1.743503e-04  0.000000e+00  0.000000e+00
-1.742598e-04  0.000000e+00  0.000000e+00
-1.753120e-04  0.000000e+00  0.000000e+00
-1.772409e-04  0.000000e+00  0.000000e+00
-1.796429e-04  0.000000e+00  0.000000e+00
-1.820760e-04  0.000000e+00  0.000000e+00
-1.841152e-04  0.000000e+00  0.000000e+00
-1.853866e-04  0.000000e+00  0.000000e+00
-1.856037e-04  0.000000e+00  0.000000e+00
-1.845933e-04  0.000000e+00  0.000000e+00
-1.822912e-04  0.000000e+00  0.000000e+00
-1.787124e-04  0.000000e+00  0.000000e+00
-1.739091e-04  0.000000e+00  0.000000e+00
-1.679306e-04  0.000000e+00  0.000000e+00
-1.608165e-04  0.000000e+00  0.000000e+00
-1.526338e-04  0.000000e+00  0.000000e+00
-1.435040e-04  0.000000e+00  0.000000e+00
-1.335678e-04  0.000000e+00  0.000000e+00
-1.229420e-04  0.000000e+00  0.000000e+00
-1.117599e-04  0.000000e+00  0.000000e+00
-1.002622e-04  0.000000e+00  0.000000e+00
-8.882099e-05  0.000000e+00  0.000000e+00
-7.784876e-05  0.000000e+00  0.000000e+00
-6.766145e-05  0.000000e+00  0.000000e+00
-5.838792e-05  0.000000e+00  0.000000e+00
-4.997420e-05  0.000000e+00  0.000000e+00
-4.226133e-05  0.000000e+00  0.000000e+00
-3.507179e-05  0.000000e+00  0.000000e+00
-2.825571e-05  0.000000e+00  0.000000e+00
-2.169795e-05  0.000000e+00  0.000000e+00
-1.531062e-05  0.000000e+00  0.000000e+00
-9.021497e-06  0.000000e+00  0.000000e+00
-2.752034e-06  0.000000e+00  0.000000e+00
 3.622949e-06  0.000000e+00  0.000000e+00
 1.032937e-05  0.000000e+00  0.000000e+00
 1.772116e-05  0.000000e+00  0.000000e+00
 2.621222e-05  0.000000e+00  0.000000e+00
 3.611166e-05  0.000000e+00  0.000000e+00
 4.747683e-05  0.000000e+00  0.000000e+00
 6.008420e-05  0.000000e+00  0.000000e+00
 7.348602e-05  0.000000e+00  0.000000e+00
 8.707432e-05  0.000000e+00  0.000000e+00
 1.001295e-04  0.000000e+00  0.000000e+00
 1.118651e-04  0.000000e+00  0.000000e+00
 1.214901e-04  0.000000e+00  0.000000e+00
 1.283293e-04  0.000000e+00  0.000000e+00
 1.320110e-04  0.000000e+00  0.000000e+00
 1.326384e-04  0.000000e+00  0.000000e+00
 1.308072e-04  0.000000e+00  0.000000e+00
 1.274176e-04  0.000000e+00  0.000000e+00
 1.233766e-04  0.000000e+00  0.000000e+00
 1.193365e-04  0.000000e+00  0.000000e+00
 1.155762e-04  0.000000e+00  0.000000e+00
 1.120356e-04  0.000000e+00  0.000000e+00
 1.084153e-04  0.000000e+00  0.000000e+00
 1.042656e-04  0.000000e+00  0.000000e+00
 9.906382e-05  0.000000e+00  0.000000e+00
 9.230262e-05  0.000000e+00  0.000000e+00
 8.357636e-05  0.000000e+00  0.000000e+00
 7.265296e-05  0.000000e+00  0.000000e+00
 5.953857e-05  0.000000e+00  0.000000e+00
 4.451834e-05  0.000000e+00  0.000000e+00
 2.812561e-05  0.000000e+00  0.000000e+00
 1.102930e-05  0.000000e+00  0.000000e+00
-6.115249e-06  0.000000e+00  0.000000e+00
-2.279312e-05  0.000000e+00  0.000000e+00
-3.869602e-05  0.000000e+00  0.000000e+00
-5.373137e-05  0.000000e+00  0.000000e+00
-6.800654e-05  0.000000e+00  0.000000e+00
-8.179758e-05  0.000000e+00  0.000000e+00
-9.546569e-05  0.000000e+00  0.000000e+00
-1.093001e-04  0.000000e+00  0.000000e+00
-1.233676e-04  0.000000e+00  0.000000e+00
-1.374863e-04  0.000000e+00  0.000000e+00
-1.513288e-04  0.000000e+00  0.000000e+00
-1.645624e-04  0.000000e+00  0.000000e+00
-1.769570e-04  0.000000e+00  0.000000e+00
-1.884381e-04  0.000000e+00  0.000000e+00
-1.990783e-04  0.000000e+00  0.000000e+00
-2.090400e-04  0.000000e+00  0.000000e+00
-2.185132e-04  0.000000e+00  0.000000e+00
-2.276744e-04  0.000000e+00  0.000000e+00
-2.366469e-04  0.000000e+00  0.000000e+00
-2.454459e-04  0.000000e+00  0.000000e+00
-2.539352e-04  0.000000e+00  0.000000e+00
-2.618111e-04  0.000000e+00  0.000000e+00
-2.686113e-04  0.000000e+00  0.000000e+00
-2.737670e-04  0.000000e+00  0.000000e+00
-2.767258e-04  0.000000e+00  0.000000e+00
-2.771174e-04  0.000000e+00  0.000000e+00
-2.748634e-04  0.000000e+00  0.000000e+00
-2.701317e-04  0.000000e+00  0.000000e+00
-2.631537e-04  0.000000e+00  0.000000e+00
-2.540565e-04  0.000000e+00  0.000000e+00
-2.428663e-04  0.000000e+00  0.000000e+00
-2.296597e-04  0.000000e+00  0.000000e+00
-2.146647e-04  0.000000e+00  0.000000e+00
-1.981769e-04  0.000000e+00  0.000000e+00
-1.803966e-04  0.000000e+00  0.000000e+00
-1.613789e-04  0.000000e+00  0.000000e+00
-1.411390e-04  0.000000e+00  0.000000e+00
-1.197920e-04  0.000000e+00  0.000000e+00
-9.761541e-05  0.000000e+00  0.000000e+00
-7.502464e-05  0.000000e+00  0.000000e+00
-5.252970e-05  0.000000e+00  0.000000e+00
-3.074608e-05  0.000000e+00  0.000000e+00
-1.044908e-05  0.000000e+00  0.000000e+00
 7.459933e-06  0.000000e+00  0.000000e+00
 2.216779e-05  0.000000e+00  0.000000e+00
 3.323734e-05  0.000000e+00  0.000000e+00
 4.075598e-05  0.000000e+00  0.000000e+00
 4.524315e-05  0.000000e+00  0.000000e+00
 4.740658e-05  0.000000e+00  0.000000e+00
 4.792010e-05  0.000000e+00  0.000000e+00
 4.731003e-05  0.000000e+00  0.000000e+00
 4.591404e-05  0.000000e+00  0.000000e+00
 4.386512e-05  0.000000e+00  0.000000e+00
 4.111173e-05  0.000000e+00  0.000000e+00
 3.748718e-05  0.000000e+00  0.000000e+00
 3.280319e-05  0.000000e+00  0.000000e+00
 2.693273e-05  0.000000e+00  0.000000e+00
 1.986305e-05  0.000000e+00  0.000000e+00
 1.172071e-05  0.000000e+00  0.000000e+00
 2.767873e-06  0.000000e+00  0.000000e+00
-6.642845e-06  0.000000e+00  0.000000e+00
-1.612971e-05  0.000000e+00  0.000000e+00
-2.530411e-05  0.000000e+00  0.000000e+00
-3.376816e-05  0.000000e+00  0.000000e+00
-4.115318e-05  0.000000e+00  0.000000e+00
-4.718612e-05  0.000000e+00  0.000000e+00
-5.170972e-05  0.000000e+00  0.000000e+00
-5.465316e-05  0.000000e+00  0.000000e+00
-5.601018e-05  0.000000e+00  0.000000e+00
-5.583680e-05  0.000000e+00  0.000000e+00
-5.425131e-05  0.000000e+00  0.000000e+00
-5.144763e-05  0.000000e+00  0.000000e+00
-4.771703e-05  0.000000e+00  0.000000e+00
-4.342893e-05  0.000000e+00  0.000000e+00
-3.896129e-05  0.000000e+00  0.000000e+00
-3.464377e-05  0.000000e+00  0.000000e+00
-3.074701e-05  0.000000e+00  0.000000e+00
-2.747447e-05  0.000000e+00  0.000000e+00
-2.494147e-05  0.000000e+00  0.000000e+00
-2.319012e-05  0.000000e+00  0.000000e+00
-2.224222e-05  0.000000e+00  0.000000e+00
-2.212601e-05  0.000000e+00  0.000000e+00
-2.286703e-05  0.000000e+00  0.000000e+00
-2.450779e-05  0.000000e+00  0.000000e+00
-2.716752e-05  0.000000e+00  0.000000e+00
-3.105987e-05  0.000000e+00  0.000000e+00
-3.642883e-05  0.000000e+00  0.000000e+00
-4.346715e-05  0.000000e+00  0.000000e+00
-5.226161e-05  0.000000e+00  0.000000e+00
-6.274881e-05  0.000000e+00  0.000000e+00
-7.469713e-05  0.000000e+00  0.000000e+00
-8.774687e-05  0.000000e+00  0.000000e+00
-1.014797e-04  0.000000e+00  0.000000e+00
-1.154645e-04  0.000000e+00  0.000000e+00
-1.292697e-04  0.000000e+00  0.000000e+00
-1.424694e-04  0.000000e+00  0.000000e+00
-1.546656e-04  0.000000e+00  0.000000e+00
-1.655237e-04  0.000000e+00  0.000000e+00
-1.747976e-04  0.000000e+00  0.000000e+00
-1.823357e-04  0.000000e+00  0.000000e+00
-1.880871e-04  0.000000e+00  0.000000e+00
-1.921170e-04  0.000000e+00  0.000000e+00
-1.946072e-04  0.000000e+00  0.000000e+00
-1.958139e-04  0.000000e+00  0.000000e+00
-1.959903e-04  0.000000e+00  0.000000e+00
-1.953380e-04  0.000000e+00  0.000000e+00
-1.940167e-04  0.000000e+00  0.000000e+00
-1.921646e-04  0.000000e+00  0.000000e+00
-1.898973e-04  0.000000e+00  0.000000e+00
-1.873119e-04  0.000000e+00  0.000000e+00
-1.845089e-04  0.000000e+00  0.000000e+00
-1.816098e-04  0.000000e+00  0.000000e+00
-1.787670e-04  0.000000e+00  0.000000e+00
-1.761615e-04  0.000000e+00  0.000000e+00
-1.739709e-04  0.000000e+00  0.000000e+00
-1.723291e-04  0.000000e+00  0.000000e+00
-1.713237e-04  0.000000e+00  0.000000e+00
-1.710339e-04  0.000000e+00  0.000000e+00
-1.715618e-04  0.000000e+00  0.000000e+00
-1.730189e-04  0.000000e+00  0.000000e+00
-1.754801e-04  0.000000e+00  0.000000e+00
-1.789343e-04  0.000000e+00  0.000000e+00
-1.832564e-04  0.000000e+00  0.000000e+00
-1.882126e-04  0.000000e+00  0.000000e+00
-1.934818e-04  0.000000e+00  0.000000e+00
-1.986691e-04  0.000000e+00  0.000000e+00
-2.033093e-04  0.000000e+00  0.000000e+00
-2.068920e-04  0.000000e+00  0.000000e+00
-2.089265e-04  0.000000e+00  0.000000e+00
-2.090025e-04  0.000000e+00  0.000000e+00
-2.067922e-04  0.000000e+00  0.000000e+00
-2.020219e-04  0.000000e+00  0.000000e+00
-1.944849e-04  0.000000e+00  0.000000e+00
-1.840970e-04  0.000000e+00  0.000000e+00
-1.709393e-04  0.000000e+00  0.000000e+00
-1.552569e-04  0.000000e+00  0.000000e+00
-1.374184e-04  0.000000e+00  0.000000e+00
-1.178452e-04  0.000000e+00  0.000000e+00
-9.692736e-05  0.000000e+00  0.000000e+00
-7.496935e-05  0.000000e+00  0.000000e+00
-5.221109e-05  0.000000e+00  0.000000e+00
-2.892113e-05  0.000000e+00  0.000000e+00
-5.485610e-06  0.000000e+00  0.000000e+00
 1.757605e-05  0.000000e+00  0.000000e+00
 3.964124e-05  0.000000e+00  0.000000e+00
 5.999212e-05  0.000000e+00  0.000000e+00
 7.781020e-05  0.000000e+00  0.000000e+00
 9.224770e-05  0.000000e+00  0.000000e+00
 1.026306e-04  0.000000e+00  0.000000e+00
 1.087065e-04  0.000000e+00  0.000000e+00
 1.107704e-04  0.000000e+00  0.000000e+00
 1.095733e-04  0.000000e+00  0.000000e+00
 1.060518e-04  0.000000e+00  0.000000e+00
 1.010156e-04  0.000000e+00  0.000000e+00
 9.495177e-05  0.000000e+00  0.000000e+00
 8.799368e-05  0.000000e+00  0.000000e+00
 7.999348e-05  0.000000e+00  0.000000e+00
 7.063840e-05  0.000000e+00  0.000000e+00
 5.958011e-05  0.000000e+00  0.000000e+00
 4.653739e-05  0.000000e+00  0.000000e+00
 3.133907e-05  0.000000e+00  0.000000e+00
 1.393237e-05  0.000000e+00  0.000000e+00
-5.581425e-06  0.000000e+00  0.000000e+00
-2.689517e-05  0.000000e+00  0.000000e+00
-4.951372e-05  0.000000e+00  0.000000e+00
-7.286151e-05  0.000000e+00  0.000000e+00
-9.640715e-05  0.000000e+00  0.000000e+00
-1.197576e-04  0.000000e+00  0.000000e+00
-1.427341e-04  0.000000e+00  0.000000e+00
-1.654179e-04  0.000000e+00  0.000000e+00
-1.881226e-04  0.000000e+00  0.000000e+00
-2.113163e-04  0.000000e+00  0.000000e+00
-2.355555e-04  0.000000e+00  0.000000e+00
-2.614172e-04  0.000000e+00  0.000000e+00
-2.893831e-04  0.000000e+00  0.000000e+00
-3.196748e-04  0.000000e+00  0.000000e+00
-3.520903e-04  0.000000e+00  0.000000e+00
-3.859572e-04  0.000000e+00  0.000000e+00
-4.202912e-04  0.000000e+00  0.000000e+00
-4.540794e-04  0.000000e+00  0.000000e+00
-4.864638e-04  0.000000e+00  0.000000e+00
-5.167135e-04  0.000000e+00  0.000000e+00
-5.441014e-04  0.000000e+00  0.000000e+00
-5.678383e-04  0.000000e+00  0.000000e+00
-5.871006e-04  0.000000e+00  0.000000e+00
-6.011427e-04  0.000000e+00  0.000000e+00
-6.094818e-04  0.000000e+00  0.000000e+00
-6.120967e-04  0.000000e+00  0.000000e+00
-6.095553e-04  0.000000e+00  0.000000e+00
-6.029695e-04  0.000000e+00  0.000000e+00
-5.936185e-04  0.000000e+00  0.000000e+00
-5.823002e-04  0.000000e+00  0.000000e+00
-5.689130e-04  0.000000e+00  0.000000e+00
-5.526626e-04  0.000000e+00  0.000000e+00
-5.326367e-04  0.000000e+00  0.000000e+00
-5.082073e-04  0.000000e+00  0.000000e+00
-4.790600e-04  0.000000e+00  0.000000e+00
-4.450498e-04  0.000000e+00  0.000000e+00
-4.061064e-04  0.000000e+00  0.000000e+00
-3.622114e-04  0.000000e+00  0.000000e+00
-3.134416e-04  0.000000e+00  0.000000e+00
-2.601467e-04  0.000000e+00  0.000000e+00
-2.031770e-04  0.000000e+00  0.000000e+00
-1.438383e-04  0.000000e+00  0.000000e+00
-8.349285e-05  0.000000e+00  0.000000e+00
-2.324689e-05  0.000000e+00  0.000000e+00
 3.596211e-05  0.000000e+00  0.000000e+00
 9.323698e-05  0.000000e+00  0.000000e+00
 1.479205e-04  0.000000e+00  0.000000e+00
 1.998301e-04  0.000000e+00  0.000000e+00
 2.491043e-04  0.000000e+00  0.000000e+00
 2.957759e-04  0.000000e+00  0.000000e+00
 3.394719e-04  0.000000e+00  0.000000e+00
 3.793817e-04  0.000000e+00  0.000000e+00
 4.143619e-04  0.000000e+00  0.000000e+00
 4.430383e-04  0.000000e+00  0.000000e+00
 4.638944e-04  0.000000e+00  0.000000e+00
 4.754098e-04  0.000000e+00  0.000000e+00
 4.763285e-04  0.000000e+00  0.000000e+00
 4.660608e-04  0.000000e+00  0.000000e+00
 4.450299e-04  0.000000e+00  0.000000e+00
 4.146470e-04  0.000000e+00  0.000000e+00
 3.768121e-04  0.000000e+00  0.000000e+00
 3.333324e-04  0.000000e+00  0.000000e+00
 2.857424e-04  0.000000e+00  0.000000e+00
 2.354163e-04  0.000000e+00  0.000000e+00
 1.835032e-04  0.000000e+00  0.000000e+00
 1.307036e-04  0.000000e+00  0.000000e+00
 7.731990e-05  0.000000e+00  0.000000e+00
 2.366315e-05  0.000000e+00  0.000000e+00
-2.962725e-05  0.000000e+00  0.000000e+00
-8.171495e-05  0.000000e+00  0.000000e+00
-1.319936e-04  0.000000e+00  0.000000e+00
-1.803643e-04  0.000000e+00  0.000000e+00
-2.271649e-04  0.000000e+00  0.000000e+00
-2.729218e-04  0.000000e+00  0.000000e+00
-3.181300e-04  0.000000e+00  0.000000e+00
-3.631030e-04  0.000000e+00  0.000000e+00
-4.078750e-04  0.000000e+00  0.000000e+00
-4.521668e-04  0.000000e+00  0.000000e+00
-4.954497e-04  0.000000e+00  0.000000e+00
-5.370655e-04  0.000000e+00  0.000000e+00
-5.762619e-04  0.000000e+00  0.000000e+00
-6.121301e-04  0.000000e+00  0.000000e+00
-6.436400e-04  0.000000e+00  0.000000e+00
-6.699025e-04  0.000000e+00  0.000000e+00
-6.905051e-04  0.000000e+00  0.000000e+00
-7.056624e-04  0.000000e+00  0.000000e+00
-7.161090e-04  0.000000e+00  0.000000e+00
-7.228708e-04  0.000000e+00  0.000000e+00
-7.270358e-04  0.000000e+00  0.000000e+00
-7.295575e-04  0.000000e+00  0.000000e+00
-7.311344e-04  0.000000e+00  0.000000e+00
-7.322033e-04  0.000000e+00  0.000000e+00
-7.329667e-04  0.000000e+00  0.000000e+00
-7.333399e-04  0.000000e+00  0.000000e+00
-7.328646e-04  0.000000e+00  0.000000e+00
-7.307924e-04  0.000000e+00  0.000000e+00
-7.264271e-04  0.000000e+00  0.000000e+00
-7.194976e-04  0.000000e+00  0.000000e+00
-7.102128e-04  0.000000e+00  0.000000e+00
-6.989288e-04  0.000000e+00  0.000000e+00
-6.857292e-04  0.000000e+00  0.000000e+00
-6.702793e-04  0.000000e+00  0.000000e+00
-6.520391e-04  0.000000e+00  0.000000e+00
-6.306113e-04  0.000000e+00  0.000000e+00
-6.059047e-04  0.000000e+00  0.000000e+00
-5.780114e-04  0.000000e+00  0.000000e+00
-5.470093e-04  0.000000e+00  0.000000e+00
-5.129419e-04  0.000000e+00  0.000000e+00
-4.759550e-04  0.000000e+00  0.000000e+00
-4.364063e-04  0.000000e+00  0.000000e+00
-3.948184e-04  0.000000e+00  0.000000e+00
-3.516881e-04  0.000000e+00  0.000000e+00
-3.073166e-04  0.000000e+00  0.000000e+00
-2.618404e-04  0.000000e+00  0.000000e+00
-2.154056e-04  0.000000e+00  0.000000e+00
-1.682626e-04  0.000000e+00  0.000000e+00
-1.207014e-04  0.000000e+00  0.000000e+00
-7.298592e-05  0.000000e+00  0.000000e+00
-2.543747e-05  0.000000e+00  0.000000e+00
 2.139975e-05  0.000000e+00  0.000000e+00
 6.669366e-05  0.000000e+00  0.000000e+00
 1.094077e-04  0.000000e+00  0.000000e+00
 1.484190e-04  0.000000e+00  0.000000e+00
 1.825919e-04  0.000000e+00  0.000000e+00
 2.108582e-04  0.000000e+00  0.000000e+00
 2.323373e-04  0.000000e+00  0.000000e+00
 2.464492e-04  0.000000e+00  0.000000e+00
 2.530179e-04  0.000000e+00  0.000000e+00
 2.524339e-04  0.000000e+00  0.000000e+00
 2.458524e-04  0.000000e+00  0.000000e+00
 2.351822e-04  0.000000e+00  0.000000e+00
 2.226062e-04  0.000000e+00  0.000000e+00
 2.097832e-04  0.000000e+00  0.000000e+00
 1.973404e-04  0.000000e+00  0.000000e+00
 1.850731e-04  0.000000e+00  0.000000e+00
 1.725563e-04  0.000000e+00  0.000000e+00
 1.595688e-04  0.000000e+00  0.000000e+00
 1.461149e-04  0.000000e+00  0.000000e+00
 1.322542e-04  0.000000e+00  0.000000e+00
 1.179623e-04  0.000000e+00  0.000000e+00
 1.030821e-04  0.000000e+00  0.000000e+00
 8.735130e-05  0.000000e+00  0.000000e+00
 7.051406e-05  0.000000e+00  0.000000e+00
 5.249819e-05  0.000000e+00  0.000000e+00
 3.353326e-05  0.000000e+00  0.000000e+00
 1.411615e-05  0.000000e+00  0.000000e+00
-5.142215e-06  0.000000e+00  0.000000e+00
-2.371779e-05  0.000000e+00  0.000000e+00
-4.130190e-05  0.000000e+00  0.000000e+00
-5.775405e-05  0.000000e+00  0.000000e+00
-7.299466e-05  0.000000e+00  0.000000e+00
-8.703432e-05  0.000000e+00  0.000000e+00
-1.001118e-04  0.000000e+00  0.000000e+00
-1.127626e-04  0.000000e+00  0.000000e+00
-1.257480e-04  0.000000e+00  0.000000e+00
-1.398904e-04  0.000000e+00  0.000000e+00
-1.558678e-04  0.000000e+00  0.000000e+00
-1.740224e-04  0.000000e+00  0.000000e+00
-1.942794e-04  0.000000e+00  0.000000e+00
-2.162150e-04  0.000000e+00  0.000000e+00
-2.391846e-04  0.000000e+00  0.000000e+00
-2.624262e-04  0.000000e+00  0.000000e+00
-2.851678e-04  0.000000e+00  0.000000e+00
-3.067759e-04  0.000000e+00  0.000000e+00
-3.268699e-04  0.000000e+00  0.000000e+00
-3.452933e-04  0.000000e+00  0.000000e+00
-3.619681e-04  0.000000e+00  0.000000e+00
-3.767788e-04  0.000000e+00  0.000000e+00
-3.895840e-04  0.000000e+00  0.000000e+00
-4.003118e-04  0.000000e+00  0.000000e+00
-4.090295e-04  0.000000e+00  0.000000e+00
-4.159348e-04  0.000000e+00  0.000000e+00
-4.212869e-04  0.000000e+00  0.000000e+00
-4.253090e-04  0.000000e+00  0.000000e+00
-4.280892e-04  0.000000e+00  0.000000e+00
-4.295451e-04  0.000000e+00  0.000000e+00
-4.294964e-04  0.000000e+00  0.000000e+00
-4.277722e-04  0.000000e+00  0.000000e+00
-4.242252e-04  0.000000e+00  0.000000e+00
-4.186613e-04  0.000000e+00  0.000000e+00
-4.108298e-04  0.000000e+00  0.000000e+00
-4.005288e-04  0.000000e+00  0.000000e+00
-3.877439e-04  0.000000e+00  0.000000e+00
-3.727635e-04  0.000000e+00  0.000000e+00
-3.562538e-04  0.000000e+00  0.000000e+00
-3.392182e-04  0.000000e+00  0.000000e+00
-3.227966e-04  0.000000e+00  0.000000e+00
-3.080064e-04  0.000000e+00  0.000000e+00
-2.955682e-04  0.000000e+00  0.000000e+00
-2.858387e-04  0.000000e+00  0.000000e+00
-2.787921e-04  0.000000e+00  0.000000e+00
-2.740357e-04  0.000000e+00  0.000000e+00
-2.708978e-04  0.000000e+00  0.000000e+00
-2.686184e-04  0.000000e+00  0.000000e+00
-2.666027e-04  0.000000e+00  0.000000e+00
-2.646160e-04  0.000000e+00  0.000000e+00
-2.627882e-04  0.000000e+00  0.000000e+00
-2.614340e-04  0.000000e+00  0.000000e+00
-2.608646e-04  0.000000e+00  0.000000e+00
-2.613118e-04  0.000000e+00  0.000000e+00
-2.629002e-04  0.000000e+00  0.000000e+00
-2.656033e-04  0.000000e+00  0.000000e+00
-2.692179e-04  0.000000e+00  0.000000e+00
-2.733718e-04  0.000000e+00  0.000000e+00
-2.775607e-04  0.000000e+00  0.000000e+00
-2.812461e-04  0.000000e+00  0.000000e+00
-2.840016e-04  0.000000e+00  0.000000e+00
-2.855953e-04  0.000000e+00  0.000000e+00
-2.859354e-04  0.000000e+00  0.000000e+00
-2.849540e-04  0.000000e+00  0.000000e+00
-2.825598e-04  0.000000e+00  0.000000e+00
-2.786848e-04  0.000000e+00  0.000000e+00
-2.733438e-04  0.000000e+00  0.000000e+00
-2.666412e-04  0.000000e+00  0.000000e+00
-2.587256e-04  0.000000e+00  0.000000e+00
-2.497539e-04  0.000000e+00  0.000000e+00
-2.399149e-04  0.000000e+00  0.000000e+00
-2.294890e-04  0.000000e+00  0.000000e+00
-2.188560e-04  0.000000e+00  0.000000e+00
-2.084164e-04  0.000000e+00  0.000000e+00
-1.985025e-04  0.000000e+00  0.000000e+00
-1.893493e-04  0.000000e+00  0.000000e+00
-1.811154e-04  0.000000e+00  0.000000e+00
-1.739108e-04  0.000000e+00  0.000000e+00
-1.678008e-04  0.000000e+00  0.000000e+00
-1.627724e-04  0.000000e+00  0.000000e+00
-1.587051e-04  0.000000e+00  0.000000e+00
-1.554205e-04  0.000000e+00  0.000000e+00
-1.528059e-04  0.000000e+00  0.000000e+00
-1.508819e-04  0.000000e+00  0.000000e+00
-1.497129e-04  0.000000e+00  0.000000e+00
-1.492622e-04  0.000000e+00  0.000000e+00
-1.493622e-04  0.000000e+00  0.000000e+00
-1.498003e-04  0.000000e+00  0.000000e+00
-1.503923e-04  0.000000e+00  0.000000e+00
-1.509884e-04  0.000000e+00  0.000000e+00
-1.514648e-04  0.000000e+00  0.000000e+00
-1.517344e-04  0.000000e+00  0.000000e+00
-1.517415e-04  0.000000e+00  0.000000e+00
-1.514265e-04  0.000000e+00  0.000000e+00
-1.506956e-04  0.000000e+00  0.000000e+00
-1.494244e-04  0.000000e+00  0.000000e+00
-1.474915e-04  0.000000e+00  0.000000e+00
-1.448218e-04  0.000000e+00  0.000000e+00
-1.414204e-04  0.000000e+00  0.000000e+00
-1.373833e-04  0.000000e+00  0.000000e+00
-1.328994e-04  0.000000e+00  0.000000e+00
-1.282614e-04  0.000000e+00  0.000000e+00
-1.238630e-04  0.000000e+00  0.000000e+00
-1.201475e-04  0.000000e+00  0.000000e+00
-1.175241e-04  0.000000e+00  0.000000e+00
-1.162911e-04  0.000000e+00  0.000000e+00
-1.165807e-04  0.000000e+00  0.000000e+00
-1.183425e-04  0.000000e+00  0.000000e+00
-1.213897e-04  0.000000e+00  0.000000e+00
-1.255010e-04  0.000000e+00  0.000000e+00
-1.305299e-04  0.000000e+00  0.000000e+00
-1.364853e-04  0.000000e+00  0.000000e+00
-1.435560e-04  0.000000e+00  0.000000e+00
-1.520590e-04  0.000000e+00  0.000000e+00
-1.623429e-04  0.000000e+00  0.000000e+00
-1.747215e-04  0.000000e+00  0.000000e+00
-1.894539e-04  0.000000e+00  0.000000e+00
-2.067049e-04  0.000000e+00  0.000000e+00
-2.264596e-04  0.000000e+00  0.000000e+00
-2.484562e-04  0.000000e+00  0.000000e+00
-2.721973e-04  0.000000e+00  0.000000e+00
-2.970267e-04  0.000000e+00  0.000000e+00
-3.222280e-04  0.000000e+00  0.000000e+00
-3.471087e-04  0.000000e+00  0.000000e+00
-3.710538e-04  0.000000e+00  0.000000e+00
-3.935604e-04  0.000000e+00  0.000000e+00
-4.142668e-04  0.000000e+00  0.000000e+00
-4.329606e-04  0.000000e+00  0.000000e+00
-4.495476e-04  0.000000e+00  0.000000e+00
-4.640032e-04  0.000000e+00  0.000000e+00
-4.763406e-04  0.000000e+00  0.000000e+00
-4.865952e-04  0.000000e+00  0.000000e+00
-4.948039e-04  0.000000e+00  0.000000e+00
-5.009876e-04  0.000000e+00  0.000000e+00
-5.051630e-04  0.000000e+00  0.000000e+00
-5.073690e-04  0.000000e+00  0.000000e+00
-5.076661e-04  0.000000e+00  0.000000e+00
-5.061098e-04  0.000000e+00  0.000000e+00
-5.027466e-04  0.000000e+00  0.000000e+00
-4.976509e-04  0.000000e+00  0.000000e+00
-4.909723e-04  0.000000e+00  0.000000e+00
-4.829489e-04  0.000000e+00  0.000000e+00
-4.738678e-04  0.000000e+00  0.000000e+00
-4.639810e-04  0.000000e+00  0.000000e+00
-4.534351e-04  0.000000e+00  0.000000e+00
-4.422731e-04  0.000000e+00  0.000000e+00
-4.304809e-04  0.000000e+00  0.000000e+00
-4.180115e-04  0.000000e+00  0.000000e+00
-4.047952e-04  0.000000e+00  0.000000e+00
-3.907850e-04  0.000000e+00  0.000000e+00
-3.760146e-04  0.000000e+00  0.000000e+00
-3.606060e-04  0.000000e+00  0.000000e+00
-3.447308e-04  0.000000e+00  0.000000e+00
-3.285628e-04  0.000000e+00  0.000000e+00
-3.122217e-04  0.000000e+00  0.000000e+00
-2.957304e-04  0.000000e+00  0.000000e+00
-2.790223e-04  0.000000e+00  0.000000e+00
-2.619661e-04  0.000000e+00  0.000000e+00
-2.443631e-04  0.000000e+00  0.000000e+00
-2.259634e-04  0.000000e+00  0.000000e+00
-2.065593e-04  0.000000e+00  0.000000e+00
-1.860866e-04  0.000000e+00  0.000000e+00
-1.646250e-04  0.000000e+00  0.000000e+00
-1.423129e-04  0.000000e+00  0.000000e+00
-1.192742e-04  0.000000e+00  0.000000e+00
-9.561013e-05  0.000000e+00  0.000000e+00
-7.144741e-05  0.000000e+00  0.000000e+00
-4.699777e-05  0.000000e+00  0.000000e+00
-2.257353e-05  0.000000e+00  0.000000e+00
 1.434469e-06  0.000000e+00  0.000000e+00
 2.455686e-05  0.000000e+00  0.000000e+00
 4.621020e-05  0.000000e+00  0.000000e+00
 6.567247e-05  0.000000e+00  0.000000e+00
 8.209211e-05  0.000000e+00  0.000000e+00
 9.452925e-05  0.000000e+00  0.000000e+00
 1.020931e-04  0.000000e+00  0.000000e+00
 1.042306e-04  0.000000e+00  0.000000e+00
 1.009900e-04  0.000000e+00  0.000000e+00
 9.296805e-05  0.000000e+00  0.000000e+00
 8.094585e-05  0.000000e+00  0.000000e+00
 6.554153e-05  0.000000e+00  0.000000e+00
 4.710300e-05  0.000000e+00  0.000000e+00
 2.578506e-05  0.000000e+00  0.000000e+00
 1.678152e-06  0.000000e+00  0.000000e+00
-2.508228e-05  0.000000e+00  0.000000e+00
-5.427414e-05  0.000000e+00  0.000000e+00
-8.562732e-05  0.000000e+00  0.000000e+00
-1.188749e-04  0.000000e+00  0.000000e+00
-1.537374e-04  0.000000e+00  0.000000e+00
-1.898471e-04  0.000000e+00  0.000000e+00
-2.267059e-04  0.000000e+00  0.000000e+00
-2.637373e-04  0.000000e+00  0.000000e+00
-3.003607e-04  0.000000e+00  0.000000e+00
-3.359896e-04  0.000000e+00  0.000000e+00
-3.699940e-04  0.000000e+00  0.000000e+00
-4.017424e-04  0.000000e+00  0.000000e+00
-4.307106e-04  0.000000e+00  0.000000e+00
-4.565416e-04  0.000000e+00  0.000000e+00
-4.790005e-04  0.000000e+00  0.000000e+00
-4.979027e-04  0.000000e+00  0.000000e+00
-5.131214e-04  0.000000e+00  0.000000e+00
-5.246603e-04  0.000000e+00  0.000000e+00
-5.327006e-04  0.000000e+00  0.000000e+00
-5.375945e-04  0.000000e+00  0.000000e+00
-5.398146e-04  0.000000e+00  0.000000e+00
-5.398399e-04  0.000000e+00  0.000000e+00
-5.380214e-04  0.000000e+00  0.000000e+00
-5.345344e-04  0.000000e+00  0.000000e+00
-5.294444e-04  0.000000e+00  0.000000e+00
-5.228113e-04  0.000000e+00  0.000000e+00
-5.147682e-04  0.000000e+00  0.000000e+00
-5.055616e-04  0.000000e+00  0.000000e+00
-4.955504e-04  0.000000e+00  0.000000e+00
-4.851564e-04  0.000000e+00  0.000000e+00
-4.747857e-04  0.000000e+00  0.000000e+00
-4.647590e-04  0.000000e+00  0.000000e+00
-4.552594e-04  0.000000e+00  0.000000e+00
-4.462942e-04  0.000000e+00  0.000000e+00
-4.376871e-04  0.000000e+00  0.000000e+00
-4.291322e-04  0.000000e+00  0.000000e+00
-4.202908e-04  0.000000e+00  0.000000e+00
-4.108806e-04  0.000000e+00  0.000000e+00
-4.007196e-04  0.000000e+00  0.000000e+00
-3.897037e-04  0.000000e+00  0.000000e+00
-3.777536e-04  0.000000e+00  0.000000e+00
-3.648076e-04  0.000000e+00  0.000000e+00
-3.508833e-04  0.000000e+00  0.000000e+00
-3.361208e-04  0.000000e+00  0.000000e+00
-3.207315e-04  0.000000e+00  0.000000e+00
-3.049038e-04  0.000000e+00  0.000000e+00
-2.887516e-04  0.000000e+00  0.000000e+00
-2.723121e-04  0.000000e+00  0.000000e+00
-2.555743e-04  0.000000e+00  0.000000e+00
-2.385158e-04  0.000000e+00  0.000000e+00
-2.211189e-04  0.000000e+00  0.000000e+00
-2.033693e-04  0.000000e+00  0.000000e+00
-1.852840e-04  0.000000e+00  0.000000e+00
-1.669760e-04  0.000000e+00  0.000000e+00
-1.487160e-04  0.000000e+00  0.000000e+00
-1.309639e-04  0.000000e+00  0.000000e+00
-1.143421e-04  0.000000e+00  0.000000e+00
-9.951144e-05  0.000000e+00  0.000000e+00
-8.697506e-05  0.000000e+00  0.000000e+00
-7.693516e-05  0.000000e+00  0.000000e+00
-6.930505e-05  0.000000e+00  0.000000e+00
-6.383515e-05  0.000000e+00  0.000000e+00
-6.023028e-05  0.000000e+00  0.000000e+00
-5.819745e-05  0.000000e+00  0.000000e+00
-5.747187e-05  0.000000e+00  0.000000e+00
-5.787181e-05  0.000000e+00  0.000000e+00
-5.935163e-05  0.000000e+00  0.000000e+00
-6.200293e-05  0.000000e+00  0.000000e+00
-6.599823e-05  0.000000e+00  0.000000e+00
-7.148498e-05  0.000000e+00  0.000000e+00
-7.845251e-05  0.000000e+00  0.000000e+00
-8.664422e-05  0.000000e+00  0.000000e+00
-9.557902e-05  0.000000e+00  0.000000e+00
-1.046601e-04  0.000000e+00  0.000000e+00
-1.132963e-04  0.000000e+00  0.000000e+00
-1.209804e-04  0.000000e+00  0.000000e+00
-1.273225e-04  0.000000e+00  0.000000e+00
-1.320694e-04  0.000000e+00  0.000000e+00
-1.351249e-04  0.000000e+00  0.000000e+00
-1.365350e-04  0.000000e+00  0.000000e+00
-1.364228e-04  0.000000e+00  0.000000e+00
-1.349251e-04  0.000000e+00  0.000000e+00
-1.321907e-04  0.000000e+00  0.000000e+00
-1.284127e-04  0.000000e+00  0.000000e+00
-1.238239e-04  0.000000e+00  0.000000e+00
-1.186528e-04  0.000000e+00  0.000000e+00
-1.131164e-04  0.000000e+00  0.000000e+00
-1.074612e-04  0.000000e+00  0.000000e+00
-1.019685e-04  0.000000e+00  0.000000e+00
-9.689937e-05  0.000000e+00  0.000000e+00
-9.245918e-05  0.000000e+00  0.000000e+00
-8.881098e-05  0.000000e+00  0.000000e+00
-8.609054e-05  0.000000e+00  0.000000e+00
-8.440932e-05  0.000000e+00  0.000000e+00
-8.386413e-05  0.000000e+00  0.000000e+00
-8.453704e-05  0.000000e+00  0.000000e+00
-8.647686e-05  0.000000e+00  0.000000e+00
-8.971182e-05  0.000000e+00  0.000000e+00
-9.430781e-05  0.000000e+00  0.000000e+00
-1.003985e-04  0.000000e+00  0.000000e+00
-1.081406e-04  0.000000e+00  0.000000e+00
-1.176369e-04  0.000000e+00  0.000000e+00
-1.288783e-04  0.000000e+00  0.000000e+00
-1.417210e-04  0.000000e+00  0.000000e+00
-1.559055e-04  0.000000e+00  0.000000e+00
-1.710873e-04  0.000000e+00  0.000000e+00
-1.868422e-04  0.000000e+00  0.000000e+00
-2.026721e-04  0.000000e+00  0.000000e+00
-2.180686e-04  0.000000e+00  0.000000e+00
-2.325999e-04  0.000000e+00  0.000000e+00
-2.459259e-04  0.000000e+00  0.000000e+00
-2.577407e-04  0.000000e+00  0.000000e+00
-2.677372e-04  0.000000e+00  0.000000e+00
-2.756455e-04  0.000000e+00  0.000000e+00
-2.812994e-04  0.000000e+00  0.000000e+00
-2.846808e-04  0.000000e+00  0.000000e+00
-2.859314e-04  0.000000e+00  0.000000e+00
-2.853191e-04  0.000000e+00  0.000000e+00
-2.831569e-04  0.000000e+00  0.000000e+00
-2.797252e-04  0.000000e+00  0.000000e+00
-2.752474e-04  0.000000e+00  0.000000e+00
-2.698965e-04  0.000000e+00  0.000000e+00
-2.637933e-04  0.000000e+00  0.000000e+00
-2.569884e-04  0.000000e+00  0.000000e+00
-2.494686e-04  0.000000e+00  0.000000e+00
-2.412292e-04  0.000000e+00  0.000000e+00
-2.323776e-04  0.000000e+00  0.000000e+00
-2.231755e-04  0.000000e+00  0.000000e+00
-2.139781e-04  0.000000e+00  0.000000e+00
-2.051267e-04  0.000000e+00  0.000000e+00
-1.968805e-04  0.000000e+00  0.000000e+00
-1.894134e-04  0.000000e+00  0.000000e+00
-1.828425e-04  0.000000e+00  0.000000e+00
-1.772432e-04  0.000000e+00  0.000000e+00
-1.726280e-04  0.000000e+00  0.000000e+00
-1.689095e-04  0.000000e+00  0.000000e+00
-1.658871e-04  0.000000e+00  0.000000e+00
-1.632928e-04  0.000000e+00  0.000000e+00
-1.608888e-04  0.000000e+00  0.000000e+00
-1.585470e-04  0.000000e+00  0.000000e+00
-1.562392e-04  0.000000e+00  0.000000e+00
-1.539620e-04  0.000000e+00  0.000000e+00
-1.516723e-04  0.000000e+00  0.000000e+00
-1.492735e-04  0.000000e+00  0.000000e+00
-1.466325e-04  0.000000e+00  0.000000e+00
-1.436057e-04  0.000000e+00  0.000000e+00
-1.400718e-04  0.000000e+00  0.000000e+00
-1.359608e-04  0.000000e+00  0.000000e+00
-1.312688e-04  0.000000e+00  0.000000e+00
-1.260553e-04  0.000000e+00  0.000000e+00
-1.204222e-04  0.000000e+00  0.000000e+00
-1.144963e-04  0.000000e+00  0.000000e+00
-1.084596e-04  0.000000e+00  0.000000e+00
-1.025951e-04  0.000000e+00  0.000000e+00
-9.727262e-05  0.000000e+00  0.000000e+00
-9.286912e-05  0.000000e+00  0.000000e+00
-8.968241e-05  0.000000e+00  0.000000e+00
-8.786714e-05  0.000000e+00  0.000000e+00
-8.741037e-05  0.000000e+00  0.000000e+00
-8.817348e-05  0.000000e+00  0.000000e+00
-8.998430e-05  0.000000e+00  0.000000e+00
-9.270697e-05  0.000000e+00  0.000000e+00
-9.623720e-05  0.000000e+00  0.000000e+00
-1.004594e-04  0.000000e+00  0.000000e+00
-1.052524e-04  0.000000e+00  0.000000e+00
-1.105548e-04  0.000000e+00  0.000000e+00
-1.163983e-04  0.000000e+00  0.000000e+00
-1.228547e-04  0.000000e+00  0.000000e+00
-1.299569e-04  0.000000e+00  0.000000e+00
-1.376503e-04  0.000000e+00  0.000000e+00
-1.457777e-04  0.000000e+00  0.000000e+00
-1.541044e-04  0.000000e+00  0.000000e+00
-1.623898e-04  0.000000e+00  0.000000e+00
-1.704555e-04  0.000000e+00  0.000000e+00
-1.781920e-04  0.000000e+00  0.000000e+00
-1.855230e-04  0.000000e+00  0.000000e+00
-1.923829e-04  0.000000e+00  0.000000e+00
-1.987260e-04  0.000000e+00  0.000000e+00
-2.045367e-04  0.000000e+00  0.000000e+00
-2.098151e-04  0.000000e+00  0.000000e+00
-2.145527e-04  0.000000e+00  0.000000e+00
-2.187392e-04  0.000000e+00  0.000000e+00
-2.224081e-04  0.000000e+00  0.000000e+00
-2.256735e-04  0.000000e+00  0.000000e+00
-2.287073e-04  0.000000e+00  0.000000e+00
-2.316664e-04  0.000000e+00  0.000000e+00
-2.346322e-04  0.000000e+00  0.000000e+00
-2.376055e-04  0.000000e+00  0.000000e+00
-2.405359e-04  0.000000e+00  0.000000e+00
-2.433444e-04  0.000000e+00  0.000000e+00
-2.459259e-04  0.000000e+00  0.000000e+00
-2.481398e-04  0.000000e+00  0.000000e+00
-2.498143e-04  0.000000e+00  0.000000e+00
-2.507829e-04  0.000000e+00  0.000000e+00
-2.509092e-04  0.000000e+00  0.000000e+00
-2.500578e-04  0.000000e+00  0.000000e+00
-2.480447e-04  0.000000e+00  0.000000e+00
-2.446186e-04  0.000000e+00  0.000000e+00
-2.394788e-04  0.000000e+00  0.000000e+00
-2.323280e-04  0.000000e+00  0.000000e+00
-2.229733e-04  0.000000e+00  0.000000e+00
-2.114338e-04  0.000000e+00  0.000000e+00
-1.979595e-04  0.000000e+00  0.000000e+00
-1.829410e-04  0.000000e+00  0.000000e+00
-1.667935e-04  0.000000e+00  0.000000e+00
-1.498690e-04  0.000000e+00  0.000000e+00
-1.323925e-04  0.000000e+00  0.000000e+00
-1.144465e-04  0.000000e+00  0.000000e+00
-9.602975e-05  0.000000e+00  0.000000e+00
-7.715149e-05  0.000000e+00  0.000000e+00
-5.789107e-05  0.000000e+00  0.000000e+00
-3.840496e-05  0.000000e+00  0.000000e+00
-1.892152e-05  0.000000e+00  0.000000e+00
 2.407155e-07  0.000000e+00  0.000000e+00
 1.864689e-05  0.000000e+00  0.000000e+00
 3.577237e-05  0.000000e+00  0.000000e+00
 5.110212e-05  0.000000e+00  0.000000e+00
 6.422599e-05  0.000000e+00  0.000000e+00
 7.485101e-05  0.000000e+00  0.000000e+00
 8.276035e-05  0.000000e+00  0.000000e+00
 8.781171e-05  0.000000e+00  0.000000e+00
 8.999912e-05  0.000000e+00  0.000000e+00
 8.949438e-05  0.000000e+00  0.000000e+00
 8.658223e-05  0.000000e+00  0.000000e+00
 8.150906e-05  0.000000e+00  0.000000e+00
 7.435086e-05  0.000000e+00  0.000000e+00
 6.499438e-05  0.000000e+00  0.000000e+00
 5.325110e-05  0.000000e+00  0.000000e+00
 3.903724e-05  0.000000e+00  0.000000e+00
 2.250032e-05  0.000000e+00  0.000000e+00
 4.015487e-06  0.000000e+00  0.000000e+00
-1.590303e-05  0.000000e+00  0.000000e+00
-3.667521e-05  0.000000e+00  0.000000e+00
-5.768585e-05  0.000000e+00  0.000000e+00
-7.832386e-05  0.000000e+00  0.000000e+00
-9.806399e-05  0.000000e+00  0.000000e+00
-1.165549e-04  0.000000e+00  0.000000e+00
-1.336502e-04  0.000000e+00  0.000000e+00
-1.493591e-04  0.000000e+00  0.000000e+00
-1.637528e-04  0.000000e+00  0.000000e+00
-1.768970e-04  0.000000e+00  0.000000e+00
-1.888586e-04  0.000000e+00  0.000000e+00
-1.997443e-04  0.000000e+00  0.000000e+00
-2.096831e-04  0.000000e+00  0.000000e+00
-2.187559e-04  0.000000e+00  0.000000e+00
-2.269456e-04  0.000000e+00  0.000000e+00
-2.341506e-04  0.000000e+00  0.000000e+00
-2.402430e-04  0.000000e+00  0.000000e+00
-2.451386e-04  0.000000e+00  0.000000e+00
-2.488541e-04  0.000000e+00  0.000000e+00
-2.515311e-04  0.000000e+00  0.000000e+00
-2.534037e-04  0.000000e+00  0.000000e+00
-2.547255e-04  0.000000e+00  0.000000e+00
-2.556990e-04  0.000000e+00  0.000000e+00
-2.564369e-04  0.000000e+00  0.000000e+00
-2.569520e-04  0.000000e+00  0.000000e+00
-2.571850e-04  0.000000e+00  0.000000e+00
-2.570726e-04  0.000000e+00  0.000000e+00
-2.566066e-04  0.000000e+00  0.000000e+00
-2.558493e-04  0.000000e+00  0.000000e+00
-2.549261e-04  0.000000e+00  0.000000e+00
-2.540118e-04  0.000000e+00  0.000000e+00
-2.532786e-04  0.000000e+00  0.000000e+00
-2.528138e-04  0.000000e+00  0.000000e+00
-2.525747e-04  0.000000e+00  0.000000e+00
-2.524130e-04  0.000000e+00  0.000000e+00
-2.521258e-04  0.000000e+00  0.000000e+00
-2.514753e-04  0.000000e+00  0.000000e+00
-2.501769e-04  0.000000e+00  0.000000e+00
-2.479019e-04  0.000000e+00  0.000000e+00
-2.443375e-04  0.000000e+00  0.000000e+00
-2.392866e-04  0.000000e+00  0.000000e+00
-2.327171e-04  0.000000e+00  0.000000e+00
-2.247227e-04  0.000000e+00  0.000000e+00
-2.154604e-04  0.000000e+00  0.000000e+00
-2.051298e-04  0.000000e+00  0.000000e+00
-1.939700e-04  0.000000e+00  0.000000e+00
-1.822409e-04  0.000000e+00  0.000000e+00
-1.701945e-04  0.000000e+00  0.000000e+00
-1.580477e-04  0.000000e+00  0.000000e+00
-1.459604e-04  0.000000e+00  0.000000e+00
-1.340406e-04  0.000000e+00  0.000000e+00
-1.223962e-04  0.000000e+00  0.000000e+00
-1.111949e-04  0.000000e+00  0.000000e+00
-1.006620e-04  0.000000e+00  0.000000e+00
-9.102398e-05  0.000000e+00  0.000000e+00
-8.246486e-05  0.000000e+00  0.000000e+00
-7.512105e-05  0.000000e+00  0.000000e+00
-6.906809e-05  0.000000e+00  0.000000e+00
-6.428538e-05  0.000000e+00  0.000000e+00
-6.063905e-05  0.000000e+00  0.000000e+00
-5.790067e-05  0.000000e+00  0.000000e+00
-5.579241e-05  0.000000e+00  0.000000e+00
-5.405936e-05  0.000000e+00  0.000000e+00
-5.254368e-05  0.000000e+00  0.000000e+00
-5.119585e-05  0.000000e+00  0.000000e+00
-5.000459e-05  0.000000e+00  0.000000e+00
-4.891770e-05  0.000000e+00  0.000000e+00
-4.782725e-05  0.000000e+00  0.000000e+00
-4.659759e-05  0.000000e+00  0.000000e+00
-4.507625e-05  0.000000e+00  0.000000e+00
-4.308907e-05  0.000000e+00  0.000000e+00
-4.044934e-05  0.000000e+00  0.000000e+00
-3.698258e-05  0.000000e+00  0.000000e+00
-3.257522e-05  0.000000e+00  0.000000e+00
-2.724115e-05  0.000000e+00  0.000000e+00
-2.110857e-05  0.000000e+00  0.000000e+00
-1.426597e-05  0.000000e+00  0.000000e+00
-6.634576e-06  0.000000e+00  0.000000e+00
 1.938108e-06  0.000000e+00  0.000000e+00
 1.146120e-05  0.000000e+00  0.000000e+00
 2.168703e-05  0.000000e+00  0.000000e+00
 3.216083e-05  0.000000e+00  0.000000e+00
 4.236520e-05  0.000000e+00  0.000000e+00
 5.186073e-05  0.000000e+00  0.000000e+00
 6.033745e-05  0.000000e+00  0.000000e+00
 6.759658e-05  0.000000e+00  0.000000e+00
 7.351987e-05  0.000000e+00  0.000000e+00
 7.799882e-05  0.000000e+00  0.000000e+00
 8.084790e-05  0.000000e+00  0.000000e+00
 8.186566e-05  0.000000e+00  0.000000e+00
 8.105407e-05  0.000000e+00  0.000000e+00
 7.870064e-05  0.000000e+00  0.000000e+00
 7.515524e-05  0.000000e+00  0.000000e+00
 7.058687e-05  0.000000e+00  0.000000e+00
 6.502938e-05  0.000000e+00  0.000000e+00
 5.858684e-05  0.000000e+00  0.000000e+00
 5.149698e-05  0.000000e+00  0.000000e+00
 4.403021e-05  0.000000e+00  0.000000e+00
 3.640127e-05  0.000000e+00  0.000000e+00
 2.877427e-05  0.000000e+00  0.000000e+00
 2.131710e-05  0.000000e+00  0.000000e+00
 1.424265e-05  0.000000e+00  0.000000e+00
 7.802044e-06  0.000000e+00  0.000000e+00
 2.251707e-06  0.000000e+00  0.000000e+00
-2.160450e-06  0.000000e+00  0.000000e+00
-5.212409e-06  0.000000e+00  0.000000e+00
-6.773392e-06  0.000000e+00  0.000000e+00
-6.863475e-06  0.000000e+00  0.000000e+00
-5.628647e-06  0.000000e+00  0.000000e+00
-3.270585e-06  0.000000e+00  0.000000e+00
-1.178554e-08  0.000000e+00  0.000000e+00
 3.916015e-06  0.000000e+00  0.000000e+00
 8.294504e-06  0.000000e+00  0.000000e+00
 1.291454e-05  0.000000e+00  0.000000e+00
 1.752359e-05  0.000000e+00  0.000000e+00
 2.180243e-05  0.000000e+00  0.000000e+00
 2.543565e-05  0.000000e+00  0.000000e+00
 2.819723e-05  0.000000e+00  0.000000e+00
 2.992487e-05  0.000000e+00  0.000000e+00
 3.041476e-05  0.000000e+00  0.000000e+00
 2.939489e-05  0.000000e+00  0.000000e+00
 2.662471e-05  0.000000e+00  0.000000e+00
 2.201399e-05  0.000000e+00  0.000000e+00
 1.566363e-05  0.000000e+00  0.000000e+00
 7.817021e-06  0.000000e+00  0.000000e+00
-1.236595e-06  0.000000e+00  0.000000e+00
-1.124252e-05  0.000000e+00  0.000000e+00
-2.199550e-05  0.000000e+00  0.000000e+00
-3.329131e-05  0.000000e+00  0.000000e+00
-4.486405e-05  0.000000e+00  0.000000e+00
-5.636471e-05  0.000000e+00  0.000000e+00
-6.739917e-05  0.000000e+00  0.000000e+00
-7.760068e-05  0.000000e+00  0.000000e+00
-8.668724e-05  0.000000e+00  0.000000e+00
-9.445947e-05  0.000000e+00  0.000000e+00
-1.007560e-04  0.000000e+00  0.000000e+00
-1.054375e-04  0.000000e+00  0.000000e+00
-1.084261e-04  0.000000e+00  0.000000e+00
-1.097410e-04  0.000000e+00  0.000000e+00
-1.094723e-04  0.000000e+00  0.000000e+00
-1.077138e-04  0.000000e+00  0.000000e+00
-1.045153e-04  0.000000e+00  0.000000e+00
-9.988736e-05  0.000000e+00  0.000000e+00
-9.384261e-05  0.000000e+00  0.000000e+00
-8.642554e-05  0.000000e+00  0.000000e+00
-7.770951e-05  0.000000e+00  0.000000e+00
-6.779939e-05  0.000000e+00  0.000000e+00
-5.686987e-05  0.000000e+00  0.000000e+00
-4.519710e-05  0.000000e+00  0.000000e+00
-3.314576e-05  0.000000e+00  0.000000e+00
-2.114157e-05  0.000000e+00  0.000000e+00
-9.650709e-06  0.000000e+00  0.000000e+00
 8.774815e-07  0.000000e+00  0.000000e+00
 1.011422e-05  0.000000e+00  0.000000e+00
 1.792010e-05  0.000000e+00  0.000000e+00
 2.432018e-05  0.000000e+00  0.000000e+00
 2.942743e-05  0.000000e+00  0.000000e+00
 3.337860e-05  0.000000e+00  0.000000e+00
 3.629214e-05  0.000000e+00  0.000000e+00
 3.824098e-05  0.000000e+00  0.000000e+00
 3.927401e-05  0.000000e+00  0.000000e+00
 3.949898e-05  0.000000e+00  0.000000e+00
 3.914457e-05  0.000000e+00  0.000000e+00
 3.851628e-05  0.000000e+00  0.000000e+00
 3.787959e-05  0.000000e+00  0.000000e+00
 3.738844e-05  0.000000e+00  0.000000e+00
 3.713860e-05  0.000000e+00  0.000000e+00
 3.730238e-05  0.000000e+00  0.000000e+00
 3.819598e-05  0.000000e+00  0.000000e+00
 4.017409e-05  0.000000e+00  0.000000e+00
 4.345224e-05  0.000000e+00  0.000000e+00
 4.805753e-05  0.000000e+00  0.000000e+00
 5.391782e-05  0.000000e+00  0.000000e+00
 6.092730e-05  0.000000e+00  0.000000e+00
 6.894362e-05  0.000000e+00  0.000000e+00
 7.779823e-05  0.000000e+00  0.000000e+00
 8.732307e-05  0.000000e+00  0.000000e+00
 9.733201e-05  0.000000e+00  0.000000e+00
 1.075770e-04  0.000000e+00  0.000000e+00
 1.177627e-04  0.000000e+00  0.000000e+00
 1.276276e-04  0.000000e+00  0.000000e+00
 1.370047e-04  0.000000e+00  0.000000e+00
 1.457981e-04  0.000000e+00  0.000000e+00
 1.538855e-04  0.000000e+00  0.000000e+00
 1.610310e-04  0.000000e+00  0.000000e+00
 1.669092e-04  0.000000e+00  0.000000e+00
 1.712238e-04  0.000000e+00  0.000000e+00
 1.737915e-04  0.000000e+00  0.000000e+00
 1.745393e-04  0.000000e+00  0.000000e+00
 1.734785e-04  0.000000e+00  0.000000e+00
 1.706935e-04  0.000000e+00  0.000000e+00
 1.663320e-04  0.000000e+00  0.000000e+00
 1.605990e-04  0.000000e+00  0.000000e+00
 1.537591e-04  0.000000e+00  0.000000e+00
 1.461231e-04  0.000000e+00  0.000000e+00
 1.379941e-04  0.000000e+00  0.000000e+00
 1.296017e-04  0.000000e+00  0.000000e+00
 1.210788e-04  0.000000e+00  0.000000e+00
 1.124984e-04  0.000000e+00  0.000000e+00
 1.039191e-04  0.000000e+00  0.000000e+00
 9.539179e-05  0.000000e+00  0.000000e+00
 8.696071e-05  0.000000e+00  0.000000e+00
 7.869895e-05  0.000000e+00  0.000000e+00
 7.075570e-05  0.000000e+00  0.000000e+00
 6.335852e-05  0.000000e+00  0.000000e+00
 5.676464e-05  0.000000e+00  0.000000e+00
 5.118990e-05  0.000000e+00  0.000000e+00
 4.674594e-05  0.000000e+00  0.000000e+00
 4.340854e-05  0.000000e+00  0.000000e+00
 4.101203e-05  0.000000e+00  0.000000e+00
 3.925428e-05  0.000000e+00  0.000000e+00
 3.772864e-05  0.000000e+00  0.000000e+00
 3.600678e-05  0.000000e+00  0.000000e+00
 3.374677e-05  0.000000e+00  0.000000e+00
 3.076433e-05  0.000000e+00  0.000000e+00
 2.704113e-05  0.000000e+00  0.000000e+00
 2.269848e-05  0.000000e+00  0.000000e+00
 1.795869e-05  0.000000e+00  0.000000e+00
 1.308281e-05  0.000000e+00  0.000000e+00
 8.284780e-06  0.000000e+00  0.000000e+00
 3.665123e-06  0.000000e+00  0.000000e+00
-7.933617e-07  0.000000e+00  0.000000e+00
-5.180328e-06  0.000000e+00  0.000000e+00
-9.612821e-06  0.000000e+00  0.000000e+00
-1.420244e-05  0.000000e+00  0.000000e+00
-1.900024e-05  0.000000e+00  0.000000e+00
-2.392597e-05  0.000000e+00  0.000000e+00
-2.875301e-05  0.000000e+00  0.000000e+00
-3.317931e-05  0.000000e+00  0.000000e+00
-3.692359e-05  0.000000e+00  0.000000e+00
-3.977817e-05  0.000000e+00  0.000000e+00
-4.161531e-05  0.000000e+00  0.000000e+00
-4.238624e-05  0.000000e+00  0.000000e+00
-4.211881e-05  0.000000e+00  0.000000e+00
-4.088724e-05  0.000000e+00  0.000000e+00
-3.877061e-05  0.000000e+00  0.000000e+00
-3.584161e-05  0.000000e+00  0.000000e+00
-3.217199e-05  0.000000e+00  0.000000e+00
-2.782193e-05  0.000000e+00  0.000000e+00
-2.282893e-05  0.000000e+00  0.000000e+00
-1.722410e-05  0.000000e+00  0.000000e+00
-1.106705e-05  0.000000e+00  0.000000e+00
-4.466396e-06  0.000000e+00  0.000000e+00
 2.431395e-06  0.000000e+00  0.000000e+00
 9.470241e-06  0.000000e+00  0.000000e+00
 1.650539e-05  0.000000e+00  0.000000e+00
 2.341211e-05  0.000000e+00  0.000000e+00
 3.009919e-05  0.000000e+00  0.000000e+00
 3.652868e-05  0.000000e+00  0.000000e+00
 4.271734e-05  0.000000e+00  0.000000e+00
 4.871362e-05  0.000000e+00  0.000000e+00
 5.457320e-05  0.000000e+00  0.000000e+00
 6.035334e-05  0.000000e+00  0.000000e+00
 6.612272e-05  0.000000e+00  0.000000e+00
 7.196403e-05  0.000000e+00  0.000000e+00
 7.795705e-05  0.000000e+00  0.000000e+00
 8.414914e-05  0.000000e+00  0.000000e+00
 9.052380e-05  0.000000e+00  0.000000e+00
 9.699431e-05  0.000000e+00  0.000000e+00
 1.034427e-04  0.000000e+00  0.000000e+00
 1.097724e-04  0.000000e+00  0.000000e+00
 1.159316e-04  0.000000e+00  0.000000e+00
 1.219115e-04  0.000000e+00  0.000000e+00
 1.277469e-04  0.000000e+00  0.000000e+00
 1.335218e-04  0.000000e+00  0.000000e+00
 1.393511e-04  0.000000e+00  0.000000e+00
 1.453261e-04  0.000000e+00  0.000000e+00
 1.514526e-04  0.000000e+00  0.000000e+00
 1.576096e-04  0.000000e+00  0.000000e+00
 1.635587e-04  0.000000e+00  0.000000e+00
 1.690007e-04  0.000000e+00  0.000000e+00
 1.736396e-04  0.000000e+00  0.000000e+00
 1.772166e-04  0.000000e+00  0.000000e+00
 1.795265e-04  0.000000e+00  0.000000e+00
 1.804507e-04  0.000000e+00  0.000000e+00
 1.799971e-04  0.000000e+00  0.000000e+00
 1.782890e-04  0.000000e+00  0.000000e+00
 1.755030e-04  0.000000e+00  0.000000e+00
 1.718102e-04  0.000000e+00  0.000000e+00
 1.673488e-04  0.000000e+00  0.000000e+00
 1.622082e-04  0.000000e+00  0.000000e+00
 1.564254e-04  0.000000e+00  0.000000e+00
 1.500118e-04  0.000000e+00  0.000000e+00
 1.429911e-04  0.000000e+00  0.000000e+00
 1.354087e-04  0.000000e+00  0.000000e+00
 1.273189e-04  0.000000e+00  0.000000e+00
 1.187867e-04  0.000000e+00  0.000000e+00
 1.098914e-04  0.000000e+00  0.000000e+00
 1.007136e-04  0.000000e+00  0.000000e+00
 9.133006e-05  0.000000e+00  0.000000e+00
 8.183525e-05  0.000000e+00  0.000000e+00
 7.235463e-05  0.000000e+00  0.000000e+00
 6.302241e-05  0.000000e+00  0.000000e+00
 5.394257e-05  0.000000e+00  0.000000e+00
 4.516886e-05  0.000000e+00  0.000000e+00
 3.671857e-05  0.000000e+00  0.000000e+00
 2.860736e-05  0.000000e+00  0.000000e+00
 2.087522e-05  0.000000e+00  0.000000e+00
 1.358446e-05  0.000000e+00  0.000000e+00
 6.798044e-06  0.000000e+00  0.000000e+00
 5.586345e-07  0.000000e+00  0.000000e+00
-5.110502e-06  0.000000e+00  0.000000e+00
-1.018378e-05  0.000000e+00  0.000000e+00
-1.463196e-05  0.000000e+00  0.000000e+00
-1.845547e-05  0.000000e+00  0.000000e+00
-2.171684e-05  0.000000e+00  0.000000e+00
-2.455266e-05  0.000000e+00  0.000000e+00
-2.715693e-05  0.000000e+00  0.000000e+00
-2.972305e-05  0.000000e+00  0.000000e+00
-3.237553e-05  0.000000e+00  0.000000e+00
-3.514326e-05  0.000000e+00  0.000000e+00
-3.797636e-05  0.000000e+00  0.000000e+00
-4.076541e-05  0.000000e+00  0.000000e+00
-4.335033e-05  0.000000e+00  0.000000e+00
-4.554533e-05  0.000000e+00  0.000000e+00
-4.718526e-05  0.000000e+00  0.000000e+00
-4.817345e-05  0.000000e+00  0.000000e+00
-4.851735e-05  0.000000e+00  0.000000e+00
-4.831961e-05  0.000000e+00  0.000000e+00
-4.770687e-05  0.000000e+00  0.000000e+00
-4.676371e-05  0.000000e+00  0.000000e+00
-4.553269e-05  0.000000e+00  0.000000e+00
-4.402226e-05  0.000000e+00  0.000000e+00
-4.216002e-05  0.000000e+00  0.000000e+00
-3.975867e-05  0.000000e+00  0.000000e+00
-3.657775e-05  0.000000e+00  0.000000e+00
-3.242775e-05  0.000000e+00  0.000000e+00
-2.721076e-05  0.000000e+00  0.000000e+00
-2.089804e-05  0.000000e+00  0.000000e+00
-1.351401e-05  0.000000e+00  0.000000e+00
-5.143782e-06  0.000000e+00  0.000000e+00
 4.063990e-06  0.000000e+00  0.000000e+00
 1.390876e-05  0.000000e+00  0.000000e+00
 2.416008e-05  0.000000e+00  0.000000e+00
 3.459557e-05  0.000000e+00  0.000000e+00
 4.504894e-05  0.000000e+00  0.000000e+00
 5.543358e-05  0.000000e+00  0.000000e+00
 6.571624e-05  0.000000e+00  0.000000e+00
 7.586090e-05  0.000000e+00  0.000000e+00
 8.578353e-05  0.000000e+00  0.000000e+00
 9.533290e-05  0.000000e+00  0.000000e+00
 1.042925e-04  0.000000e+00  0.000000e+00
 1.124034e-04  0.000000e+00  0.000000e+00
 1.194094e-04  0.000000e+00  0.000000e+00
 1.251151e-04  0.000000e+00  0.000000e+00
 1.294374e-04  0.000000e+00  0.000000e+00
 1.324168e-04  0.000000e+00  0.000000e+00
 1.341864e-04  0.000000e+00  0.000000e+00
 1.349342e-04  0.000000e+00  0.000000e+00
 1.348705e-04  0.000000e+00  0.000000e+00
 1.341790e-04  0.000000e+00  0.000000e+00
 1.329686e-04  0.000000e+00  0.000000e+00
 1.312804e-04  0.000000e+00  0.000000e+00
 1.291364e-04  0.000000e+00  0.000000e+00
 1.265618e-04  0.000000e+00  0.000000e+00
 1.235681e-04  0.000000e+00  0.000000e+00
 1.201548e-04  0.000000e+00  0.000000e+00
 1.163491e-04  0.000000e+00  0.000000e+00
 1.122375e-04  0.000000e+00  0.000000e+00
 1.079553e-04  0.000000e+00  0.000000e+00
 1.036524e-04  0.000000e+00  0.000000e+00
 9.945366e-05  0.000000e+00  0.000000e+00
 9.543327e-05  0.000000e+00  0.000000e+00
 9.161511e-05  0.000000e+00  0.000000e+00
 8.798588e-05  0.000000e+00  0.000000e+00
 8.449878e-05  0.000000e+00  0.000000e+00
 8.106976e-05  0.000000e+00  0.000000e+00
 7.757889e-05  0.000000e+00  0.000000e+00
 7.387793e-05  0.000000e+00  0.000000e+00
 6.982058e-05  0.000000e+00  0.000000e+00
 6.532843e-05  0.000000e+00  0.000000e+00
 6.044223e-05  0.000000e+00  0.000000e+00
 5.529609e-05  0.000000e+00  0.000000e+00
 5.003933e-05  0.000000e+00  0.000000e+00
 4.478286e-05  0.000000e+00  0.000000e+00
 3.959160e-05  0.000000e+00  0.000000e+00
 3.448926e-05  0.000000e+00  0.000000e+00
 2.945891e-05  0.000000e+00  0.000000e+00
 2.444481e-05  0.000000e+00  0.000000e+00
 1.935924e-05  0.000000e+00  0.000000e+00
 1.411102e-05  0.000000e+00  0.000000e+00
 8.663502e-06  0.000000e+00  0.000000e+00
 3.081255e-06  0.000000e+00  0.000000e+00
-2.483684e-06  0.000000e+00  0.000000e+00
-7.854479e-06  0.000000e+00  0.000000e+00
-1.288001e-05  0.000000e+00  0.000000e+00
-1.744419e-05  0.000000e+00  0.000000e+00
-2.145922e-05  0.000000e+00  0.000000e+00
-2.485577e-05  0.000000e+00  0.000000e+00
-2.756827e-05  0.000000e+00  0.000000e+00
-2.954084e-05  0.000000e+00  0.000000e+00
-3.075499e-05  0.000000e+00  0.000000e+00
-3.122856e-05  0.000000e+00  0.000000e+00
-3.097942e-05  0.000000e+00  0.000000e+00
-3.001702e-05  0.000000e+00  0.000000e+00
-2.838507e-05  0.000000e+00  0.000000e+00
-2.619454e-05  0.000000e+00  0.000000e+00
-2.360289e-05  0.000000e+00  0.000000e+00
-2.077597e-05  0.000000e+00  0.000000e+00
-1.786710e-05  0.000000e+00  0.000000e+00
-1.499687e-05  0.000000e+00  0.000000e+00
-1.223058e-05  0.000000e+00  0.000000e+00
-9.580652e-06  0.000000e+00  0.000000e+00
-7.034380e-06  0.000000e+00  0.000000e+00
-4.574225e-06  0.000000e+00  0.000000e+00
-2.175022e-06  0.000000e+00  0.000000e+00
 2.015817e-07  0.000000e+00  0.000000e+00
 2.594191e-06  0.000000e+00  0.000000e+00
 5.016135e-06  0.000000e+00  0.000000e+00
 7.445635e-06  0.000000e+00  0.000000e+00
 9.853066e-06  0.000000e+00  0.000000e+00
 1.224032e-05  0.000000e+00  0.000000e+00
 1.464052e-05  0.000000e+00  0.000000e+00
 1.707707e-05  0.000000e+00  0.000000e+00
 1.953758e-05  0.000000e+00  0.000000e+00
 2.199238e-05  0.000000e+00  0.000000e+00
 2.442088e-05  0.000000e+00  0.000000e+00
 2.680521e-05  0.000000e+00  0.000000e+00
 2.911045e-05  0.000000e+00  0.000000e+00
 3.129087e-05  0.000000e+00  0.000000e+00
 3.331381e-05  0.000000e+00  0.000000e+00
 3.517198e-05  0.000000e+00  0.000000e+00
 3.687536e-05  0.000000e+00  0.000000e+00
 3.842599e-05  0.000000e+00  0.000000e+00
 3.979150e-05  0.000000e+00  0.000000e+00
 4.090015e-05  0.000000e+00  0.000000e+00
 4.165936e-05  0.000000e+00  0.000000e+00
 4.198080e-05  0.000000e+00  0.000000e+00
 4.179187e-05  0.000000e+00  0.000000e+00
 4.102608e-05  0.000000e+00  0.000000e+00
 3.960660e-05  0.000000e+00  0.000000e+00
 3.743909e-05  0.000000e+00  0.000000e+00
 3.442456e-05  0.000000e+00  0.000000e+00
 3.050301e-05  0.000000e+00  0.000000e+00
 2.570976e-05  0.000000e+00  0.000000e+00
 2.018986e-05  0.000000e+00  0.000000e+00
 1.415359e-05  0.000000e+00  0.000000e+00
 7.827678e-06  0.000000e+00  0.000000e+00
 1.442998e-06  0.000000e+00  0.000000e+00
-4.769333e-06  0.000000e+00  0.000000e+00
-1.060894e-05  0.000000e+00  0.000000e+00
-1.595027e-05  0.000000e+00  0.000000e+00
-2.076501e-05  0.000000e+00  0.000000e+00
-2.510656e-05  0.000000e+00  0.000000e+00
-2.906038e-05  0.000000e+00  0.000000e+00
-3.268621e-05  0.000000e+00  0.000000e+00
-3.599554e-05  0.000000e+00  0.000000e+00
-3.897064e-05  0.000000e+00  0.000000e+00
-4.157460e-05  0.000000e+00  0.000000e+00
-4.373496e-05  0.000000e+00  0.000000e+00
-4.535332e-05  0.000000e+00  0.000000e+00
-4.636115e-05  0.000000e+00  0.000000e+00
-4.677260e-05  0.000000e+00  0.000000e+00
-4.669780e-05  0.000000e+00  0.000000e+00
-4.631872e-05  0.000000e+00  0.000000e+00
-4.584407e-05  0.000000e+00  0.000000e+00
-4.546827e-05  0.000000e+00  0.000000e+00
-4.535001e-05  0.000000e+00  0.000000e+00
-4.560207e-05  0.000000e+00  0.000000e+00
-4.628463e-05  0.000000e+00  0.000000e+00
-4.741009e-05  0.000000e+00  0.000000e+00
-4.896666e-05  0.000000e+00  0.000000e+00
-5.095152e-05  0.000000e+00  0.000000e+00
-5.339489e-05  0.000000e+00  0.000000e+00
-5.636152e-05  0.000000e+00  0.000000e+00
-5.992985e-05  0.000000e+00  0.000000e+00
-6.415828e-05  0.000000e+00  0.000000e+00
-6.904737e-05  0.000000e+00  0.000000e+00
-7.451231e-05  0.000000e+00  0.000000e+00
-8.038392e-05  0.000000e+00  0.000000e+00
-8.643644e-05  0.000000e+00  0.000000e+00
-9.242541e-05  0.000000e+00  0.000000e+00
-9.812299e-05  0.000000e+00  0.000000e+00
-1.033374e-04  0.000000e+00  0.000000e+00
-1.079176e-04  0.000000e+00  0.000000e+00
-1.117680e-04  0.000000e+00  0.000000e+00
-1.148713e-04  0.000000e+00  0.000000e+00
-1.172750e-04  0.000000e+00  0.000000e+00
-1.190290e-04  0.000000e+00  0.000000e+00
-1.201311e-04  0.000000e+00  0.000000e+00
-1.205351e-04  0.000000e+00  0.000000e+00
-1.201912e-04  0.000000e+00  0.000000e+00
-1.190707e-04  0.000000e+00  0.000000e+00
-1.171681e-04  0.000000e+00  0.000000e+00
-1.145001e-04  0.000000e+00  0.000000e+00
-1.111091e-04  0.000000e+00  0.000000e+00
-1.070697e-04  0.000000e+00  0.000000e+00
-1.024997e-04  0.000000e+00  0.000000e+00
-9.756097e-05  0.000000e+00  0.000000e+00
-9.243085e-05  0.000000e+00  0.000000e+00
-8.726007e-05  0.000000e+00  0.000000e+00
-8.215627e-05  0.000000e+00  0.000000e+00
-7.718965e-05  0.000000e+00  0.000000e+00
-7.239398e-05  0.000000e+00  0.000000e+00
-6.777181e-05  0.000000e+00  0.000000e+00
-6.331542e-05  0.000000e+00  0.000000e+00
-5.902873e-05  0.000000e+00  0.000000e+00
-5.493623e-05  0.000000e+00  0.000000e+00
-5.108291e-05  0.000000e+00  0.000000e+00
-4.753004e-05  0.000000e+00  0.000000e+00
-4.433521e-05  0.000000e+00  0.000000e+00
-4.151534e-05  0.000000e+00  0.000000e+00
-3.902103e-05  0.000000e+00  0.000000e+00
-3.674127e-05  0.000000e+00  0.000000e+00
-3.453250e-05  0.000000e+00  0.000000e+00
-3.226386e-05  0.000000e+00  0.000000e+00
-2.985884e-05  0.000000e+00  0.000000e+00
-2.729516e-05  0.000000e+00  0.000000e+00
-2.457163e-05  0.000000e+00  0.000000e+00
-2.170619e-05  0.000000e+00  0.000000e+00
-1.876627e-05  0.000000e+00  0.000000e+00
-1.586063e-05  0.000000e+00  0.000000e+00
-1.308804e-05  0.000000e+00  0.000000e+00
-1.050607e-05  0.000000e+00  0.000000e+00
-8.136347e-06  0.000000e+00  0.000000e+00
-5.983944e-06  0.000000e+00  0.000000e+00
-4.062865e-06  0.000000e+00  0.000000e+00
-2.419143e-06  0.000000e+00  0.000000e+00
-1.132416e-06  0.000000e+00  0.000000e+00
-2.949019e-07  0.000000e+00  0.000000e+00
 1.099480e-10  0.000000e+00  0.000000e+00
