 5.000000e-04
 0.000000e+00  0.000000e+00  0.000000e+00
-9.412360e-08  0.000000e+00  0.000000e+00
-5.367373e-07  0.000000e+00  0.000000e+00
-1.612419e-06  0.000000e+00  0.000000e+00
-3.425585e-06  0.000000e+00  0.000000e+00
-5.855056e-06  0.000000e+00  0.000000e+00
-8.728335e-06  0.000000e+00  0.000000e+00
-1.192880e-05  0.000000e+00  0.000000e+00
-1.534689e-05  0.000000e+00  0.000000e+00
-1.885830e-05  0.000000e+00  0.000000e+00
-2.239797e-05  0.000000e+00  0.000000e+00
-2.601600e-05  0.000000e+00  0.000000e+00
-2.985779e-05  0.000000e+00  0.000000e+00
-3.412044e-05  0.000000e+00  0.000000e+00
-3.897905e-05  0.000000e+00  0.000000e+00
-4.443966e-05  0.000000e+00  0.000000e+00
-5.023031e-05  0.000000e+00  0.000000e+00
-5.586915e-05  0.000000e+00  0.000000e+00
-6.082387e-05  0.000000e+00  0.000000e+00
-6.460150e-05  0.000000e+00  0.000000e+00
-6.678313e-05  0.000000e+00  0.000000e+00
-6.708152e-05  0.000000e+00  0.000000e+00
-6.537834e-05  0.000000e+00  0.000000e+00
-6.167305e-05  0.000000e+00  0.000000e+00
-5.598393e-05  0.000000e+00  0.000000e+00
-4.830810e-05  0.000000e+00  0.000000e+00
-3.870708e-05  0.000000e+00  0.000000e+00
-2.744100e-05  0.000000e+00  0.000000e+00
-1.500054e-05  0.000000e+00  0.000000e+00
-2.022425e-06  0.000000e+00  0.000000e+00
 1.080122e-05  0.000000e+00  0.000000e+00
 2.276471e-05  0.000000e+00  0.000000e+00
 3.321400e-05  0.000000e+00  0.000000e+00
 4.172932e-05  0.000000e+00  0.000000e+00
 4.832050e-05  0.000000e+00  0.000000e+00
 5.340546e-05  0.000000e+00  0.000000e+00
 5.756526e-05  0.000000e+00  0.000000e+00
 6.128658e-05  0.000000e+00  0.000000e+00
 6.483406e-05  0.000000e+00  0.000000e+00
 6.822630e-05  0.000000e+00  0.000000e+00
 7.123535e-05  0.000000e+00  0.000000e+00
 7.345074e-05  0.000000e+00  0.000000e+00
 7.446446e-05  0.000000e+00  0.000000e+00
 7.403850e-05  0.000000e+00  0.000000e+00
 7.214216e-05  0.000000e+00  0.000000e+00
 6.894255e-05  0.000000e+00  0.000000e+00
 6.479344e-05  0.000000e+00  0.000000e+00
 6.017489e-05  0.000000e+00  0.000000e+00
 5.559315e-05  0.000000e+00  0.000000e+00
 5.147433e-05  0.000000e+00  0.000000e+00
 4.805777e-05  0.000000e+00  0.000000e+00
 4.533641e-05  0.000000e+00  0.000000e+00
 4.312173e-05  0.000000e+00  0.000000e+00
 4.122232e-05  0.000000e+00  0.000000e+00
 3.963232e-05  0.000000e+00  0.000000e+00
 3.862760e-05  0.000000e+00  0.000000e+00
 3.870840e-05  0.000000e+00  0.000000e+00
 4.039093e-05  0.000000e+00  0.000000e+00
 4.395819e-05  0.000000e+00  0.000000e+00
 4.932965e-05  0.000000e+00  0.000000e+00
 5.608136e-05  0.000000e+00  0.000000e+00
 6.351201e-05  0.000000e+00  0.000000e+00
 7.072812e-05  0.000000e+00  0.000000e+00
 7.680186e-05  0.000000e+00  0.000000e+00
 8.095935e-05  0.000000e+00  0.000000e+00
 8.270575e-05  0.000000e+00  0.000000e+00
 8.187722e-05  0.000000e+00  0.000000e+00
 7.864827e-05  0.000000e+00  0.000000e+00
 7.346467e-05  0.000000e+00  0.000000e+00
 6.689618e-05  0.000000e+00  0.000000e+00
 5.951161e-05  0.000000e+00  0.000000e+00
 5.182877e-05  0.000000e+00  0.000000e+00
 4.427928e-05  0.000000e+00  0.000000e+00
 3.718483e-05  0.000000e+00  0.000000e+00
 3.078347e-05  0.000000e+00  0.000000e+00
 2.527456e-05  0.000000e+00  0.000000e+00
 2.083930e-05  0.000000e+00  0.000000e+00
 1.764455e-05  0.000000e+00  0.000000e+00
 1.585767e-05  0.000000e+00  0.000000e+00
 1.565058e-05  0.000000e+00  0.000000e+00
 1.714683e-05  0.000000e+00  0.000000e+00
 2.036075e-05  0.000000e+00  0.000000e+00
 2.517964e-05  0.000000e+00  0.000000e+00
 3.132384e-05  0.000000e+00  0.000000e+00
 3.829031e-05  0.000000e+00  0.000000e+00
 4.542421e-05  0.000000e+00  0.000000e+00
 5.212923e-05  0.000000e+00  0.000000e+00
 5.802719e-05  0.000000e+00  0.000000e+00
 6.296693e-05  0.000000e+00  0.000000e+00
 6.697997e-05  0.000000e+00  0.000000e+00
 7.024483e-05  0.000000e+00  0.000000e+00
 7.299726e-05  0.000000e+00  0.000000e+00
 7.537607e-05  0.000000e+00  0.000000e+00
 7.729707e-05  0.000000e+00  0.000000e+00
 7.842019e-05  0.000000e+00  0.000000e+00
 7.822448e-05  0.000000e+00  0.000000e+00
 7.621788e-05  0.000000e+00  0.000000e+00
 7.222066e-05  0.000000e+00  0.000000e+00
 6.651113e-05  0.000000e+00  0.000000e+00
 5.973181e-05  0.000000e+00  0.000000e+00
 5.270894e-05  0.000000e+00  0.000000e+00
 4.631041e-05  0.000000e+00  0.000000e+00
 4.129224e-05  0.000000e+00  0.000000e+00
 3.812672e-05  0.000000e+00  0.000000e+00
 3.690832e-05  0.000000e+00  0.000000e+00
 3.737682e-05  0.000000e+00  0.000000e+00
 3.902878e-05  0.000000e+00  0.000000e+00
 4.129971e-05  0.000000e+00  0.000000e+00
 4.377564e-05  0.000000e+00  0.000000e+00
 4.632905e-05  0.000000e+00  0.000000e+00
 4.908132e-05  0.000000e+00  0.000000e+00
 5.221070e-05  0.000000e+00  0.000000e+00
 5.575923e-05  0.000000e+00  0.000000e+00
 5.957761e-05  0.000000e+00  0.000000e+00
 6.338309e-05  0.000000e+00  0.000000e+00
 6.683133e-05  0.000000e+00  0.000000e+00
 6.957530e-05  0.000000e+00  0.000000e+00
 7.132114e-05  0.000000e+00  0.000000e+00
 7.188591e-05  0.000000e+00  0.000000e+00
 7.125982e-05  0.000000e+00  0.000000e+00
 6.961314e-05  0.000000e+00  0.000000e+00
 6.718046e-05  0.000000e+00  0.000000e+00
 6.409657e-05  0.000000e+00  0.000000e+00
 6.034073e-05  0.000000e+00  0.000000e+00
 5.582385e-05  0.000000e+00  0.000000e+00
 5.051302e-05  0.000000e+00  0.000000e+00
 4.451053e-05  0.000000e+00  0.000000e+00
 3.807271e-05  0.000000e+00  0.000000e+00
 3.157396e-05  0.000000e+00  0.000000e+00
 2.545964e-05  0.000000e+00  0.000000e+00
 2.020401e-05  0.000000e+00  0.000000e+00
 1.620944e-05  0.000000e+00  0.000000e+00
 1.365674e-05  0.000000e+00  0.000000e+00
 1.242919e-05  0.000000e+00  0.000000e+00
 1.218331e-05  0.000000e+00  0.000000e+00
 1.253467e-05  0.000000e+00  0.000000e+00
 1.323772e-05  0.000000e+00  0.000000e+00
 1.422013e-05  0.000000e+00  0.000000e+00
 1.547923e-05  0.000000e+00  0.000000e+00
 1.698400e-05  0.000000e+00  0.000000e+00
 1.864584e-05  0.000000e+00  0.000000e+00
 2.030130e-05  0.000000e+00  0.000000e+00
 2.170862e-05  0.000000e+00  0.000000e+00
 2.260843e-05  0.000000e+00  0.000000e+00
 2.277276e-05  0.000000e+00  0.000000e+00
 2.197164e-05  0.000000e+00  0.000000e+00
 1.998476e-05  0.000000e+00  0.000000e+00
 1.675660e-05  0.000000e+00  0.000000e+00
 1.253388e-05  0.000000e+00  0.000000e+00
 7.774166e-06  0.000000e+00  0.000000e+00
 2.887383e-06  0.000000e+00  0.000000e+00
-1.920427e-06  0.000000e+00  0.000000e+00
-6.585071e-06  0.000000e+00  0.000000e+00
-1.103872e-05  0.000000e+00  0.000000e+00
-1.514334e-05  0.000000e+00  0.000000e+00
-1.871621e-05  0.000000e+00  0.000000e+00
-2.154428e-05  0.000000e+00  0.000000e+00
-2.336131e-05  0.000000e+00  0.000000e+00
-2.387242e-05  0.000000e+00  0.000000e+00
-2.284109e-05  0.000000e+00  0.000000e+00
-2.018700e-05  0.000000e+00  0.000000e+00
-1.606217e-05  0.000000e+00  0.000000e+00
-1.084561e-05  0.000000e+00  0.000000e+00
-5.021979e-06  0.000000e+00  0.000000e+00
 9.706299e-07  0.000000e+00  0.000000e+00
 6.816484e-06  0.000000e+00  0.000000e+00
 1.232057e-05  0.000000e+00  0.000000e+00
 1.737990e-05  0.000000e+00  0.000000e+00
 2.193619e-05  0.000000e+00  0.000000e+00
 2.594059e-05  0.000000e+00  0.000000e+00
 2.938001e-05  0.000000e+00  0.000000e+00
 3.229463e-05  0.000000e+00  0.000000e+00
 3.469999e-05  0.000000e+00  0.000000e+00
 3.648941e-05  0.000000e+00  0.000000e+00
 3.744477e-05  0.000000e+00  0.000000e+00
 3.739074e-05  0.000000e+00  0.000000e+00
 3.637193e-05  0.000000e+00  0.000000e+00
 3.462761e-05  0.000000e+00  0.000000e+00
 3.236324e-05  0.000000e+00  0.000000e+00
 2.961724e-05  0.000000e+00  0.000000e+00
 2.636475e-05  0.000000e+00  0.000000e+00
 2.268567e-05  0.000000e+00  0.000000e+00
 1.884022e-05  0.000000e+00  0.000000e+00
 1.521318e-05  0.000000e+00  0.000000e+00
 1.217822e-05  0.000000e+00  0.000000e+00
 1.008502e-05  0.000000e+00  0.000000e+00
 9.408726e-06  0.000000e+00  0.000000e+00
 1.074061e-05  0.000000e+00  0.000000e+00
 1.448356e-05  0.000000e+00  0.000000e+00
 2.054557e-05  0.000000e+00  0.000000e+00
 2.826925e-05  0.000000e+00  0.000000e+00
 3.661167e-05  0.000000e+00  0.000000e+00
 4.448833e-05  0.000000e+00  0.000000e+00
 5.108658e-05  0.000000e+00  0.000000e+00
 5.602702e-05  0.000000e+00  0.000000e+00
 5.938035e-05  0.000000e+00  0.000000e+00
 6.149136e-05  0.000000e+00  0.000000e+00
 6.269563e-05  0.000000e+00  0.000000e+00
 6.321239e-05  0.000000e+00  0.000000e+00
 6.324507e-05  0.000000e+00  0.000000e+00
 6.301999e-05  0.000000e+00  0.000000e+00
 6.264948e-05  0.000000e+00  0.000000e+00
 6.200835e-05  0.000000e+00  0.000000e+00
 6.081110e-05  0.000000e+00  0.000000e+00
 5.881274e-05  0.000000e+00  0.000000e+00
 5.595458e-05  0.000000e+00  0.000000e+00
 5.240612e-05  0.000000e+00  0.000000e+00
 4.850617e-05  0.000000e+00  0.000000e+00
 4.462598e-05  0.000000e+00  0.000000e+00
 4.106193e-05  0.000000e+00  0.000000e+00
 3.804410e-05  0.000000e+00  0.000000e+00
 3.580280e-05  0.000000e+00  0.000000e+00
 3.455466e-05  0.000000e+00  0.000000e+00
 3.444286e-05  0.000000e+00  0.000000e+00
 3.560964e-05  0.000000e+00  0.000000e+00
 3.833473e-05  0.000000e+00  0.000000e+00
 4.303434e-05  0.000000e+00  0.000000e+00
 5.012749e-05  0.000000e+00  0.000000e+00
 5.984205e-05  0.000000e+00  0.000000e+00
 7.202102e-05  0.000000e+00  0.000000e+00
 8.603467e-05  0.000000e+00  0.000000e+00
 1.008102e-04  0.000000e+00  0.000000e+00
 1.149663e-04  0.000000e+00  0.000000e+00
 1.270989e-04  0.000000e+00  0.000000e+00
 1.361541e-04  0.000000e+00  0.000000e+00
 1.416888e-04  0.000000e+00  0.000000e+00
 1.438524e-04  0.000000e+00  0.000000e+00
 1.431682e-04  0.000000e+00  0.000000e+00
 1.403774e-04  0.000000e+00  0.000000e+00
 1.364058e-04  0.000000e+00  0.000000e+00
 1.322877e-04  0.000000e+00  0.000000e+00
 1.289842e-04  0.000000e+00  0.000000e+00
 1.271866e-04  0.000000e+00  0.000000e+00
 1.271826e-04  0.000000e+00  0.000000e+00
 1.288187e-04  0.000000e+00  0.000000e+00
 1.315888e-04  0.000000e+00  0.000000e+00
 1.348691e-04  0.000000e+00  0.000000e+00
 1.381993e-04  0.000000e+00  0.000000e+00
 1.414287e-04  0.000000e+00  0.000000e+00
 1.447070e-04  0.000000e+00  0.000000e+00
 1.484158e-04  0.000000e+00  0.000000e+00
 1.530300e-04  0.000000e+00  0.000000e+00
 1.588815e-04  0.000000e+00  0.000000e+00
 1.659562e-04  0.000000e+00  0.000000e+00
 1.739072e-04  0.000000e+00  0.000000e+00
 1.822514e-04  0.000000e+00  0.000000e+00
 1.905431e-04  0.000000e+00  0.000000e+00
 1.984342e-04  0.000000e+00  0.000000e+00
 2.056855e-04  0.000000e+00  0.000000e+00
 2.121840e-04  0.000000e+00  0.000000e+00
 2.179516e-04  0.000000e+00  0.000000e+00
 2.231196e-04  0.000000e+00  0.000000e+00
 2.278930e-04  0.000000e+00  0.000000e+00
 2.324637e-04  0.000000e+00  0.000000e+00
 2.367912e-04  0.000000e+00  0.000000e+00
 2.404247e-04  0.000000e+00  0.000000e+00
 2.426299e-04  0.000000e+00  0.000000e+00
 2.427614e-04  0.000000e+00  0.000000e+00
 2.406110e-04  0.000000e+00  0.000000e+00
 2.365172e-04  0.000000e+00  0.000000e+00
 2.312027e-04  0.000000e+00  0.000000e+00
 2.255328e-04  0.000000e+00  0.000000e+00
 2.203718e-04  0.000000e+00  0.000000e+00
 2.165357e-04  0.000000e+00  0.000000e+00
 2.147776e-04  0.000000e+00  0.000000e+00
 2.156763e-04  0.000000e+00  0.000000e+00
 2.193942e-04  0.000000e+00  0.000000e+00
 2.255439e-04  0.000000e+00  0.000000e+00
 2.333506e-04  0.000000e+00  0.000000e+00
 2.419908e-04  0.000000e+00  0.000000e+00
 2.508760e-04  0.000000e+00  0.000000e+00
 2.597231e-04  0.000000e+00  0.000000e+00
 2.684114e-04  0.000000e+00  0.000000e+00
 2.767843e-04  0.000000e+00  0.000000e+00
 2.845801e-04  0.000000e+00  0.000000e+00
 2.915410e-04  0.000000e+00  0.000000e+00
 2.975200e-04  0.000000e+00  0.000000e+00
 3.024670e-04  0.000000e+00  0.000000e+00
 3.064078e-04  0.000000e+00  0.000000e+00
 3.094500e-04  0.000000e+00  0.000000e+00
 3.117291e-04  0.000000e+00  0.000000e+00
 3.133638e-04  0.000000e+00  0.000000e+00
 3.145276e-04  0.000000e+00  0.000000e+00
 3.155164e-04  0.000000e+00  0.000000e+00
 3.166707e-04  0.000000e+00  0.000000e+00
 3.182210e-04  0.000000e+00  0.000000e+00
 3.201702e-04  0.000000e+00  0.000000e+00
 3.222573e-04  0.000000e+00  0.000000e+00
 3.240462e-04  0.000000e+00  0.000000e+00
 3.251167e-04  0.000000e+00  0.000000e+00
 3.252255e-04  0.000000e+00  0.000000e+00
 3.243755e-04  0.000000e+00  0.000000e+00
 3.228569e-04  0.000000e+00  0.000000e+00
 3.212767e-04  0.000000e+00  0.000000e+00
 3.205077e-04  0.000000e+00  0.000000e+00
 3.215540e-04  0.000000e+00  0.000000e+00
 3.253741e-04  0.000000e+00  0.000000e+00
 3.326523e-04  0.000000e+00  0.000000e+00
 3.435367e-04  0.000000e+00  0.000000e+00
 3.574688e-04  0.000000e+00  0.000000e+00
 3.732656e-04  0.000000e+00  0.000000e+00
 3.894768e-04  0.000000e+00  0.000000e+00
 4.047608e-04  0.000000e+00  0.000000e+00
 4.179424e-04  0.000000e+00  0.000000e+00
 4.277444e-04  0.000000e+00  0.000000e+00
 4.325171e-04  0.000000e+00  0.000000e+00
 4.303148e-04  0.000000e+00  0.000000e+00
 4.195698e-04  0.000000e+00  0.000000e+00
 4.002041e-04  0.000000e+00  0.000000e+00
 3.742694e-04  0.000000e+00  0.000000e+00
 3.452931e-04  0.000000e+00  0.000000e+00
 3.168463e-04  0.000000e+00  0.000000e+00
 2.917217e-04  0.000000e+00  0.000000e+00
 2.722081e-04  0.000000e+00  0.000000e+00
 2.605101e-04  0.000000e+00  0.000000e+00
 2.582751e-04  0.000000e+00  0.000000e+00
 2.655211e-04  0.000000e+00  0.000000e+00
 2.802292e-04  0.000000e+00  0.000000e+00
 2.991534e-04  0.000000e+00  0.000000e+00
 3.190301e-04  0.000000e+00  0.000000e+00
 3.371767e-04  0.000000e+00  0.000000e+00
 3.515013e-04  0.000000e+00  0.000000e+00
 3.607320e-04  0.000000e+00  0.000000e+00
 3.650311e-04  0.000000e+00  0.000000e+00
 3.660607e-04  0.000000e+00  0.000000e+00
 3.660703e-04  0.000000e+00  0.000000e+00
 3.670025e-04  0.000000e+00  0.000000e+00
 3.704971e-04  0.000000e+00  0.000000e+00
 3.783877e-04  0.000000e+00  0.000000e+00
 3.929707e-04  0.000000e+00  0.000000e+00
 4.168477e-04  0.000000e+00  0.000000e+00
 4.520651e-04  0.000000e+00  0.000000e+00
 4.982738e-04  0.000000e+00  0.000000e+00
 5.512340e-04  0.000000e+00  0.000000e+00
 6.038682e-04  0.000000e+00  0.000000e+00
 6.492099e-04  0.000000e+00  0.000000e+00
 6.818590e-04  0.000000e+00  0.000000e+00
 6.972963e-04  0.000000e+00  0.000000e+00
 6.921641e-04  0.000000e+00  0.000000e+00
 6.663823e-04  0.000000e+00  0.000000e+00
 6.241229e-04  0.000000e+00  0.000000e+00
 5.723272e-04  0.000000e+00  0.000000e+00
 5.186701e-04  0.000000e+00  0.000000e+00
 4.700016e-04  0.000000e+00  0.000000e+00
 4.309406e-04  0.000000e+00  0.000000e+00
 4.034628e-04  0.000000e+00  0.000000e+00
 3.878300e-04  0.000000e+00  0.000000e+00
 3.830687e-04  0.000000e+00  0.000000e+00
 3.863500e-04  0.000000e+00  0.000000e+00
 3.930617e-04  0.000000e+00  0.000000e+00
 3.984217e-04  0.000000e+00  0.000000e+00
 3.992224e-04  0.000000e+00  0.000000e+00
 3.943634e-04  0.000000e+00  0.000000e+00
 3.843500e-04  0.000000e+00  0.000000e+00
 3.704434e-04  0.000000e+00  0.000000e+00
 3.539244e-04  0.000000e+00  0.000000e+00
 3.362680e-04  0.000000e+00  0.000000e+00
 3.202025e-04  0.000000e+00  0.000000e+00
 3.096216e-04  0.000000e+00  0.000000e+00
 3.075177e-04  0.000000e+00  0.000000e+00
 3.143010e-04  0.000000e+00  0.000000e+00
 3.282732e-04  0.000000e+00  0.000000e+00
 3.471296e-04  0.000000e+00  0.000000e+00
 3.688671e-04  0.000000e+00  0.000000e+00
 3.918694e-04  0.000000e+00  0.000000e+00
 4.147199e-04  0.000000e+00  0.000000e+00
 4.359975e-04  0.000000e+00  0.000000e+00
 4.543228e-04  0.000000e+00  0.000000e+00
 4.691792e-04  0.000000e+00  0.000000e+00
 4.817813e-04  0.000000e+00  0.000000e+00
 4.942887e-04  0.000000e+00  0.000000e+00
 5.077932e-04  0.000000e+00  0.000000e+00
 5.214533e-04  0.000000e+00  0.000000e+00
 5.334387e-04  0.000000e+00  0.000000e+00
 5.421199e-04  0.000000e+00  0.000000e+00
 5.462916e-04  0.000000e+00  0.000000e+00
 5.448789e-04  0.000000e+00  0.000000e+00
 5.373406e-04  0.000000e+00  0.000000e+00
 5.247027e-04  0.000000e+00  0.000000e+00
 5.096329e-04  0.000000e+00  0.000000e+00
 4.951499e-04  0.000000e+00  0.000000e+00
 4.835367e-04  0.000000e+00  0.000000e+00
 4.762112e-04  0.000000e+00  0.000000e+00
 4.736373e-04  0.000000e+00  0.000000e+00
 4.749951e-04  0.000000e+00  0.000000e+00
 4.783875e-04  0.000000e+00  0.000000e+00
 4.815923e-04  0.000000e+00  0.000000e+00
 4.826429e-04  0.000000e+00  0.000000e+00
 4.801805e-04  0.000000e+00  0.000000e+00
 4.738871e-04  0.000000e+00  0.000000e+00
 4.648311e-04  0.000000e+00  0.000000e+00
 4.552826e-04  0.000000e+00  0.000000e+00
 4.478215e-04  0.000000e+00  0.000000e+00
 4.442642e-04  0.000000e+00  0.000000e+00
 4.452455e-04  0.000000e+00  0.000000e+00
 4.504347e-04  0.000000e+00  0.000000e+00
 4.587075e-04  0.000000e+00  0.000000e+00
 4.682061e-04  0.000000e+00  0.000000e+00
 4.767805e-04  0.000000e+00  0.000000e+00
 4.827606e-04  0.000000e+00  0.000000e+00
 4.854882e-04  0.000000e+00  0.000000e+00
 4.853790e-04  0.000000e+00  0.000000e+00
 4.836553e-04  0.000000e+00  0.000000e+00
 4.817805e-04  0.000000e+00  0.000000e+00
 4.807855e-04  0.000000e+00  0.000000e+00
 4.809762e-04  0.000000e+00  0.000000e+00
 4.821023e-04  0.000000e+00  0.000000e+00
 4.835803e-04  0.000000e+00  0.000000e+00
 4.846441e-04  0.000000e+00  0.000000e+00
 4.846632e-04  0.000000e+00  0.000000e+00
 4.835641e-04  0.000000e+00  0.000000e+00
 4.819234e-04  0.000000e+00  0.000000e+00
 4.806308e-04  0.000000e+00  0.000000e+00
 4.805035e-04  0.000000e+00  0.000000e+00
 4.820591e-04  0.000000e+00  0.000000e+00
 4.853733e-04  0.000000e+00  0.000000e+00
 4.900475e-04  0.000000e+00  0.000000e+00
 4.952854e-04  0.000000e+00  0.000000e+00
 5.000331e-04  0.000000e+00  0.000000e+00
 5.032729e-04  0.000000e+00  0.000000e+00
 5.044044e-04  0.000000e+00  0.000000e+00
 5.034007e-04  0.000000e+00  0.000000e+00
 5.006421e-04  0.000000e+00  0.000000e+00
 4.966412e-04  0.000000e+00  0.000000e+00
 4.918787e-04  0.000000e+00  0.000000e+00
 4.867709e-04  0.000000e+00  0.000000e+00
 4.816202e-04  0.000000e+00  0.000000e+00
 4.765095e-04  0.000000e+00  0.000000e+00
 4.713305e-04  0.000000e+00  0.000000e+00
 4.659911e-04  0.000000e+00  0.000000e+00
 4.605205e-04  0.000000e+00  0.000000e+00
 4.549512e-04  0.000000e+00  0.000000e+00
 4.492410e-04  0.000000e+00  0.000000e+00
 4.433852e-04  0.000000e+00  0.000000e+00
 4.374580e-04  0.000000e+00  0.000000e+00
 4.314359e-04  0.000000e+00  0.000000e+00
 4.251612e-04  0.000000e+00  0.000000e+00
 4.185892e-04  0.000000e+00  0.000000e+00
 4.118811e-04  0.000000e+00  0.000000e+00
 4.052364e-04  0.000000e+00  0.000000e+00
 3.988965e-04  0.000000e+00  0.000000e+00
 3.933467e-04  0.000000e+00  0.000000e+00
 3.892748e-04  0.000000e+00  0.000000e+00
 3.872371e-04  0.000000e+00  0.000000e+00
 3.875040e-04  0.000000e+00  0.000000e+00
 3.902049e-04  0.000000e+00  0.000000e+00
 3.952977e-04  0.000000e+00  0.000000e+00
 4.022886e-04  0.000000e+00  0.000000e+00
 4.101931e-04  0.000000e+00  0.000000e+00
 4.177835e-04  0.000000e+00  0.000000e+00
 4.237928e-04  0.000000e+00  0.000000e+00
 4.271452e-04  0.000000e+00  0.000000e+00
 4.273624e-04  0.000000e+00  0.000000e+00
 4.248205e-04  0.000000e+00  0.000000e+00
 4.205420e-04  0.000000e+00  0.000000e+00
 4.157993e-04  0.000000e+00  0.000000e+00
 4.119655e-04  0.000000e+00  0.000000e+00
 4.105990e-04  0.000000e+00  0.000000e+00
 4.133756e-04  0.000000e+00  0.000000e+00
 4.215015e-04  0.000000e+00  0.000000e+00
 4.347941e-04  0.000000e+00  0.000000e+00
 4.513178e-04  0.000000e+00  0.000000e+00
 4.680676e-04  0.000000e+00  0.000000e+00
 4.820186e-04  0.000000e+00  0.000000e+00
 4.909119e-04  0.000000e+00  0.000000e+00
 4.939711e-04  0.000000e+00  0.000000e+00
 4.923433e-04  0.000000e+00  0.000000e+00
 4.884843e-04  0.000000e+00  0.000000e+00
 4.847533e-04  0.000000e+00  0.000000e+00
 4.825016e-04  0.000000e+00  0.000000e+00
 4.821578e-04  0.000000e+00  0.000000e+00
 4.836378e-04  0.000000e+00  0.000000e+00
 4.864624e-04  0.000000e+00  0.000000e+00
 4.896841e-04  0.000000e+00  0.000000e+00
 4.920309e-04  0.000000e+00  0.000000e+00
 4.923298e-04  0.000000e+00  0.000000e+00
 4.898570e-04  0.000000e+00  0.000000e+00
 4.843838e-04  0.000000e+00  0.000000e+00
 4.760332e-04  0.000000e+00  0.000000e+00
 4.652019e-04  0.000000e+00  0.000000e+00
 4.525950e-04  0.000000e+00  0.000000e+00
 4.390260e-04  0.000000e+00  0.000000e+00
 4.249238e-04  0.000000e+00  0.000000e+00
 4.102224e-04  0.000000e+00  0.000000e+00
 3.949869e-04  0.000000e+00  0.000000e+00
 3.801381e-04  0.000000e+00  0.000000e+00
 3.675151e-04  0.000000e+00  0.000000e+00
 3.592036e-04  0.000000e+00  0.000000e+00
 3.567000e-04  0.000000e+00  0.000000e+00
 3.604948e-04  0.000000e+00  0.000000e+00
 3.700937e-04  0.000000e+00  0.000000e+00
 3.842233e-04  0.000000e+00  0.000000e+00
 4.011896e-04  0.000000e+00  0.000000e+00
 4.193235e-04  0.000000e+00  0.000000e+00
 4.371768e-04  0.000000e+00  0.000000e+00
 4.533942e-04  0.000000e+00  0.000000e+00
 4.667402e-04  0.000000e+00  0.000000e+00
 4.765541e-04  0.000000e+00  0.000000e+00
 4.831225e-04  0.000000e+00  0.000000e+00
 4.874175e-04  0.000000e+00  0.000000e+00
 4.904654e-04  0.000000e+00  0.000000e+00
 4.929827e-04  0.000000e+00  0.000000e+00
 4.954165e-04  0.000000e+00  0.000000e+00
 4.980563e-04  0.000000e+00  0.000000e+00
 5.009965e-04  0.000000e+00  0.000000e+00
 5.040856e-04  0.000000e+00  0.000000e+00
 5.070329e-04  0.000000e+00  0.000000e+00
 5.095423e-04  0.000000e+00  0.000000e+00
 5.113243e-04  0.000000e+00  0.000000e+00
 5.121530e-04  0.000000e+00  0.000000e+00
 5.120348e-04  0.000000e+00  0.000000e+00
 5.111966e-04  0.000000e+00  0.000000e+00
 5.098128e-04  0.000000e+00  0.000000e+00
 5.078283e-04  0.000000e+00  0.000000e+00
 5.050782e-04  0.000000e+00  0.000000e+00
 5.014767e-04  0.000000e+00  0.000000e+00
 4.971024e-04  0.000000e+00  0.000000e+00
 4.923010e-04  0.000000e+00  0.000000e+00
 4.878227e-04  0.000000e+00  0.000000e+00
 4.847889e-04  0.000000e+00  0.000000e+00
 4.844160e-04  0.000000e+00  0.000000e+00
 4.876969e-04  0.000000e+00  0.000000e+00
 4.951745e-04  0.000000e+00  0.000000e+00
 5.067245e-04  0.000000e+00  0.000000e+00
 5.213727e-04  0.000000e+00  0.000000e+00
 5.374254e-04  0.000000e+00  0.000000e+00
 5.529541e-04  0.000000e+00  0.000000e+00
 5.662458e-04  0.000000e+00  0.000000e+00
 5.759799e-04  0.000000e+00  0.000000e+00
 5.813000e-04  0.000000e+00  0.000000e+00
 5.818751e-04  0.000000e+00  0.000000e+00
 5.777902e-04  0.000000e+00  0.000000e+00
 5.693568e-04  0.000000e+00  0.000000e+00
 5.572505e-04  0.000000e+00  0.000000e+00
 5.428549e-04  0.000000e+00  0.000000e+00
 5.281427e-04  0.000000e+00  0.000000e+00
 5.150818e-04  0.000000e+00  0.000000e+00
 5.052976e-04  0.000000e+00  0.000000e+00
 5.001346e-04  0.000000e+00  0.000000e+00
 5.005632e-04  0.000000e+00  0.000000e+00
 5.067949e-04  0.000000e+00  0.000000e+00
 5.180327e-04  0.000000e+00  0.000000e+00
 5.326473e-04  0.000000e+00  0.000000e+00
 5.486736e-04  0.000000e+00  0.000000e+00
 5.642792e-04  0.000000e+00  0.000000e+00
 5.779811e-04  0.000000e+00  0.000000e+00
 5.888223e-04  0.000000e+00  0.000000e+00
 5.967364e-04  0.000000e+00  0.000000e+00
 6.027277e-04  0.000000e+00  0.000000e+00
 6.084019e-04  0.000000e+00  0.000000e+00
 6.151586e-04  0.000000e+00  0.000000e+00
 6.237521e-04  0.000000e+00  0.000000e+00
 6.343377e-04  0.000000e+00  0.000000e+00
 6.466561e-04  0.000000e+00  0.000000e+00
 6.601924e-04  0.000000e+00  0.000000e+00
 6.742615e-04  0.000000e+00  0.000000e+00
 6.878752e-04  0.000000e+00  0.000000e+00
 6.995083e-04  0.000000e+00  0.000000e+00
 7.071715e-04  0.000000e+00  0.000000e+00
 7.087529e-04  0.000000e+00  0.000000e+00
 7.023191e-04  0.000000e+00  0.000000e+00
 6.866987e-04  0.000000e+00  0.000000e+00
 6.624788e-04  0.000000e+00  0.000000e+00
 6.323171e-04  0.000000e+00  0.000000e+00
 5.998201e-04  0.000000e+00  0.000000e+00
 5.680344e-04  0.000000e+00  0.000000e+00
 5.389912e-04  0.000000e+00  0.000000e+00
 5.143102e-04  0.000000e+00  0.000000e+00
 4.956463e-04  0.000000e+00  0.000000e+00
 4.842361e-04  0.000000e+00  0.000000e+00
 4.802647e-04  0.000000e+00  0.000000e+00
 4.830890e-04  0.000000e+00  0.000000e+00
 4.921649e-04  0.000000e+00  0.000000e+00
 5.075967e-04  0.000000e+00  0.000000e+00
 5.296721e-04  0.000000e+00  0.000000e+00
 5.580829e-04  0.000000e+00  0.000000e+00
 5.919553e-04  0.000000e+00  0.000000e+00
 6.304794e-04  0.000000e+00  0.000000e+00
 6.729786e-04  0.000000e+00  0.000000e+00
 7.183239e-04  0.000000e+00  0.000000e+00
 7.646172e-04  0.000000e+00  0.000000e+00
 8.093335e-04  0.000000e+00  0.000000e+00
 8.494356e-04  0.000000e+00  0.000000e+00
 8.816529e-04  0.000000e+00  0.000000e+00
 9.034921e-04  0.000000e+00  0.000000e+00
 9.145774e-04  0.000000e+00  0.000000e+00
 9.170302e-04  0.000000e+00  0.000000e+00
 9.143257e-04  0.000000e+00  0.000000e+00
 9.096056e-04  0.000000e+00  0.000000e+00
 9.046744e-04  0.000000e+00  0.000000e+00
 8.998429e-04  0.000000e+00  0.000000e+00
 8.942458e-04  0.000000e+00  0.000000e+00
 8.865115e-04  0.000000e+00  0.000000e+00
 8.755544e-04  0.000000e+00  0.000000e+00
 8.609186e-04  0.000000e+00  0.000000e+00
 8.424524e-04  0.000000e+00  0.000000e+00
 8.198760e-04  0.000000e+00  0.000000e+00
 7.928444e-04  0.000000e+00  0.000000e+00
 7.613545e-04  0.000000e+00  0.000000e+00
 7.260203e-04  0.000000e+00  0.000000e+00
 6.881187e-04  0.000000e+00  0.000000e+00
 6.495584e-04  0.000000e+00  0.000000e+00
 6.128405e-04  0.000000e+00  0.000000e+00
 5.809921e-04  0.000000e+00  0.000000e+00
 5.573971e-04  0.000000e+00  0.000000e+00
 5.454000e-04  0.000000e+00  0.000000e+00
 5.475634e-04  0.000000e+00  0.000000e+00
 5.647662e-04  0.000000e+00  0.000000e+00
 5.957797e-04  0.000000e+00  0.000000e+00
 6.376278e-04  0.000000e+00  0.000000e+00
 6.862705e-04  0.000000e+00  0.000000e+00
 7.373677e-04  0.000000e+00  0.000000e+00
 7.873523e-04  0.000000e+00  0.000000e+00
 8.342475e-04  0.000000e+00  0.000000e+00
 8.771711e-04  0.000000e+00  0.000000e+00
 9.149731e-04  0.000000e+00  0.000000e+00
 9.458050e-04  0.000000e+00  0.000000e+00
 9.682556e-04  0.000000e+00  0.000000e+00
 9.827085e-04  0.000000e+00  0.000000e+00
 9.914544e-04  0.000000e+00  0.000000e+00
 9.975488e-04  0.000000e+00  0.000000e+00
 1.003479e-03  0.000000e+00  0.000000e+00
 1.010473e-03  0.000000e+00  0.000000e+00
 1.018432e-03  0.000000e+00  0.000000e+00
 1.026152e-03  0.000000e+00  0.000000e+00
 1.031771e-03  0.000000e+00  0.000000e+00
 1.033550e-03  0.000000e+00  0.000000e+00
 1.030601e-03  0.000000e+00  0.000000e+00
 1.022952e-03  0.000000e+00  0.000000e+00
 1.010894e-03  0.000000e+00  0.000000e+00
 9.943330e-04  0.000000e+00  0.000000e+00
 9.726719e-04  0.000000e+00  0.000000e+00
 9.451883e-04  0.000000e+00  0.000000e+00
 9.120019e-04  0.000000e+00  0.000000e+00
 8.753349e-04  0.000000e+00  0.000000e+00
 8.395443e-04  0.000000e+00  0.000000e+00
 8.092547e-04  0.000000e+00  0.000000e+00
 7.874770e-04  0.000000e+00  0.000000e+00
 7.754290e-04  0.000000e+00  0.000000e+00
 7.732499e-04  0.000000e+00  0.000000e+00
 7.802331e-04  0.000000e+00  0.000000e+00
 7.946775e-04  0.000000e+00  0.000000e+00
 8.141449e-04  0.000000e+00  0.000000e+00
 8.361910e-04  0.000000e+00  0.000000e+00
 8.588356e-04  0.000000e+00  0.000000e+00
 8.803810e-04  0.000000e+00  0.000000e+00
 8.992266e-04  0.000000e+00  0.000000e+00
 9.142705e-04  0.000000e+00  0.000000e+00
 9.254129e-04  0.000000e+00  0.000000e+00
 9.334882e-04  0.000000e+00  0.000000e+00
 9.397139e-04  0.000000e+00  0.000000e+00
 9.450622e-04  0.000000e+00  0.000000e+00
 9.498734e-04  0.000000e+00  0.000000e+00
 9.539403e-04  0.000000e+00  0.000000e+00
 9.568931e-04  0.000000e+00  0.000000e+00
 9.584144e-04  0.000000e+00  0.000000e+00
 9.582245e-04  0.000000e+00  0.000000e+00
 9.561491e-04  0.000000e+00  0.000000e+00
 9.523121e-04  0.000000e+00  0.000000e+00
 9.471905e-04  0.000000e+00  0.000000e+00
 9.413904e-04  0.000000e+00  0.000000e+00
 9.352811e-04  0.000000e+00  0.000000e+00
 9.288086e-04  0.000000e+00  0.000000e+00
 9.216784e-04  0.000000e+00  0.000000e+00
 9.136898e-04  0.000000e+00  0.000000e+00
 9.048848e-04  0.000000e+00  0.000000e+00
 8.955396e-04  0.000000e+00  0.000000e+00
 8.862025e-04  0.000000e+00  0.000000e+00
 8.777240e-04  0.000000e+00  0.000000e+00
 8.711457e-04  0.000000e+00  0.000000e+00
 8.675365e-04  0.000000e+00  0.000000e+00
 8.678614e-04  0.000000e+00  0.000000e+00
 8.727947e-04  0.000000e+00  0.000000e+00
 8.824565e-04  0.000000e+00  0.000000e+00
 8.961980e-04  0.000000e+00  0.000000e+00
 9.125873e-04  0.000000e+00  0.000000e+00
 9.296907e-04  0.000000e+00  0.000000e+00
 9.455532e-04  0.000000e+00  0.000000e+00
 9.586254e-04  0.000000e+00  0.000000e+00
 9.680108e-04  0.000000e+00  0.000000e+00
 9.735412e-04  0.000000e+00  0.000000e+00
 9.756256e-04  0.000000e+00  0.000000e+00
 9.749122e-04  0.000000e+00  0.000000e+00
 9.720080e-04  0.000000e+00  0.000000e+00
 9.674169e-04  0.000000e+00  0.000000e+00
 9.615772e-04  0.000000e+00  0.000000e+00
 9.548105e-04  0.000000e+00  0.000000e+00
 9.472326e-04  0.000000e+00  0.000000e+00
 9.388360e-04  0.000000e+00  0.000000e+00
 9.297120e-04  0.000000e+00  0.000000e+00
 9.201468e-04  0.000000e+00  0.000000e+00
 9.105192e-04  0.000000e+00  0.000000e+00
 9.011808e-04  0.000000e+00  0.000000e+00
 8.924366e-04  0.000000e+00  0.000000e+00
 8.845581e-04  0.000000e+00  0.000000e+00
 8.777187e-04  0.000000e+00  0.000000e+00
 8.718875e-04  0.000000e+00  0.000000e+00
 8.668568e-04  0.000000e+00  0.000000e+00
 8.624494e-04  0.000000e+00  0.000000e+00
 8.587212e-04  0.000000e+00  0.000000e+00
 8.560155e-04  0.000000e+00  0.000000e+00
 8.548728e-04  0.000000e+00  0.000000e+00
 8.558318e-04  0.000000e+00  0.000000e+00
 8.592131e-04  0.000000e+00  0.000000e+00
 8.650022e-04  0.000000e+00  0.000000e+00
 8.728600e-04  0.000000e+00  0.000000e+00
 8.822361e-04  0.000000e+00  0.000000e+00
 8.925924e-04  0.000000e+00  0.000000e+00
 9.036728e-04  0.000000e+00  0.000000e+00
 9.155747e-04  0.000000e+00  0.000000e+00
 9.284407e-04  0.000000e+00  0.000000e+00
 9.420127e-04  0.000000e+00  0.000000e+00
 9.555114e-04  0.000000e+00  0.000000e+00
 9.679080e-04  0.000000e+00  0.000000e+00
 9.781907e-04  0.000000e+00  0.000000e+00
 9.853864e-04  0.000000e+00  0.000000e+00
 9.885645e-04  0.000000e+00  0.000000e+00
 9.869960e-04  0.000000e+00  0.000000e+00
 9.803573e-04  0.000000e+00  0.000000e+00
 9.689459e-04  0.000000e+00  0.000000e+00
 9.538684e-04  0.000000e+00  0.000000e+00
 9.368740e-04  0.000000e+00  0.000000e+00
 9.197310e-04  0.000000e+00  0.000000e+00
 9.036045e-04  0.000000e+00  0.000000e+00
 8.889092e-04  0.000000e+00  0.000000e+00
 8.756631e-04  0.000000e+00  0.000000e+00
 8.638596e-04  0.000000e+00  0.000000e+00
 8.533708e-04  0.000000e+00  0.000000e+00
 8.437163e-04  0.000000e+00  0.000000e+00
 8.343029e-04  0.000000e+00  0.000000e+00
 8.248023e-04  0.000000e+00  0.000000e+00
 8.150901e-04  0.000000e+00  0.000000e+00
 8.051171e-04  0.000000e+00  0.000000e+00
 7.952242e-04  0.000000e+00  0.000000e+00
 7.864052e-04  0.000000e+00  0.000000e+00
 7.798863e-04  0.000000e+00  0.000000e+00
 7.764425e-04  0.000000e+00  0.000000e+00
 7.762565e-04  0.000000e+00  0.000000e+00
 7.792977e-04  0.000000e+00  0.000000e+00
 7.856246e-04  0.000000e+00  0.000000e+00
 7.953833e-04  0.000000e+00  0.000000e+00
 8.086024e-04  0.000000e+00  0.000000e+00
 8.248458e-04  0.000000e+00  0.000000e+00
 8.430147e-04  0.000000e+00  0.000000e+00
 8.616725e-04  0.000000e+00  0.000000e+00
 8.795802e-04  0.000000e+00  0.000000e+00
 8.957651e-04  0.000000e+00  0.000000e+00
 9.092080e-04  0.000000e+00  0.000000e+00
 9.188361e-04  0.000000e+00  0.000000e+00
 9.239530e-04  0.000000e+00  0.000000e+00
 9.245551e-04  0.000000e+00  0.000000e+00
 9.212445e-04  0.000000e+00  0.000000e+00
 9.150042e-04  0.000000e+00  0.000000e+00
 9.070003e-04  0.000000e+00  0.000000e+00
 8.983503e-04  0.000000e+00  0.000000e+00
 8.900020e-04  0.000000e+00  0.000000e+00
 8.828414e-04  0.000000e+00  0.000000e+00
 8.777599e-04  0.000000e+00  0.000000e+00
 8.754694e-04  0.000000e+00  0.000000e+00
 8.762073e-04  0.000000e+00  0.000000e+00
 8.795619e-04  0.000000e+00  0.000000e+00
 8.845674e-04  0.000000e+00  0.000000e+00
 8.900849e-04  0.000000e+00  0.000000e+00
 8.952465e-04  0.000000e+00  0.000000e+00
 8.996636e-04  0.000000e+00  0.000000e+00
 9.033002e-04  0.000000e+00  0.000000e+00
 9.062095e-04  0.000000e+00  0.000000e+00
 9.084291e-04  0.000000e+00  0.000000e+00
 9.100886e-04  0.000000e+00  0.000000e+00
 9.115293e-04  0.000000e+00  0.000000e+00
 9.132416e-04  0.000000e+00  0.000000e+00
 9.156172e-04  0.000000e+00  0.000000e+00
 9.187440e-04  0.000000e+00  0.000000e+00
 9.224279e-04  0.000000e+00  0.000000e+00
 9.263295e-04  0.000000e+00  0.000000e+00
 9.300426e-04  0.000000e+00  0.000000e+00
 9.331391e-04  0.000000e+00  0.000000e+00
 9.352141e-04  0.000000e+00  0.000000e+00
 9.358855e-04  0.000000e+00  0.000000e+00
 9.347895e-04  0.000000e+00  0.000000e+00
 9.316210e-04  0.000000e+00  0.000000e+00
 9.261920e-04  0.000000e+00  0.000000e+00
 9.185390e-04  0.000000e+00  0.000000e+00
 9.090555e-04  0.000000e+00  0.000000e+00
 8.984800e-04  0.000000e+00  0.000000e+00
 8.877237e-04  0.000000e+00  0.000000e+00
 8.777011e-04  0.000000e+00  0.000000e+00
 8.692053e-04  0.000000e+00  0.000000e+00
 8.628200e-04  0.000000e+00  0.000000e+00
 8.589278e-04  0.000000e+00  0.000000e+00
 8.577327e-04  0.000000e+00  0.000000e+00
 8.591332e-04  0.000000e+00  0.000000e+00
 8.625788e-04  0.000000e+00  0.000000e+00
 8.671558e-04  0.000000e+00  0.000000e+00
 8.718606e-04  0.000000e+00  0.000000e+00
 8.758345e-04  0.000000e+00  0.000000e+00
 8.784661e-04  0.000000e+00  0.000000e+00
 8.794340e-04  0.000000e+00  0.000000e+00
 8.787608e-04  0.000000e+00  0.000000e+00
 8.768252e-04  0.000000e+00  0.000000e+00
 8.742315e-04  0.000000e+00  0.000000e+00
 8.715803e-04  0.000000e+00  0.000000e+00
 8.693068e-04  0.000000e+00  0.000000e+00
 8.676162e-04  0.000000e+00  0.000000e+00
 8.664264e-04  0.000000e+00  0.000000e+00
 8.653599e-04  0.000000e+00  0.000000e+00
 8.638891e-04  0.000000e+00  0.000000e+00
 8.615421e-04  0.000000e+00  0.000000e+00
 8.579897e-04  0.000000e+00  0.000000e+00
 8.530171e-04  0.000000e+00  0.000000e+00
 8.465320e-04  0.000000e+00  0.000000e+00
 8.386690e-04  0.000000e+00  0.000000e+00
 8.298591e-04  0.000000e+00  0.000000e+00
 8.207523e-04  0.000000e+00  0.000000e+00
 8.120699e-04  0.000000e+00  0.000000e+00
 8.045166e-04  0.000000e+00  0.000000e+00
 7.987482e-04  0.000000e+00  0.000000e+00
 7.953444e-04  0.000000e+00  0.000000e+00
 7.947881e-04  0.000000e+00  0.000000e+00
 7.974223e-04  0.000000e+00  0.000000e+00
 8.032977e-04  0.000000e+00  0.000000e+00
 8.120089e-04  0.000000e+00  0.000000e+00
 8.227673e-04  0.000000e+00  0.000000e+00
 8.347000e-04  0.000000e+00  0.000000e+00
 8.470631e-04  0.000000e+00  0.000000e+00
 8.592412e-04  0.000000e+00  0.000000e+00
 8.707038e-04  0.000000e+00  0.000000e+00
 8.810059e-04  0.000000e+00  0.000000e+00
 8.897459e-04  0.000000e+00  0.000000e+00
 8.965074e-04  0.000000e+00  0.000000e+00
 9.009276e-04  0.000000e+00  0.000000e+00
 9.028604e-04  0.000000e+00  0.000000e+00
 9.024670e-04  0.000000e+00  0.000000e+00
 9.001671e-04  0.000000e+00  0.000000e+00
 8.965035e-04  0.000000e+00  0.000000e+00
 8.920094e-04  0.000000e+00  0.000000e+00
 8.871245e-04  0.000000e+00  0.000000e+00
 8.820959e-04  0.000000e+00  0.000000e+00
 8.768656e-04  0.000000e+00  0.000000e+00
 8.710890e-04  0.000000e+00  0.000000e+00
 8.643034e-04  0.000000e+00  0.000000e+00
 8.560926e-04  0.000000e+00  0.000000e+00
 8.461966e-04  0.000000e+00  0.000000e+00
 8.346394e-04  0.000000e+00  0.000000e+00
 8.218316e-04  0.000000e+00  0.000000e+00
 8.085257e-04  0.000000e+00  0.000000e+00
 7.956507e-04  0.000000e+00  0.000000e+00
 7.841191e-04  0.000000e+00  0.000000e+00
 7.746097e-04  0.000000e+00  0.000000e+00
 7.674013e-04  0.000000e+00  0.000000e+00
 7.624174e-04  0.000000e+00  0.000000e+00
 7.594691e-04  0.000000e+00  0.000000e+00
 7.584654e-04  0.000000e+00  0.000000e+00
 7.594086e-04  0.000000e+00  0.000000e+00
 7.622170e-04  0.000000e+00  0.000000e+00
 7.665714e-04  0.000000e+00  0.000000e+00
 7.719168e-04  0.000000e+00  0.000000e+00
 7.775762e-04  0.000000e+00  0.000000e+00
 7.828596e-04  0.000000e+00  0.000000e+00
 7.870991e-04  0.000000e+00  0.000000e+00
 7.896412e-04  0.000000e+00  0.000000e+00
 7.898858e-04  0.000000e+00  0.000000e+00
 7.874369e-04  0.000000e+00  0.000000e+00
 7.822997e-04  0.000000e+00  0.000000e+00
 7.749499e-04  0.000000e+00  0.000000e+00
 7.662170e-04  0.000000e+00  0.000000e+00
 7.570909e-04  0.000000e+00  0.000000e+00
 7.485139e-04  0.000000e+00  0.000000e+00
 7.411923e-04  0.000000e+00  0.000000e+00
 7.355516e-04  0.000000e+00  0.000000e+00
 7.318372e-04  0.000000e+00  0.000000e+00
 7.301771e-04  0.000000e+00  0.000000e+00
 7.305108e-04  0.000000e+00  0.000000e+00
 7.324954e-04  0.000000e+00  0.000000e+00
 7.355095e-04  0.000000e+00  0.000000e+00
 7.387546e-04  0.000000e+00  0.000000e+00
 7.413929e-04  0.000000e+00  0.000000e+00
 7.427156e-04  0.000000e+00  0.000000e+00
 7.423154e-04  0.000000e+00  0.000000e+00
 7.401742e-04  0.000000e+00  0.000000e+00
 7.366369e-04  0.000000e+00  0.000000e+00
 7.323120e-04  0.000000e+00  0.000000e+00
 7.279478e-04  0.000000e+00  0.000000e+00
 7.243281e-04  0.000000e+00  0.000000e+00
 7.221911e-04  0.000000e+00  0.000000e+00
 7.221412e-04  0.000000e+00  0.000000e+00
 7.245126e-04  0.000000e+00  0.000000e+00
 7.291543e-04  0.000000e+00  0.000000e+00
 7.352662e-04  0.000000e+00  0.000000e+00
 7.415229e-04  0.000000e+00  0.000000e+00
 7.464770e-04  0.000000e+00  0.000000e+00
 7.489065e-04  0.000000e+00  0.000000e+00
 7.478837e-04  0.000000e+00  0.000000e+00
 7.427332e-04  0.000000e+00  0.000000e+00
 7.331482e-04  0.000000e+00  0.000000e+00
 7.194137e-04  0.000000e+00  0.000000e+00
 7.024722e-04  0.000000e+00  0.000000e+00
 6.837195e-04  0.000000e+00  0.000000e+00
 6.646403e-04  0.000000e+00  0.000000e+00
 6.464941e-04  0.000000e+00  0.000000e+00
 6.302109e-04  0.000000e+00  0.000000e+00
 6.164525e-04  0.000000e+00  0.000000e+00
 6.056330e-04  0.000000e+00  0.000000e+00
 5.977974e-04  0.000000e+00  0.000000e+00
 5.925510e-04  0.000000e+00  0.000000e+00
 5.892156e-04  0.000000e+00  0.000000e+00
 5.870737e-04  0.000000e+00  0.000000e+00
 5.855018e-04  0.000000e+00  0.000000e+00
 5.840004e-04  0.000000e+00  0.000000e+00
 5.821808e-04  0.000000e+00  0.000000e+00
 5.797165e-04  0.000000e+00  0.000000e+00
 5.763178e-04  0.000000e+00  0.000000e+00
 5.717948e-04  0.000000e+00  0.000000e+00
 5.661762e-04  0.000000e+00  0.000000e+00
 5.597957e-04  0.000000e+00  0.000000e+00
 5.532839e-04  0.000000e+00  0.000000e+00
 5.474681e-04  0.000000e+00  0.000000e+00
 5.432063e-04  0.000000e+00  0.000000e+00
 5.411599e-04  0.000000e+00  0.000000e+00
 5.415524e-04  0.000000e+00  0.000000e+00
 5.440294e-04  0.000000e+00  0.000000e+00
 5.477126e-04  0.000000e+00  0.000000e+00
 5.514161e-04  0.000000e+00  0.000000e+00
 5.539168e-04  0.000000e+00  0.000000e+00
 5.542025e-04  0.000000e+00  0.000000e+00
 5.516468e-04  0.000000e+00  0.000000e+00
 5.460859e-04  0.000000e+00  0.000000e+00
 5.378256e-04  0.000000e+00  0.000000e+00
 5.275931e-04  0.000000e+00  0.000000e+00
 5.163948e-04  0.000000e+00  0.000000e+00
 5.052946e-04  0.000000e+00  0.000000e+00
 4.952160e-04  0.000000e+00  0.000000e+00
 4.868120e-04  0.000000e+00  0.000000e+00
 4.803740e-04  0.000000e+00  0.000000e+00
 4.758084e-04  0.000000e+00  0.000000e+00
 4.727414e-04  0.000000e+00  0.000000e+00
 4.706728e-04  0.000000e+00  0.000000e+00
 4.690616e-04  0.000000e+00  0.000000e+00
 4.673567e-04  0.000000e+00  0.000000e+00
 4.650345e-04  0.000000e+00  0.000000e+00
 4.616571e-04  0.000000e+00  0.000000e+00
 4.569534e-04  0.000000e+00  0.000000e+00
 4.508772e-04  0.000000e+00  0.000000e+00
 4.435944e-04  0.000000e+00  0.000000e+00
 4.354358e-04  0.000000e+00  0.000000e+00
 4.268458e-04  0.000000e+00  0.000000e+00
 4.183135e-04  0.000000e+00  0.000000e+00
 4.103103e-04  0.000000e+00  0.000000e+00
 4.032498e-04  0.000000e+00  0.000000e+00
 3.974167e-04  0.000000e+00  0.000000e+00
 3.928462e-04  0.000000e+00  0.000000e+00
 3.892409e-04  0.000000e+00  0.000000e+00
 3.860250e-04  0.000000e+00  0.000000e+00
 3.825393e-04  0.000000e+00  0.000000e+00
 3.782809e-04  0.000000e+00  0.000000e+00
 3.730414e-04  0.000000e+00  0.000000e+00
 3.668694e-04  0.000000e+00  0.000000e+00
 3.599480e-04  0.000000e+00  0.000000e+00
 3.525344e-04  0.000000e+00  0.000000e+00
 3.449988e-04  0.000000e+00  0.000000e+00
 3.378678e-04  0.000000e+00  0.000000e+00
 3.317583e-04  0.000000e+00  0.000000e+00
 3.271913e-04  0.000000e+00  0.000000e+00
 3.243822e-04  0.000000e+00  0.000000e+00
 3.231672e-04  0.000000e+00  0.000000e+00
 3.231375e-04  0.000000e+00  0.000000e+00
 3.238217e-04  0.000000e+00  0.000000e+00
 3.247257e-04  0.000000e+00  0.000000e+00
 3.252936e-04  0.000000e+00  0.000000e+00
 3.249626e-04  0.000000e+00  0.000000e+00
 3.233157e-04  0.000000e+00  0.000000e+00
 3.201913e-04  0.000000e+00  0.000000e+00
 3.156435e-04  0.000000e+00  0.000000e+00
 3.098164e-04  0.000000e+00  0.000000e+00
 3.029013e-04  0.000000e+00  0.000000e+00
 2.951889e-04  0.000000e+00  0.000000e+00
 2.870551e-04  0.000000e+00  0.000000e+00
 2.788569e-04  0.000000e+00  0.000000e+00
 2.708679e-04  0.000000e+00  0.000000e+00
 2.632721e-04  0.000000e+00  0.000000e+00
 2.561529e-04  0.000000e+00  0.000000e+00
 2.494965e-04  0.000000e+00  0.000000e+00
 2.432120e-04  0.000000e+00  0.000000e+00
 2.371158e-04  0.000000e+00  0.000000e+00
 2.309408e-04  0.000000e+00  0.000000e+00
 2.244514e-04  0.000000e+00  0.000000e+00
 2.175510e-04  0.000000e+00  0.000000e+00
 2.102489e-04  0.000000e+00  0.000000e+00
 2.025746e-04  0.000000e+00  0.000000e+00
 1.945656e-04  0.000000e+00  0.000000e+00
 1.863247e-04  0.000000e+00  0.000000e+00
 1.780936e-04  0.000000e+00  0.000000e+00
 1.702676e-04  0.000000e+00  0.000000e+00
 1.632988e-04  0.000000e+00  0.000000e+00
 1.575633e-04  0.000000e+00  0.000000e+00
 1.532926e-04  0.000000e+00  0.000000e+00
 1.505587e-04  0.000000e+00  0.000000e+00
 1.492569e-04  0.000000e+00  0.000000e+00
 1.490949e-04  0.000000e+00  0.000000e+00
 1.496413e-04  0.000000e+00  0.000000e+00
 1.504244e-04  0.000000e+00  0.000000e+00
 1.510171e-04  0.000000e+00  0.000000e+00
 1.510848e-04  0.000000e+00  0.000000e+00
 1.504254e-04  0.000000e+00  0.000000e+00
 1.490166e-04  0.000000e+00  0.000000e+00
 1.470249e-04  0.000000e+00  0.000000e+00
 1.447361e-04  0.000000e+00  0.000000e+00
 1.424563e-04  0.000000e+00  0.000000e+00
 1.404523e-04  0.000000e+00  0.000000e+00
 1.389242e-04  0.000000e+00  0.000000e+00
 1.379533e-04  0.000000e+00  0.000000e+00
 1.374622e-04  0.000000e+00  0.000000e+00
 1.372516e-04  0.000000e+00  0.000000e+00
 1.370701e-04  0.000000e+00  0.000000e+00
 1.366590e-04  0.000000e+00  0.000000e+00
 1.358249e-04  0.000000e+00  0.000000e+00
 1.345092e-04  0.000000e+00  0.000000e+00
 1.327493e-04  0.000000e+00  0.000000e+00
 1.305893e-04  0.000000e+00  0.000000e+00
 1.280546e-04  0.000000e+00  0.000000e+00
 1.251712e-04  0.000000e+00  0.000000e+00
 1.219965e-04  0.000000e+00  0.000000e+00
 1.186450e-04  0.000000e+00  0.000000e+00
 1.152642e-04  0.000000e+00  0.000000e+00
 1.119869e-04  0.000000e+00  0.000000e+00
 1.089230e-04  0.000000e+00  0.000000e+00
 1.061760e-04  0.000000e+00  0.000000e+00
 1.038373e-04  0.000000e+00  0.000000e+00
 1.019698e-04  0.000000e+00  0.000000e+00
 1.005831e-04  0.000000e+00  0.000000e+00
 9.959301e-05  0.000000e+00  0.000000e+00
 9.880601e-05  0.000000e+00  0.000000e+00
 9.797290e-05  0.000000e+00  0.000000e+00
 9.686637e-05  0.000000e+00  0.000000e+00
 9.531909e-05  0.000000e+00  0.000000e+00
 9.324017e-05  0.000000e+00  0.000000e+00
 9.065896e-05  0.000000e+00  0.000000e+00
 8.777795e-05  0.000000e+00  0.000000e+00
 8.494832e-05  0.000000e+00  0.000000e+00
 8.253377e-05  0.000000e+00  0.000000e+00
 8.076153e-05  0.000000e+00  0.000000e+00
 7.967335e-05  0.000000e+00  0.000000e+00
 7.914607e-05  0.000000e+00  0.000000e+00
 7.889703e-05  0.000000e+00  0.000000e+00
 7.850902e-05  0.000000e+00  0.000000e+00
 7.753499e-05  0.000000e+00  0.000000e+00
 7.560835e-05  0.000000e+00  0.000000e+00
 7.248155e-05  0.000000e+00  0.000000e+00
 6.803674e-05  0.000000e+00  0.000000e+00
 6.230800e-05  0.000000e+00  0.000000e+00
 5.548515e-05  0.000000e+00  0.000000e+00
 4.788725e-05  0.000000e+00  0.000000e+00
 3.993797e-05  0.000000e+00  0.000000e+00
 3.214779e-05  0.000000e+00  0.000000e+00
 2.504905e-05  0.000000e+00  0.000000e+00
 1.905754e-05  0.000000e+00  0.000000e+00
 1.434572e-05  0.000000e+00  0.000000e+00
 1.083951e-05  0.000000e+00  0.000000e+00
 8.324909e-06  0.000000e+00  0.000000e+00
 6.547672e-06  0.000000e+00  0.000000e+00
 5.247467e-06  0.000000e+00  0.000000e+00
 4.163575e-06  0.000000e+00  0.000000e+00
 3.056299e-06  0.000000e+00  0.000000e+00
 1.752597e-06  0.000000e+00  0.000000e+00
 1.793147e-07  0.000000e+00  0.000000e+00
-1.653877e-06  0.000000e+00  0.000000e+00
-3.693636e-06  0.000000e+00  0.000000e+00
-5.875029e-06  0.000000e+00  0.000000e+00
-8.140182e-06  0.000000e+00  0.000000e+00
-1.040376e-05  0.000000e+00  0.000000e+00
-1.249433e-05  0.000000e+00  0.000000e+00
-1.418169e-05  0.000000e+00  0.000000e+00
-1.528548e-05  0.000000e+00  0.000000e+00
-1.575329e-05  0.000000e+00  0.000000e+00
-1.567271e-05  0.000000e+00  0.000000e+00
-1.525493e-05  0.000000e+00  0.000000e+00
-1.478640e-05  0.000000e+00  0.000000e+00
-1.455044e-05  0.000000e+00  0.000000e+00
-1.478072e-05  0.000000e+00  0.000000e+00
-1.564558e-05  0.000000e+00  0.000000e+00
-1.720457e-05  0.000000e+00  0.000000e+00
-1.936280e-05  0.000000e+00  0.000000e+00
-2.186861e-05  0.000000e+00  0.000000e+00
-2.434567e-05  0.000000e+00  0.000000e+00
-2.636448e-05  0.000000e+00  0.000000e+00
-2.755181e-05  0.000000e+00  0.000000e+00
-2.767961e-05  0.000000e+00  0.000000e+00
-2.667577e-05  0.000000e+00  0.000000e+00
-2.457479e-05  0.000000e+00  0.000000e+00
-2.148706e-05  0.000000e+00  0.000000e+00
-1.762751e-05  0.000000e+00  0.000000e+00
-1.335191e-05  0.000000e+00  0.000000e+00
-9.117053e-06  0.000000e+00  0.000000e+00
-5.368543e-06  0.000000e+00  0.000000e+00
-2.457471e-06  0.000000e+00  0.000000e+00
-6.250469e-07  0.000000e+00  0.000000e+00
-2.002608e-09  0.000000e+00  0.000000e+00
